-9.750296e-02
-4.298309e-01
-2.052655e-01
-3.380748e-01
1.586292e-02
-1.964281e-01
-3.039210e-01
-3.671982e-01
7.434105e-01
1.204577e-01
-6.633205e-01
1.300702e-01
-4.045403e-01
-7.473859e-01
-6.204851e-02
6.082630e-01
4.792483e-01
-5.039491e-01
-5.099565e-01
1.004257e-01
-2.796027e-01
8.307046e-02
5.802080e-02
-6.049745e-01
-2.231508e-01
5.206647e-01
-2.454929e-01
3.255142e-01
4.299379e-01
-6.315155e-01
7.965955e-01
1.762271e-01
-4.173992e-01
8.578247e-01
6.537447e-01
-3.017899e-01
9.521547e-02
8.199623e-01
-3.618378e-01
5.805965e-01
-2.453022e-01
5.330925e-01
-3.178247e-01
-5.873504e-01
6.510834e-01
-2.327536e-01
5.497567e-02
1.216760e-01
2.034446e-01
2.133637e-02
5.025349e-01
-1.626871e-01
-1.381998e-01
4.002245e-01
6.810354e-01
-3.190629e-01
2.278312e-01
-2.914712e-01
-4.199583e-01
-5.471940e-02
5.783760e-01
-8.481429e-02
-3.978427e-01
1.898616e-01
-4.428724e-01
-4.538297e-01
6.732103e-01
1.134918e-01
2.207757e-01
-8.009365e-03
8.371582e-02
-5.054407e-01
-1.728619e-01
1.536236e-01
-3.074004e-02
7.928169e-01
4.677315e-01
-1.316037e-01
2.502286e-01
5.973261e-01
6.140271e-02
3.022931e-01
-1.425740e-01
1.100219e-02
1.534636e-01
-4.696366e-01
5.253937e-01
-1.767448e-01
4.724896e-01
4.650021e-01
4.974060e-01
1.520048e-01
6.577748e-01
-2.724596e-01
-4.629996e-01
7.758593e-03
-3.720283e-01
1.187642e-01
-4.356057e-01
8.883422e-02
2.664490e-01
-1.983531e-03
-6.216194e-02
5.603265e-01
5.017660e-01
-5.578948e-01
-1.152368e-01
5.361991e-01
-5.459083e-01
2.509650e-01
2.921411e-01
1.080018e-01
5.895553e-03
8.293128e-01
-6.097217e-03
-1.462594e-01
8.338825e-01
2.965740e-01
2.696566e-01
5.614022e-02
2.258453e-01
-3.512735e-01
1.112798e-01
2.931266e-01
6.746431e-01
1.885109e-01
7.277865e-01
-5.130078e-01
-2.352415e-01
3.341213e-01
-6.124789e-01
8.959606e-02
6.281570e-01
-4.253146e-02
-2.685085e-01
3.923047e-01
3.744103e-01
5.970908e-01
-1.886587e-01
7.835001e-01
-5.053428e-02
-2.032627e-01
4.323206e-01
6.186995e-01
-2.686416e-01
2.433396e-01
9.487597e-01
1.678800e-01
9.278344e-01
1.160266e-03
7.115875e-01
-7.298601e-02
3.191119e-01
-3.998446e-01
1.241444e-01
-3.596642e-01
-4.673390e-01
-3.133961e-01
-2.114848e-01
-7.781814e-02
-7.028195e-01
-5.701696e-01
7.485218e-02
-1.011425e-01
-8.230098e-01
2.276413e-01
4.420145e-01
-6.696415e-01
1.355219e-01
8.566866e-01
-1.113957e-01
-3.228822e-01
-5.967461e-01
-1.699748e-01
4.869104e-01
-6.215954e-02
8.315648e-02
5.450034e-01
-7.190829e-01
-4.559619e-01
6.559493e-01
-8.072599e-01
4.731803e-02
9.574051e-01
-4.226036e-01
-2.432075e-01
1.999859e-01
-9.836057e-01
-2.504728e-01
1.125052e-01
-6.227588e-01
3.649177e-01
2.220741e-01
-3.712887e-01
-5.511761e-01
2.985085e-01
-2.060846e-01
-2.725165e-01
-8.310793e-03
-1.729714e-01
-3.351474e-01
2.474637e-01
-2.618314e-01
3.878298e-01
4.350793e-01
9.703479e-02
1.557912e-01
-6.145481e-01
1.300618e-01
-2.657307e-01
-1.928832e-01
1.492004e-01
-2.096261e-01
-7.297638e-01
-1.411653e-01
1.524747e-01
-3.541077e-01
-5.338154e-01
-2.437182e-01
-1.447644e-01
-4.442790e-01
4.379051e-01
-4.417367e-01
-3.705342e-01
6.080598e-01
-3.075270e-01
4.377132e-01
7.663129e-01
-8.845833e-01
2.584679e-01
1.963798e-01
-5.106836e-01
1.955232e-01
3.222472e-01
-7.691853e-01
3.583047e-02
6.391045e-01
-5.824961e-01
7.992077e-01
7.713970e-02
-2.249181e-01
9.400802e-01
2.313284e-01
-4.900641e-03
4.874455e-01
-1.300641e-01
-4.215266e-02
3.885826e-01
-7.420224e-01
-3.726279e-01
-4.609309e-02
-4.965966e-01
-7.684313e-01
5.933999e-01
-1.059312e-01
-7.487854e-01
1.628002e-01
-1.293355e-01
-7.508900e-01
3.642696e-01
-5.360538e-01
4.434703e-01
4.660934e-01
1.987264e-02
-6.567482e-01
-9.951910e-02
7.999812e-03
3.388041e-01
-1.048605e-01
-1.495069e-01
-1.014773e+00
-1.165550e-01
-6.118729e-01
-5.012672e-01
7.668311e-01
-4.891283e-01
-2.625070e-01
3.886195e-01
-1.122812e-01
-1.077366e-01
5.256888e-01
-7.783551e-01
-3.784455e-01
7.055068e-02
-9.391264e-01
5.504766e-02
1.672893e-01
-5.397928e-01
6.334022e-01
-1.328506e-01
-2.470755e-01
5.220734e-01
1.013258e-01
-6.835846e-01
-6.288699e-02
-1.348633e-02
9.463560e-02
1.199312e-01
-4.280834e-01
-7.952817e-01
-3.882459e-01
-3.937914e-01
-6.202241e-01
