-9.760341e-02
-4.302745e-01
-2.054771e-01
-1.579927e-02
6.313551e-01
8.581857e-02
2.998149e-01
4.652655e-01
-5.771028e-01
7.641141e-02
-5.019840e-01
-7.427208e-01
2.271198e-01
-1.379036e-01
4.034066e-01
4.613454e-01
-3.117070e-01
1.178254e-01
-5.457371e-01
5.339823e-01
-1.119805e-01
5.404489e-01
-1.179369e-01
1.083225e+00
-1.608756e-01
6.513678e-01
2.145596e-01
2.357768e-01
2.800781e-03
2.372229e-01
5.196543e-01
-2.675048e-01
1.253540e-01
-4.522083e-01
-2.115011e-01
-3.381518e-01
5.866204e-01
3.231369e-01
-6.295489e-01
-4.521475e-01
-5.692727e-01
1.122354e-01
-7.843081e-02
8.301370e-01
-1.478194e-02
-2.823884e-01
-4.876856e-01
-2.837503e-01
4.498094e-02
7.451801e-01
-1.400598e-01
-2.711088e-02
-4.549390e-02
5.133921e-01
-1.595965e-01
-1.395964e-01
5.471287e-01
-3.041525e-01
2.157179e-01
7.331283e-01
3.987518e-01
4.869875e-01
6.183429e-01
4.376552e-01
-5.316607e-02
1.195759e-01
2.011463e-01
-1.238077e-01
1.725102e-02
-1.703604e-02
-5.731111e-01
5.099641e-01
4.579463e-01
5.917805e-01
2.048025e-01
-1.713390e-01
-2.627789e-01
-3.838732e-01
-3.139810e-01
1.187592e-01
6.590229e-01
4.537209e-01
5.581781e-01
-3.396503e-01
3.747353e-01
1.988692e-02
1.576705e-01
-1.438604e-02
4.422578e-01
4.532062e-01
2.082514e-01
-8.437711e-01
1.868086e-01
-5.822105e-01
2.843040e-01
2.749932e-01
-2.220794e-01
-1.927724e-01
-3.911666e-01
-1.072742e-01
5.924391e-01
-5.404931e-01
6.213425e-01
-2.534508e-02
8.658653e-01
2.905560e-01
-2.214617e-01
-3.236153e-02
-8.159548e-01
-7.568101e-01
2.417211e-01
-3.328212e-01
-3.654716e-01
6.263388e-01
1.748986e-01
-7.500086e-01
4.694972e-01
-1.368502e-01
5.730349e-01
-4.798377e-02
5.749641e-01
1.251072e-01
-3.518941e-01
-9.597959e-01
1.971939e-01
8.363896e-02
6.321984e-01
-6.827936e-01
-2.204943e-01
1.050129e-01
1.233593e-01
-6.014135e-01
4.482799e-01
1.177731e-01
6.634582e-02
-7.396565e-01
1.930927e-01
-3.274451e-02
-7.759674e-01
1.884106e-01
-7.290569e-02
-8.291771e-01
4.866641e-02
1.676756e-01
-2.613508e-01
-4.859663e-01
-6.012300e-02
-4.312158e-01
-2.400355e-01
1.554865e-01
2.225022e-01
4.019557e-02
5.206957e-01
-1.998181e-01
5.092148e-01
-4.592922e-01
5.751380e-01
-3.261563e-01
2.085976e-01
1.862265e-01
4.131806e-02
-1.235337e-01
2.757766e-01
-3.077081e-01
-6.949401e-01
9.537643e-01
-1.587730e-01
-1.306148e-01
4.614063e-01
-8.430032e-02
2.600267e-01
1.308995e-01
4.121593e-01
-1.427345e-01
-4.094054e-01
-1.793914e-01
-1.408313e-01
-4.839447e-01
-1.703473e-01
-5.879202e-02
6.537400e-03
5.750214e-01
5.194784e-01
4.721346e-01
9.953477e-02
-1.132166e-01
-6.157416e-01
4.362947e-01
4.865329e-02
-2.190161e-01
7.436765e-01
1.745373e-01
1.462881e-01
6.255679e-01
-9.685211e-02
-8.635221e-01
-3.465662e-01
6.956200e-01
6.177045e-01
1.117981e+00
-2.160668e-01
-1.572276e-01
3.530928e-01
6.263083e-01
-3.895433e-01
-1.060154e-01
-1.014887e-01
-2.358324e-01
-5.311783e-02
-1.212882e+00
-4.144247e-01
5.420123e-01
2.921450e-01
8.382443e-02
-8.918620e-02
4.875345e-01
-6.845302e-01
6.499573e-01
-6.689080e-01
2.302539e-01
-8.365016e-01
-7.012519e-01
-2.437983e-01
-5.540314e-01
-3.326119e-01
-4.377661e-01
-2.744232e-01
-2.644473e-01
-2.746471e-01
-2.344830e-01
-1.171983e-01
2.014605e-01
6.153857e-01
-2.023151e-01
-1.122739e-01
4.239857e-01
-3.063568e-01
7.146194e-01
-2.601102e-01
-3.842442e-02
-2.566174e-01
-1.053601e-01
-1.199765e+00
7.356850e-01
-4.336143e-01
2.078303e-01
4.800954e-01
1.303511e-01
-5.392534e-01
-1.192192e-01
-3.374545e-01
2.184348e-01
3.598418e-01
1.255147e-01
3.719589e-01
-2.983411e-01
-4.690429e-01
-3.157022e-01
-3.680533e-02
6.439352e-01
1.134902e-01
8.030276e-02
3.643520e-01
-4.392498e-01
-4.018622e-01
-1.610586e-01
-2.248157e-01
-3.831062e-01
-1.401820e-01
-2.713475e-01
-1.465695e-01
1.618090e-01
-1.024635e+00
-7.802977e-01
2.268544e-01
4.975184e-01
-3.843165e-01
-2.217723e-01
-5.264500e-01
5.861843e-01
-3.912816e-03
1.321902e-01
-1.926921e-01
6.651633e-01
-1.835893e-01
3.136573e-01
-5.031599e-01
-8.347399e-01
3.696606e-02
-4.072036e-01
1.774757e-01
4.775304e-01
2.368733e-01
-6.105327e-01
5.564229e-01
8.119625e-02
-4.380921e-01
1.515263e-01
1.518599e-01
-9.948207e-01
2.634703e-01
-7.858195e-01
-2.112263e-01
