-9.762472e-02
-4.303686e-01
-2.055220e-01
1.771365e-01
-1.560659e-01
-3.727555e-01
-3.436406e-01
-3.106632e-01
-2.045212e-01
2.945101e-02
8.380880e-02
3.692697e-01
-6.509014e-01
-6.284263e-03
-2.431395e-01
2.179656e-01
8.287917e-01
1.700247e-01
3.305519e-01
-1.529543e-01
-3.718234e-01
-6.884360e-01
5.772400e-01
-1.596381e-02
-4.468871e-01
4.742077e-01
-4.181939e-01
-5.678909e-01
1.578240e-01
-3.249480e-01
-6.361596e-03
1.970491e-01
-2.278404e-01
-5.366026e-02
6.174055e-01
-2.538383e-01
-1.142187e+00
-8.773650e-02
-5.697506e-02
-8.502466e-01
4.947813e-01
4.663268e-03
-2.169279e-01
7.967803e-01
-5.342771e-01
-5.640231e-01
5.093611e-01
-6.138320e-01
7.466078e-01
6.315700e-02
-8.722883e-01
-3.996644e-01
-4.231774e-01
1.641164e-01
3.384046e-01
1.287340e-02
4.554404e-01
7.455463e-01
7.474275e-02
6.097101e-01
-5.022311e-03
7.102849e-01
3.506647e-01
-5.671456e-01
3.822627e-01
3.680641e-01
-6.862962e-01
5.257627e-01
-2.846843e-01
8.077841e-01
-9.528964e-01
6.269612e-02
-3.812008e-01
-1.898223e-01
4.333668e-01
-3.463635e-01
2.157902e-01
2.890621e-01
-2.266735e-01
1.645016e-01
3.933668e-01
3.334447e-01
7.049646e-01
-2.570035e-01
4.460570e-01
4.993771e-02
5.170370e-01
-9.536858e-01
5.244766e-01
-1.942558e-01
-3.224869e-01
-5.518059e-01
4.938240e-01
3.733405e-02
5.647848e-01
-7.372278e-02
-1.730218e-01
9.597622e-01
-6.578645e-01
1.516540e+00
-6.655604e-01
3.004606e-01
-4.249700e-01
-8.058834e-01
5.339894e-01
1.901548e-01
-1.897197e-01
-6.917035e-02
2.930013e-01
-4.750918e-01
-2.003204e-01
7.907456e-01
2.287559e-02
3.138793e-01
-4.727003e-01
8.996023e-02
-5.068101e-01
4.131776e-01
-1.416857e-02
5.983738e-01
-4.504979e-01
-2.648702e-03
-9.121457e-01
2.281359e-01
3.709626e-01
-4.721064e-01
2.433354e-01
-4.200016e-01
-1.414960e-01
2.733225e-01
-4.111505e-01
1.489777e-01
3.520865e-01
1.213414e-01
6.752747e-02
-4.789295e-01
-4.413046e-02
2.622099e-01
7.623304e-01
-3.501436e-01
-3.386488e-01
1.280816e+00
5.163997e-01
2.164121e-01
1.145884e-01
-3.400927e-01
9.228652e-01
-1.154090e+00
-7.845157e-01
2.247504e-01
6.860049e-01
3.302020e-01
5.195007e-01
2.878601e-01
3.824566e-01
-5.665450e-01
3.626710e-01
-5.063276e-01
5.352996e-05
3.270833e-01
4.762368e-01
2.088285e-02
-7.342497e-01
-3.426888e-01
-4.293544e-01
6.138119e-05
1.154839e-01
8.270324e-01
-2.410785e-01
2.638436e-01
3.732497e-02
3.775614e-01
-2.769434e-01
-7.063944e-02
2.186132e-01
-4.880358e-02
-4.996740e-01
-2.050709e-01
-4.813567e-01
2.020991e-01
3.572031e-01
4.676902e-01
-3.696053e-01
-1.110689e-01
5.396433e-01
8.148383e-02
-7.547109e-02
-1.868937e-01
-9.380235e-01
-2.370643e-01
-1.316972e-01
2.217318e-01
-2.554830e-01
-4.010984e-01
-2.410519e-01
-1.082813e-01
3.592426e-01
-1.004027e-01
7.043100e-01
-6.392957e-02
3.253793e-01
4.383132e-01
-3.609921e-01
3.273952e-01
-1.419235e-01
5.446931e-01
4.202397e-01
4.977493e-01
3.133437e-01
-2.895951e-01
-6.687313e-02
-4.311630e-01
3.100434e-01
3.398989e-01
-1.052831e+00
-7.167924e-01
9.071251e-01
4.266051e-01
2.556873e-01
3.600562e-01
-3.546840e-01
-3.547580e-01
4.529052e-01
-5.960796e-01
6.287133e-01
-1.097001e+00
-4.944967e-01
5.801438e-01
-1.511397e-01
-1.637601e-01
3.732635e-01
-3.736758e-01
8.013482e-02
-1.832283e-01
-3.717658e-02
-1.108055e-01
3.288959e-01
-1.271688e-01
2.033260e-01
-6.585500e-01
-5.766108e-01
3.095705e-01
-4.872599e-01
4.814333e-01
-4.133759e-01
-4.707147e-01
6.447143e-02
6.195088e-01
-5.155320e-02
9.766457e-02
6.305340e-01
-2.253710e-01
4.889914e-01
-5.446292e-01
-4.101501e-01
2.555013e-01
3.448578e-01
-4.070977e-01
-2.970082e-02
-3.390512e-03
2.429577e-01
5.617779e-01
2.468907e-01
-6.651259e-01
-7.310054e-02
1.487726e-01
-5.675312e-01
8.286259e-01
2.690681e-01
-2.368064e-01
-7.785516e-01
-4.859571e-02
2.951157e-01
-6.728341e-01
4.601695e-01
-7.625137e-01
-8.433395e-01
-5.042069e-01
-1.815486e-01
-2.268911e-01
-1.572531e-01
-1.109381e-01
-2.357479e-01
9.735031e-01
3.055258e-01
2.879869e-01
-2.760049e-01
4.821745e-02
5.217146e-03
-2.789385e-01
2.628246e-01
1.790089e-01
-5.652427e-01
-3.399465e-01
8.168793e-02
2.197963e-01
5.183376e-01
-5.731938e-01
-8.417655e-01
-7.876523e-01
-7.019435e-03
5.513890e-01
9.101462e-02
