-9.762195e-02
-4.303563e-01
-2.055161e-01
6.885425e-02
7.479041e-01
-5.489852e-01
-1.071302e-01
-7.149985e-01
-9.076314e-02
6.061202e-01
-1.099591e-01
-3.749051e-01
-1.931782e-01
-3.447113e-01
4.968558e-01
3.275221e-01
7.637393e-01
3.333771e-01
5.885377e-01
1.566378e-01
-3.838846e-01
1.734928e-01
7.795706e-01
-9.888164e-02
4.832677e-01
-2.883281e-02
-2.314399e-01
-1.764938e-01
-1.909730e-01
-6.763965e-01
2.075274e-01
2.423611e-03
4.489690e-01
-1.759796e-01
6.829272e-03
3.817214e-01
-1.977263e-01
1.984554e-01
-7.309025e-01
-5.573823e-01
3.393721e-02
5.823981e-01
2.032188e-01
3.529949e-01
1.884971e-01
3.876483e-01
5.197245e-02
6.134604e-01
4.409500e-02
-2.297210e-01
-9.890041e-01
1.407553e-01
-2.381598e-01
8.105433e-01
-3.255395e-01
-3.608251e-01
3.289261e-01
3.596046e-01
9.720789e-03
8.269685e-01
-1.105584e-01
1.762091e-01
8.696836e-02
2.122091e-01
5.516622e-02
-2.566664e-03
-6.460902e-01
6.658884e-01
1.514811e-01
-7.086091e-01
-2.928873e-01
-1.524078e-01
-7.604237e-01
2.733684e-01
-1.582528e-01
-5.819855e-01
-1.408810e-01
-1.365438e-01
-3.909028e-01
-2.725033e-01
-1.497373e-01
-9.280652e-02
5.382139e-01
5.644447e-01
1.171416e-02
5.728542e-01
4.053338e-01
-1.568018e-01
-3.953905e-01
3.957656e-01
3.487890e-01
-6.149273e-01
2.535245e-01
5.182914e-01
9.565961e-02
-2.687876e-01
8.344616e-02
7.802421e-01
-9.333601e-01
-8.336590e-02
-9.947362e-01
-6.864063e-02
2.735566e-01
8.732226e-03
-2.858797e-01
5.647808e-01
-3.427841e-02
-3.731606e-01
-1.279792e-01
-4.054466e-01
5.038628e-01
-3.389890e-01
-9.242567e-02
2.033239e-01
-4.667545e-01
-6.073269e-03
-1.432431e-01
-2.828294e-01
3.993496e-01
-4.791654e-01
1.759136e-01
-2.925747e-01
-6.012828e-01
-5.187968e-01
-5.905506e-01
-6.423343e-02
1.854507e-01
-8.366980e-01
-8.431410e-02
-5.729036e-02
-4.803484e-01
-3.020110e-01
9.373378e-01
-5.417603e-01
4.401412e-01
4.600791e-01
-3.938182e-01
2.106076e-01
4.526412e-03
-1.932256e-01
-7.376959e-01
4.087480e-01
6.447976e-01
8.945977e-02
-5.275267e-02
5.233150e-01
4.303460e-01
2.876605e-01
-6.764280e-01
2.982638e-01
3.425323e-01
-8.256190e-01
1.146277e-01
6.227340e-01
-2.357075e-01
-3.623802e-01
-2.883996e-01
-5.986511e-01
7.793543e-01
1.034010e+00
-9.447419e-02
2.391860e-02
4.028046e-01
6.426791e-02
1.548035e-01
5.287487e-01
5.406762e-01
-2.107614e-01
-2.665990e-01
5.908598e-01
-4.372060e-01
-1.806467e-01
4.509813e-01
-2.183182e-01
-9.421154e-02
5.345642e-01
-1.383039e-01
-7.504000e-02
-2.655921e-01
-4.423929e-01
4.768876e-01
4.875606e-02
-6.351852e-01
3.366298e-01
-3.201051e-02
-6.210544e-01
-2.296443e-02
-7.408784e-01
-1.779516e-01
3.769240e-01
2.875390e-01
6.629128e-01
2.952077e-01
-2.783395e-01
3.622472e-01
6.463315e-01
1.071663e-01
-5.996244e-02
4.217164e-01
-1.564854e-01
-2.516681e-02
-2.559338e-01
2.842470e-02
4.626191e-01
-3.980805e-01
-1.382778e-01
4.114461e-01
-3.186411e-01
-2.617913e-01
-9.672211e-01
-8.273507e-01
-2.711978e-01
-1.776549e-01
-6.936639e-02
4.053947e-01
-5.983245e-01
4.585486e-01
7.708280e-02
-4.119639e-01
7.753662e-02
6.080971e-01
-3.333003e-01
-3.852270e-01
-5.825921e-01
-4.291382e-01
2.156052e-01
-7.737414e-02
2.204399e-01
-3.293413e-01
-1.699051e-02
2.253790e-01
-6.312084e-01
4.020615e-01
-3.187643e-01
4.047071e-01
6.698041e-01
2.958019e-01
-1.917267e-01
1.410506e-01
-6.812840e-01
2.919468e-02
6.177626e-01
7.195349e-01
-1.171381e-01
7.112304e-01
-9.856267e-02
-7.010144e-01
1.828038e-01
4.868573e-01
-8.904831e-01
1.081870e-01
-3.091169e-01
-3.517409e-01
-4.252093e-01
-2.220427e-01
-5.243441e-01
5.445505e-01
-2.254614e-01
-7.588569e-01
2.108194e-01
-5.143051e-01
-5.442848e-02
5.488420e-01
-5.260916e-01
-1.350985e-01
-4.169629e-01
-9.348458e-02
3.124952e-01
2.414297e-01
-2.229930e-01
-6.263227e-01
8.743978e-02
-4.842176e-01
-3.390474e-01
-1.608003e-01
-7.900390e-01
-6.676650e-01
1.866196e-01
5.431633e-01
-1.045215e-01
6.153837e-01
6.397326e-02
7.175502e-01
1.615857e-01
-2.338235e-02
2.672269e-01
6.701229e-02
4.094310e-01
4.010432e-01
4.997427e-01
-8.075474e-02
-1.327468e-01
-2.466596e-01
2.140776e-01
-5.148773e-01
1.227994e-01
3.002303e-01
6.602740e-01
-6.535001e-02
-3.920414e-01
3.560094e-02
7.798158e-01
5.520680e-01
