0	1000	0.224997965016406	2.21053093469375	0.659391759513719
1000	2000	-0.0858315685921864	2.53874279287672	0.653955202967311
2000	3000	0.0665829570915032	2.73699418321854	0.992563353137185
3000	4000	0.0460927684802807	3.17283586037028	1.02249724694529
4000	5000	-0.0945189857554284	3.17345136395879	1.44811610897135
5000	6000	-0.286456156328845	3.51227672476657	1.62682422962719
6000	7000	-0.557227557585338	3.33752934009184	1.8947610155663
7000	8000	-0.890334149953357	3.50498521338676	2.00001176087727
8000	9000	-1.17047407825271	3.24653295188728	2.135668807236
9000	10000	-1.5792289854873	3.39443179591285	2.26055213219179
10000	11000	-1.76047665153696	3.02949736143989	2.1978862683429
11000	12000	-2.14277604043626	3.00293969855653	2.24508907487323
12000	13000	-2.2469297468625	2.60341687594688	2.20674101627232
13000	14000	-2.65039051856846	2.49243739520259	2.16268275283049
14000	15000	-2.73306637671028	2.07539798802333	2.25832826563314
15000	16000	-3.13315416005278	1.9288489733107	2.18465114663871
16000	17000	-3.17074634451328	1.55827236430806	2.34025251507714
17000	18000	-3.44977388359996	1.32719861448925	2.24113561790819
18000	19000	-3.55298857485713	0.999058306670624	2.47308913876112
19000	20000	-3.68356757386777	0.699890902858325	2.18910613667423
20000	21000	-3.80844725566985	0.315261986555998	2.35133174734313
21000	22000	-3.80170693234028	0.0345690842204513	2.03502249593222
22000	23000	-3.93070166736577	-0.374722634507163	2.09505621614145
23000	24000	-3.86958901276735	-0.532225793496124	1.69236628785713
24000	25000	-3.81471409328406	-0.925703467597039	1.68303061909606
25000	26000	-3.87431674082534	-1.21549429002749	1.37547379963512
26000	27000	-3.60713469465978	-1.58010926786695	1.47058329422435
27000	28000	-3.58947216508595	-1.93711377757499	1.20496295215956
28000	29000	-3.28791121114545	-2.1418594325691	1.33974119985155
29000	30000	-3.22329156813842	-2.52704911912799	1.31891927530562
30000	31000	-2.81910285420486	-2.5834554842615	1.49879328363196
31000	32000	-2.73874751888612	-3.01703466090705	1.56463541802387
32000	33000	-2.35337836396189	-3.06259928378838	1.66319436875322
33000	34000	-2.20770653290355	-3.37355029829978	1.90454022105442
34000	35000	-1.78317641754201	-3.33209265271514	1.84161274057034
35000	36000	-1.54332706341269	-3.289447473758	2.14769602399058
36000	37000	-1.14672370597618	-3.35174754982473	2.16899470502703
37000	38000	-0.987781180437364	-3.11504500611103	2.46778793432755
38000	39000	-0.606491920868622	-3.19784531502714	2.7894668388894
39000	40000	-0.65869157368519	-2.72446407618888	2.90812637774096
40000	41000	-0.466389759996884	-2.54908395331915	3.18978603895356
41000	42000	-0.635413249172425	-2.17953392581698	3.2765072670236
42000	43000	-0.522829726104904	-2.05286821507394	3.65198911586849
43000	44000	-0.702807344953358	-1.69991181477462	3.71591240040179
44000	45000	-0.725038878334151	-1.58273746327604	4.11562261486457
45000	46000	-0.895658972071829	-1.19328669099124	4.10718755525077
46000	47000	-1.00605757959495	-0.959558065865352	4.46443888752383
47000	48000	-1.10449480605557	-0.573607170853337	4.29003461506037
48000	49000	-0.996774731194181	-0.222964160063002	4.3689182256081
49000	50000	-1.06987547117282	0.155318253064932	4.5491278900342
50000	51000	-0.80266229514068	0.362428245455442	4.27490020289076
51000	52000	-0.518089400597803	0.610031803725329	4.32239504632196
52000	53000	-0.401731921409579	0.894993794709885	4.02227559402919
53000	54000	0.0332570517831659	0.928328126799446	4.0867179524461
54000	55000	0.239204512685145	1.00185831623679	3.76260614925541
55000	56000	0.60295830483164	1.1422414615695	3.77593523396573
56000	57000	0.828145274833881	0.980414764026244	3.47594968583981
57000	58000	1.26114537568105	1.10256848716349	3.42329702978471
58000	59000	1.35949789725237	0.744608969886869	3.22857898622337
59000	60000	1.57597293618591	0.562091840753692	2.97419774854865
60000	61000	1.88789905974973	0.251151172404635	3.1556991749909
61000	62000	1.86552010019	-0.0224521525559731	2.79991730295477
62000	63000	2.19720971961356	-0.35674500113868	2.72635708631289
63000	64000	1.89242783589045	-0.598020264542247	2.43768508718883
64000	65000	1.90469173464161	-1.00160583426562	2.39753994116858
65000	66000	1.71643073809066	-1.12080393396995	2.04127384280498
66000	67000	1.44919277648945	-1.47509748181127	2.0921503985855
67000	68000	1.33700860441355	-1.62004989755153	1.66772110918376
68000	69000	0.911509891566738	-1.52717792622168	1.61727168564298
69000	70000	0.762310671782392	-1.59723046191236	1.20184983040993
70000	71000	0.426545952578841	-1.27375594729142	1.18175603293207
71000	72000	0.328466121033676	-1.21515580247118	0.749345693496281
72000	73000	-0.0464275853957022	-0.991062080861671	0.677537550611278
73000	74000	-0.135890159868395	-1.04913971389985	0.238207262811977
74000	75000	-0.484648898775584	-0.780638080130938	0.136683459314735
75000	76000	-0.53862886362986	-0.804072946261636	-0.282266026221603
76000	77000	-0.815940739643091	-0.549772588291508	-0.453960523601979
77000	78000	-0.822538646868562	-0.529168324024953	-0.942988396802114
78000	79000	-1.21525336295213	-0.298456843771686	-0.887039119051561
79000	80000	-1.40624297887126	-0.111898670518745	-1.21971239170299
80000	81000	-1.78229242466586	-0.0527795687399574	-1.00246535309988
81000	82000	-2.1561742400971	-0.0159193161802898	-1.22888774506569
82000	83000	-2.35539531011247	0.211480056509949	-0.903709401788185
83000	84000	-2.79038750375944	0.261139672795018	-0.911769269608935
84000	85000	-2.85430645386975	0.654611531113844	-0.687838412120377
85000	86000	-3.28118024164574	0.832022650463372	-0.746489641102093
86000	87000	-3.21040601825895	1.26366468128063	-0.596868107410641
87000	88000	-3.33157545454172	1.52552284317926	-0.920163524492797
88000	89000	-3.36247354266115	1.96380839043249	-0.854972336102121
89000	90000	-3.06280321642483	2.1003048769328	-1.16018834661924
90000	91000	-3.00299310556026	2.55252258786757	-1.23790171322713
91000	92000	-2.56875328006143	2.53549797791333	-1.36427771032828
92000	93000	-2.33710794266726	2.89635087349889	-1.39070636027866
93000	94000	-2.01000187730243	2.84971592195207	-1.6677373855044
94000	95000	-1.76393412563292	3.23412330242129	-1.88403099747428
95000	96000	-1.48126342293336	2.88596827641565	-2.12440400590663
96000	97000	-1.13227060883395	2.82943906598066	-2.30810304024165
97000	98000	-1.0816226685755	2.75717664647173	-2.69192959056074
98000	99000	-0.715008282637162	2.56717106136854	-2.70941983106234
99000	1e+05	-0.57784744484741	2.39912080059729	-3.12334893260436
1e+05	101000	-0.163207763082676	2.40697092873435	-2.9246388427614
101000	102000	0.212183093958164	2.30883665252293	-3.12392033978396
102000	103000	0.415381925143121	2.63281548074862	-2.93009273510047
103000	104000	0.795344492714841	2.79463007338254	-2.91540091710365
104000	105000	0.818333042341206	3.26495442488252	-2.99628705351167
105000	106000	0.975050098479867	3.4418298182722	-2.59946536203209
106000	107000	1.05723398661213	3.83865025623626	-2.55395581100146
107000	108000	1.03917503089048	4.02440356721903	-2.19086218106312
108000	109000	1.38168804396698	4.29603300826859	-2.12279222296593
109000	110000	1.38764439713731	4.37470827516028	-1.69774023388352
110000	111000	1.74159099464201	4.44141103858885	-1.49690640779008
111000	112000	1.71161449955799	4.56664978008402	-1.07406833116082
112000	113000	2.08219358574689	4.40578447395085	-0.889711332573171
113000	114000	2.07268065510815	4.36893543304606	-0.465495813359811
114000	115000	2.45021984460187	4.29013765627085	-0.334524317450834
115000	116000	2.43874410809022	4.056838165059	-0.0376102916246192
116000	117000	2.7325722874231	4.0684080373246	0.294073300120639
117000	118000	2.74817923641676	3.57408183182856	0.359256346048216
118000	119000	3.01076177564378	3.42858052503388	0.659416598103207
119000	120000	3.09007413831263	3.04360184988529	0.70095527236417
120000	121000	3.36348698790657	2.93520027425383	0.982980557369717
121000	122000	3.41066152900573	2.56063474938198	0.952965830007264
122000	123000	3.71224697605364	2.33579112828237	1.1327219991793
123000	124000	3.6185121865335	1.88306026806669	1.04270418522797
124000	125000	3.9398543029247	1.60291202051581	1.12934330619771
125000	126000	3.90522213428542	1.20714014271155	1.11026334810005
126000	127000	4.21807436091341	0.954026172708723	1.05669892870945
127000	128000	4.17139649439704	0.535896322470766	1.17037462812639
128000	129000	4.33086419342119	0.181228500659643	0.927103326926648
129000	130000	4.3680024370019	-0.226603868034591	1.17583947822598
130000	131000	4.21160319672783	-0.500831382083475	0.913457483964525
131000	132000	4.33169149411633	-0.880143133826978	0.909081070222625
132000	133000	3.9804009890768	-1.04399252104769	0.680162848557093
133000	134000	4.0343273207675	-1.50174651509874	0.634520487757871
134000	135000	3.69414488624003	-1.64836875543111	0.397198212219783
135000	136000	3.64148394576705	-2.05308961051917	0.377117453403413
136000	137000	3.37439725622638	-2.14346118962263	0.0568586098354951
137000	138000	3.23466363144342	-2.52158641362412	0.137312199870331
138000	139000	2.91986689111783	-2.64689017023932	-0.0683754573173869
139000	140000	2.78418549063446	-3.03102607107265	0.0803798550116258
140000	141000	2.39374558459317	-3.01776420390426	-0.120825679680054
141000	142000	2.14861090422057	-3.29791523865372	0.0486063892855037
142000	143000	1.8467543992683	-3.35426638935166	-0.207437911543144
143000	144000	1.51525881136992	-3.60777275879633	-0.118748679909449
144000	145000	1.26306041145555	-3.69375448035695	-0.480738898135125
145000	146000	0.849801241810714	-3.78748536582012	-0.458162374295154
146000	147000	0.677546298917533	-3.96345765163497	-0.790545620744877
147000	148000	0.269690356809598	-3.93581283013552	-0.756236708899108
148000	149000	-0.0286067291795231	-4.16171355988055	-1.02107171923133
149000	150000	-0.445309570721508	-3.95701750040621	-0.874563001978146
150000	151000	-0.798138521379578	-3.96822023079877	-1.10650567003816
151000	152000	-1.11099085628791	-3.70621478743341	-1.04742415123507
152000	153000	-1.51709280855957	-3.76070532892665	-1.25272192784256
153000	154000	-1.66039226789623	-3.35042033368207	-1.33219647782156
154000	155000	-2.05330106523169	-3.29634015117748	-1.53420945285618
155000	156000	-2.00726551929995	-2.84840820128655	-1.61138769919956
156000	157000	-2.16553884663036	-2.67795551172455	-1.97014362743527
157000	158000	-2.46674882955568	-2.3518422445495	-1.9807680774826
158000	159000	-2.45952652544638	-2.17974603737599	-2.360112145389
159000	160000	-2.81033781358286	-2.17627031217	-2.68033743599682
160000	161000	-2.63284574518883	-1.7467961276543	-2.83276558999771
161000	162000	-2.71078683878465	-1.59590446272243	-3.1932095106459
162000	163000	-2.80010510628522	-1.19999235489804	-3.31906013936869
163000	164000	-2.60073046644279	-1.14253209314164	-3.71751539758074
164000	165000	-2.3383152192366	-0.831135115152479	-3.69797988398488
165000	166000	-2.16938580847587	-0.651057599267596	-4.03472678062106
166000	167000	-1.80747267100233	-0.493983876963905	-3.86073553988306
167000	168000	-1.47260679596604	-0.530973559950912	-4.0641919223153
168000	169000	-1.12457012838201	-0.31290623054132	-3.95369889105037
169000	170000	-0.817144979814734	-0.59154584331221	-3.95650402998157
170000	171000	-0.419961559828972	-0.665222335450725	-4.12285345417752
171000	172000	-0.269476257223191	-0.918933607184384	-3.77890260372345
172000	173000	-0.0423719050905454	-1.20969220793166	-3.81075702786502
173000	174000	0.12111494235408	-1.41104868502643	-3.52534408802088
174000	175000	0.278556289899191	-1.81688548554824	-3.66224732250738
175000	176000	0.428728744417444	-2.04114340885424	-3.3204789411972
176000	177000	0.743949451663513	-2.26910452440947	-3.35146919437072
177000	178000	0.930951882529297	-2.49241716817898	-3.0481537490193
178000	179000	1.33038840732957	-2.50762285891708	-3.2101922133823
179000	180000	1.64541409948178	-2.42683493306483	-2.99263550916257
180000	181000	2.05385419144696	-2.48802014535524	-3.12406384000367
181000	182000	2.24879655624117	-2.1674241192004	-2.88846600723594
182000	183000	2.59233235409772	-1.98321877140266	-3.02944789733962
183000	184000	2.72748908071115	-1.71039965497084	-2.74852729221479
184000	185000	2.77455986545493	-1.3453255144501	-2.87220244726139
185000	186000	3.02761900162208	-1.05688061063405	-2.75696464839873
186000	187000	2.82536573395499	-0.709804120845896	-2.72497576685195
187000	188000	2.93818558990963	-0.284921893736771	-2.75652450825531
188000	189000	2.60405914343669	-0.152426202888908	-2.50610194356308
189000	190000	2.48805145041727	0.195557460809125	-2.40775138496764
190000	191000	2.21838978557001	0.235434626263434	-2.11770325427606
191000	192000	2.12630046245464	0.607339163708687	-1.94990104456703
192000	193000	1.87840966727292	0.580548889801255	-1.62491511612415
193000	194000	1.87309283659032	0.86630430367947	-1.30694119076584
194000	195000	1.49332832780926	0.815563880587541	-1.10837682662332
195000	196000	1.51085472206914	0.934048345993076	-0.710639508519421
196000	197000	1.12712527901938	1.01808479312589	-0.626541262079873
197000	198000	1.02088026493303	1.00888093521142	-0.19510882963105
198000	199000	0.683374437821033	1.33653164330023	-0.254195089063523
199000	2e+05	0.471432483934376	1.36564744487827	0.11200948379535
2e+05	201000	0.396234609372143	1.77216370404744	0.170889929899322
201000	202000	0.0576491001000748	1.82005692772359	0.465628542339349
