0	1000	0.290353407056384	1.27910158096129	0.942791603027549
1000	2000	0.14406771726887	0.907512623406374	-0.1021644513182
2000	3000	0.245750660781155	1.11927085769118	-1.20166733642099
3000	4000	0.910275434785273	1.13503788844128	-2.27412697242318
4000	5000	1.09475435110195	0.162771814076191	-1.58995514936203
5000	6000	0.680236098323123	-0.140942244484347	-2.6928194071142
6000	7000	-0.118408872143899	-0.507199042947857	-2.04168866118266
7000	8000	-0.410964490987477	-0.893021548848331	-2.95143543653633
8000	9000	-1.33472613411324	-1.01661675286671	-3.26912155222308
9000	10000	-1.20882863159832	-0.862866275543303	-2.41327956351446
10000	11000	-1.53927608880228	-1.010384583058	-1.65983514089565
11000	12000	-2.75994572724583	-1.369950951912	-1.31856878979726
12000	13000	-1.7914319500987	-0.612830787715593	-0.873888096126617
13000	14000	-3.00665589401678	-0.946178233079615	-0.374502478155696
14000	15000	-1.89337461091505	-0.813207344863672	0.330262828474383
15000	16000	-2.80168861396899	-1.12610345493896	1.07827286956933
16000	17000	-2.07946797453291	-1.75568556030239	1.76637797369155
17000	18000	-1.27042441229698	-1.85494960063221	1.06986924878289
18000	19000	-2.31360232298137	-2.52389516076918	0.520151112908238
19000	20000	-1.44842501609547	-1.94750426821326	-0.11273219324438
20000	21000	-2.0410077148378	-2.91915035980439	-0.705178878948588
21000	22000	-0.970731535711905	-2.04545488020649	-1.08226009362599
22000	23000	-1.85561366060695	-2.15791146148103	-1.33167708637382
23000	24000	-2.45676003029541	-2.331383894228	-1.9180102600743
24000	25000	-1.49678326007955	-2.34802180218198	-3.14254068144097
25000	26000	-0.819946943100582	-1.83755416741501	-3.11411293001125
26000	27000	-0.455349684720702	-1.6671772622015	-2.38339138149994
27000	28000	-0.366176306457022	-2.44789648228753	-2.80881009205967
28000	29000	-0.431075873638746	-2.35452726772258	-2.01464096500437
29000	30000	-0.522633580431091	-3.03091012406807	-2.13283042263701
30000	31000	-1.08777272632572	-3.13111645549507	-2.44338463256708
31000	32000	-1.21015889122614	-2.89791138649027	-1.82503763726769
32000	33000	-1.15825845162953	-2.46195693782084	-2.31355065573478
33000	34000	-1.78147953755549	-2.67668065845565	-2.29466071550114
34000	35000	-1.41808444780902	-1.91060586560557	-2.04628635088727
35000	36000	-2.0838686089498	-2.06006357019833	-2.63553132229787
36000	37000	-1.56549339914524	-1.60491190485092	-2.75168399735038
37000	38000	-1.91423796672215	-1.47471883488908	-2.31220158322701
38000	39000	-2.2078649629071	-1.32745424416214	-2.84722143565864
39000	40000	-2.42780795199309	-1.24860031742017	-2.34137472747504
40000	41000	-2.19067172742719	-0.818307387359606	-2.46414308943823
41000	42000	-2.63617278689846	-0.748919768692908	-2.15189927462525
42000	43000	-2.50366667739895	-0.281274537499976	-2.34566773521597
43000	44000	-2.56068539102847	-0.193777729733356	-1.73778133912185
44000	45000	-3.00972674447165	0.30387927706132	-1.57640328239249
45000	46000	-2.32619318897962	0.633786984509914	-2.02824532148426
46000	47000	-2.12336319675194	0.842202203470772	-1.21734545034705
47000	48000	-2.51691250576023	1.61059340309738	-1.6087843322344
48000	49000	-1.81337131615782	1.94781573681732	-1.24781094417475
49000	50000	-2.02633256456959	2.6882655253048	-1.17852316506061
50000	51000	-2.61434134682366	2.81625512339618	-0.788768461356422
51000	52000	-2.17975455584215	2.6862292038153	-0.280825866320581
52000	53000	-1.96834892589247	3.38943681490714	-0.444965505429081
53000	54000	-1.4379625984501	2.38131552723429	-0.397180587842496
54000	55000	-2.02996259036589	1.7787530336738	-0.198691008584313
55000	56000	-2.64069533913046	1.97831270510337	-0.754839494271169
56000	57000	-2.97191060190712	2.3392851265167	-0.183809660400064
57000	58000	-3.30753185668262	1.77605336800967	-0.488657444879282
58000	59000	-2.86071576089402	1.57979719304228	-0.0635971871514702
59000	60000	-3.34116298529324	1.82587437466598	0.263417603857245
60000	61000	-3.46298473112224	1.20800510557178	0.174023870533341
61000	62000	-2.76756943851993	1.37352601277201	0.603424258499288
62000	63000	-3.12253085308835	2.14041550505206	0.968757898453319
63000	64000	-2.28758551211305	2.03591121175485	0.759262739004777
64000	65000	-2.64063748912051	2.85673362505982	0.467265251245203
65000	66000	-1.78874031694693	2.59906611803467	0.428735284385117
66000	67000	-1.97847662235726	3.33808697143082	0.623442213918168
67000	68000	-1.15795043067193	3.05926648086245	0.764187104219394
68000	69000	-1.55870238084884	2.88621851203542	1.50372370437574
69000	70000	-0.968728506508363	2.18940467026291	1.43987391442115
70000	71000	-1.57189647523689	1.84150966844437	2.19748301179115
71000	72000	-0.558177958322621	1.85325144793858	2.5604613771467
72000	73000	-0.601410188269047	1.00776831191407	1.9724668296414
73000	74000	-0.18310286028244	0.468624780545215	2.80880743005101
74000	75000	-0.598694925323259	-0.137099647188732	1.48071094259684
75000	76000	-1.72947524780604	-0.13456295460649	1.38251689758772
76000	77000	-1.51524678957453	0.534970489565484	0.439427798602794
77000	78000	-2.56893778808741	0.404136536342053	0.0472425218719363
78000	79000	-3.19594133586376	0.406239581496326	0.73331507550444
79000	80000	-3.23302415538608	1.09490426626355	1.37499530639076
80000	81000	-2.29175807184527	0.96507372554571	1.46515220248854
81000	82000	-2.4635412032776	0.434466306231751	2.26340764914712
82000	83000	-1.51516378817407	0.036656666537786	2.65752298917171
83000	84000	-1.2820431443518	-0.965336355435202	2.97212182892678
84000	85000	-0.391930567847373	-1.31054213250494	2.91441347173184
85000	86000	-0.286017617798025	-2.02416762243235	3.56777859598783
86000	87000	0.425354797757175	-1.82470365377367	2.97474277625876
87000	88000	0.631398505098991	-2.45018558065335	3.46677270365908
88000	89000	1.19361713817531	-2.18331716996969	2.98136040129249
89000	90000	1.24145194865826	-3.00801205898658	3.08339476224167
90000	91000	1.00837734087539	-2.8225068949165	2.32617523942941
91000	92000	0.959930535671032	-3.6748269586489	2.56567340948951
92000	93000	1.43633397950904	-3.8453838758781	1.94602283393896
93000	94000	0.80846807289787	-3.5415340472869	1.70494846589684
94000	95000	0.714437024118538	-4.40221961952951	1.88901515336334
95000	96000	0.399213205930637	-4.0241178103191	1.36053178324564
96000	97000	0.593066645872314	-4.49319268992826	0.919495070968528
97000	98000	0.580335602050584	-3.73621930174432	0.660119428925914
98000	99000	1.24914821721079	-4.10553097633557	0.904800742171654
99000	1e+05	1.33352968258141	-4.00020070103951	0.0692079488843282
1e+05	101000	1.32802539192143	-2.99803251510478	0.280141672034684
101000	102000	1.96148350722934	-3.56890746977781	0.846688953064684
102000	103000	0.826624516329063	-2.75502778977424	1.11380076088658
103000	104000	-0.308279069334054	-4.66821763437999	1.76428686258053
104000	105000	-0.174440628880649	-2.62492186959532	1.11022563369325
105000	106000	-1.31580866154748	-3.9868053319549	0.948206474979645
106000	107000	-1.02547998563851	-3.10563089658792	0.792743876522894
107000	108000	-1.43924137258398	-3.19254695764045	1.60890908381138
108000	109000	-1.0311981037353	-3.77707383323043	2.15546592594499
109000	110000	-0.695956029555458	-3.0673689533748	2.13218383953425
110000	111000	-1.01673279825052	-2.67547551309063	2.63073740499443
111000	112000	-0.648716684140256	-3.21505113337914	3.07512184812165
112000	113000	-0.156624691513184	-2.61218071851869	2.7774873635223
113000	114000	0.189327851486273	-3.34677240385967	3.0538581375449
114000	115000	0.178147237531697	-2.99607840708336	2.1654609669945
115000	116000	0.00627035293961919	-3.95630575481419	2.35103059116767
116000	117000	-0.188183802266623	-3.54331121206492	1.49520733157129
117000	118000	-0.354313400475091	-4.23055185056571	0.893899030473023
118000	119000	0.12527466951138	-4.4338618737605	0.139686357709412
119000	120000	-0.0776237141368032	-3.39602873729166	-0.0200873336240147
120000	121000	-0.763483034138007	-3.92574417866162	-0.435552623338987
121000	122000	-0.38363369289163	-3.27858370932816	-0.949496600111077
122000	123000	-0.0128326810365796	-4.03043600332409	-1.05778982617229
123000	124000	0.726642960282035	-3.63340281077756	-0.805223269776441
124000	125000	0.4691133184695	-2.65246890542047	-0.597258925688119
125000	126000	0.981488142993918	-2.78255394470413	-1.47255587221396
126000	127000	1.87042442016646	-2.37526154945874	-1.04232245489071
127000	128000	1.43415567560179	-1.38862772662145	-1.11874255799216
128000	129000	0.979148237131046	-1.21062454722764	-0.0738391390351817
129000	130000	0.998582442563231	-0.964484826299	0.958741324011683
130000	131000	0.832701736700844	-0.698628344600754	2.01219011419117
131000	132000	1.38595297516653	0.27435357341054	1.79450020530951
132000	133000	1.6822090849294	-0.0285102530231007	2.8163051265385
133000	134000	2.64818577602394	-0.247582583055598	2.20129616429828
134000	135000	2.38806087625769	-1.13361478888198	1.76008704388697
135000	136000	2.43739025719978	-1.78089392373312	2.54463919485643
136000	137000	1.69812889100891	-2.0756790732104	2.03169477045478
137000	138000	2.12040356725302	-2.95213449364881	2.27415871070038
138000	139000	2.02255578925219	-2.69179100819629	1.46754326367147
139000	140000	2.81825534731234	-2.30506747308863	1.50540485276957
140000	141000	2.66331526276956	-2.3908405317639	0.462037678191042
141000	142000	2.23021717517481	-1.46653899216701	0.501249245560972
142000	143000	3.24737844909201	-0.962582163568223	0.67419107623091
143000	144000	2.26373876860947	-0.0311939947333882	0.681651163861644
144000	145000	2.63472558593667	-0.332144587713083	-0.31948004636235
145000	146000	2.50048357206842	0.674624138414627	-0.308252677431993
146000	147000	3.14720984712406	1.23951727238604	-0.432828956134199
147000	148000	3.57781513024694	1.95669543817923	-0.585510881018942
148000	149000	2.66267663191439	2.08245461391562	-0.593809612652936
149000	150000	3.08764017913615	2.66698859573159	-0.138319744390015
150000	151000	2.35882780236769	2.2346609600758	0.215552829713279
151000	152000	3.16732135059262	2.16163162660951	0.747022420097966
152000	153000	2.57914683801395	1.43507139988204	0.788756057778379
153000	154000	3.16425956788825	0.913769191573933	1.12528595941452
154000	155000	3.76439811947588	1.09726177005732	0.481652805987025
155000	156000	3.36720703029262	0.331175675399932	0.321502359230332
156000	157000	3.83339645912843	0.606095937870999	-0.356331798724857
157000	158000	3.52268463516964	-0.106293501609715	-0.661262015922991
158000	159000	2.83781668820688	0.0230442447551908	-1.22262376666283
159000	160000	3.47728595462372	0.632156763490512	-1.38139354765082
160000	161000	2.66872784660164	0.978762039807597	-1.27778129543791
161000	162000	3.13549688653223	1.66943558889814	-1.47721762936793
162000	163000	2.27838567195979	1.77471372086913	-1.65493382200053
163000	164000	2.58038809691324	2.54217592375672	-1.78323358553945
164000	165000	1.99484477836179	2.81416656600831	-1.44155495982867
165000	166000	2.02356317474887	3.60453055890063	-1.68164137480233
166000	167000	1.53331710463646	3.42497395004156	-1.24069751357173
167000	168000	1.48162549805691	4.13801891772645	-1.44796198118827
168000	169000	1.03827739480183	3.80479988667181	-1.22476985504202
169000	170000	1.05491349257643	4.261042041465	-1.0989425517996
170000	171000	1.28294589016206	4.47954639165667	-0.802764372420246
171000	172000	1.32003721829668	3.92949604938738	-0.760580321587659
172000	173000	1.29410150141173	4.14821047777121	-0.3541797335422
173000	174000	1.83603889125518	4.26326401963698	-0.657994755388686
174000	175000	1.90148943572157	3.69498743483753	-0.489517244823678
175000	176000	1.94211389801548	3.99395895185727	0.105381012760323
176000	177000	1.79686611916001	3.09023637026008	0.029428232891863
177000	178000	2.32507657594979	3.13254085634254	0.75854528730143
178000	179000	2.89484411482084	3.51603867066789	0.0654967741933108
179000	180000	2.81352773599815	3.22765046648319	-0.940051040781989
180000	181000	1.55337810187575	2.32565452253114	-0.695839318342651
181000	182000	1.26212476662351	2.88466233757386	-2.0341154967101
182000	183000	0.843506447433886	2.84166519599707	-1.16668859162868
183000	184000	0.507379510159232	3.48019116428509	-1.62097366191455
184000	185000	0.693270613096851	4.23118251848174	-1.61394307866318
185000	186000	0.666256923848506	3.82594306095329	-0.769878309516228
186000	187000	0.664702081267475	4.45091584912706	-0.762579888744089
187000	188000	0.292381496415393	4.34865713626928	-1.14672924783867
188000	189000	0.219184101025607	4.19590890250577	-0.605482600505324
189000	190000	-0.0163060464340092	3.8755332317406	-0.933024563836557
190000	191000	-0.261271990837916	4.30451880206362	-0.791761779660705
191000	192000	-0.470807129893026	4.03717196896879	-1.22157561278118
192000	193000	-0.808041695790083	3.98160158309556	-0.689187853659759
193000	194000	-0.706451067762441	3.36546294840047	-1.1142891116441
194000	195000	-0.468070402151761	3.41802368649239	-0.307049832892359
195000	196000	-0.140991324978406	4.05654771385262	0.204143095342391
196000	197000	0.297197949400546	2.89739984866889	-0.409772779315748
197000	198000	0.639275737788857	3.25905157119875	0.35678394310549
198000	199000	1.11779997134431	3.96322948997219	0.764619294536441
199000	2e+05	1.32018541538218	3.03975893459712	1.17803583316119
2e+05	201000	1.12774061376972	2.03067606983418	0.802836209036145
201000	202000	0.955401847151159	2.08952495201692	1.90770735085206
