0	1000	-2.47223154932066	0.277745717106184	-1.31597372570243
1000	2000	-1.46298590587969	-0.24969498606773	-2.39874693311686
2000	3000	0.131591947632103	-0.491323212167515	-0.884243824987766
3000	4000	0.704776636402815	-1.37717917469986	1.01326896712331
4000	5000	1.09827113713685	-1.03676842570843	-0.00277397770584579
5000	6000	2.09831271566668	-1.67276672704031	0.736952016577186
6000	7000	2.08505295188124	-0.57084404577896	0.101701456404766
7000	8000	3.15558787555884	-1.22826768073199	-0.357606553798714
8000	9000	2.41243933849923	-0.48538994781896	-0.863879510277667
9000	10000	2.18735743141393	-0.469380991822676	-2.30608787061346
10000	11000	1.83894490361537	0.039380544413542	-1.52866061272661
11000	12000	2.84731701983852	0.226050012212113	-2.41853506948296
12000	13000	2.07117421877776	0.730851754709581	-2.15826735301872
13000	14000	2.52119537064516	1.37034580978259	-2.4880665491893
14000	15000	1.69707366310365	1.44083302020291	-2.45167957188808
15000	16000	2.06302821269042	2.09803938306868	-2.42773889822606
16000	17000	1.68114114974963	2.06615133750867	-1.89304510982609
17000	18000	1.38669576889722	2.60445367739445	-2.18827704892536
18000	19000	1.50287329318063	3.03428115901545	-1.61273077089395
19000	20000	0.889740204186041	3.45343279249623	-1.44823630293085
20000	21000	0.346489007473015	3.21457845256054	-1.02618870968058
21000	22000	0.130308365893849	3.88721648195797	-0.804257710928513
22000	23000	-0.202696963270298	3.41805325336632	-0.35639964674409
23000	24000	-0.747938242857541	3.77703289287235	-0.654539058641464
24000	25000	-0.737290073107739	2.99104021403735	-0.818215551184119
25000	26000	-0.922445867147099	3.3821826912672	-1.46340682400062
26000	27000	-1.3020358062958	2.61462339088002	-1.65637842425123
27000	28000	-0.627790788249334	1.99268147709434	-1.42119404057084
28000	29000	-0.142300668807121	2.6749856930011	-2.16084376464777
29000	30000	0.326253462713786	1.76538912666949	-2.12822968569109
30000	31000	0.687831350632606	2.22422264215886	-1.31313144040905
31000	32000	0.991874110939761	1.94928959568296	-0.526611034768929
32000	33000	1.70581855327417	2.95431113354863	-0.586881329358189
33000	34000	2.27828773798468	3.57479172901678	0.114572666247275
34000	35000	1.4735908195587	3.01484542560085	0.468296680229028
35000	36000	1.22670248026188	3.98145966102546	0.395989935978388
36000	37000	0.614991061454746	3.43776156309256	0.582144827915311
37000	38000	0.4190805027869	4.10268556949778	0.848154541498009
38000	39000	0.328009923017014	4.24425788883861	1.48799144425409
39000	40000	0.381428318127895	3.54393093232177	1.4414336769806
40000	41000	0.917403840181307	3.7849161686529	1.66561023045047
41000	42000	0.566781149183672	3.57931931914052	2.29139201538451
42000	43000	0.095300075483412	2.977418912287	2.11555294104485
43000	44000	0.0947672698323373	2.79241626861458	2.85639666551877
44000	45000	-0.700104062788678	3.06377878953748	2.96404756969212
45000	46000	-0.594513504459875	2.0289648495381	2.75652992420543
46000	47000	-0.767897486097471	1.36404371755488	3.3511040784889
47000	48000	-1.80648435761982	1.14049234642948	2.0938726510646
48000	49000	-1.47155590588026	0.0525659723448375	2.79385661794326
49000	50000	-2.20389032898601	-0.064895743421037	1.86568418029864
50000	51000	-3.49550612639064	-0.105670023281811	1.4672390898075
51000	52000	-3.76727890305279	-0.897320596901817	-0.0985154606958794
52000	53000	-3.13419652999496	-2.06531893515442	-1.41852304063055
53000	54000	-2.62198438369129	-3.13650836900372	-1.35930200826766
54000	55000	-2.08748255481905	-3.91320847711219	-1.01260721044242
55000	56000	-1.85584939131817	-4.23063900336719	-0.204025151238024
56000	57000	-2.6416526468439	-4.13195856115643	-0.282480194118956
57000	58000	-2.74027640689615	-3.52256074580724	-0.360623028359106
58000	59000	-2.46197385905353	-3.73600955010434	-0.00681847880611317
59000	60000	-2.79074912077887	-3.51433027619748	0.11018260795107
60000	61000	-2.63097505693319	-3.71229853471794	0.399483009023184
61000	62000	-2.38762599253934	-3.33379502591653	0.168012821391229
62000	63000	-2.11103505224833	-3.75815790061032	0.40223118852245
63000	64000	-1.98393718194915	-3.34984886483832	-0.303533081978585
64000	65000	-1.48109028759232	-3.49608932260567	0.318464252470913
65000	66000	-1.54781496714183	-2.72455355050732	0.125461347821242
66000	67000	-2.17404512574986	-2.38606826636394	-0.668476674843764
67000	68000	-3.23845049323925	-1.80561140287406	-0.475458508651246
68000	69000	-2.52641135693979	-0.871809086818274	-0.174485273296512
69000	70000	-3.29298034679061	-0.00504517186089848	0.322849412033006
70000	71000	-2.77381366568535	0.715646588887387	1.08221366031058
71000	72000	-1.00743398435916	0.145012891254829	1.68663048469419
72000	73000	-2.66240758004438	1.81362378480519	1.73984690025938
73000	74000	-0.208841359028671	0.867602099443539	2.33868566050819
74000	75000	0.720431590310931	1.12864439749012	2.91310937775942
75000	76000	0.977597989272891	0.361193381232219	2.14606463026619
76000	77000	1.81696088037464	-0.0762520970954933	1.96821705146251
77000	78000	2.76225061871698	-0.141207458619097	1.80855726258505
78000	79000	2.66113901309733	-0.634954642914827	1.08855755640814
79000	80000	3.45073261784511	-0.695682499298478	0.857430317078646
80000	81000	3.15156071441992	-0.282781988128442	0.448851342806658
81000	82000	3.75766647833433	-0.050016236695741	0.415648159685886
82000	83000	3.28267272479542	0.373972579191937	0.742455095112659
83000	84000	3.7911153303433	0.808326454053655	0.539324587294156
84000	85000	3.2278893678197	0.647723746471143	0.0733142662116898
85000	86000	3.95129490201285	1.01812032746925	-0.202183917813886
86000	87000	3.33748045495147	0.993671101558942	-0.562645911105589
87000	88000	3.80386083220194	0.596109139602115	-0.909194623536554
88000	89000	3.07003393182605	0.390192150882547	-0.982520401694936
89000	90000	3.49550223104809	0.100348115116243	-1.55034065509728
90000	91000	3.49198777522165	-0.606171185957887	-1.15344697469376
91000	92000	2.94008504581518	-1.07451228399755	-1.71778638549227
92000	93000	2.62159181685376	-1.95009844187575	-1.86028168125061
93000	94000	2.02123796015719	-1.4842725569192	-1.25911033245987
94000	95000	2.19646702308576	-2.32413090276998	-0.516725109763179
95000	96000	1.27564814401749	-1.55876840480134	-2.02263249203703
96000	97000	0.336322417531071	-1.48082359463303	-2.57702868200689
97000	98000	-1.24746678994497	-2.33430875428628	-2.65136692684058
98000	99000	-2.11386375009461	-1.15249881231874	-1.24315510322117
99000	1e+05	-2.14771671620296	-1.55082096829878	-2.25292739169537
1e+05	101000	-0.775710630567859	-1.46543731204473	-2.01233107042366
101000	102000	0.170643379605429	-2.37580443801322	-0.110671282701763
102000	103000	0.191511840434104	-2.01380069599553	-1.35399382672381
103000	104000	-0.069771744315468	-2.85677154136599	-2.20565083731581
104000	105000	0.317378140839156	-2.89029651584855	-1.21412584024779
105000	106000	0.650505916086062	-2.72625426698342	-1.84677429049961
106000	107000	1.08849607467319	-2.97740302979837	-2.21701334051579
107000	108000	1.22995125452821	-3.04494429180178	-1.47183007046943
108000	109000	1.66540189237516	-3.34348037734559	-1.80746251848671
109000	110000	1.1507493425622	-3.7009730222258	-1.97793921227095
110000	111000	1.2730911276109	-3.76298510606337	-1.38412970939328
111000	112000	1.60931246767773	-4.04708135293015	-1.68522971615812
112000	113000	1.49789373443649	-4.20702530707748	-1.24545075818808
113000	114000	1.38833609917071	-4.40317795610462	-1.86652677439394
114000	115000	1.47130011185705	-4.54269404565499	-1.48297228174372
115000	116000	1.26496848575531	-4.27111100393937	-1.57821616600212
116000	117000	1.18717609829071	-4.53969370267096	-1.64144930468285
117000	118000	1.18420774959414	-4.41911894182611	-1.3770087485035
118000	119000	1.07763453134666	-4.6152934150702	-1.42433560607859
119000	120000	0.965176536251127	-4.35792901529851	-1.534091337445
120000	121000	0.794195655362288	-4.64226529585316	-1.56903211181276
121000	122000	0.791210549308086	-4.44990056507501	-1.18220763709054
122000	123000	0.563283085921924	-4.26818365935984	-1.72995832176738
123000	124000	0.517984955598285	-4.03175513583742	-1.22690580156168
124000	125000	0.0251952343685636	-4.42699121392779	-1.34110833945161
125000	126000	-0.0759684056689288	-4.06888577373498	-0.741162880282023
126000	127000	-0.428531568932972	-3.74837952595119	-1.56185464494899
127000	128000	-0.955055818361865	-3.99409278374622	-1.02397933305009
128000	129000	-0.733017756378945	-3.46294394416315	-0.3589289779764
129000	130000	-1.27212086337535	-3.05884968409634	-1.35915261046921
130000	131000	-0.839230153853047	-2.56391889121778	-0.671885407920815
131000	132000	-1.10138441242755	-2.04229918979619	-1.31213956946517
132000	133000	-0.980403809277132	-1.54792761539779	-0.501953251917733
133000	134000	-1.14145810815958	-0.739053635364423	-1.08430435212999
134000	135000	-1.11149955402157	0.249530746277849	-1.40777340202053
135000	136000	-1.14377997516252	1.06436361618835	-2.1082412238329
136000	137000	-2.00805591684052	1.50400945665577	-1.55363974552786
137000	138000	-1.37677513264334	1.19586058461937	-0.420282037227413
138000	139000	-2.4412998042739	1.90516476147273	0.337265606280006
139000	140000	-0.931491698723542	1.57217430499766	0.775456143031833
140000	141000	-1.73619754048157	2.64656357407221	1.18583678255818
141000	142000	-0.724343076984462	2.21787282374286	1.65244482707155
142000	143000	-1.71029491846446	3.21481542182923	2.1377711507829
143000	144000	-1.330970299577	2.46797040178595	2.3156505886112
144000	145000	-1.60558237447866	2.7860279528801	2.95054957009005
145000	146000	-1.3063191362809	2.25887555764341	3.19974657359819
146000	147000	-1.72941422052935	1.9792171476954	2.82177582351297
147000	148000	-1.95329166458296	2.05413456052385	3.37887627536662
148000	149000	-2.22806541677419	1.65967928805204	3.08274162019086
149000	150000	-1.66080433655041	1.51499412798623	3.53154772364594
150000	151000	-1.71576178999313	1.15618480600935	3.01310607796693
151000	152000	-2.11405242835906	0.948400327391746	3.50929606630223
152000	153000	-2.5688725395432	1.01557050562679	2.98982235673679
153000	154000	-2.2865042381623	0.437746792432742	3.06678435319615
154000	155000	-2.88924429378344	0.308520700757955	2.81247884698069
155000	156000	-2.58571216107579	-0.4058913883873	2.76474065622566
156000	157000	-3.12879770042983	-0.730824283706616	2.24921753403422
157000	158000	-2.56932352975793	-1.38599397590462	2.12531940364259
158000	159000	-3.06465969547719	-1.21166662956385	1.36967639887293
159000	160000	-3.69789902815571	-1.73864516640652	1.1437817469431
160000	161000	-2.85654617321743	-2.11250204916949	1.44569071388413
161000	162000	-3.16771968356666	-2.07167823886834	0.548707131644743
162000	163000	-3.21091835275874	-2.74737871408507	0.901433785593921
163000	164000	-3.20915264093952	-2.72048336372662	0.144859092172582
164000	165000	-2.45570806976666	-2.86441351241352	0.782400696380599
165000	166000	-2.477160598526	-2.37381126228128	0.168473097022144
166000	167000	-1.98474721477384	-2.20102355222376	1.05022860651754
167000	168000	-2.52827351346901	-1.45496578495427	0.522603148182733
168000	169000	-1.9508121317952	-0.893864755523011	0.927072992124133
169000	170000	-2.21605112360447	0.242389896305304	0.083279081647402
170000	171000	-2.81598508460879	1.30450886555156	-0.547135189752583
171000	172000	-2.22342013396147	2.46811362273399	-0.721423262359698
172000	173000	-1.46210296066527	2.69558758376978	-0.135472168576685
173000	174000	-1.622237990465	3.6608538121592	0.00458068997507228
174000	175000	-1.08184665120318	3.38352371257625	0.486064034632073
175000	176000	-0.799472519815372	4.12575518196563	0.430970811303543
176000	177000	-0.372277653340994	3.62094659942076	0.670609189077235
177000	178000	-0.527938992579942	4.09669578133359	1.25004190362021
178000	179000	-0.318285775088555	3.33133194862626	1.36409810143957
179000	180000	-0.649685327867608	3.54766133090232	1.90475776611036
180000	181000	-0.210587308857909	4.09456876576245	2.22723601811562
181000	182000	0.991212879922556	2.78471959277447	2.07026727428027
182000	183000	0.829286625975592	2.60135633130425	1.17175927829032
183000	184000	1.76824817155514	3.45889854165088	1.42992524579818
184000	185000	1.93229987717141	2.55831894483134	1.4827399965204
185000	186000	2.66674644539107	2.77241926955497	1.11355379477877
186000	187000	2.91369637006512	1.94112057661672	1.07253830842028
187000	188000	3.62186783400841	1.91710614940233	0.644627557073941
188000	189000	3.01593702203273	1.71701942571826	0.319717766827492
189000	190000	3.30648246767229	2.4890653128097	0.0100225224058207
190000	191000	2.99470866601857	1.8515448719757	-0.445456794796666
191000	192000	3.70822563651582	1.8395055696929	-0.799538541725425
192000	193000	3.60264719139951	1.24916320556266	-1.43117719178719
193000	194000	2.80407029123305	1.01617880046251	-1.49061328410173
194000	195000	3.03157480083814	1.86287538165928	-1.69960231357473
195000	196000	2.32085217282045	1.71459283861232	-1.06060018763983
196000	197000	2.83606998066335	2.67438276784152	-0.952667125642489
197000	198000	2.25572000513574	2.32755917922334	0.0400349129988282
198000	199000	1.7780254761183	1.40378409494058	0.10951978071249
199000	2e+05	1.55565798057092	1.22881536658695	1.09315680968774
2e+05	201000	0.636129468668047	0.804506648602046	0.302356907670474
201000	202000	-0.316468571770826	0.486922804330659	0.0678236955659987
