0	1000	2.19582006057216	1.89420980276803	-0.231334566106822
1000	2000	2.15314519940349	2.08240184745112	-0.594593750596888
2000	3000	1.76038161604198	2.06996586896371	-0.645172106842284
3000	4000	1.73695735088185	2.22493620039718	-1.02148737126831
4000	5000	1.33292529177847	2.30402761074972	-0.976099576703501
5000	6000	1.33932407759347	2.46235527599848	-1.34934928265984
6000	7000	0.953017844190797	2.53344434613601	-1.25707470520492
7000	8000	1.03786842725432	2.8289603819585	-1.47881202775443
8000	9000	0.698812874595946	2.92576746320241	-1.31833249361026
9000	10000	0.889881345334635	3.28351856183457	-1.44299331181897
10000	11000	0.509923601188957	3.3156660944896	-1.45240283619734
11000	12000	0.607688168239637	3.66194657991079	-1.39915757938946
12000	13000	0.372454855489187	3.73384448041384	-1.64435536064052
13000	14000	0.212933449882884	3.84317543145459	-1.34420750687932
14000	15000	0.0957617542413862	4.02408956562117	-1.63125306406671
15000	16000	-0.155110001966608	3.99125969599811	-1.39383841367832
16000	17000	-0.251447594851091	3.89133828336462	-1.68198767860847
17000	18000	-0.378058997510597	3.68697870281396	-1.45475892824523
18000	19000	-0.522257644802793	3.64344825962252	-1.78549157471743
19000	20000	-0.338932815101019	3.31367072099369	-1.63636472737339
20000	21000	-0.237704992608304	3.3756394710154	-2.05482501954331
21000	22000	0.0166774073597925	3.05999521900144	-1.85010184010139
22000	23000	0.24586576087095	3.31462675368374	-2.1860534492455
23000	24000	0.450202116953523	2.93492372068329	-2.05033689800636
24000	25000	0.782876381548176	2.97759643949343	-2.24671027615273
25000	26000	0.876234822124458	3.38132750309017	-2.36980330527221
26000	27000	1.13444696072186	3.04663421983869	-2.5391888057171
27000	28000	1.08118887069072	3.35082901039468	-2.76973410459197
28000	29000	0.909682046327535	3.0741305907116	-2.85147128764317
29000	30000	0.728303144090043	3.34895375451696	-2.95647741593337
30000	31000	0.631312787462867	3.0167179876725	-3.10651500266688
31000	32000	0.346720391294572	3.18436276323669	-2.91283346543944
32000	33000	0.402133251937451	2.8393469546511	-2.7923805418314
33000	34000	0.0277745678134595	2.92039039350403	-2.76168132287693
34000	35000	0.101418575018365	2.55056841658818	-2.76892693662327
35000	36000	0.223726164342589	2.47892430594913	-2.43135975325758
36000	37000	-0.16407111335012	2.44801481314003	-2.38671553763439
37000	38000	0.0328155913008357	2.2347245339184	-2.09300268572232
38000	39000	-0.1598745000091	1.88704539944838	-2.26045644559934
39000	40000	-0.372282272720828	2.00095656895369	-1.84210180095082
40000	41000	-0.481067917439616	1.59892547613266	-1.85664143026075
41000	42000	-0.837751071199034	1.62307386327067	-1.62665126708913
42000	43000	-0.955409351844355	1.22103688094592	-1.71025124555335
43000	44000	-1.34666629385312	1.20449140477232	-1.53484774867208
44000	45000	-1.46261831059091	0.824845998169661	-1.71482663607699
45000	46000	-1.8682312661181	0.82899568776985	-1.5263904490373
46000	47000	-1.99894576695957	0.709589283007427	-1.94039143159437
47000	48000	-2.18632695969556	0.409667837428317	-1.70504691807318
48000	49000	-2.44834754090698	0.476403506191943	-1.9743651512379
49000	50000	-2.45180633355215	0.0907171862211158	-2.05922461641645
50000	51000	-2.77984314178515	0.254255531830824	-2.24390553984907
51000	52000	-2.91242684189579	-0.0225378686405159	-2.03206494180317
52000	53000	-3.05183511037155	-0.120514673921991	-2.38739033415299
53000	54000	-3.37143445372532	-0.063948760122793	-2.21061777702041
54000	55000	-3.27450672361936	-0.393989359048482	-2.10549999223773
55000	56000	-3.62604590883124	-0.378720730727685	-2.07553448300788
56000	57000	-3.45520500010393	-0.56734087612	-1.81264039045249
57000	58000	-3.80038297688422	-0.550203988416977	-1.70484305791554
58000	59000	-3.55097589212374	-0.371773633193812	-1.48776826153553
59000	60000	-3.84149961523891	-0.137754452249989	-1.56630203980648
60000	61000	-3.70990489011893	-0.0211603821267417	-1.20322061032793
61000	62000	-3.35549583189028	0.137077226686221	-1.48189575165207
62000	63000	-3.73402105514418	0.425781778413287	-1.70074343049686
63000	64000	-3.16425183737204	0.562348887508212	-1.70299003749253
64000	65000	-3.42710891839782	0.709962954769532	-2.06357775073363
65000	66000	-3.12722085972583	1.02996289552302	-1.96703923295293
66000	67000	-3.46105157108978	1.16168151675074	-2.22065613733363
67000	68000	-3.25049745886975	1.4509932160109	-2.0613711906587
68000	69000	-3.58000657813663	1.4196648497079	-1.9516054714165
69000	70000	-3.42446797118867	1.64070952251033	-1.76557183127905
70000	71000	-3.69814911740323	1.49645630448875	-1.61360792752689
71000	72000	-3.41440593594798	1.47620681092509	-1.40560496712478
72000	73000	-3.63169140977955	1.17649928978135	-1.37512574356181
73000	74000	-3.52626898869909	1.22219030689049	-1.03837176530785
74000	75000	-3.2094065883028	1.05483944475013	-1.14402202177835
75000	76000	-3.39408347310937	0.777666123061282	-0.971556261443911
76000	77000	-3.00416446054711	0.709880158520618	-0.933502210472441
77000	78000	-3.16207149660997	0.430113941114035	-0.651215092427982
78000	79000	-2.80501882658527	0.241373402988758	-0.877354686500774
79000	80000	-2.87247673011309	-0.135435148431963	-0.656376095594565
80000	81000	-2.51541505944776	-0.362940910883086	-0.850404583415668
81000	82000	-2.57026341417925	-0.769967174237623	-0.615744291986904
82000	83000	-2.1976531702078	-1.05405310227455	-0.704348241813683
83000	84000	-2.26008494020066	-1.44157658654146	-0.429417065691198
84000	85000	-1.90470281734153	-1.72748232942674	-0.529473348121074
85000	86000	-2.03659101438939	-2.08803072362291	-0.24012962923666
86000	87000	-1.73073063766815	-2.34047904432886	-0.48641419077963
87000	88000	-1.71086251124015	-2.62292141741233	-0.157632558458192
88000	89000	-1.85462222437798	-2.91615076515742	-0.447471005906676
89000	90000	-1.44337919300323	-2.99353236518505	-0.431044770695901
90000	91000	-1.6180043178146	-3.3018012578745	-0.71862123355921
91000	92000	-1.28017832429866	-3.38111934301824	-0.557808976090976
92000	93000	-1.2939309811636	-3.71471094792718	-0.782238887129068
93000	94000	-0.963214263586637	-3.59515027482204	-0.694379160553942
94000	95000	-0.806977377183382	-3.94620636147973	-0.839429444099758
95000	96000	-0.576183619595001	-3.64746556159245	-0.720574307671391
96000	97000	-0.563382212967547	-3.88081607432175	-0.505322268853013
97000	98000	-0.324546342736513	-3.67008200899891	-0.430985352021342
98000	99000	-0.38193517187572	-3.89941789878456	-0.19543270949349
99000	1e+05	-0.420976582627381	-3.55303932025567	-0.03466848583106
1e+05	101000	-0.721379010226633	-3.87101702659615	0.0540275295427502
101000	102000	-0.956389366225069	-3.50230522883421	0.0521194240804196
102000	103000	-1.23258583342856	-3.88005787267756	-0.0727162277787679
103000	104000	-1.54549877967369	-3.57928140161065	0.0352541314557153
104000	105000	-1.98541892073366	-3.6161604320253	0.105985269558534
105000	106000	-1.90660960664558	-3.92851521347787	-0.233497396924311
106000	107000	-2.209506324651	-4.00678594533096	0.00834440613672553
107000	108000	-2.18579144914236	-4.2581527624092	-0.244714572192846
108000	109000	-2.28412462206978	-4.39793409996518	0.0407619937147806
109000	110000	-1.98416739232683	-4.50229085123561	-0.0660392309353862
110000	111000	-2.02718906883958	-4.56450989869199	0.23612256122651
111000	112000	-1.70124270756064	-4.5823683508252	0.170505229100497
112000	113000	-1.79949871807305	-4.36153386560936	0.447447283527372
113000	114000	-1.44857516230783	-4.33077863716849	0.407465629191394
114000	115000	-1.62817509298097	-4.02719177195676	0.601765660027197
115000	116000	-1.28620834296096	-3.92303520073303	0.553084169840147
116000	117000	-1.30588984644603	-3.86475467678599	0.928249234333961
117000	118000	-1.42329965307727	-3.48153643717831	0.774936192810444
118000	119000	-1.0257561576202	-3.4516028426485	0.812923263261769
119000	120000	-1.13929298941706	-3.06383510889285	0.809934076409373
120000	121000	-0.864613187134213	-3.07592792024396	1.10614845147815
121000	122000	-0.775004266132205	-2.69790794400436	1.0784702019922
122000	123000	-0.692682291388278	-2.62770886301906	1.48091294673138
123000	124000	-0.372713844107006	-2.36291542582578	1.51405172581872
124000	125000	-0.400373191700449	-2.19432127452627	1.8838915270336
125000	126000	-0.0619630429157383	-2.0645450489202	2.01399475045748
126000	127000	-0.186050682408388	-1.87408373394144	2.32963523481775
127000	128000	0.188945349841625	-1.87553985792881	2.53489893495125
128000	129000	-0.0222613407025388	-1.56068905316589	2.74911123570108
129000	130000	0.0859055663087251	-1.8082690654594	3.09032582179131
130000	131000	0.110166093313591	-1.4545783904349	3.19692112517424
131000	132000	0.15186226051432	-1.59298382596028	3.54101409440382
132000	133000	-0.106100789293566	-1.32815303813945	3.56558641957264
133000	134000	0.032475678625624	-1.30994203786416	3.92334385383774
134000	135000	0.150188750303804	-1.00097724904454	3.81671873974243
135000	136000	-0.172684530825215	-0.873404434004845	3.86455040006224
136000	137000	0.045089524311565	-0.605498483839157	3.89134269090444
137000	138000	-0.151266536262211	-0.592621974567589	3.59964257286445
138000	139000	-0.00818829565314069	-0.30753448637388	3.64707077649363
139000	140000	-0.141524642169685	-0.324480494132593	3.31490524020214
140000	141000	0.221919762824436	-0.229843291158814	3.3306921160952
141000	142000	0.194308619867404	-0.543187648929775	3.09719923807027
142000	143000	0.539291889691455	-0.58758864491313	3.38291583931788
143000	144000	0.549812167702839	-0.927540668017798	3.06131534343906
144000	145000	0.738861453217816	-1.13710217153527	3.47433930770278
145000	146000	0.911461284372206	-1.4004793953281	3.09917187222713
146000	147000	0.933248478073388	-1.72795523097148	3.44405638503982
147000	148000	1.27058824070132	-1.7483929045793	3.17295806702478
148000	149000	1.4632098377142	-1.99929655794011	3.40763575216037
149000	150000	1.3855002251612	-1.83034130893249	3.74006337452174
150000	151000	1.5823112723404	-1.59083026007046	3.54828901878841
151000	152000	1.43532650025072	-1.43327245792402	3.85150284363275
152000	153000	1.69384521425874	-1.1978180543252	3.68181428983796
153000	154000	1.3315068981384	-1.05588912537982	3.64552307045707
154000	155000	1.42823114015144	-0.678036684253342	3.67599705244727
155000	156000	1.48190360015895	-0.795907592000437	3.26031938429693
156000	157000	1.22745195416266	-0.484381467458996	3.19899478551754
157000	158000	1.34824819582952	-0.697041106592295	2.82550835411823
158000	159000	1.01573788694402	-0.538815407581076	2.68388149126361
159000	160000	1.19147633960821	-0.130361687872835	2.66121667925171
160000	161000	1.13428965570044	-0.352481813891215	2.24925578052539
161000	162000	1.54364070164665	-0.267670046765473	2.176027436015
162000	163000	1.56265365655417	0.0930228347610724	1.94036508765463
163000	164000	1.90331400684568	-0.0200179833787112	1.67708753248827
164000	165000	2.09977353202137	0.335192769208778	1.53922389144145
165000	166000	2.23997801599816	0.263435267189641	1.1575824702856
166000	167000	2.59643121612199	0.467323157311484	1.14896680001808
167000	168000	2.54996770079974	0.579092245790811	0.757624776800241
168000	169000	2.87855438797545	0.341421973303282	0.63029413112835
169000	170000	2.90315777260794	0.635899757883943	0.32908251110222
170000	171000	3.22907205774287	0.386661774056472	0.162524839202599
171000	172000	3.14800975371687	0.684325864459168	-0.104483221966506
172000	173000	3.46891491972743	0.785842962529221	-0.0940222381170327
173000	174000	3.72450381872044	0.616965309477346	-0.247653622853648
174000	175000	3.57328979187447	0.801581984696007	-0.527286421083292
175000	176000	3.88661620563227	0.954969267196307	-0.408236700871356
176000	177000	3.6691720551804	1.17206137401394	-0.532079875957057
177000	178000	3.98817344844763	1.29008089231078	-0.602038699547737
178000	179000	3.72210781935575	1.53365433833777	-0.564972939904265
179000	180000	3.95576097216089	1.54481924716258	-0.30117131302092
180000	181000	3.80777460446906	1.8757140100939	-0.271178973790043
181000	182000	3.51327574232878	1.65570989110375	-0.0994930199524755
182000	183000	3.84349943529014	1.57455550706472	0.180964046941277
183000	184000	3.4010471973399	1.33613521664226	0.269644328737279
184000	185000	3.76347037816604	1.09142440130516	0.389063113294982
185000	186000	3.39341594781094	1.00021469679607	0.713901510572222
186000	187000	3.70172685251031	0.675345706585463	0.657510787938092
187000	188000	3.96304484280974	0.464220452039041	0.887481204027191
188000	189000	3.77471671378162	0.753524311465125	1.09659056334156
189000	190000	4.10528919315036	0.853643057077928	0.981729126846903
190000	191000	3.99263754869968	1.03600980292585	1.24205173356072
191000	192000	4.20178374554755	1.22362204890537	1.02528460045386
192000	193000	3.91876278330396	1.37995601448333	1.13499223555051
193000	194000	4.08862913520859	1.61606692680631	0.934008574749908
194000	195000	3.73610797638041	1.67356485502614	1.02239588701262
195000	196000	3.79910431457189	1.88792630239087	0.757059667226179
196000	197000	3.44704524409585	1.77706342506685	0.775175601995942
197000	198000	3.39707339405556	2.10939087159363	0.588155912238294
198000	199000	3.03738734712133	1.85764901813434	0.603755209211985
199000	2e+05	2.9821140237993	2.03105393737274	0.254572060315155
2e+05	201000	2.63013929840469	1.83949652750751	0.204960801328362
201000	202000	2.56591412108353	2.06554179714546	-0.140709634111328
