0	1000	-1.89465971531632	-1.57606379617889	-0.493799781767282
1000	2000	-2.33124662737908	-0.849902286772842	0.161245575468293
2000	3000	-2.75943222181882	-1.12741063563504	-0.560589743400872
3000	4000	-3.22870799765803	-0.426260122037853	0.415500552519157
4000	5000	-3.58137109521866	-0.378963749098043	-0.289611763288841
5000	6000	-3.18674275985671	-0.449446914668033	-1.07974228173002
6000	7000	-3.16318192043832	0.316956139386653	-0.795130133791365
7000	8000	-2.21527876653963	0.415602813361189	-0.582732291694969
8000	9000	-2.28660138499519	0.813953206803426	-1.47475552682203
9000	10000	-1.36124695628337	1.2093084495279	-0.56046274114403
10000	11000	-1.106089722775	1.79807956422771	-1.11636166213447
11000	12000	-0.693705730982415	2.37140746322249	-0.708572460926085
12000	13000	-1.09662619358892	2.8626545345748	-1.25555750126358
13000	14000	-0.920493088958625	3.21640407238342	-0.7265278398136
14000	15000	-1.53445824275942	3.2734548939189	-0.835139829390734
15000	16000	-1.44607040004062	3.50898363522242	-0.363269684438093
16000	17000	-1.21646474657643	3.09460311187836	-0.120383316677162
17000	18000	-1.67365384416876	3.06548850960706	-0.234553163514623
18000	19000	-1.60848339475615	3.1267282120719	0.299147570711353
19000	20000	-2.13952815809913	3.27320794708931	-0.00728403667835308
20000	21000	-1.60292491321654	2.43323469018814	0.12992174642322
21000	22000	-2.21232954884569	2.50306494521276	0.44202448220977
22000	23000	-2.10762415105108	1.93567149246741	-0.0550259949400631
23000	24000	-2.25578741003567	1.86766971060732	-0.72833888029925
24000	25000	-2.97940823179337	1.93675850113292	-1.11169827491792
25000	26000	-2.87875686742084	1.51685390514713	-0.476001171960651
26000	27000	-3.52887591871061	1.64701465553282	-0.681443505634306
27000	28000	-3.24013363849063	1.67463752184913	0.0916757032951084
28000	29000	-3.36639134047332	2.01077648019439	-0.302381989560541
29000	30000	-3.23769095581497	2.34122924901579	0.0374951955945769
30000	31000	-3.2536772961367	2.47005555918524	-0.479075166817637
31000	32000	-2.81721792069886	2.3371286084702	-0.208159471446009
32000	33000	-2.85495689011528	2.78674686519274	-0.334726560749689
33000	34000	-2.43212687468904	2.65126038131516	-0.353497626185401
34000	35000	-2.58015899160364	2.94331925154006	-0.742171773024771
35000	36000	-2.41870517783628	2.39225947962919	-0.805579664397689
36000	37000	-2.69220937717735	2.56700870421111	-1.16175130011548
37000	38000	-2.19233477200665	2.54903881178443	-1.21636155221803
38000	39000	-2.41040860411458	2.71826003097629	-1.59396611185942
39000	40000	-2.14451839716774	2.25289944696109	-1.63843166552996
40000	41000	-1.84945534199484	2.56932422918503	-1.81735049896191
41000	42000	-1.86102452370821	2.08041242783521	-2.17979943328803
42000	43000	-1.21380280950525	2.08192488268297	-2.25958887803146
43000	44000	-1.32692379482044	1.73744550640741	-2.83598613394904
44000	45000	-1.2713011072821	0.994960279150948	-2.72923237336228
45000	46000	-0.735074745263462	1.31505891918442	-3.1055253218607
46000	47000	-1.12556671667294	0.797158730218649	-3.49855634550553
47000	48000	-0.526373969149076	0.831137499342999	-3.53128955545109
48000	49000	-0.686734653828601	0.309254147502658	-3.56621092747413
49000	50000	-0.34451447334328	0.548969046407943	-4.0147866658766
50000	51000	-0.289863731471222	0.0839495217144932	-4.04506247412602
51000	52000	-0.24976165694584	-0.291648774069133	-3.72813997332394
52000	53000	-0.15498391641396	-0.369288691590178	-4.31592835799187
53000	54000	0.0304443802968825	-0.757189600753355	-3.87092455265658
54000	55000	0.424588563323537	-0.47616830996033	-4.22407742221163
55000	56000	0.469160584342159	-0.429269965310356	-3.69326346720744
56000	57000	0.340191099041694	-0.0142844056087386	-3.9232004039386
57000	58000	0.251130964640223	0.269521179994668	-4.31681805967823
58000	59000	0.194061233619975	0.36544495460024	-3.51489753166972
59000	60000	-0.0554848865655463	0.126360610810016	-3.01287705184163
60000	61000	0.154799203490255	-0.549902665681208	-3.02063550807142
61000	62000	0.622725475101856	0.0718743404421278	-2.95987806639675
62000	63000	0.553931438949731	1.01847890194339	-3.82337859198537
63000	64000	0.914263880934381	0.627411502733395	-3.20112656974567
64000	65000	1.17227336229827	1.1220189017545	-3.46225161700716
65000	66000	1.50846598952273	0.730661561276589	-3.72243926373014
66000	67000	1.18579171601178	0.753375493072164	-4.12884403778893
67000	68000	1.14899577003217	0.233196331034591	-4.28910038652594
68000	69000	1.1092053869014	0.124352911403319	-3.73570739393224
69000	70000	1.62513597563213	-0.00594215778748818	-3.95531134061607
70000	71000	1.33204996378262	-0.551379611517416	-3.94301916277309
71000	72000	1.42561591931323	-0.439118340772956	-3.31164014631323
72000	73000	1.89466612370445	-0.712146431730129	-3.56545710148852
73000	74000	1.41361841820247	-1.12568203029159	-3.19382931194716
74000	75000	2.07308781538602	-0.980579418931661	-2.91207209181861
75000	76000	1.3845022688789	-0.920471116041286	-2.41602794971423
76000	77000	2.17718785798434	-0.556681038191821	-2.30109248632599
77000	78000	1.55607264939718	-0.0610069514272981	-2.27061843426642
78000	79000	1.71708918545291	0.571391577595248	-2.62096328722284
79000	80000	2.24256920428687	0.592179144939407	-3.32402530398336
80000	81000	2.09169090703693	0.00424958993539989	-3.06027035827557
81000	82000	2.65097279430762	0.232037224375499	-2.87130302453055
82000	83000	2.57896770836068	0.730579719137769	-2.46155140124527
83000	84000	3.0639035834451	0.64628897939717	-2.06717557529239
84000	85000	2.96366729672586	1.06168833553286	-1.59693791383525
85000	86000	3.33983488783513	1.36037182978573	-1.1083486752486
86000	87000	3.52804310596536	1.1428050618178	-0.454951999439063
87000	88000	3.51847510899087	1.73885667431335	-0.223477019705679
88000	89000	3.86293988223587	1.75678753332906	0.270559566216698
89000	90000	3.35467669611182	1.81348631641525	0.552083646758067
90000	91000	3.81015507798258	2.04051643901397	0.930075730402944
91000	92000	3.30420042446232	1.70134539725548	1.10668235572618
92000	93000	3.48446282395754	2.10239189660652	1.38123216200809
93000	94000	3.20432675886517	1.7905621834137	1.58001266476297
94000	95000	3.76146269214927	1.77712371190642	1.76412151439458
95000	96000	3.37692902773861	1.3663144997622	1.79853091550381
96000	97000	3.72942988877176	1.32431829013989	1.43230203064395
97000	98000	3.33219476701033	0.967454826838659	1.44490175800098
98000	99000	3.75281976975194	0.800122751281463	1.26259553988029
99000	1e+05	4.16984657374824	1.15483253315366	1.02050508165051
1e+05	101000	3.79413344363824	0.903956564937033	0.583826976046953
101000	102000	3.17583352715332	0.893303223345452	0.54463909569242
102000	103000	2.66182237128679	1.32682452390984	0.772205873745529
103000	104000	2.73067764651413	1.64700948324987	0.0431131886801585
104000	105000	1.99851036659396	1.87316549148993	0.0825217010615645
105000	106000	1.65606527058923	2.68309695518015	0.110319916114343
106000	107000	2.0523463690573	2.49771746720567	-0.54775562609126
107000	108000	2.6240782664464	2.75129521053937	-0.352990017687779
108000	109000	2.43282220450012	2.99310037954382	0.146146813208199
109000	110000	2.74877309381097	2.55458800337886	0.24973789336243
110000	111000	2.55591393373096	2.8347780267072	0.619892554512479
111000	112000	3.0497143359497	2.83765131574043	0.524422661287
112000	113000	2.92070830174848	2.72399831331101	0.972659595671672
113000	114000	2.56786277041485	2.28389712773027	0.845669182023346
114000	115000	2.34554003166596	2.6789145294219	1.359304367482
115000	116000	1.94551666006992	2.01207425518453	1.21203688829107
116000	117000	1.27273714013887	2.48730952562049	1.44964868659785
117000	118000	1.29323722272418	1.49553591902195	1.79702110296479
118000	119000	0.965307593881808	1.02955825216553	0.961386051853631
119000	120000	1.54812026963376	0.248679013760826	0.705947882558319
120000	121000	0.974374455532928	0.0828789260113551	-0.0716850145136014
121000	122000	1.84128283245686	-0.521223115272628	-0.362577178572751
122000	123000	1.1865462432192	-1.2197645257839	-0.836637735038434
123000	124000	2.04470748917387	-1.63162066033605	-0.460096305331971
124000	125000	0.994996200042212	-1.3362141841427	0.146306450862682
125000	126000	1.19939059183009	-2.27143327278767	0.432586329185335
126000	127000	0.628569355833031	-1.90750285046484	1.21693674825356
127000	128000	0.679070105196347	-2.74342593566864	1.70453798003404
128000	129000	0.399120875587724	-2.73147620693467	2.49925043285756
129000	130000	0.328908149564433	-2.37559489035339	3.23993404144154
130000	131000	0.996550453148857	-2.38698360212992	2.9256827362686
131000	132000	0.897016926242354	-2.03681854131656	3.41783337015129
132000	133000	1.23172070205143	-2.4330288772693	3.50436301512672
133000	134000	1.24429313585196	-1.97089392358668	3.82645261326382
134000	135000	1.67439289955847	-2.28453333236057	3.81484596746718
135000	136000	1.81519240427762	-1.90616514274974	3.46687950255732
136000	137000	1.46364304858942	-1.50288884965234	3.31992297524101
137000	138000	1.8743104486836	-1.21290201147564	3.38672744333592
138000	139000	1.59569732432104	-1.22746461012797	3.90617000814847
139000	140000	2.17923134359364	-0.996153388605926	3.88414802468252
140000	141000	2.04940303430314	-1.6480553202722	4.08679546650612
141000	142000	2.58643376345969	-1.48761710570728	3.92758669833522
142000	143000	2.43005543844719	-2.21829237958617	3.7648385735305
143000	144000	1.91118096150672	-1.92230200451452	2.81041732400937
144000	145000	2.03776803194981	-2.66550163918692	3.05194270526753
145000	146000	1.91151452669166	-2.2241837080635	2.22402824950236
146000	147000	2.27625230604314	-2.76193494517627	2.4267750300424
147000	148000	2.71649196335095	-2.31409232217363	2.34106065289517
148000	149000	2.77371428384154	-2.61706863315428	2.94576430905705
149000	150000	3.08958379604848	-2.15525966841038	2.85486845796245
150000	151000	2.73752600844585	-2.15768112195415	3.17434281637042
151000	152000	2.67025604344335	-1.86019887884023	2.83639823449552
152000	153000	2.54729458245359	-1.66270220433903	3.24842816115138
153000	154000	2.98570900661114	-1.65957776418045	3.27342642476128
154000	155000	2.8471568806054	-1.1950761793434	3.29819953190082
155000	156000	3.07185447857396	-1.38112972417551	2.79708435795495
156000	157000	2.42299674089599	-1.20218608286062	2.73694034774732
157000	158000	2.84324731412902	-0.772863249360861	2.67259544113263
158000	159000	2.72565274446707	-1.23860524002311	2.12016948945567
159000	160000	2.16456468141528	-0.739753753210624	2.27631885722925
160000	161000	2.12983374889259	-1.32148512135321	1.76340401603788
161000	162000	1.33841129906263	-1.21662432369683	2.1376211746027
162000	163000	0.732627817887251	-0.750135619871044	2.72735772784903
163000	164000	0.181819251782922	-1.35233395743448	2.28235942880687
164000	165000	-0.639454838981144	-1.41892564505429	2.58275606660797
165000	166000	-1.01828635826587	-2.21043399067482	1.99616489275053
166000	167000	-1.86187970914682	-1.82781716517678	2.21377938833566
167000	168000	-2.00383800535973	-2.30844599179137	1.4127895922704
168000	169000	-2.5396721569089	-1.85907749743333	1.55564214348579
169000	170000	-2.80079756567563	-1.52354264507061	0.883003928692596
170000	171000	-2.81223587359056	-1.88496518105576	0.233677349315719
171000	172000	-2.6491608833964	-2.19027946003239	0.683182374065172
172000	173000	-2.89724115543121	-2.54596142241299	0.0224517913632943
173000	174000	-2.42264109617722	-2.78396531642496	0.458462397615312
174000	175000	-2.91588527127149	-3.18446622250176	0.412532757638232
175000	176000	-2.73519593495825	-2.96849384038741	1.12981801355411
176000	177000	-3.05167124603417	-2.80221639280867	0.8026203939879
177000	178000	-3.33530571671298	-2.99900198395393	1.19684448375021
178000	179000	-3.53454400038334	-2.7760560072779	0.811763854542788
179000	180000	-3.40644604674467	-2.54262905981554	1.08876095630732
180000	181000	-3.86884083164459	-2.66438540376426	1.14120045397186
181000	182000	-3.66653867416348	-2.37902059311968	1.54624153414065
182000	183000	-3.14243363690896	-2.33129738592198	1.62565308648234
183000	184000	-3.35040429506092	-1.95822373962721	1.07985317921554
184000	185000	-3.44104725502546	-2.10564610270926	0.420023090506471
185000	186000	-3.8546649743581	-2.41954407271849	0.0820055086522754
186000	187000	-3.47037527731817	-1.91733666297709	-0.251815456008879
187000	188000	-4.04719331815397	-1.96177711472086	-0.289736144152538
188000	189000	-3.64299043149691	-1.40671770187617	0.0506804232183659
189000	190000	-4.05503075862588	-1.48849224990235	-0.153199558570976
190000	191000	-4.10026202360072	-1.27469513942423	0.193518569882196
191000	192000	-4.31269237661434	-1.60501891116807	0.13078098260174
192000	193000	-3.97698857146163	-1.67117140157055	0.270608677001978
193000	194000	-4.20746587260138	-1.51359240390264	0.60012152148126
194000	195000	-4.06237174238445	-1.96993666439801	0.598934504547169
195000	196000	-3.67284855117211	-1.54817016868151	0.814030648645057
196000	197000	-4.04352608902521	-1.80527943243976	1.18120394383415
197000	198000	-3.75686279494965	-1.33471385545792	1.42630881209316
198000	199000	-3.14594183977004	-1.19392704096631	1.65975447638597
199000	2e+05	-2.49782995382059	-0.893718979903639	1.43872447347887
2e+05	201000	-1.79137776689663	-1.10647277474837	0.998105974708655
201000	202000	-1.49761924792882	-1.54407824215429	0.290111367796586
