0	1000	0.0246346077759506	0.855075258738771	-0.202312046613733
1000	2000	-0.431951201605539	0.278132313421774	-1.04361992982503
2000	3000	-0.790900352473056	-0.413034373871087	-0.15573790192905
3000	4000	-0.650592140024224	-0.035191994250295	0.911595766703494
4000	5000	-0.530168294547825	0.73111998831723	1.74816551913937
5000	6000	-0.910120904868628	-0.0529881433606372	2.29928175616055
6000	7000	-0.954763629953901	-0.972848002009632	2.86606009820667
7000	8000	-0.23997923199925	-1.05644386791678	1.87076394789557
8000	9000	-0.961238235040658	-1.57487362781399	2.02135139401759
9000	10000	-0.486263047345387	-1.83025812650357	1.07368364511911
10000	11000	-1.1605820441168	-2.93778470592436	1.26068219067418
11000	12000	-0.888442141342707	-2.52847646852244	0.451166400171294
12000	13000	-0.41826812020987	-3.22800097586	0.709123017161603
13000	14000	0.233378347894961	-3.55375179477296	0.434250233788995
14000	15000	-0.0303369526766607	-3.06264273015821	-0.10521399672605
15000	16000	0.522451766154194	-3.48285634344247	-0.261535947853344
16000	17000	0.656475329981766	-2.85697046151762	-0.286551295700858
17000	18000	1.22958890579533	-3.17684717003048	-0.205455087684524
18000	19000	1.32343972257473	-2.9965471205066	-0.902534263198046
19000	20000	1.76800199517373	-2.38019027030733	-0.763884863165754
20000	21000	1.94181065664917	-2.36860168638397	-1.47008134988422
21000	22000	2.61033148284645	-2.09219028712363	-1.37801432703144
22000	23000	2.41997858468867	-1.44076449894139	-1.2695855353412
23000	24000	2.62176350165627	-1.51615519303591	-1.9818213012187
24000	25000	1.89076137470675	-1.36436042434063	-1.80469559554549
25000	26000	1.90462182687982	-1.71979579954142	-2.46251064567236
26000	27000	1.17580195307304	-1.24148130024756	-2.31614756688094
27000	28000	0.961480027030771	-2.07277539212178	-2.20510872251984
28000	29000	0.897265191646259	-1.59472342052155	-1.26997055173863
29000	30000	0.528566260357265	-2.44704116004216	-1.302210145709
30000	31000	2.31084438820876	-3.0832076673103	-0.399693103130986
31000	32000	1.30947633490974	-1.79854995975198	-0.00634710906182326
32000	33000	2.16759751361193	-2.42645912013071	0.448763290276421
33000	34000	2.17475490628684	-1.4830772675431	0.846688109903995
34000	35000	3.19339860380075	-1.96076037608559	0.623481861926921
35000	36000	2.78602803944489	-1.30267611883232	0.0386783198189841
36000	37000	3.67781614226732	-1.49698397671543	-0.194378441078002
37000	38000	3.41243748671555	-0.781910576537226	-0.133006577319528
38000	39000	4.23595693958653	-0.805025714848332	-0.257487250938436
39000	40000	3.87193865296038	-0.287039149596023	-0.0380099972791006
40000	41000	4.05861056347214	-0.437004711654276	0.541715400686471
41000	42000	3.31981350867959	-0.0173164869060094	0.398717404837982
42000	43000	3.97809276318451	0.485071941648949	0.570639314239293
43000	44000	3.18975092268612	0.881794280967015	0.508994547972295
44000	45000	3.79568044943583	1.4644229645444	0.28644730570101
45000	46000	2.9929606536204	1.8804855381021	0.61939323409074
46000	47000	2.21271330472511	1.83755743178357	-0.0507792289297033
47000	48000	2.21187546758713	2.31665957937734	-1.23914762487304
48000	49000	1.31887012555298	2.49756076939196	-0.782894967482909
49000	50000	0.603823968056578	2.99720031153943	0.109535978588383
50000	51000	0.0145846081228506	2.37169272568067	-0.482688571453449
51000	52000	-0.769193163232446	3.04579152781112	-0.0291756073810941
52000	53000	-1.26149790597029	2.21733646286276	-0.247000535117294
53000	54000	-2.09332091676612	2.70098778347883	0.0181848244064791
54000	55000	-2.85390964740535	2.19855232671536	-0.302922338699897
55000	56000	-2.32593150051093	2.57588653783099	-0.868706893195413
56000	57000	-3.08580583335725	2.77244751834035	-0.889771909016737
57000	58000	-2.63801674807833	3.08824217701313	-1.32688340842319
58000	59000	-2.84902648424815	2.59777919332266	-1.41036296117612
59000	60000	-2.75847334651809	2.80446059955837	-1.79853472992824
60000	61000	-3.18915616642006	2.93396765435869	-1.60678152208034
61000	62000	-3.19547253072138	2.52881600214708	-1.86490974928065
62000	63000	-2.85228584580603	2.13252759506393	-1.83637894107923
63000	64000	-3.42223331101194	2.05971212753256	-1.41110221365044
64000	65000	-2.75667571427181	1.67102622417578	-1.1764230781054
65000	66000	-3.11174427487321	1.26399087644939	-1.91761675207325
66000	67000	-2.06772833070437	1.173622313907	-1.63880361162028
67000	68000	-1.42661872724419	1.98042813438629	-1.29368248130887
68000	69000	-0.679044933125238	1.44630833364928	-1.38896232635497
69000	70000	0.206710352324107	1.85702871041648	-1.557007508753
70000	71000	1.12073186645967	2.08662829796877	-2.00298057141315
71000	72000	1.05581999170622	1.54175797756527	-0.482917784925994
72000	73000	1.26516235856044	1.98241721098993	0.608116782073161
73000	74000	2.11990896944049	1.81449143515154	1.35201319912347
74000	75000	1.57513424725633	0.939849336150629	1.11121574818985
75000	76000	1.5741167382197	0.728261483068437	2.15965776294751
76000	77000	0.681029901714167	0.394876268468027	2.25253126928713
77000	78000	0.813011940842008	0.028035576270242	3.09064665449304
78000	79000	0.0852629073857393	-0.23332716725958	2.83935846861542
79000	80000	0.168555636019493	-0.636386830608921	3.43074458638743
80000	81000	0.372009268740948	-0.864549199030453	2.89316874415222
81000	82000	0.181247463505695	-1.30519665825893	3.25797911253381
82000	83000	0.849855295981307	-1.23188715139475	3.22809738155696
83000	84000	0.730195165465653	-1.50831224778194	2.61359572400558
84000	85000	0.610594609788774	-2.0009363325807	3.22946043171364
85000	86000	0.936404361122132	-2.2682942077016	2.6311196714962
86000	87000	0.448893585010238	-2.76923042551269	2.82150676649697
87000	88000	0.143942299097146	-2.32894940996807	2.32459576789848
88000	89000	-0.164795086107563	-3.08060312705636	2.33755103201754
89000	90000	-0.462741202566538	-2.50815412754119	1.86145822120126
90000	91000	-0.898830866722119	-2.4406913948173	2.59435857931802
91000	92000	-1.53388543848861	-2.32905586944716	1.93123519090225
92000	93000	-2.2895953375189	-1.97489373614083	1.62858310381618
93000	94000	-1.67716267381223	-1.68826958607033	0.988327345665408
94000	95000	-2.05361641264948	-0.854364175478502	1.99673149580593
95000	96000	-1.79326527063929	-0.516724818168091	0.96421416048054
96000	97000	-1.93731065147353	0.480579475193941	1.38287481898259
97000	98000	-1.92136825299062	1.35188971660515	0.706065434358583
98000	99000	-0.94040531282456	1.41201736637925	0.420340351947978
99000	1e+05	-1.47563747733556	0.785974157111671	-0.473870250006113
1e+05	101000	-2.62351821024866	0.0188066445849194	-2.31127686338775
101000	102000	-1.9853332817703	-0.290654795481922	-0.410911921874578
102000	103000	-2.58412674464146	-1.06088015451032	-0.654432901661342
103000	104000	-2.90871523720123	-0.295638331131525	-0.0568315889070096
104000	105000	-3.49982241677365	-0.769304115579477	-0.4589419137342
105000	106000	-3.10496288462699	-1.20941558929767	0.132052796053623
106000	107000	-3.66318693392696	-0.917775907266792	0.281680851754335
107000	108000	-3.20726970537654	-0.836858487911331	0.758389909561907
108000	109000	-3.72407282996826	-1.09715929416406	1.03333478472609
109000	110000	-3.57454833650048	-0.440348043060304	1.18274102646241
110000	111000	-4.14706695421897	-0.567832012416294	1.07838004267748
111000	112000	-3.98595044023856	-0.378119525534072	1.61138991193715
112000	113000	-4.52772611289839	-0.536610400553058	1.46955323264801
113000	114000	-4.45435700344427	-0.300180354088559	1.87223857683819
114000	115000	-4.28071566821749	0.0801173168734191	1.7568232466281
115000	116000	-4.42323774118545	-0.1351733753198	1.51339941469374
116000	117000	-4.68764343562314	0.0401104815164772	1.73907739038025
117000	118000	-4.77755489877661	-0.0473278739705477	1.42289071555905
118000	119000	-4.60985444273701	0.262078771378968	1.47332145208214
119000	120000	-4.521819912992	0.0492611567429488	1.20669454064928
120000	121000	-4.24348389046219	0.339879673237129	1.31154689294148
121000	122000	-4.5770294429956	0.457411921602927	1.03884533473989
122000	123000	-4.44753124275202	0.0751907471598524	0.696281373750467
123000	124000	-3.92951738110254	0.354358222846684	0.819856855295717
124000	125000	-4.27897578948355	0.715871892772172	0.387822050365491
125000	126000	-3.58010141521192	0.923350547241258	0.40187494593976
126000	127000	-3.80522765263962	0.384955891564309	-0.247095790718588
127000	128000	-3.46733087335851	1.15064244749394	-0.408429305587298
128000	129000	-3.66007610126768	0.706227134713919	-1.1765815370452
129000	130000	-2.75301618360111	0.617833685485528	-0.903971410680217
130000	131000	-3.00414505684526	-0.0789852358604813	-1.38145315711522
131000	132000	-2.11261627515358	-0.0840494207861705	-1.46434951693303
132000	133000	-1.97241321686522	-0.834608848522525	-1.87598031674295
133000	134000	-1.36913429326687	-0.260156075721792	-2.41237622521969
134000	135000	-0.776984507805278	-0.849403220062374	-1.84490374877341
135000	136000	-0.0921123675886112	-1.2810535107283	-2.39652179406516
136000	137000	0.253623716832556	-0.372240274667995	-2.6337698889703
137000	138000	0.616306009866406	-0.189522402847558	-1.57107306346727
138000	139000	1.27795420540941	0.704106430372052	-1.70375776697608
139000	140000	1.69074246224056	0.314715728105355	-0.68449893668876
140000	141000	2.61642237140967	0.860469546882634	-1.56041115159348
141000	142000	2.56820327781509	0.87078170999975	-0.418072515002569
142000	143000	3.33920178291337	1.30152627243695	-0.998724201932799
143000	144000	3.81057524000909	1.8910349335254	-0.582377780573257
144000	145000	3.091470130138	1.83202873384837	-0.333219274444082
145000	146000	3.33218062478094	2.41907839191135	-0.0329570812799432
146000	147000	3.16030755367908	2.56816675477426	-0.653123335292941
147000	148000	2.60997920932284	2.6162479455103	-0.400751079209069
148000	149000	2.9845644822922	3.14349533218442	-0.290238038493748
149000	150000	2.63527332699928	2.8045110091008	0.255417545473751
150000	151000	2.41556982216349	3.35932109675483	0.0286241318042607
151000	152000	1.96048274219348	2.91668413069949	-0.105541495366977
152000	153000	2.20700092618903	3.31934535377114	-0.678604249484861
153000	154000	1.65449559060414	3.48409947328716	-0.315429685472741
154000	155000	1.5245967873264	3.47909720099672	-0.977868287242484
155000	156000	0.831879220490458	3.55435623483791	-0.720200999346972
156000	157000	0.483499514780229	3.23992961438242	-1.39365301469999
157000	158000	-0.330261498408366	3.47981415245227	-1.24397441982356
158000	159000	-0.606975273052013	2.80424432798063	-1.63687648790485
159000	160000	-0.978272794848598	3.21408739834214	-2.28198315894784
160000	161000	-0.902923983979872	2.34965710819898	-2.36798368067398
161000	162000	-1.491342168162	2.16953589100516	-2.92803681151668
162000	163000	-1.77641469207207	2.67549799056185	-2.44091307726605
163000	164000	-2.34600099396769	2.31410564220751	-2.78710612479425
164000	165000	-2.03964480932786	1.98492619431988	-2.12891426360812
165000	166000	-2.50645023600541	1.56515095307571	-2.65703739165907
166000	167000	-1.66041156892659	1.32003601663702	-2.78214640316226
167000	168000	-0.920064266437249	1.42763603074433	-2.36161611767106
168000	169000	-0.147610562864518	1.93942889317712	-2.89077049678356
169000	170000	-0.00790969475609591	0.863713620174833	-2.66456949572164
170000	171000	0.962448030130237	0.536329091549122	-2.89857898175176
171000	172000	1.54520508169841	-0.318396385707014	-2.81102713860226
172000	173000	1.988517144458	-0.360129610782348	-2.00133515935921
173000	174000	2.82308271740739	-0.558711925714049	-2.28450768776675
174000	175000	2.73639322591549	-0.585812999498747	-1.46550837302881
175000	176000	3.45681889853442	-0.496593566284138	-1.65354843100189
176000	177000	3.52877531322539	-0.921218874644477	-1.08794224625951
177000	178000	3.27245291755125	-0.257123595164427	-0.806633155690948
178000	179000	3.99790569688229	-0.129657410860089	-0.833416406630711
179000	180000	3.48840847640879	0.354455343158758	-0.367987888491223
180000	181000	4.33885193210515	0.457215278455623	-0.321577813557819
181000	182000	3.44862747902497	1.00133262102568e-05	1.22949267901984
182000	183000	3.70791985350374	-1.12021978021886	0.934083483460677
183000	184000	2.78414732791848	-0.663056486308358	0.970109926599698
184000	185000	3.14480322487823	-1.14743620509288	1.70473654512134
185000	186000	2.35508689350189	-0.961786644048763	1.91936690121242
186000	187000	2.23109855343619	-1.48493057652389	2.49513871258621
187000	188000	1.76607839206943	-1.9000074471236	2.90145695626429
188000	189000	1.62436041821382	-1.79830814852672	2.09363555544418
189000	190000	1.99004507732992	-2.56809195183929	2.37807556898761
190000	191000	1.40745635087977	-2.55781401533947	1.8623280527985
191000	192000	1.05151464454611	-3.23467966075734	2.22554524217934
192000	193000	0.518079281859154	-2.70890030159434	1.76042573379845
193000	194000	0.17835197475601	-3.46731114773639	1.57160223478497
194000	195000	0.402634353853586	-2.67562546290393	0.978139460399938
195000	196000	1.14899789401981	-3.30294699036459	1.1112482662773
196000	197000	1.27246748782171	-2.20195886306809	1.10574684145872
197000	198000	2.17864603453122	-3.05642708837625	1.35947693447301
198000	199000	2.68448853173671	-2.21822962651956	1.61554426932424
199000	2e+05	1.17672978187803	-0.791844961427672	1.07661546317599
2e+05	201000	0.513413874515591	-0.893211677411689	0.0300904316634669
201000	202000	0.739717385684785	0.127761705698046	0.150532520085337
