0	1000	3.5255619443066	-0.25658475057605	3.26073352065551
1000	2000	3.26139157498973	-0.161146582771905	3.53120307359777
2000	3000	3.23384581586743	-0.529323429663861	3.48325777599733
3000	4000	3.11764302521928	-0.536470180398769	3.84411882080467
4000	5000	3.10949706642178	-0.913497144788121	3.73107454185757
5000	6000	2.75922204829346	-0.900937924312535	3.89779445173348
6000	7000	2.85113435590391	-1.25765953901007	3.91015669360211
7000	8000	2.66256809006617	-1.26362919872007	3.61168443796441
8000	9000	2.4385593854254	-1.47989515139083	3.80952081258732
9000	10000	2.55292220414126	-1.75134468127206	3.53245280704133
10000	11000	2.24140857960494	-1.57050480895736	3.37360453367037
11000	12000	2.25562118946459	-1.85753126681622	3.1022272303046
12000	13000	1.85503295642341	-1.80635903413992	3.18974945440163
13000	14000	1.81506751120804	-1.61052698696274	2.78616795416772
14000	15000	1.36996239293496	-1.64136780427992	2.96169280495322
15000	16000	1.37485630237352	-1.12527890893269	2.90031523522601
16000	17000	0.91517741146437	-1.21168702389518	2.91665050751807
17000	18000	0.936974549726308	-0.818743258037935	3.21175353494307
18000	19000	0.470851238690873	-0.879214867429254	3.1439124242619
19000	20000	0.496214677314733	-0.686304819676573	3.58961978658753
20000	21000	0.337969975589073	-1.10879062731791	3.6714025091858
21000	22000	0.0421056318110561	-0.840045357314943	3.81425668088722
22000	23000	0.146010014077071	-1.06362881396507	4.16084542697813
23000	24000	-0.219811232700877	-0.956441988300144	4.16808090480975
24000	25000	-0.208319110131001	-1.29844643878098	4.19299257863052
25000	26000	-0.5138669019253	-1.22238545097547	4.31216108493927
26000	27000	-0.515862708666926	-1.52620293938079	4.14003178579176
27000	28000	-0.732546163211014	-1.32474710239442	3.9581690761505
28000	29000	-0.626470320172883	-1.54503565307483	3.72657943744723
29000	30000	-0.881474837683404	-1.44063665952947	3.51119826436629
30000	31000	-0.807906086343672	-1.73679669950243	3.2447856755584
31000	32000	-1.02218387350973	-1.55984941630459	2.92761139958844
32000	33000	-1.03349026190491	-1.84216839395728	2.63309024628688
33000	34000	-1.26575412166323	-1.65960130045178	2.35017575522945
34000	35000	-1.34740894623681	-2.01586140330394	2.17719124102412
35000	36000	-1.37517850345603	-1.85970156643905	1.83186367830145
36000	37000	-1.70754031250559	-2.01571123641464	1.77987928682946
37000	38000	-1.56373485666985	-2.0756443130009	1.4450887611505
38000	39000	-1.89517517766616	-2.33362645655749	1.43468166308482
39000	40000	-1.89565609151286	-2.00533874063367	1.21899230955591
40000	41000	-1.82360930488041	-2.22271678386383	0.989903477535007
41000	42000	-2.14318112938279	-2.076191178781	0.902865328125045
42000	43000	-2.03530191666113	-2.19523094658061	0.600965465525139
43000	44000	-2.24891824562657	-1.96160810194771	0.495821898948801
44000	45000	-2.32315915635575	-2.18189934381393	0.252014311799417
45000	46000	-2.3642542318615	-1.89069350036678	0.089029683030724
46000	47000	-2.46434594137584	-2.03200540336152	-0.200340512709021
47000	48000	-2.56068800629693	-1.7337842009317	-0.286608762375678
48000	49000	-2.50743365693675	-1.69416822226705	-0.579515535338555
49000	50000	-2.76598884379408	-1.53548015793226	-0.722912772029109
50000	51000	-2.56915318149438	-1.38732135164886	-0.981962177809384
51000	52000	-2.68291284587321	-1.13265537905842	-1.22839550962651
52000	53000	-2.53258359600953	-1.0026754560657	-1.58775328349506
53000	54000	-2.58767280168289	-0.644112165869217	-1.81548408599924
54000	55000	-2.28052723425715	-0.481345562726763	-2.03791979373957
55000	56000	-2.43945551193843	-0.268164712574943	-2.33687538902559
56000	57000	-2.11518230538175	-0.0227760337266218	-2.35172947719848
57000	58000	-2.20387429407458	0.149264478609105	-2.72888966069255
58000	59000	-1.94843796136883	0.460452287816605	-2.58847886052823
59000	60000	-1.76486906252859	0.617281565647775	-2.91297469289054
60000	61000	-1.95808654228351	1.02834456447594	-2.85638574886048
61000	62000	-1.51421113862627	1.15625372720631	-2.896788198159
62000	63000	-1.73086280052117	1.4771199005038	-3.17900567182523
63000	64000	-1.34261346005341	1.67012512285164	-2.96495754816734
64000	65000	-1.39840203906018	1.91012308185833	-3.31415082746847
65000	66000	-1.11506896228577	2.20124783580424	-3.18869402239903
66000	67000	-1.10928913475051	2.27643421443786	-3.61118812381682
67000	68000	-0.925856377317797	2.62336285775324	-3.49965835045698
68000	69000	-0.672826529122455	2.43595513291096	-3.69556120971812
69000	70000	-0.640293373293789	2.70102686648613	-3.91591823516317
70000	71000	-0.340576849327865	2.7056190442701	-3.75023712644858
71000	72000	-0.233441994569889	2.57172190627763	-4.06080562526233
72000	73000	0.0761937213149814	2.63397387222308	-3.85857370655431
73000	74000	0.210365172095505	2.34994375006046	-4.12183890554882
74000	75000	0.534933679165916	2.40688753170121	-3.8442990398488
75000	76000	0.586631884012481	1.99914393705021	-3.97256528753227
76000	77000	0.907274920142295	2.01434579559293	-3.67160123827207
77000	78000	1.13587310630458	1.67724852098734	-3.96331515846094
78000	79000	1.01003494656654	1.43981108841582	-3.54267426084952
79000	80000	1.45260528488067	1.27845360923049	-3.5787784492203
80000	81000	1.18686689124044	1.03720284776392	-3.26256403442714
81000	82000	1.60676960127551	1.11868643021576	-3.03518473749085
82000	83000	1.22775703297761	1.08683857169552	-2.72889090570984
83000	84000	1.51560875616129	1.45019649647728	-2.52693927050389
84000	85000	1.08703504407196	1.36079787377728	-2.26089731946796
85000	86000	1.01911472680563	1.88938295309098	-2.20709112487739
86000	87000	1.2797993293412	1.79148598756901	-1.78065265359183
87000	88000	0.779193083593811	1.77036867681818	-1.5692584160824
88000	89000	1.12014027577487	1.87583256576646	-1.143410752466
89000	90000	0.958833045343694	1.36586144289229	-0.912794555613446
90000	91000	1.4919517780071	1.33532200587857	-0.626955212633807
91000	92000	1.32486473079039	0.800197402753066	-0.418370090121526
92000	93000	1.84139465985827	0.732922181734097	-0.224872644131778
93000	94000	1.60265542697693	0.31463697770289	-0.0259222734597633
94000	95000	2.0304849903613	0.374996301203234	0.301420661358997
95000	96000	1.52383990006568	0.251771100842511	0.48326642651613
96000	97000	1.6642256381045	0.515802376677653	0.775272909736232
97000	98000	1.54347457159713	0.918135771698455	0.700044493368283
98000	99000	1.20764573344314	0.883656159497107	1.000916960332
99000	1e+05	1.35880473599732	1.35788813776692	1.16054781836167
1e+05	101000	0.878112614427478	1.33779682713327	1.18790781555071
101000	102000	0.938424285207967	1.733377987495	1.40635373820695
102000	103000	0.600779640101318	1.51490133051313	1.59355422360314
103000	104000	0.471078305173115	1.92206901127567	1.65138856528305
104000	105000	0.434492617351956	1.75397214922156	2.10055373521672
105000	106000	-0.0225253955496413	1.78719238094412	1.87838531428996
106000	107000	-0.0700858058686865	1.51740325519571	2.28502834601811
107000	108000	-0.37160969637588	1.26645417304467	1.95536557230245
108000	109000	-0.690971581281805	1.43169993623218	2.36792473038727
109000	110000	-0.993600379774199	1.37473367616973	1.90725681351013
110000	111000	-1.39822604500987	1.54659836226469	2.19879260969894
111000	112000	-1.40302397215784	1.9681499496202	1.8933275415946
112000	113000	-1.89647421036806	1.99446130069661	1.96144779747352
113000	114000	-1.82789111142746	2.44967101150875	1.94778270409432
114000	115000	-2.2225922631565	2.47740728205705	1.79355250705263
115000	116000	-2.12485356069813	2.83308991001853	1.77500463006003
116000	117000	-2.49668010039049	2.9129448510532	1.74764541153049
117000	118000	-2.30126958867107	3.21953129151911	1.69886486790567
118000	119000	-2.41132789420797	3.10631236600957	1.40317747687063
119000	120000	-2.12252004081291	3.22674697242296	1.36554816716119
120000	121000	-2.28122311543315	3.32998314062379	1.10125683672512
121000	122000	-2.03584240755795	3.09960369701129	0.981458224878696
122000	123000	-1.95983195662603	3.37052250705003	0.70423794386831
123000	124000	-1.67674249820202	3.02961378848503	0.622801033028796
124000	125000	-1.74808696117928	3.1166972882187	0.212867042218766
125000	126000	-1.64830194066957	2.7104941161057	0.150630149208179
126000	127000	-1.88582570662506	2.79595018282648	-0.218409921280266
127000	128000	-1.95833168446538	2.33227783509454	-0.171574391709864
128000	129000	-2.44137935583524	2.51843466035226	-0.187571159030916
129000	130000	-2.5360612542788	2.06654911617595	-0.189428296875673
130000	131000	-2.68259930750001	1.98355713741968	0.202087149049511
131000	132000	-3.07825116163483	1.92285124180978	0.0812706688067203
132000	133000	-3.03536787855137	1.63036905233934	0.401824219982883
133000	134000	-3.41985908904657	1.49647412170318	0.251230647417248
134000	135000	-3.17042532178503	1.20440250957535	0.174813256244134
135000	136000	-3.38613006722961	1.00856353765016	0.380273941835976
136000	137000	-3.40336668458079	0.835091988955585	0.076414238713428
137000	138000	-3.18452365136462	0.645778450229737	0.288719558511807
138000	139000	-3.19250352032045	0.46640465581027	-0.0295210738021878
139000	140000	-2.94504000947624	0.240900886196141	0.218732622036895
140000	141000	-2.72869255378782	0.278209984581449	-0.18656690590651
141000	142000	-2.43204198432114	-0.0271445222618276	-0.000305824404084669
142000	143000	-2.10644527115176	-0.0768874776666378	-0.362507838452456
143000	144000	-1.69394728084599	-0.401027210070304	-0.492440486662747
144000	145000	-1.35230144541727	-0.81325934153021	-0.822213122688167
145000	146000	-1.06872092315233	-1.37996760013612	-1.21813742409506
146000	147000	-0.804295177591265	-1.8110227060123	-1.57618553773863
147000	148000	-0.332034773517264	-2.03045945720983	-1.77079404584619
148000	149000	-0.294765471192057	-2.16302122153987	-2.30042134892682
149000	150000	0.232170049876384	-2.31866407425074	-2.29268403633015
150000	151000	0.475793926103618	-1.88385270305959	-2.40822100621805
151000	152000	0.550202976863115	-2.01615536768713	-2.88123768644115
152000	153000	1.08126094820176	-2.03098634165482	-2.81127295639096
153000	154000	1.08820419781168	-1.58696449367345	-3.03814132020113
154000	155000	1.59623367336008	-1.61662151291492	-3.06403954016494
155000	156000	1.44589659693561	-1.65136306500654	-3.51374215363305
156000	157000	1.62282493514469	-1.21771691089957	-3.52828642086818
157000	158000	1.5664030914096	-1.33784556476561	-3.9709846695485
158000	159000	1.32881300737038	-0.98879258496102	-3.90513954301903
159000	160000	1.37796687044206	-0.913666274096934	-4.33871695901507
160000	161000	0.96110647360625	-1.05340298409637	-4.28120755916626
161000	162000	0.843094589784759	-0.693423996233443	-4.14754567901021
162000	163000	0.559942911002575	-0.69879347624963	-4.47497729999526
163000	164000	0.299226095343857	-0.92785701584313	-4.16976781965111
164000	165000	0.222317611981061	-0.498530617604826	-4.02586267698668
165000	166000	-0.16464928464356	-0.757687685048073	-3.90239381090325
166000	167000	0.025667454439358	-0.506647058024338	-3.51628992091961
167000	168000	-0.294209602944063	-0.762145600432568	-3.24294317242107
168000	169000	-0.0578907942852679	-0.425553783890527	-2.90028408811441
169000	170000	-0.297203275628853	-0.636965840098207	-2.49392766538751
170000	171000	0.0934867819400462	-0.419611309612903	-2.16371364525292
171000	172000	-0.173640146182529	-0.522006527217532	-1.70645767983658
172000	173000	0.23310730484981	-0.691747946100181	-1.46862445329679
173000	174000	0.0747361154768704	-0.803278347924627	-1.00241741314184
174000	175000	0.487874218571152	-1.12641247751775	-1.01879472497627
175000	176000	0.329072774717943	-1.33639947048825	-0.577749894507283
176000	177000	0.702400969434108	-1.59276808030024	-0.589801650988079
177000	178000	0.690737941434279	-1.8672385492916	-0.21693682703816
178000	179000	1.10630533682113	-1.94018871627752	-0.364130793880792
179000	180000	1.23716757310285	-1.94837141197444	0.00749721070633709
180000	181000	1.5683215491793	-2.13417014117434	-0.144030710583316
181000	182000	1.68291567823335	-1.89928252514205	0.163240061259179
182000	183000	1.99968275911671	-2.09433475570157	0.13821928431898
183000	184000	2.11215657770399	-1.74340979394402	0.180267283479016
184000	185000	2.26030383833693	-1.90248937686025	0.449900266268833
185000	186000	2.53534725234728	-1.73296827305006	0.301116162459392
186000	187000	2.50932835973743	-1.61636963590351	0.636213760533727
187000	188000	2.87851489496022	-1.70664093364255	0.646465614550502
188000	189000	2.79706837606897	-1.35861381997063	0.776831201316744
189000	190000	2.92838082384145	-1.48072496918843	1.08852719707991
190000	191000	2.91636645862278	-1.09842770881347	1.1486380991585
191000	192000	3.24119719669188	-1.16582383317885	1.36178757336348
192000	193000	3.06723480773286	-0.83554733688749	1.54937940500129
193000	194000	3.47701862631543	-0.745256657660663	1.65254512098206
194000	195000	3.25167907776267	-0.448085364336812	1.89480774120163
195000	196000	3.6355629719431	-0.370132422057938	2.05260414720871
196000	197000	3.42065865776562	-0.0875190929896855	2.22761625243329
197000	198000	3.79530436441626	0.0587185350894455	2.32414612600566
198000	199000	3.49210278980781	0.241268545392792	2.51975326888681
199000	2e+05	3.70040951739472	0.0633114865487742	2.77135759702887
2e+05	201000	3.35122997110671	0.0720862935326471	2.92065414048482
201000	202000	3.54998409276663	0.13699064810846	3.23915717700118
