0	1000	0.321905555939722	-0.911638078115142	-0.753093580147022
1000	2000	0.575132234967809	-0.574226499198558	0.0917995839857154
2000	3000	-0.298105391099675	-0.706411101986131	0.368012891082243
3000	4000	-0.299974206878294	-0.95193454168117	1.2665105601176
4000	5000	-1.07834604011544	-0.463697383586807	1.32284377467894
5000	6000	-0.670055355786223	-0.0665427197802083	1.99104157433027
6000	7000	-0.760268363005165	0.768888131884335	1.96432386679351
7000	8000	-0.599054734679418	1.18437592679323	2.60572404827915
8000	9000	-0.450907199779453	1.6602936917193	2.04852668454499
9000	10000	0.0902273986442391	1.73392172216714	2.74732117708501
10000	11000	0.424504242085802	1.87260520569779	1.97692699572105
11000	12000	0.638602984968127	2.45665902902655	1.25206922405389
12000	13000	0.472268660012399	1.62822785033025	1.09137284626275
13000	14000	0.775537632605763	2.05237390676993	0.41894031277982
14000	15000	0.727220694922721	2.07063607135253	-0.435499288465562
15000	16000	0.294242852548144	1.26276539456533	-0.388953422804855
16000	17000	0.141350696716054	1.78240426018916	-1.15783915986056
17000	18000	-0.601341580907373	1.81259626177671	-0.733565850224815
18000	19000	-0.225015396651847	2.43379410644938	-0.276653598849468
19000	20000	-0.31097420551847	1.76301831149754	0.353399244599359
20000	21000	-0.371897070410764	2.45776319290015	0.76316260351142
21000	22000	-0.130313374032066	3.10160729812952	1.25707206298507
22000	23000	-0.737751504568843	2.60120679904448	1.59422211204955
23000	24000	0.00226512062318875	2.51046241914	1.85394872685122
24000	25000	-0.350136904892327	2.34645822939699	2.471353429564
25000	26000	-1.06695265371101	2.08324758441746	2.35526846564768
26000	27000	-0.803807736103426	1.89801245963758	3.02314915515121
27000	28000	-0.682357428028692	2.49135442939746	3.29461097114268
28000	29000	-1.24170074131514	2.54956733893019	3.02391631009215
29000	30000	-1.13594652298892	2.87642198978319	2.53777254932065
30000	31000	-1.41912868003649	3.22074435352845	2.94241470757415
31000	32000	-0.872668691530428	3.26572894789755	3.13138866098262
32000	33000	-0.88893946636593	3.48627535680256	2.55902360767655
33000	34000	-0.265275757552632	3.44339967174599	2.86378716875047
34000	35000	-0.351245891719264	3.14793267742484	2.18538773626313
35000	36000	0.0222550996192304	2.74051749642729	2.97439279805
36000	37000	0.379149874969188	3.04475557876304	2.37587363101218
37000	38000	0.635477614265432	2.50407956671772	2.7439212288643
38000	39000	1.06327098502362	3.0450742168332	2.71231909772184
39000	40000	1.13996005433306	2.49337614349913	2.32864352101974
40000	41000	1.39753734194684	2.8830153231586	2.12342018045596
41000	42000	1.73544071044439	2.48002196936166	2.2132823287171
42000	43000	1.69101848437087	2.55990109154036	1.72956770023743
43000	44000	1.79520758045599	2.05901663936224	1.83312450225275
44000	45000	2.29798881200009	2.30006938167944	1.60052382523798
45000	46000	1.94947963767373	1.93671078108658	1.14858322594658
46000	47000	2.34111925478763	1.49714642653241	1.55555835308412
47000	48000	2.65656611207393	1.68701209916868	0.96987243209433
48000	49000	3.08920577089708	1.35827431456515	1.29019432903638
49000	50000	2.80798439945297	0.910655821029752	0.920654062868842
50000	51000	3.50728452791439	0.883526626338397	0.969574785404224
51000	52000	3.2134662745046	0.67899191922724	0.35166383601347
52000	53000	3.10934233337657	0.141645907181012	0.852944777771503
53000	54000	3.87290372563558	0.247169192170939	0.692263210952876
54000	55000	3.91033756027521	0.892184720492184	0.190985837016131
55000	56000	3.57241477389174	1.48181280894663	0.541639527196037
56000	57000	3.00813593154076	1.3632511258933	0.10687713979798
57000	58000	3.6404530982147	1.7489466525909	-0.160613232127164
58000	59000	3.27866159416885	1.37614336321245	-0.508790187688511
59000	60000	3.76934896301203	1.43478636422752	-0.794380182369255
60000	61000	3.28749527431441	1.80870345266765	-0.987404175958258
61000	62000	3.2894242864448	1.13129479965423	-1.16381084835316
62000	63000	2.8945526488347	0.696583368782271	-0.683330016009328
63000	64000	3.61285320287241	0.501862715502642	-0.67925348386888
64000	65000	3.7764361766029	0.0827348710566999	-0.107613711309239
65000	66000	3.02247178609594	-0.00983770189875393	-0.0354898266969337
66000	67000	3.43099303124886	-0.533152477479993	0.300845878361836
67000	68000	3.32241814328501	-0.895350618208546	-0.337356467202958
68000	69000	2.58216709018035	-0.863560348077897	-0.164138966013183
69000	70000	2.63449669389114	-1.29601181636497	-0.821715105168696
70000	71000	2.32413731777481	-0.646031395292114	-1.16002410102242
71000	72000	1.83494215084553	-1.25013028939182	-1.48334657543069
72000	73000	1.43696581496515	-0.640783558591164	-0.89700129733975
73000	74000	0.918357038648582	-0.591768859172963	-1.68325815713134
74000	75000	0.638596440329161	0.285000868205398	-1.22266500443619
75000	76000	1.05234284565374	0.600910115609238	-0.447050732489949
76000	77000	1.26608182774656	1.34020114247494	-1.00382045516519
77000	78000	1.82539626844252	1.84510733786695	-0.433260382755814
78000	79000	2.14245604673901	1.06963196608391	-0.523299460724065
79000	80000	2.42251260732763	1.51476192476682	-1.1659683984327
80000	81000	2.52571129906738	0.794471829874088	-1.52965942933002
81000	82000	1.8422889570375	0.440171868443774	-1.35056278559537
82000	83000	1.46590913935198	0.271976813128726	-2.06334227037698
83000	84000	0.617663830070666	0.294038206617015	-2.39244646993343
84000	85000	-0.026708219230149	0.0130248741583784	-3.01283921573834
85000	86000	-0.587926638044981	0.50358373733682	-2.94871612641226
86000	87000	-0.740181099936302	0.0687895034335866	-3.58997077159353
87000	88000	-1.00781182749038	-0.218183679467967	-3.02480533174173
88000	89000	-1.4377815054175	-0.319822044132436	-3.55753958275142
89000	90000	-1.75747176390313	-0.201321110997801	-2.8792986322451
90000	91000	-2.35515943647798	-0.119656102695438	-3.47618889924159
91000	92000	-2.51267706622171	0.292406605652323	-2.76329116014361
92000	93000	-3.24785423245676	0.3908899969776	-3.19900966662549
93000	94000	-3.16439955707364	0.850312806458485	-2.56297434144145
94000	95000	-3.78923909131906	1.22099618370765	-3.0250347813192
95000	96000	-3.35989603351967	1.65385265203757	-2.58012199114873
96000	97000	-3.82540922081626	1.86947492717511	-2.07673973477441
97000	98000	-3.29118399016498	1.50062173862519	-1.79647929232288
98000	99000	-3.90872474157343	1.30601818859989	-1.45762833118185
99000	1e+05	-3.05757525689934	0.955529086172389	-1.21962741620843
1e+05	101000	-3.58074735237407	0.455311950950227	-0.89998400095453
101000	102000	-3.7324411856764	0.466715726996552	-1.79450703273834
102000	103000	-2.43206390417691	0.731352128074562	-1.81764491901636
103000	104000	-2.96425733734999	2.38319525505767	-2.86414291221119
104000	105000	-1.79773857688453	1.44045826391541	-1.85840711234195
105000	106000	-2.03862404355096	2.46437447472851	-1.93649391363029
106000	107000	-1.51039958560428	2.09215538637093	-2.38521154861995
107000	108000	-1.98253571868192	2.40042107668169	-2.83872008558671
108000	109000	-2.07605049259127	2.03703879621647	-3.43963223795269
109000	110000	-1.53680233043505	1.68579367211973	-3.13862241298705
110000	111000	-1.60607944260192	1.51607858732392	-3.800336947894
111000	112000	-1.00010958558064	1.27098472313305	-3.48355059112761
112000	113000	-1.39499043004626	0.726553828836959	-3.84131359414189
113000	114000	-1.52785770073712	0.711143386089243	-3.0813486965824
114000	115000	-2.24290502694158	0.861588781243275	-3.6291054685311
115000	116000	-2.2978812814594	1.21748901280324	-2.82204023791789
116000	117000	-2.92234012682644	1.55893588951358	-3.37505107779513
117000	118000	-2.57888965780853	1.75312877414308	-2.21390269832446
118000	119000	-3.00056910357947	2.47096058171924	-1.89794597879422
119000	120000	-2.68408006227903	1.92819931064896	-1.21367312357031
120000	121000	-3.47116380227661	2.31388113378828	-1.17075477468304
121000	122000	-2.90897167070444	2.46013946473269	-0.780864630920876
122000	123000	-3.4672081570174	2.31413080366905	-0.415094004343264
123000	124000	-3.34190514440371	1.64132085804006	-0.628810876313623
124000	125000	-2.61591632108605	1.84466534266741	-0.303799481836155
125000	126000	-2.88636538216947	1.08594762068889	-0.0843833740876896
126000	127000	-2.11165691867727	1.25504901914666	0.309008904712009
127000	128000	-2.24807767120106	0.300188704803382	0.436761232720462
128000	129000	-1.4939405096906	0.471640520115699	-0.206086494797004
129000	130000	-1.63297027242904	-0.366930005011303	-0.544234781489845
130000	131000	-0.974042823928091	-0.370763457155963	-1.23491424392199
131000	132000	-0.877938048635301	-1.24800746197911	-0.798584794350509
132000	133000	-0.961748430282829	-1.57092426552054	-1.66551443201288
133000	134000	-1.83671599692791	-1.70235351793804	-1.42699307307607
134000	135000	-2.65777020854841	-1.36779875351766	-1.50065887015767
135000	136000	-2.14983424467055	-0.705877025143053	-1.86028342829385
136000	137000	-2.76872887548556	-0.731146044887031	-2.49604308534849
137000	138000	-3.43949480042187	-0.266187736775641	-2.37797738390744
138000	139000	-2.9081929339254	-0.131839389929685	-1.80065008207576
139000	140000	-3.40961888719479	-0.632206315611411	-1.32455274174959
140000	141000	-2.59599127294788	-0.204809813220435	-0.918342405727651
141000	142000	-2.87080724501892	-0.669503490787009	-0.193488054463271
142000	143000	-2.20277658666634	-1.30586076383901	-0.418175935996028
143000	144000	-1.53673519187732	-1.19830147950829	0.232364103518499
144000	145000	-2.39704889930203	-1.48697924390012	0.752550456172772
145000	146000	-1.57155391057588	-1.57856755807787	1.18530114169928
146000	147000	-1.47226815238651	-2.32317214841433	1.25095172641323
147000	148000	-1.49677255874591	-3.09312418235648	1.27754648799115
148000	149000	-0.814856372769886	-2.63012897718885	0.878289336477825
149000	150000	-0.821207597379617	-3.4583900514526	0.759118198781911
150000	151000	-0.642933802825627	-3.02808042474076	0.105708973779248
151000	152000	-1.44167173634874	-3.16335004161419	0.109294658617272
152000	153000	-1.21113337581595	-2.37320749506818	-0.139890044384281
153000	154000	-1.97771794034956	-2.46431123230608	-0.305400729315047
154000	155000	-2.46368012244259	-2.72331182291691	0.299027159314035
155000	156000	-1.93950369128766	-2.22184867255261	0.572591437980926
156000	157000	-2.3821118775366	-2.49181911976589	1.17882097468234
157000	158000	-2.26340156898389	-1.84713695867129	1.62995160347921
158000	159000	-2.0214904552057	-2.42356553631349	1.89029367567042
159000	160000	-1.58979123378661	-1.86782065014654	2.11171562284461
160000	161000	-1.34311045859479	-2.60528066317138	2.06987576211005
161000	162000	-0.81083809733041	-2.18338910004602	1.83087580418677
162000	163000	-0.545476834757812	-2.85548654499826	2.04029763860024
163000	164000	-0.00500224193589669	-2.48402962814224	2.1343164868837
164000	165000	0.321387910943467	-2.98777412756783	1.9356576966954
165000	166000	0.86445012349341	-2.74674370727652	2.17791147004606
166000	167000	1.12646456159663	-3.20007009703636	1.79751116339391
167000	168000	1.65484811122444	-3.02932908767957	2.08474099799176
168000	169000	2.18644637266518	-3.39832989203477	2.0979991058165
169000	170000	1.94791604480783	-3.29983646677619	1.59132359366383
170000	171000	1.89551245694181	-3.87355752439011	1.70292537467197
171000	172000	2.24738507567321	-3.73296473974354	1.24149963889061
172000	173000	1.72493613460363	-3.63097223270338	1.09623078437164
173000	174000	1.89362049198729	-4.10227607503151	0.879666484631876
174000	175000	1.30700474226656	-3.99544744184166	0.8369828719882
175000	176000	1.58586785363493	-3.78186339486005	0.298523980109294
176000	177000	1.04626070439513	-3.38079346164243	0.261285662579621
177000	178000	0.492544676951411	-3.56395407410962	-0.223309769828982
178000	179000	0.278240265282718	-2.71579643659918	-0.136870123592665
179000	180000	0.255546281780479	-3.12794539320461	0.690259682376768
180000	181000	0.349468715770939	-2.24620019320735	0.686805584915011
181000	182000	0.854539794072842	-2.1334249720154	1.35729939845839
182000	183000	1.29846222509036	-2.66271178912109	0.920588151781496
183000	184000	1.78695536933984	-2.30834266905358	1.41567692162892
184000	185000	2.22109947575666	-2.86035979949878	1.05875945297915
185000	186000	2.28628543269705	-2.71359860871675	1.80841519548925
186000	187000	2.72748627173917	-3.12827099073557	1.52870673797785
187000	188000	3.00135615213134	-2.62516366315642	1.88320301326066
188000	189000	3.00735232546935	-2.52867123455686	1.22222206243904
189000	190000	2.88860079959693	-2.04805601134554	1.50907751383552
190000	191000	3.44793662758953	-2.1843872940135	1.44264395024565
191000	192000	3.32126434213364	-1.63783909042663	1.59754143380322
192000	193000	3.39808693634147	-1.75804780473933	0.980936311761856
193000	194000	2.79137261450472	-1.37576670458463	1.08145679419839
194000	195000	2.86288344106012	-1.95501263209585	0.472071067040925
195000	196000	2.08543820196149	-1.7300965141551	0.649799640974435
196000	197000	2.11037876698495	-2.48161182592262	0.18946212806643
197000	198000	1.30068786192683	-2.17877039180712	0.0719837337727009
198000	199000	1.54804573775105	-2.85763500292272	-0.485567148674723
199000	2e+05	0.922818110864129	-2.50837054739869	-0.89216665344477
2e+05	201000	1.16150052545133	-1.6736514385604	-0.765858824099216
201000	202000	0.455279804821752	-1.67340957436976	-1.35946951570052
