0	1000	-0.431498509422467	-1.48621558249656	4.44003710986631
1000	2000	-0.693332228150935	-1.61514680499028	4.12257953656128
2000	3000	-0.492813756492116	-1.29800075915683	3.92300306970765
3000	4000	-0.841593056510156	-1.25194432510434	4.36938704169792
4000	5000	-0.853450240266794	-1.08780360886872	3.90073196061601
5000	6000	-0.565910446186375	-0.854825039908683	4.33862600795495
6000	7000	-0.912647549777	-0.65994202475101	4.14284690808132
7000	8000	-0.544218587275601	-0.621197069182559	3.84922558168328
8000	9000	-0.393018593248664	-0.327454402523263	4.30595797290656
9000	10000	-0.787061451410136	-0.153298249232275	3.99245372465463
10000	11000	-0.333623463315001	-0.0991307297576222	3.76969150814836
11000	12000	-0.443076568313712	0.209428937332576	4.21880877422746
12000	13000	0.0584951239726999	0.157864657228783	3.97739504244198
13000	14000	-0.351725742287377	0.465012138128913	3.68179898930534
14000	15000	-0.138249902141212	0.727712302324767	4.2198461903546
15000	16000	0.319191489971782	0.691187660912574	3.94059306152679
16000	17000	-0.0902540980530315	0.942393398408318	3.72120915442974
17000	18000	0.32568450648285	0.945170898448499	3.49404871557553
18000	19000	0.200922239637629	1.38396577824034	3.84791607858951
19000	20000	0.0935454311508225	1.45494486407224	3.46065202657964
20000	21000	0.660557241688283	1.53883344786024	3.66074069037464
21000	22000	0.568819380631096	1.51694688870879	3.23383307350455
22000	23000	0.385409720009286	1.93357456571174	3.4024399145126
23000	24000	0.833639266723286	1.84048536963443	3.29906441848747
24000	25000	0.653672417460138	1.92642229820731	2.97684591361107
25000	26000	0.790154625789406	2.33578654071373	3.21598388028608
26000	27000	1.14251480688068	2.20491410128628	2.89059006010461
27000	28000	0.685546542309772	2.52160006276525	2.83124437658618
28000	29000	0.877471790299384	2.22056040080611	2.48581945036436
29000	30000	1.0480585708891	2.71706694830365	2.55721267959244
30000	31000	1.29711659140175	2.48803644055879	2.22568640538425
31000	32000	0.996731490542218	2.90479171418303	2.13249355795816
32000	33000	0.902056962435878	2.55047248573293	1.90507226418002
33000	34000	1.21531378171023	2.83954455832926	1.68928937204045
34000	35000	0.650388095772578	2.86255414289289	1.64827689738036
35000	36000	0.849166305827077	2.62668999806195	1.41016469318198
36000	37000	0.805843665482738	3.09687955540529	1.35300030899032
37000	38000	0.897221180413977	2.80287717322523	1.02717840400611
38000	39000	0.695531060835776	3.28849705024993	0.971073413874221
39000	40000	0.474114603947184	2.92744880729152	0.996708161755996
40000	41000	0.664218095081058	2.95801351516953	0.637751218069331
41000	42000	0.328679394049454	3.09643611296943	0.580707811186213
42000	43000	0.501617569281513	2.61321565026871	0.450763002571813
43000	44000	0.0980354122110678	2.64584580227524	0.656859758279875
44000	45000	0.180664386535058	2.7762992167254	0.10635685512391
45000	46000	-0.203553455010725	2.75319758074207	0.344669456031425
46000	47000	0.105018909420032	2.21862263887091	0.186662649181745
47000	48000	-0.234142338149148	2.39036864567781	0.00900896828616165
48000	49000	-0.353833653930023	2.11879965536459	0.368768470628771
49000	50000	-0.629438718507544	2.37522044309617	0.20341198819713
50000	51000	-0.569526548567092	1.82983461597728	0.0798895933604742
51000	52000	-0.945417259839057	2.08367375847287	-0.00589782397819524
52000	53000	-0.80151963563171	1.72032385974149	0.521059547819214
53000	54000	-1.31336627823215	1.98042344488611	0.476802472559625
54000	55000	-1.1957583317403	1.56327411807607	0.135105367172129
55000	56000	-1.38504894910528	1.52909413838548	0.725959441448645
56000	57000	-1.41594397521891	1.31324559573073	0.397541942818465
57000	58000	-1.83820985634447	1.4820022290073	0.509157714106701
58000	59000	-1.59447061515733	0.906618127698387	0.434299966071667
59000	60000	-2.01109449962964	1.18990025316226	0.159124687353133
60000	61000	-2.09621853231764	0.9364089040878	0.581127787397397
61000	62000	-2.01164118675426	0.721542753032045	0.0966078591857101
62000	63000	-2.4551772731193	0.755245185977088	0.222004867946553
63000	64000	-2.04298159016676	0.266395928984398	0.281519169872812
64000	65000	-2.53218219331766	0.261696711526909	0.297893009420402
65000	66000	-2.45356237469478	0.17579803983935	-0.0851182162687267
66000	67000	-2.41161545769079	-0.262250291018873	0.341812078463925
67000	68000	-2.80914860247498	-0.175483622609008	0.0849736350790985
68000	69000	-2.46389112284139	-0.381498434415515	-0.210408752187854
69000	70000	-2.80172821506695	-0.642665421433952	0.171252984459108
70000	71000	-2.84686951920708	-0.602584340981565	-0.253736749597654
71000	72000	-2.49801380441263	-0.882450060572527	-0.0895761423319205
72000	73000	-3.08524572023503	-0.964798661500586	-0.295926076389639
73000	74000	-2.85085659599437	-1.31406180824551	-0.0423469847344821
74000	75000	-2.63803454771357	-1.19796771289448	-0.577866063878775
75000	76000	-2.59492453113072	-1.64680733183038	-0.387845431589574
76000	77000	-2.98639641090404	-1.57059653657903	-0.872346750736822
77000	78000	-2.88443782467872	-2.0439726130958	-0.669399743866027
78000	79000	-2.31811097510162	-1.89572561488026	-0.835270549436362
79000	80000	-2.58371538674657	-2.32823732743463	-0.993162105969419
80000	81000	-2.45362449800387	-1.97469682753722	-1.22326453401777
81000	82000	-2.81364472156591	-2.1985021904409	-1.44224057567798
82000	83000	-2.28497203315841	-2.24704596610701	-1.59731979809229
83000	84000	-2.70548420051567	-2.2823761108058	-1.89346884937766
84000	85000	-2.27687844793996	-1.89820591910048	-1.83012246075716
85000	86000	-2.25890839669754	-2.19710712952257	-2.16206436795853
86000	87000	-2.62694393582491	-2.07179076352911	-2.3150148131419
87000	88000	-2.54359819819812	-1.67463579559557	-2.21215113998071
88000	89000	-2.18036647867061	-1.64884858618259	-2.41170891664887
89000	90000	-2.48675174073936	-1.6256152297858	-2.71908866670788
90000	91000	-2.72770735348995	-1.28967845984961	-2.54016676308788
91000	92000	-2.20708833922285	-1.15660701842829	-2.61006671684462
92000	93000	-2.51560699054477	-1.12101808748283	-3.06042309052674
93000	94000	-2.20002584460496	-0.732739129201017	-2.79646614115288
94000	95000	-2.67171405892131	-0.521110740631929	-3.02373740788807
95000	96000	-2.10374311700888	-0.62188912066142	-3.25737901500397
96000	97000	-2.28798161169643	-0.123764767265618	-3.04274202631914
97000	98000	-2.16181621123961	-0.188039375926184	-3.55933814303768
98000	99000	-1.81664131205286	0.0231760197973189	-3.24534963831892
99000	1e+05	-2.2452863746875	0.353430197313879	-3.64397780213605
1e+05	101000	-1.85415254984264	0.51912272445264	-3.40945719002353
101000	102000	-1.77457983308959	0.424688135944865	-3.94228109272886
102000	103000	-1.54642921985038	0.735186786245563	-3.59824665724225
103000	104000	-1.82901513082422	0.935438721354297	-3.89049402610583
104000	105000	-1.56309656522196	0.901758564691676	-4.201707255176
105000	106000	-1.55484911778137	1.23177346879847	-3.82935679360648
106000	107000	-1.18950867163184	1.06703625448463	-3.97909261323811
107000	108000	-1.39055656816788	1.45273414679879	-4.15704879472976
108000	109000	-1.0539748493558	1.30233000261429	-4.3215026789288
109000	110000	-1.02838353522376	1.52386857235169	-3.88476329769587
110000	111000	-0.675772240076602	1.54300113322967	-4.33567796223312
111000	112000	-0.910511486455343	1.96117761412499	-4.12166732887816
112000	113000	-0.443081813139826	1.65132129750098	-3.94656933598747
113000	114000	-0.481304715246173	2.11231400592808	-4.31563044908469
114000	115000	-0.0834107429449494	1.87076951381857	-4.21059219088583
115000	116000	-0.378335187002412	2.18573956888039	-3.84697648197955
116000	117000	-0.0579486814775911	2.44735729091081	-4.35971148597481
117000	118000	-0.215493307574889	2.56557061546499	-3.99465522154416
118000	119000	0.209577679115122	2.29409136558738	-3.95136684027706
119000	120000	-0.063274075055363	2.50998874951028	-3.48075639864309
120000	121000	0.351422706873742	2.64051689053249	-3.69691127462576
121000	122000	0.0922862598631876	2.18599166679472	-3.31206574068652
122000	123000	0.598324633164792	2.22988637076263	-3.59857645255353
123000	124000	0.493772274717998	2.52823485641642	-3.12877550069016
124000	125000	0.60475539276991	1.95313587475937	-3.10443655670587
125000	126000	0.44557494599356	2.21006447213664	-2.64145079960337
126000	127000	0.946022983849691	2.40291537439166	-2.78811131046702
127000	128000	0.787822450827157	1.95081014561474	-2.4999611660804
128000	129000	1.24665218678265	1.90651454451183	-2.83070987109123
129000	130000	1.33239118847214	2.18778748394158	-2.35112416881145
130000	131000	1.19077554487845	1.66821468037093	-2.11449837934678
131000	132000	1.62688134472998	1.77486087181496	-2.2606643103402
132000	133000	1.4211483929187	1.33807871011248	-2.30822910560546
133000	134000	1.90842730401041	1.33379739379725	-2.51186694013222
134000	135000	1.82663693752121	1.30063965782486	-1.90175050077818
135000	136000	1.70939519422816	0.913166022673938	-2.20886227831218
136000	137000	2.15837462884002	0.897895296195153	-2.18790462484507
137000	138000	1.86377760243737	0.683667520370874	-1.78325371393348
138000	139000	1.88185976825839	0.414130942126919	-2.17056293087721
139000	140000	2.30861034350459	0.415547885765902	-1.87622368933056
140000	141000	2.23379710488868	0.126323435746528	-2.16236442905975
141000	142000	2.05992202622021	-0.00929921994008123	-1.7571429243954
142000	143000	1.98871467012623	-0.261470677144953	-2.07531373232103
143000	144000	2.34299355997909	-0.398659109999679	-1.79557814991843
144000	145000	2.32673074821795	-0.648966572523076	-2.10438176955569
145000	146000	2.13581783078209	-0.810460257582536	-1.76814283790599
146000	147000	2.06104239532757	-1.05813957775605	-2.14914234359022
147000	148000	1.94483930903762	-1.18501293430851	-1.78861404579886
148000	149000	2.28800779948097	-1.45804832648769	-1.91815731753435
149000	150000	1.98373432961126	-1.65540761281102	-2.02502381446347
150000	151000	1.63282904333749	-1.63141382191613	-1.78581366895748
151000	152000	1.92311166125935	-1.89212883349415	-1.60729402470686
152000	153000	1.76110192929178	-2.21662590709061	-1.93214343324658
153000	154000	1.38951551733415	-2.13373277415121	-1.64901925523004
154000	155000	1.59721322634956	-2.59668996375273	-1.76730520135387
155000	156000	1.71471031640059	-2.47120364642933	-1.30807754251972
156000	157000	1.28266129931983	-2.6931453713111	-1.4415132116575
157000	158000	1.59464385632457	-3.01996453559567	-1.32138969685402
158000	159000	1.18880792516704	-2.59195388500559	-1.01857815142023
159000	160000	1.12527570113241	-3.19846093544952	-1.03875398116755
160000	161000	1.44330736654993	-2.96583723845774	-0.791804830376218
161000	162000	1.00434934370461	-2.84436437903487	-0.592918343537445
162000	163000	1.38571092419301	-3.30417816536131	-0.431662879341979
163000	164000	1.02805222123645	-3.06109553643223	-0.235970370432022
164000	165000	1.37533940584641	-2.77397244888176	-0.172962501298568
165000	166000	1.30053864673565	-3.051436855241	0.124088764537011
166000	167000	1.75404636317456	-2.94994849705893	0.0860618294136654
167000	168000	1.7360222560356	-2.56345162477257	0.123446160589945
168000	169000	1.50162188118496	-2.69494524794178	0.538977179104755
169000	170000	1.51192337805673	-2.23736273469183	0.332685757520913
170000	171000	2.00941465863094	-2.60251349094171	0.639622708246523
171000	172000	1.98761992580672	-2.06371458088067	0.454120629418009
172000	173000	1.67810548207267	-1.97659108021541	0.761570969750316
173000	174000	2.16952148951244	-2.14893269122634	0.826007393340011
174000	175000	1.92136118828977	-2.2141553551573	1.21428972235172
175000	176000	2.30354776460328	-1.82351441736884	1.13674580429249
176000	177000	1.79861554037447	-1.66438669757044	1.26138188396246
177000	178000	2.27149389296485	-1.5632413027362	1.50945480802945
178000	179000	2.02196282239885	-1.90311516670767	1.71824525541639
179000	180000	1.78887786591142	-1.51224433540744	1.82095072054906
180000	181000	2.22089771756823	-1.71666855798261	2.09098918665299
181000	182000	2.0853328816355	-1.37484143969408	2.15927325686192
182000	183000	1.7040908916583	-1.57136821046956	2.33201383435006
183000	184000	2.02669632281419	-1.58108254030873	2.59997892221877
184000	185000	1.84477128057699	-1.15488014742642	2.67608533883763
185000	186000	1.99246810336044	-1.50530697642319	3.00444837440728
186000	187000	1.52018025985808	-1.42378840710203	2.96264145201647
187000	188000	1.82522276909035	-1.17489670487206	3.35604568372321
188000	189000	1.35473430304063	-1.09063925622258	3.22940330773685
189000	190000	1.53942178205308	-1.31186397029359	3.65798908251546
190000	191000	1.27006690930643	-1.62137679686162	3.45267018461911
191000	192000	0.970882858443875	-1.35000640484606	3.5232743278272
192000	193000	1.19571975102199	-1.5130931104841	3.99796790270658
193000	194000	0.92799379862992	-1.87753031953337	3.7375128583982
194000	195000	0.898292067553269	-1.81459388171804	4.17479382866429
195000	196000	0.591142842947274	-1.53144050150973	4.03980403338625
196000	197000	0.409069982934236	-1.89411612482034	3.92104794460188
197000	198000	0.431144070782559	-1.86139254307649	4.4796477109641
198000	199000	0.133630135195609	-2.01711334740814	4.24172174461268
199000	2e+05	0.085213839822366	-1.57099236245203	4.33806383902738
2e+05	201000	-0.180893981246928	-1.8403299023104	3.97356377889976
201000	202000	-0.331859349290323	-1.87237805106784	4.41034925133857
