0	1000	1.5229284512282	0.590114539372913	-1.15714512873824
1000	2000	1.4612868456414	1.03365889566052	-0.960741431484408
2000	3000	1.71652324730547	0.972403835411363	-0.598339185833138
3000	4000	1.70661297344402	1.38804282931921	-0.395645029352702
4000	5000	2.09048759186436	1.22166224926843	-0.155125216526534
5000	6000	2.1775643521907	1.57706343237233	0.147131253524975
6000	7000	2.50512142279813	1.3431221119056	0.37203480162466
7000	8000	2.62751736097251	1.67994800349758	0.609015642319397
8000	9000	3.03573207735411	1.53450838998143	0.666495655857451
9000	10000	3.25913299533464	1.9755645926933	0.666027180113676
10000	11000	3.5380216411177	1.74387005700954	0.364373657939395
11000	12000	3.88655506973376	2.01058538354102	0.283994781870347
12000	13000	3.83618319745228	1.89184412409042	-0.160353282537059
13000	14000	4.14039107260993	2.1037453813566	-0.433712631747059
14000	15000	3.968411665111	1.9228238747685	-0.844547215173956
15000	16000	4.34238577823126	1.99862622843934	-1.09505222025371
16000	17000	4.2646742962589	1.58425816304458	-1.203161637582
17000	18000	4.64679127344823	1.43319573091887	-1.1633060035439
18000	19000	4.57055978072332	0.982120119479039	-1.20331260495978
19000	20000	4.845155979643	0.904256888779504	-0.813710982937516
20000	21000	4.57549760600538	0.536878771678693	-0.650575369626072
21000	22000	4.60263529632274	0.710479519161958	-0.184532664921048
22000	23000	4.16942308868903	0.897783009390482	0.00443334181067039
23000	24000	3.83172158992238	0.579034205423003	0.240492599769718
24000	25000	3.5311528753275	0.409688147043848	-0.10575684293769
25000	26000	3.22428384500639	0.0704794689646913	0.101337468729227
26000	27000	3.22065896834075	-0.15109257156446	-0.38171173309489
27000	28000	3.11713655947073	-0.591600518854721	-0.163251341872475
28000	29000	3.51457891549058	-0.634632234786154	-0.30538183665493
29000	30000	3.6938715996959	-0.802988741908387	0.0505873068248279
30000	31000	4.11128864519474	-0.60228155018877	-0.133884120576032
31000	32000	4.25634918919401	-0.441145469921149	0.301974281078517
32000	33000	4.50232442132699	-0.0533536770686333	0.239830991652481
33000	34000	4.82907681243412	0.0517334735206634	0.586178685541849
34000	35000	4.79575323159436	0.550430659399755	0.658000123667646
35000	36000	4.57407076785177	0.49086515204103	1.04455965255362
36000	37000	4.42905022041764	0.896760652566777	1.15323427844608
37000	38000	4.02064884854492	0.696322174546875	1.23584834625229
38000	39000	3.6809171250157	0.708378314015579	1.6341109005302
39000	40000	3.34497365553549	0.485467437087588	1.31167385484193
40000	41000	2.94358506166981	0.552540166792579	1.33784340757644
41000	42000	2.68171267685208	0.199600887965506	1.40041259617483
42000	43000	2.26935082089614	0.33502730554221	1.43542483816738
43000	44000	2.08915866745973	0.12350953874269	1.7516800050823
44000	45000	1.70360950664006	0.270661878229293	1.88104667413902
45000	46000	1.65996855989955	0.10843578915676	2.29962448489421
46000	47000	1.32950371506715	0.301480805733153	2.57957173759842
47000	48000	1.35026610098202	0.0584929412595092	2.98181555163085
48000	49000	1.07249734819263	0.167471830872547	3.27107360112918
49000	50000	1.26141242218577	0.178498753645161	3.69395715485979
50000	51000	0.829922574090762	0.201004519938588	3.88693054054712
51000	52000	0.824831188770259	0.023792069058824	4.26914477043001
52000	53000	0.655644179300983	0.326452163724877	4.56950980249252
53000	54000	0.325861457613325	-0.014458700095558	4.63788091535623
54000	55000	0.0329807479539703	0.274129290881355	4.52264678779648
55000	56000	-0.328894124510247	0.0903189667508632	4.67505255275082
56000	57000	-0.522758591788466	0.355695705659908	4.37340367104952
57000	58000	-0.995858222830089	0.341458088635226	4.43338880486444
58000	59000	-0.918567753668259	0.0751606172547559	4.10041280631288
59000	60000	-0.900199440135248	0.170110880327269	3.70631802324573
60000	61000	-1.08783322773909	-0.309597014249174	3.65967076123177
61000	62000	-0.577307855791645	-0.384026066244941	3.6122113951263
62000	63000	-0.533588560051183	-0.894764916202483	3.82245351538026
63000	64000	-0.00685408608380582	-0.802478388246485	3.62690847304394
64000	65000	0.209885216378002	-1.0676765968328	3.9824430180145
65000	66000	0.664853301164972	-0.935715218934414	3.853643253784
66000	67000	0.874993120535894	-1.15952356016157	4.25491466537771
67000	68000	1.27796276392823	-1.16513313269421	3.95878898485128
68000	69000	1.13185175404109	-1.60617436464479	3.91782803733463
69000	70000	1.19400674779883	-1.65157671588936	3.45613289956868
70000	71000	0.780515602704974	-1.92870340914234	3.46743585211998
71000	72000	0.629217112134722	-1.79914962327643	3.01806262264905
72000	73000	0.181399739885824	-1.93894672432792	3.1249942225025
73000	74000	0.0180482760057771	-1.81225141930694	2.68131293798394
74000	75000	-0.409407887630863	-1.649735667402	2.89090991804604
75000	76000	-0.310527763116603	-1.2451046038254	2.67641313285475
76000	77000	-0.742100960126556	-1.08764050561356	2.64226908152562
77000	78000	-0.838022628588739	-1.16965945840386	2.12392581206319
78000	79000	-0.594463307190845	-0.718883203963447	2.05630239809208
79000	80000	-0.360359503220179	-0.711347374657778	1.62817081047732
80000	81000	-0.519191075509209	-0.24373820036647	1.6203871777291
81000	82000	-0.333802882984019	-0.0482993955834091	1.2125089438592
82000	83000	-0.616368181722712	0.333108422713741	1.3066594863878
83000	84000	-0.587305646189993	0.685883903248433	1.0186583464277
84000	85000	-0.917707323946133	0.909720317456138	1.24225152615741
85000	86000	-1.04478365912075	1.30007962667062	0.989998286551002
86000	87000	-1.35989858968378	1.4893991172582	1.3048594591491
87000	88000	-1.62692277495193	1.81764728176443	1.12240198989353
88000	89000	-1.76162811488654	2.14356828395868	1.44541886864655
89000	90000	-2.22859682214016	2.15995960957506	1.39313043658773
90000	91000	-2.50107874485567	2.50619532308595	1.59584885053159
91000	92000	-2.84171478363738	2.18520500597918	1.5848515487173
92000	93000	-3.22880762951507	2.34638400920509	1.74141993396714
93000	94000	-3.30930229549927	1.9244150856045	1.87944293557533
94000	95000	-3.78025096731407	1.88833517203321	2.10035744411668
95000	96000	-3.54878668324279	1.43223797475999	2.20174732411963
96000	97000	-3.76333705099508	1.2065100285289	1.94262138284234
97000	98000	-3.59414032164326	0.827412409752918	1.98794817217784
98000	99000	-3.57801328385439	0.850315318157297	1.56560985050541
99000	1e+05	-3.1473207101724	0.657265000482431	1.49616010431345
1e+05	101000	-3.15010080376952	1.06462209786251	1.16001330444728
101000	102000	-2.71347496559396	1.23007335219592	0.983829080622418
102000	103000	-2.79684855870771	1.66078358757455	0.729399032098595
103000	104000	-2.46083091677204	1.66803675570364	0.354995706680925
104000	105000	-2.32129818300876	2.14913440268048	0.185321207854084
105000	106000	-2.28014660960163	2.18523196158369	-0.33895213778932
106000	107000	-2.18530123050938	2.64564600245657	-0.297738525463132
107000	108000	-2.37201574982177	2.8506598826982	-0.651500498116325
108000	109000	-2.46119710254325	3.21519884717104	-0.372902385774363
109000	110000	-2.88934588420122	3.15276301264478	-0.503437269975285
110000	111000	-3.08999647745814	3.12596914456912	-0.116255728810839
111000	112000	-3.49482138440646	2.9243197750561	-0.235749293836153
112000	113000	-3.39001277717907	2.56978853151058	0.050990777684002
113000	114000	-3.65891935658307	2.1922595434068	0.0370334021835498
114000	115000	-3.45224322914285	1.89640724254469	-0.244236008373126
115000	116000	-3.37490048648755	1.50453073324073	-0.0691456321980651
116000	117000	-3.48310454999642	1.05266795831972	-0.253852220826708
117000	118000	-2.96557419659366	0.967964517496492	-0.316928682738864
118000	119000	-2.85896690476048	0.636036872402304	0.0172772634910654
119000	120000	-2.3910758930624	0.557658845645136	-0.0290609561316812
120000	121000	-2.29255258906097	0.205698518833367	0.296069548055564
121000	122000	-1.96269261866752	-0.0156703561424013	0.0491397478139233
122000	123000	-1.85290909939751	-0.449324208085703	0.238546139027757
123000	124000	-1.64886468614291	-0.638407352377657	-0.20598069078631
124000	125000	-1.45559504848625	-1.09082335686275	-0.199319219276565
125000	126000	-1.37141947066471	-1.31942307985474	-0.576017118970193
126000	127000	-1.12382850862018	-1.69895517353321	-0.604242592087313
127000	128000	-1.18715607174964	-1.85691846383198	-1.06430484104901
128000	129000	-1.07937313698804	-2.30553436821912	-1.26622622038164
129000	130000	-1.24341064386012	-2.40580366178649	-1.74733269417481
130000	131000	-1.52526590881515	-2.73263241455709	-1.65106918027777
131000	132000	-1.73915696373524	-2.98882516628522	-1.9307385824716
132000	133000	-1.62466732514852	-3.38860641469732	-1.69303640284312
133000	134000	-2.04140946641247	-3.64040515835898	-1.63823198703576
134000	135000	-1.84873052579229	-3.85263191135854	-1.25094849249016
135000	136000	-2.20368715010175	-3.92452886510979	-0.976034147269335
136000	137000	-1.98026056403648	-4.20024999172647	-0.683741916761421
137000	138000	-1.76696136855431	-3.8397757186309	-0.514375629976129
138000	139000	-1.96974397705381	-3.77741575729977	-0.118582177795859
139000	140000	-1.57390492395483	-3.5311526434473	0.0236639492843667
140000	141000	-1.90500608331104	-3.1866160622258	0.107481139972595
141000	142000	-1.69282669821737	-2.9244194461096	-0.21370262924624
142000	143000	-2.07437157224992	-2.66791111806676	-0.354870076133792
143000	144000	-2.06222893041288	-2.7804040356171	-0.854443813182577
144000	145000	-2.46339408768185	-2.6152683325166	-1.16751072991006
145000	146000	-2.80493716996635	-3.0016414839215	-1.14516804647693
146000	147000	-3.27546127232518	-2.82969642411781	-1.16920761150648
147000	148000	-3.38508874276937	-3.09718989439861	-0.793741904288652
148000	149000	-3.82839764111295	-2.96495211015503	-0.583708124639741
149000	150000	-3.55630646284044	-3.09096320670138	-0.11389337329895
150000	151000	-3.69975882247982	-2.66335155654587	0.0477112433732691
151000	152000	-3.28294181608252	-2.53064437355387	0.202482063992075
152000	153000	-3.40173519124838	-2.04233849245653	0.0723205072051996
153000	154000	-3.02969849136784	-2.00595794925154	-0.248247056901135
154000	155000	-3.10288875693206	-1.59173051855717	-0.501326135712724
155000	156000	-2.73339817028842	-1.7855602770402	-0.79280217076344
156000	157000	-2.72947393453578	-1.48064373154245	-1.14466773365176
157000	158000	-2.79882807537473	-1.71738508093538	-1.57118162156938
158000	159000	-2.38410505770716	-1.55387887880227	-1.70466252354459
159000	160000	-2.39939812994941	-1.32817841769918	-2.15928634709999
160000	161000	-1.89595106072546	-1.32304138743513	-2.04529802039088
161000	162000	-1.66133502994874	-0.950243908048843	-2.01257563366167
162000	163000	-1.21926835957012	-0.922897593537649	-2.19015954683595
163000	164000	-0.971567596856338	-0.541358391283987	-1.96251383540892
164000	165000	-0.536601026209116	-0.457871392938794	-2.09154872232449
165000	166000	-0.220862307452124	-0.189479509886081	-1.86601310392402
166000	167000	-0.00845311803722104	-0.113305136524092	-2.29770901499781
167000	168000	0.169682467856012	0.295815692359416	-2.20568478512802
168000	169000	-0.0542288716336582	0.489901392126428	-2.58865631725751
169000	170000	0.191419008532619	0.850247638588584	-2.46952579804545
170000	171000	-0.0349124057144645	1.21167363349455	-2.70023494193239
171000	172000	0.395118764783202	1.43778059641804	-2.56546383237173
172000	173000	0.51874008815118	1.60651615129564	-2.9273161840628
173000	174000	0.818682996191935	1.91219269620039	-2.8794565169123
174000	175000	0.948961280729529	1.94729560446883	-3.34720851068192
175000	176000	1.39439635369134	1.92613796406554	-3.28197148012143
176000	177000	1.56598760603488	1.75171560916289	-3.61290285220014
177000	178000	2.00464039395964	1.74197742789055	-3.55138596779422
178000	179000	2.02098714555105	1.38979419144501	-3.84051006921773
179000	180000	2.21397271747249	1.15231412602193	-3.55465818890031
180000	181000	2.18900877300373	0.757633487875992	-3.7849350348705
181000	182000	1.90659331795988	0.664249470449899	-3.36827092804183
182000	183000	1.54100465252085	0.457082609060009	-3.62437924515777
183000	184000	1.21318793608141	0.62238699266383	-3.2662425412623
184000	185000	0.798213642582929	0.447696544702589	-3.45579474748489
185000	186000	0.695591885387057	0.709706335388487	-3.87303089194289
186000	187000	0.285020876323179	0.459542776586903	-3.95355039305294
187000	188000	0.163717515752474	0.62254018223274	-4.43949011108572
188000	189000	0.0410495327415267	0.168486781781603	-4.4237637947756
189000	190000	0.262201542762085	0.0406944299248672	-4.74804706432847
190000	191000	0.239153666450037	-0.333914952218973	-4.54943130808039
191000	192000	0.66072172985913	-0.42198784335255	-4.63492364723879
192000	193000	0.697598966552935	-0.492492418270426	-4.19687551756392
193000	194000	1.15412003543232	-0.54899622745277	-4.08620312517472
194000	195000	1.05634779350194	-0.476569251036874	-3.61771093260355
195000	196000	1.46195334103515	-0.56059180535758	-3.39017252714075
196000	197000	1.3285072477458	-0.343732595644768	-2.99868911781115
197000	198000	1.73156846731752	-0.33819985469755	-2.68988960736854
198000	199000	1.41208715108544	-0.0254142499878495	-2.39861811152191
199000	2e+05	1.69160444631372	0.287482562478406	-2.16852158469232
2e+05	201000	1.4429319379655	0.256541144316184	-1.77043476352584
201000	202000	1.53562936745407	0.721533461659004	-1.63444557626225
