0	1000	-0.999784984160089	-0.793466019462109	-1.57993242610472
1000	2000	-1.35509132833792	-0.94699195127472	-0.319631446515367
2000	3000	-0.375203621842165	-1.37404165387905	-0.248994194289491
3000	4000	-0.46954927431272	-1.9883231735878	-1.36642990590062
4000	5000	0.233651766322863	-2.20562769662619	-0.638005217699328
5000	6000	0.157118149568994	-2.79680219298398	-1.61849234557201
6000	7000	0.995306748775883	-3.18699696111464	-1.37215015631898
7000	8000	1.27626624977965	-2.62563694546309	-0.698416593325031
8000	9000	1.15395554165689	-2.21792049329949	-1.61678916206156
9000	10000	2.09948595871396	-2.23594077381053	-1.50615070562721
10000	11000	1.59819112142585	-1.47215452553353	-0.887390308285958
11000	12000	2.61927831984345	-1.59771099799996	-0.566419618575259
12000	13000	2.15831851783404	-0.641334411505317	-0.560781612202542
13000	14000	3.21456723118239	-0.500511482946906	-0.575760695825826
14000	15000	2.6448943604344	0.125127697846199	0.109263545364431
15000	16000	3.33741780138505	0.65927250263466	-0.372093148824569
16000	17000	2.4676540256378	0.777475082338719	-0.754842806527857
17000	18000	3.12345735036074	1.06581555081891	-1.28174362433253
18000	19000	2.84895618077398	1.58618533891969	-1.91391328149453
19000	20000	2.33741283410618	1.87280570282306	-1.25590010661556
20000	21000	2.2785066827451	2.78085001721942	-1.45047785305923
21000	22000	1.36778711408956	2.57949605226958	-1.4871136312888
22000	23000	1.36741148885483	3.42406654773258	-1.75870046689896
23000	24000	0.554828810406142	2.99249609350381	-1.82759747992005
24000	25000	0.542545239810812	3.68655748553094	-1.10137562294863
25000	26000	0.516417306761345	2.70347003814289	-0.633581279987919
26000	27000	1.44198414715913	3.4752615763757	-0.335420703077399
27000	28000	1.81637235320768	2.34799071289764	-0.31310667625966
28000	29000	1.24756846686425	1.44508598171129	-0.990110978422952
29000	30000	2.06163678995974	2.28088124288039	-2.43317929990621
30000	31000	1.40265015669774	1.33943593486117	-2.12150483226688
31000	32000	1.93839549694688	1.50402518031828	-3.12291506143361
32000	33000	1.14832889011947	0.855495093896441	-2.98151857966614
33000	34000	1.08205425009308	1.33961982987494	-3.84695504079469
34000	35000	0.24319114320284	1.04235980222814	-3.95601490948073
35000	36000	0.157173509578692	1.79621178298527	-3.44003265161893
36000	37000	-0.21182985176088	1.86244003488237	-4.27634141807132
37000	38000	-0.644985726239856	1.76784982262192	-3.68879074567938
38000	39000	-1.08141275116543	1.915091401832	-4.45129393329697
39000	40000	-0.946532941060213	1.28810118707007	-4.19613658011548
40000	41000	-1.29579867294284	1.61068325458544	-3.81577794529928
41000	42000	-1.70951309596579	1.24810983978635	-4.19935087693389
42000	43000	-1.78298441418938	1.40625333797309	-3.34424732408106
43000	44000	-2.2267211423346	0.818363339418556	-3.59756160224945
44000	45000	-2.82633892356357	1.38885164296949	-3.28364596122824
45000	46000	-2.49357399582703	0.804891709317288	-2.49244914336084
46000	47000	-3.40182755708035	0.51819831577418	-2.1762197383901
47000	48000	-2.90558594455576	0.985671292727489	-1.02771339326445
48000	49000	-3.25967454813593	0.0656016607950734	-0.521296336300708
49000	50000	-2.79350193145434	0.671101501848985	0.358951038135757
50000	51000	-3.29517743638523	-0.376909573484552	0.690666481745324
51000	52000	-2.21605116288717	-0.119211807773575	1.03423902658007
52000	53000	-2.61695708748214	-1.04257446660496	1.51085939459709
53000	54000	-2.88688556550399	-0.39986484238185	2.2856417804703
54000	55000	-2.10955365858933	-0.278268391632465	2.72130079797611
55000	56000	-2.80002433343549	0.220397715484577	3.14346512245624
56000	57000	-2.09141696417676	0.515608294012206	3.11093662905177
57000	58000	-2.26794588134226	-0.00775931377780379	3.70085982111113
58000	59000	-2.25586826005062	0.544152551609849	3.75328675773538
59000	60000	-1.84559685460984	0.765110006886069	3.81406428859295
60000	61000	-1.96577324994695	0.458039586340594	4.20190073156764
61000	62000	-1.66306310940632	0.288533524134593	3.73495938993705
62000	63000	-1.5926144272654	-0.0727254853819821	4.22344727896274
63000	64000	-1.08075227065595	0.410636949897963	4.02930619437775
64000	65000	-1.02837302822741	-0.327470614001362	3.48445425179818
65000	66000	-0.212771099845982	-0.0545646434243724	3.74592019880307
66000	67000	-0.353687205305144	0.965001745527842	3.65863583650552
67000	68000	-0.659529132753876	0.762017344561541	2.61013758047053
68000	69000	-1.04509663989622	1.38710702513852	1.94261946316231
69000	70000	-1.43907591157196	1.3980204239828	0.974236935392041
70000	71000	-2.26447645628481	2.55333361931687	0.922679324237592
71000	72000	-2.33458829814147	1.94761916094935	-0.0361014253074849
72000	73000	-1.80675463824392	0.92797776482439	-0.518641823454558
73000	74000	-1.98538129695478	0.266043007244587	-1.44183856389909
74000	75000	-2.5791371775605	-0.58935400645454	-2.0191269473525
75000	76000	-2.53462141634533	-1.06260808999837	-0.970453800327553
76000	77000	-1.95470532400815	-1.85433450856481	-1.49372825981674
77000	78000	-1.78095820253828	-2.62018725137969	-0.837727604183907
78000	79000	-1.07626579941708	-2.92567922920998	-0.438113995781374
79000	80000	-0.768466162167986	-3.43914551364489	-0.940380503617018
80000	81000	-0.384819774380523	-3.32408868360251	-0.40517416270312
81000	82000	-0.352525593142252	-3.91817529993688	-0.587780475429681
82000	83000	0.185893865003035	-3.63961361718388	-0.644636934760634
83000	84000	0.0747784408543065	-3.91073062921931	-0.0700436929640458
84000	85000	0.62225295509001	-3.56656588626029	-0.142322129717569
85000	86000	0.680869399591208	-4.23149363146756	-0.0263132534004171
86000	87000	1.12585321428388	-3.88209700887241	0.178557122455611
87000	88000	0.744233119156749	-3.94977010586526	0.611276748267753
88000	89000	1.29033686224625	-4.25071740211278	0.774684672067635
89000	90000	1.3387515248588	-3.62439282652059	0.847859160616253
90000	91000	0.786452295222424	-4.24219583113124	1.24887020535697
91000	92000	0.849420339849037	-3.45401534639715	1.27531157090926
92000	93000	0.205377457236874	-3.70566652144833	1.56437870669088
93000	94000	0.354892231988622	-2.84298020380355	1.16405445088922
94000	95000	-0.599964523941459	-3.02947476436197	1.71716812256028
95000	96000	-0.398814051498952	-2.04402687463411	1.48723813814636
96000	97000	-0.704255354153613	-1.83071755661202	2.44127661079286
97000	98000	-1.67604319149092	-1.46743569155043	2.26801019754335
98000	99000	-1.17299818497314	-0.62364723191829	1.74341902859671
99000	1e+05	-0.470090996323319	0.106747853162621	1.381203719326
1e+05	101000	0.0392708982704411	-0.305548188709479	2.42872793718329
101000	102000	0.8119166342964	0.0296374258653939	1.57243672153798
102000	103000	1.19332697047004	-0.791784420931425	2.14086052742628
103000	104000	1.93421764351803	-0.422371896758615	1.67941774107462
104000	105000	2.86178428362544	-0.140005797228029	1.89302437011887
105000	106000	2.63842983038917	-0.805450535647398	2.48283825016769
106000	107000	2.57406644647689	-1.21026750840821	1.62549399473776
107000	108000	2.31925478813969	-1.7172275531867	2.27084881119064
108000	109000	2.49704543836712	-2.29690439711048	1.70761489015448
109000	110000	1.7488861893597	-2.48597474353139	1.84940283965139
110000	111000	2.1800069661222	-3.19155204647659	1.93424431317337
111000	112000	1.4997574085221	-3.21220483781503	1.74518022263509
112000	113000	1.82626935268311	-3.79754191563885	1.6087311520687
113000	114000	0.996905363131765	-3.86447199072576	1.91388678414975
114000	115000	1.46744431088247	-4.21982410232192	1.86225435636539
115000	116000	1.48221275149982	-3.75945094512272	2.09777796578755
116000	117000	1.29671675719339	-4.20781993736818	2.36913001464687
117000	118000	1.74870298431255	-4.00840488232179	2.3920782042622
118000	119000	1.4719509359844	-3.91858444620159	2.72941572190251
119000	120000	1.12907054351289	-3.69621495870251	2.52784575520323
120000	121000	1.67739294993036	-3.41967803627307	2.67673459314505
121000	122000	1.12589739677722	-3.10688082627795	2.54875979086403
122000	123000	1.22830069755003	-3.21668143031355	3.19448623605401
123000	124000	1.60541400949016	-2.59844223966584	2.93446604874512
124000	125000	0.934781884089527	-2.36581437700018	3.30180837605028
125000	126000	0.896665235261484	-1.7968077360211	2.71781186953404
126000	127000	0.803220798601939	-1.38201693401474	3.48330229123508
127000	128000	1.70131510721049	-1.24767410365142	3.2189535941937
128000	129000	1.48119340085426	-0.452894241615918	3.59568770497548
129000	130000	1.41296481173635	0.0973281568739465	2.93439248774748
130000	131000	2.23550473040061	0.183310247114874	2.92225069867572
131000	132000	1.97152392453308	0.620751631821591	2.24672779553527
132000	133000	2.44777493422734	1.09950522175458	2.70761736280932
133000	134000	1.98173758829092	1.6180491678481	2.22067013925084
134000	135000	2.29163644618802	1.39316180397022	1.35422668905435
135000	136000	2.0865106911653	2.45522141847212	1.31517695369676
136000	137000	1.29722684870783	1.81166665707665	0.782266011271702
137000	138000	0.950603914192994	2.9302678236402	0.777510683803509
138000	139000	0.096870802726814	1.76298842416528	0.313611077912419
139000	140000	-0.867101070573067	2.48254153745756	-0.0549491896701829
140000	141000	-0.674315588433689	1.67870720888144	-1.01829158607656
141000	142000	-1.87688923146264	2.83378732811007	-0.973184860600007
142000	143000	-1.75459238017151	1.79700323593703	-1.67517318455392
143000	144000	-2.35393592694245	2.75329750840851	-2.03937170772677
144000	145000	-2.81461283618753	2.37902488029426	-2.83802614693114
145000	146000	-2.75310769889094	1.71662142423037	-2.21958981222917
146000	147000	-3.19838647096643	2.24509757234814	-1.6448862495609
147000	148000	-3.70836883582674	1.5886754335329	-1.85725487982968
148000	149000	-3.73571600441086	1.79446131453944	-0.935385183034891
149000	150000	-3.95380332782711	0.890409210737097	-1.26495150578794
150000	151000	-3.99520374168097	0.746824590920365	-0.413759677605958
151000	152000	-3.66593641845385	1.38555546650724	0.15198078854762
152000	153000	-3.92104956804941	0.633788803920704	0.755992771446058
153000	154000	-3.31642649051412	1.21671995585068	1.2591363105168
154000	155000	-3.47905465793021	0.701983164295059	2.02695868459044
155000	156000	-2.51485105560871	0.951316913098399	1.97406504552246
156000	157000	-2.75275887980407	1.58224807879194	2.7140437416501
157000	158000	-2.05603943388076	2.08511363721897	2.23064933210202
158000	159000	-1.3491467218374	2.05505441159194	2.99870867762737
159000	160000	-1.21360167517743	2.84493671508152	2.47068346233279
160000	161000	-0.274995438636955	2.94063146164335	2.52210969080275
161000	162000	-0.0837597241463483	2.16859568918182	2.96028444498241
162000	163000	0.609598885267461	2.65477773914409	3.1032066809044
163000	164000	1.14583881423393	2.12479731683212	2.76591762632199
164000	165000	0.880158696337064	1.76116694631373	3.48723576627698
165000	166000	0.624123669250436	1.30021800979185	2.83072309746916
166000	167000	0.402479520446809	1.79171796715489	2.02554064045877
167000	168000	0.663320777854697	2.94308157679065	1.98659761685629
168000	169000	-0.311842827308704	2.49100219159209	1.38499434266901
169000	170000	-0.827614224671585	3.41478121114112	1.08239385764212
170000	171000	-0.060971270510884	3.69227865722545	0.30026969785604
171000	172000	-0.701811241141232	3.68728057403602	-0.665219636822528
172000	173000	-0.610884038441871	2.97379762089739	-1.53468172004083
173000	174000	-1.25853936331534	3.3938192969505	-2.23191449445887
174000	175000	-0.573112220502458	2.913304253865	-2.82087685450552
175000	176000	-1.53645668139328	2.69960555916697	-3.03959041954839
176000	177000	-1.02135109978969	1.97637153446321	-2.88621827613384
177000	178000	-1.04823487549118	2.58937565980733	-3.82843587956989
178000	179000	-1.95619811318958	2.16383870053033	-3.8946144733536
179000	180000	-1.1749046252556	0.578290651683648	-3.56641534279699
180000	181000	-0.759241780660851	0.873337855997013	-2.66977594677811
181000	182000	-0.620679195672585	-0.241005808075021	-3.32685723202118
182000	183000	0.246530015858643	0.262186920939966	-2.91927451970591
183000	184000	0.282289993660591	-0.0918898650743746	-3.9227212080746
184000	185000	1.11132217977527	0.183327019858748	-3.99065123272171
185000	186000	1.01860249167368	-0.696783371009701	-3.73244125956183
186000	187000	1.42474231784077	-0.26425148197144	-3.33793890172518
187000	188000	1.87453076890548	-0.578422243318331	-3.8310920670909
188000	189000	1.90795113417016	-0.825409660617516	-3.17868636326532
189000	190000	2.25576371165479	-0.107242710320947	-3.30484701786094
190000	191000	1.91456392532752	-0.304664072267503	-2.60552594038203
191000	192000	2.81539365140444	-0.460604752305306	-2.78137605638188
192000	193000	2.45294508316129	-0.798436960870213	-2.19001065428792
193000	194000	3.10265111727533	-0.612633053282081	-1.82208856430871
194000	195000	3.05876965123485	0.157253988621255	-1.99139117836451
195000	196000	2.21077280264333	-0.0211616642170415	-1.70264400468583
196000	197000	2.16950130196014	0.490238185106961	-2.44529636611075
197000	198000	2.93700703718144	0.617051551083494	-3.07684854678702
198000	199000	2.1902717780194	0.674343549275403	-3.93649157784868
199000	2e+05	0.644564904543263	-1.03002195901777	-2.43919229177577
2e+05	201000	0.51685392348649	-0.462294201289453	-1.47455290656982
201000	202000	-0.269731370948771	-0.00382925915911008	-0.915157666554648
