0	1000	-2.09590842955806	0.430641349406632	-0.204853037818089
1000	2000	-1.67512005254791	0.490071521709784	0.100889664594452
2000	3000	-1.9873200344063	0.685762607024347	0.448028563517766
3000	4000	-2.02032438114918	1.20159101847882	0.445189759987273
4000	5000	-1.81632659996828	1.12894235073897	0.915306549729598
5000	6000	-1.63373514304838	1.57346278679995	0.828190259891491
6000	7000	-1.21065260660078	1.3134230213457	0.742264605602167
7000	8000	-1.01205760181916	1.61368417008351	0.423313159082745
8000	9000	-0.52261148398521	1.75931070125343	0.389057013416236
9000	10000	-0.384870093680423	2.25569763506745	0.599615744118799
10000	11000	-0.0249175508891112	2.50190987241242	0.345867283692166
11000	12000	0.263748075962302	2.89924573713088	0.342864928432436
12000	13000	0.55808315088959	2.99709492920569	-0.0512277398321177
13000	14000	0.927330499151902	3.1319570999116	-0.308154253812572
14000	15000	0.815417944409842	3.19423022042608	-0.781986380505906
15000	16000	1.1559656101525	3.07674465280982	-1.09677327150045
16000	17000	0.875269459942292	3.16584702602002	-1.43174615434587
17000	18000	0.977433706890367	2.80614962103996	-1.63459315775292
18000	19000	0.56396629595272	2.89162980306568	-1.83872986299432
19000	20000	0.454973157149974	2.47969036582677	-1.57233234445697
20000	21000	-0.0355668118996598	2.34655176864596	-1.65349144025818
21000	22000	-0.21665530458633	2.05914231036806	-1.28061317877472
22000	23000	-0.686989254562425	2.15171508810445	-1.06793758017901
23000	24000	-0.711386155719677	2.21685023420399	-0.535903259951965
24000	25000	-0.830829199224244	2.60462605432285	-0.242063703266522
25000	26000	-1.3172504269152	2.45614283435762	-0.202998529539585
26000	27000	-1.4756359091443	2.9264262104776	-0.0791065018720208
27000	28000	-1.78544124990933	2.89818720635988	-0.456423786151596
28000	29000	-1.58395996246232	3.25343665399157	-0.571886471056577
29000	30000	-1.60654738669011	3.27558708722899	-0.985604821149678
30000	31000	-1.20821015100138	3.51381090190916	-0.923312037968657
31000	32000	-0.982175489327965	3.38513007676057	-1.32468009878229
32000	33000	-0.651977860840177	3.1212245074536	-1.21323054696663
33000	34000	-0.261433467891042	3.23676950276605	-0.957206108496135
34000	35000	-0.242848686978391	2.74054182001763	-0.843883764117092
35000	36000	0.00310320808836616	2.44098690215218	-0.557756376723005
36000	37000	0.0972034243852606	1.97765637350823	-0.482585512407121
37000	38000	0.493917138028923	1.99830378561026	-0.296899445108042
38000	39000	0.953381737367189	1.76800464272209	-0.298030002663895
39000	40000	0.784316876332605	1.82665652628521	0.134908335065843
40000	41000	1.07419308404707	2.05017820342148	0.254073699586296
41000	42000	0.864691389409923	2.00308090567446	0.680835096942273
42000	43000	1.06511559993411	2.33821265847574	0.890729128454811
43000	44000	0.966632550313074	2.14742438526876	1.30436511880176
44000	45000	1.27320684908338	2.45810804570024	1.50432861103492
45000	46000	1.13397644654495	2.20543311034571	1.88389732115362
46000	47000	1.52761103677477	2.33558536306404	2.15960424276699
47000	48000	1.30825179669743	2.16335017429745	2.56563048857993
48000	49000	1.61926056058042	1.91166930275079	2.67983670279916
49000	50000	1.8096780322002	1.78094468552688	3.10406872479692
50000	51000	1.44062400095893	1.46826483961739	3.22145260123964
51000	52000	1.65813180079738	1.08708169763343	3.36751224318963
52000	53000	1.26881029685316	0.857833831116513	3.60220033440623
53000	54000	1.53872891608415	0.460099039169264	3.42235129876086
54000	55000	1.14539645493593	0.395828945139923	3.18224310580175
55000	56000	1.45858442238626	0.590969906760607	2.86568821403806
56000	57000	1.03871483508836	0.907427285920976	2.88160489593213
57000	58000	1.31643051711601	1.14992210201943	2.48197815175198
58000	59000	0.854497937084359	1.05172112523994	2.27490492200492
59000	60000	0.974995917439275	1.15680452562373	1.83761454379778
60000	61000	0.785647569429473	0.648264428388306	1.81742787512034
61000	62000	1.32277206845688	0.631282453603625	1.92438387938628
62000	63000	1.68701596387768	0.526686867302065	1.53682763174021
63000	64000	2.15691288782457	0.722409736252424	1.80334372436501
64000	65000	2.54843087180503	0.749705933335174	1.46104800050242
65000	66000	2.70714938350133	1.17417086036095	1.6535513166821
66000	67000	3.11018099763519	0.879247532868251	1.71065956781671
67000	68000	2.92635334884454	0.962348893569943	2.19767973974535
68000	69000	2.86987262798273	0.458548413744587	2.17404311553211
69000	70000	2.5177814182914	0.363916516987492	2.51429533147192
70000	71000	2.414984132022	-0.114574915432839	2.32675043508985
71000	72000	1.96176029757928	-0.265077563766864	2.4883487523103
72000	73000	1.97790173553583	-0.733019653241791	2.39250110940985
73000	74000	1.51448620856026	-0.727882809840727	2.22935448706206
74000	75000	1.64930008123481	-1.06101735446294	1.86902131319943
75000	76000	1.39200837397341	-0.801588036570097	1.53508677943711
76000	77000	1.71429390330728	-1.00687729352962	1.22359780548123
77000	78000	1.73732572543116	-0.475376550067336	1.02448531001773
78000	79000	2.185725975155	-0.566995064232277	1.34880724932671
79000	80000	2.42197352466303	-0.139079980299588	1.16849937501657
80000	81000	2.79896784552519	-0.472009804811615	1.28518288738741
81000	82000	3.13396810446557	-0.188116947866889	1.04397277807114
82000	83000	2.99081925284749	-0.426335464855911	0.631245719969733
83000	84000	3.24898712248885	-0.324320856572197	0.261370042367087
84000	85000	2.88030079639183	-0.452969393941854	0.0193284852285769
85000	86000	3.02042362102735	-0.442724893482931	-0.459791893234704
86000	87000	2.58772989231557	-0.478834345242785	-0.707112634746615
87000	88000	2.7333060611909	-0.66416051330826	-1.1270670453935
88000	89000	2.46689908787021	-0.62866215825657	-1.56181592680801
89000	90000	2.42979463800559	-1.09244650706824	-1.8112754522672
90000	91000	2.23593975755721	-1.38377937851165	-2.22066236653888
91000	92000	2.61037425589809	-1.69372986998414	-2.12286499332999
92000	93000	2.70512589754916	-1.86132155944461	-2.54211328066766
93000	94000	2.5409441275021	-2.17133108034766	-2.2672891656514
94000	95000	3.04231895117983	-2.30639577610085	-2.14813460084575
95000	96000	2.71016737861836	-2.40291013240961	-1.7251427241362
96000	97000	2.94750472263595	-2.22584700534769	-1.41749869402024
97000	98000	2.7477971101669	-2.30581166902882	-1.02509995323959
98000	99000	2.93593641947841	-1.92896625934738	-0.882909133145875
99000	1e+05	2.59647869614209	-1.84119703267437	-0.541961103077771
1e+05	101000	2.56052433694845	-1.4720472647118	-0.934959266864707
101000	102000	2.06178807486245	-1.31899520873169	-0.986437621296316
102000	103000	1.80950389025029	-1.03572145147346	-1.36518900954569
103000	104000	1.61243825488504	-0.550299685314255	-1.30205670832347
104000	105000	1.35704736018147	-0.061464302517812	-1.4307822116789
105000	106000	1.73573680987479	0.276199063643675	-1.22915776171775
106000	107000	1.64705922141719	0.610363530679027	-1.57653953905074
107000	108000	2.10890129421181	0.570659654911851	-1.69715455060898
108000	109000	1.98471958808701	0.760400217256152	-2.12924513251297
109000	110000	1.93544781570919	0.320647633500048	-2.32240022486035
110000	111000	2.11548540920988	0.222856037431365	-2.75068757648205
111000	112000	1.70588556922719	0.167629626575174	-2.9902248393243
112000	113000	1.86294878974725	-0.277638566230851	-2.88576096576949
113000	114000	1.40244485205719	-0.358336777864131	-2.70048956649064
114000	115000	1.5353288154391	-0.709611730943569	-2.36466968148166
115000	116000	1.11125388019472	-0.67880437649436	-2.10918508205116
116000	117000	0.854970965608828	-1.0425974388057	-1.79034754417735
117000	118000	0.610101433078464	-0.687357786997039	-1.41087278818255
118000	119000	0.676723251096933	-0.854885862732291	-0.886528045807651
119000	120000	0.507107373370678	-0.529593645200392	-0.501594732883517
120000	121000	0.667760444524831	-0.712012853077696	-0.00612426611609952
121000	122000	0.506066538412523	-0.269120240464871	0.172181858176307
122000	123000	0.433313749220866	-0.484190818499843	0.642709008317672
123000	124000	-0.022925230526588	-0.235677276406628	0.452113294583953
124000	125000	-0.162516288285948	-0.722325552876457	0.32198631948533
125000	126000	-0.495549546302187	-0.641326025822189	-0.0167367040331978
126000	127000	-0.780111052651618	-0.888747677374185	-0.321013964590129
127000	128000	-1.09402095569837	-1.16008828114809	-0.643225312402341
128000	129000	-1.22962024694737	-1.63356025723466	-0.814043852637214
129000	130000	-1.46685247584317	-1.82894961868502	-1.24864162549779
130000	131000	-1.04198839326185	-1.84629237400506	-1.46773162842124
131000	132000	-1.09743037694444	-1.97770959588105	-1.91299963735533
132000	133000	-0.79034151478494	-1.58531203520593	-1.96649723347343
133000	134000	-0.513005784816994	-1.93523142569074	-2.20670364704679
134000	135000	-0.224513708353089	-1.86939178175374	-1.76976847579414
135000	136000	0.244555888825577	-2.06046257858955	-1.83255855069915
136000	137000	0.266179383202075	-2.25480761422733	-1.33698395846237
137000	138000	-0.0364017003701203	-2.59644830834958	-1.55672492482667
138000	139000	0.335343067724794	-2.80599586002979	-1.83425414709716
139000	140000	-0.0209837097974021	-2.8406682425768	-2.2286260228082
140000	141000	-0.0270867801292853	-3.32293135262156	-2.04602210255067
141000	142000	-0.491424948268757	-3.16516174146992	-1.95072612934155
142000	143000	-0.330239930195705	-3.29863836164594	-1.45556103978994
143000	144000	-0.736853693474534	-2.95686835286725	-1.2608261739307
144000	145000	-0.414254128203912	-2.76355635721104	-0.818466134439928
145000	146000	-0.910608884868358	-2.67328081721223	-0.642765666747398
146000	147000	-0.698059908691362	-2.73378765651241	-0.170473429605458
147000	148000	-0.999347084442662	-3.12658163221426	-0.114024769718564
148000	149000	-0.739071243818862	-3.31777670171592	0.296565603743996
149000	150000	-0.773370422737443	-3.73816906947043	-0.0425921212099291
150000	151000	-0.302139348014425	-3.67399703228769	-0.0767627275584401
151000	152000	-0.276645606355556	-3.77387101585589	-0.546835770294464
152000	153000	0.216330670419768	-3.94389660945447	-0.619900547316626
153000	154000	0.300722418330641	-3.5398348082301	-0.870986272364963
154000	155000	0.787473896469518	-3.5907013292861	-0.878710092327713
155000	156000	0.729360513335622	-3.23559311193315	-0.52695921464562
156000	157000	0.951574319628553	-2.83076222989537	-0.614294592092348
157000	158000	0.988646345308178	-2.62111369775364	-0.165916931801127
158000	159000	0.82264653072018	-2.25107470497858	-0.36193805522462
159000	160000	0.62107668421804	-2.07087342067901	0.055025284415597
160000	161000	0.369504085948049	-1.90639921857616	-0.397344571837922
161000	162000	-0.133473092928864	-1.76777200827143	-0.413016254878015
162000	163000	-0.427876979905092	-1.76417611458789	0.0195233028356748
163000	164000	-0.973114729355627	-1.72947326621263	0.163284932126023
164000	165000	-1.32212193003248	-1.38576613174994	0.32288896202608
165000	166000	-1.75961059532155	-1.16823007227412	0.433796643596146
166000	167000	-1.93935389420873	-0.744687061334636	0.621910258012632
167000	168000	-2.33555667954522	-0.451355648134207	0.672435138750912
168000	169000	-2.3482162713107	-0.175430300546202	1.09790693837048
169000	170000	-2.62260946501602	0.175460655422526	0.870319887462755
170000	171000	-2.73346489735856	0.528885899454688	1.27226271150635
171000	172000	-2.93098586475021	0.736965156631137	0.821496486295824
172000	173000	-2.93539837721841	1.17091539069486	0.962216145885604
173000	174000	-2.92373376258488	1.51095638640554	0.641577267486496
174000	175000	-3.33022595735567	1.72517246547457	0.814423477008807
175000	176000	-3.43173099780679	1.74391909994145	0.357761273255481
176000	177000	-3.81703652527073	1.57544045074194	0.407731799848971
177000	178000	-4.00425182065841	1.56195349301769	-0.00524600187748993
178000	179000	-4.25765507985774	1.19847112979193	0.158278819376919
179000	180000	-4.15157944902389	1.01648013612567	-0.209873452074775
180000	181000	-4.25661468286509	0.599902793430819	-0.040120853819224
181000	182000	-3.75145872611565	0.599143064498007	-0.0895438618759373
182000	183000	-3.72903061571368	0.466890490388702	0.396305623577097
183000	184000	-3.29512982650607	0.175054008872427	0.324497867339691
184000	185000	-3.32520474015898	-0.0515707062822465	0.798292792110511
185000	186000	-3.24941223092218	-0.354338298662231	1.2157592963922
186000	187000	-3.44562751032861	0.0554958185680333	1.43236980121576
187000	188000	-3.72171735649507	-0.191257570415146	1.78370930606221
188000	189000	-4.06917453340925	0.0945335475415179	1.55656940434153
189000	190000	-4.44739163590923	-0.0758627847990991	1.70467826589374
190000	191000	-4.61700278311634	0.198748301474507	1.40539191639482
191000	192000	-4.81891473592553	-0.187774484547111	1.32015207867612
192000	193000	-4.50938682054242	-0.148859971208234	1.00185332340041
193000	194000	-4.3834561964787	-0.588499001825894	0.889675260246241
194000	195000	-3.9805746068075	-0.494394227893511	0.650057200696621
195000	196000	-3.78319196868167	-0.635814262885314	0.245214247354455
196000	197000	-3.32849566079554	-0.543742100799666	0.167310841146848
197000	198000	-3.14184103428993	-0.573289681251236	-0.310814371464457
198000	199000	-2.63366118064619	-0.506089396005669	-0.169537647661302
199000	2e+05	-2.36953449785135	-0.24833479821629	-0.497559796664096
2e+05	201000	-1.97806491199968	-0.211977769068426	-0.200570855858118
201000	202000	-1.79427820108912	0.148094466150582	-0.512406087225924
