0	1000	-1.36519437795672	0.300501068584059	0.136908707188799
1000	2000	-0.423032795421656	0.765494728196927	-0.187471830732956
2000	3000	-0.422275560800933	0.141695625285613	-0.929609117636324
3000	4000	0.244474912492691	0.483443278556097	-1.78337427897334
4000	5000	0.460895409221438	-0.506902442155681	-1.55781122853433
5000	6000	1.28768852589837	-0.235751590853065	-2.08653293099371
6000	7000	1.70960820171025	-0.0322166744024094	-1.21887939129968
7000	8000	2.50798052961522	-0.369993418254052	-1.28205399705319
8000	9000	2.98379703111334	0.336780455434269	-1.14154726900085
9000	10000	2.5231864371536	0.16143389031892	-0.469510472635373
10000	11000	2.7709070593958	0.887981833252854	-0.526411350844981
11000	12000	2.19464658264365	0.692725486696991	0.183237086835497
12000	13000	2.58536598902374	0.64240556701442	1.22361167070097
13000	14000	1.70940627816681	0.742867922682188	1.01992370643741
14000	15000	0.92667281479822	0.177182385712041	1.01374770807804
15000	16000	1.21992923796711	0.303571940204319	2.14499155925114
16000	17000	0.551314201133331	-0.550049527260199	2.17850974192968
17000	18000	1.01919609610173	-1.16274468653374	1.57145514064175
18000	19000	1.89818783906977	-0.825945347397358	1.8077115290734
19000	20000	1.76400136348902	-0.607063622445091	0.716479601116174
20000	21000	2.75872354609894	-0.548071505379178	1.21141984088828
21000	22000	2.71575209691369	-0.858089465230331	0.347777286363565
22000	23000	2.70979716005602	-0.0539623125008101	0.426038706646968
23000	24000	3.50322600728967	0.0309497947161361	0.732409469380892
24000	25000	4.00069499200803	0.215696280553349	-0.662611298671962
25000	26000	2.88409299543513	-0.425397438792323	-0.502560868940905
26000	27000	3.49060410990335	-0.228459222289062	-1.08322944199497
27000	28000	3.26647907287414	-0.843602972995829	-0.877281666624713
28000	29000	3.54471551024458	-0.464620395946182	-0.497082386919049
29000	30000	3.93406860169628	-0.804064599576088	-0.654393823932004
30000	31000	3.56467859644584	-1.00971173458644	-0.221861822898255
31000	32000	4.03780565248395	-0.701765215777891	-0.10985547389193
32000	33000	3.63664507105762	-0.640927617666759	0.225885918389266
33000	34000	4.00093461202237	-0.134817746292484	0.0252917617972224
34000	35000	3.31502586256542	-0.182389244287651	0.0753913713840473
35000	36000	3.42517563556703	0.248333252893617	-0.457817354468664
36000	37000	3.16519152693011	0.404980649119254	0.0013381038437113
37000	38000	3.73361862149043	0.458573261666181	0.130669098453045
38000	39000	3.6667878208511	0.922887903997538	-0.139286514574416
39000	40000	3.38701290545013	0.859528824511042	0.39634800488259
40000	41000	3.21394552714332	1.16209731772192	0.0849091405382038
41000	42000	3.19223456835903	1.34983854469733	0.539349663329385
42000	43000	2.87416713252685	1.56115831014296	0.237623929450097
43000	44000	2.70360760062158	1.62181025335107	0.747748489648363
44000	45000	2.51958578394134	2.11818053152361	0.371032552995167
45000	46000	2.07985770155739	1.96800478915396	0.931019036903791
46000	47000	1.69586874978389	2.10036445953144	0.256932881542284
47000	48000	1.77483607805173	2.77451651473561	0.657170567673249
48000	49000	1.17897947361444	2.78801745792153	0.309795984091303
49000	50000	1.22392291716607	3.43788809830338	0.506105634204516
50000	51000	0.720529043043296	3.18678621386024	0.721314624516272
51000	52000	0.562539709495094	3.71802041744056	0.92386176419465
52000	53000	0.394533472346632	3.68605056613252	0.249355498468749
53000	54000	0.349102158685655	2.92432999631561	0.151528149041229
54000	55000	0.408142484182606	2.57726791272984	0.841555519530777
55000	56000	1.0510366766074	2.70477843070146	1.13880506458267
56000	57000	1.22326394335569	3.30034352474217	1.28699316310985
57000	58000	0.764510837808769	3.56711418602593	1.59757706153697
58000	59000	0.621358455851706	2.9852178935327	1.57661923308314
59000	60000	0.982353256945545	3.12976215476646	1.96379191020969
60000	61000	0.658782658046095	2.72542035673066	2.11213827653073
61000	62000	0.324691490515843	3.24562622617602	2.14768537701599
62000	63000	-0.115864260511402	2.81216990139234	1.80974746982615
63000	64000	-0.0734724136698644	3.52434012112558	1.53988775493605
64000	65000	-0.183866589081165	3.00074753944444	1.02903075659573
65000	66000	-0.228573544215498	3.73185580906208	0.797653707398671
66000	67000	-0.367219414898137	3.19093912103387	0.338893121960799
67000	68000	-1.00224531104017	3.53838685116804	0.36712913015544
68000	69000	-0.977017912982826	2.62021805905237	0.327618900151419
69000	70000	-1.62307740304147	2.93237367158076	0.734351525852367
70000	71000	-1.39747742342273	2.27638733229169	1.26031866333948
71000	72000	-2.11760780305304	1.87220987327747	0.867631043561509
72000	73000	-1.23155534616684	1.35346732763544	0.851903359032012
73000	74000	-1.81487127701282	0.654205308628607	1.41108869282967
74000	75000	-0.591432244440956	0.327774501104702	1.24734419455135
75000	76000	0.0922157802732945	0.722729008979483	2.01760656859181
76000	77000	0.436998634401343	1.19258635890396	1.05182894068024
77000	78000	1.29188008429975	1.70818329111696	2.10474593524353
78000	79000	0.667175682427438	1.94735103721561	1.60313207119677
79000	80000	0.307166512785072	2.15004528480754	2.44634458918328
80000	81000	-0.216187702084113	1.96224625918727	1.73370757503677
81000	82000	-0.761650271404167	1.92027529309958	2.39025674057567
82000	83000	-1.01480448213217	0.96561644039143	2.25615190749109
83000	84000	-1.29244347754204	-0.146704005615143	2.32523225462299
84000	85000	-1.20367198452532	-1.18520880381998	2.38529168202878
85000	86000	-1.76840190953853	-1.77832310208209	2.7638743092362
86000	87000	-1.69199146957462	-1.86067186263781	1.92651226271561
87000	88000	-2.11686356837452	-2.44048609705678	2.23426099592926
88000	89000	-2.03295338244295	-2.48478686233316	1.48706234807757
89000	90000	-1.96959298897792	-3.20749034305727	1.82880371246469
90000	91000	-1.26310073622438	-2.89893019689205	1.48901783751216
91000	92000	-1.3784251248458	-3.82427003831851	1.62683949813602
92000	93000	-0.676447451842498	-3.48051754771257	1.26518332361104
93000	94000	-0.659900069777395	-4.10602935749742	1.6445736765607
94000	95000	-0.0519878586702712	-4.46107902266553	1.79818690679278
95000	96000	0.0692431957313524	-3.71737199507259	1.95706512959896
96000	97000	0.174210895614559	-3.75880602399693	1.33810619545568
97000	98000	0.730998741872064	-4.14587054128279	1.4187609552575
98000	99000	0.599518366340234	-3.58647824821988	0.856947200376113
99000	1e+05	0.606194941411717	-4.28244857225162	0.498220075427307
1e+05	101000	0.11014044091097	-2.94374061367599	0.551588705323013
101000	102000	0.0964441129579686	-3.67126265401616	0.0462346671495957
102000	103000	-0.31559434666094	-4.31147074850904	0.769362659298163
103000	104000	0.439751792147731	-4.25329597133888	2.59154234800347
104000	105000	-0.0341779000041228	-2.37572514288583	1.52924601365662
105000	106000	1.09329970479307	-2.68148019400298	2.3383267866285
106000	107000	0.367801530344733	-2.34110651245837	2.3248597398004
107000	108000	0.436131155591741	-2.9428319013792	2.83979981936492
108000	109000	-0.118033105146282	-3.36290341902197	2.84672467499293
109000	110000	-0.329663151739528	-2.69325297781646	2.67450855772657
110000	111000	-0.767037969225063	-3.05688924102925	3.06815047918021
111000	112000	-0.918268812142593	-2.36372292882803	3.01002834376022
112000	113000	-1.06095989278448	-2.49584747211397	2.30783043936715
113000	114000	-1.52593551463056	-2.98854924096347	2.69488173299139
114000	115000	-1.06725268657105	-3.47825511707632	2.35596074669862
115000	116000	-0.419822595626547	-3.09144733751994	1.95225555838315
116000	117000	-0.496850608188192	-4.08857754936555	2.51647050476929
117000	118000	0.804290364995068	-3.58964685745206	2.22977913950374
118000	119000	0.5978307785649	-3.03694040540736	1.58312941801354
119000	120000	1.4060260479069	-3.51277900725456	1.59621897534286
120000	121000	1.24363794430052	-2.73909143775311	1.18562730149486
121000	122000	1.88828470696211	-3.00561809165072	1.22035298296757
122000	123000	1.63402375444238	-3.62486696330146	0.835772862396293
123000	124000	1.26791431625851	-3.19483019915513	0.309482428864498
124000	125000	1.95867901922769	-2.6971304008967	0.408708884459507
125000	126000	1.16475621095148	-2.18969857737554	0.26731438776359
126000	127000	1.73263968062711	-2.09654841213133	-0.527056761904048
127000	128000	0.869953857589299	-2.34357212179534	-1.01927933350913
128000	129000	0.3772380049646	-1.58887294213492	-0.43501526069032
129000	130000	-0.386964701542926	-1.52572703721214	0.224126277095009
130000	131000	-1.24544781602401	-1.2017478397917	0.693833538572733
131000	132000	-1.64735933841772	-0.990821915516859	-0.237213293531593
132000	133000	-2.55145712316711	-1.36061465960019	0.00488322028111378
133000	134000	-2.30157499504989	-2.29102275894781	-0.565805045001058
134000	135000	-1.66980150610482	-2.33146255484268	0.192253526962892
135000	136000	-1.74730050338201	-3.23777666461028	-0.142434386197917
136000	137000	-1.7249493783083	-3.39330562171095	0.742760042249662
137000	138000	-1.16358329723774	-4.02425918423357	0.59265202543925
138000	139000	-0.844161926224498	-3.23743883356345	0.410479042363029
139000	140000	-0.833644639746158	-3.70034096977582	-0.396438060284574
140000	141000	-0.515447009872917	-2.65013032530429	-0.282670957884131
141000	142000	-0.396703722836755	-2.91925131754246	-1.20499497134481
142000	143000	-1.14053816052702	-2.1296783036933	-1.02118819128437
143000	144000	-0.822019387598176	-1.19252038170818	-1.1750782480821
144000	145000	-0.328700763257736	-1.79076341259979	-1.99195777182762
145000	146000	-1.02237196391979	-1.77837227478394	-2.93113741951359
146000	147000	-1.26680912855611	-0.940265815193353	-3.11538817701942
147000	148000	-1.29073065140063	-0.380921595156483	-2.4371853424414
148000	149000	-1.84417485796732	-0.297586514472305	-3.11897487376526
149000	150000	-2.12023763698585	0.329061113602268	-2.78189492184885
150000	151000	-2.00542803628613	0.000666128679628413	-2.05877474959126
151000	152000	-2.5171234846837	-0.631416913167948	-2.30893507340559
152000	153000	-1.99693674896858	-0.817965844100758	-1.5663631614496
153000	154000	-2.19717900668368	-1.59034775048252	-1.76270813663175
154000	155000	-1.51632976066012	-2.06736453529854	-2.06206582983019
155000	156000	-1.77486207440184	-1.4481160961493	-2.56794886391036
156000	157000	-1.04000086897788	-1.25934153513342	-2.22885974443783
157000	158000	-0.348307661538718	-1.38208406067571	-2.90340151579573
158000	159000	-0.396064780320892	-0.830414773642415	-2.43006956383343
159000	160000	-0.0405394476681477	-0.65334719798046	-3.05397905362114
160000	161000	-0.714116721130203	-0.422010711393613	-3.2377905431029
161000	162000	-0.606846977473755	0.0721573914402259	-2.70970122989199
162000	163000	-1.00754953254992	0.399075239097407	-3.29450085746668
163000	164000	-0.811423915380326	0.9892909527861	-2.97088033457615
164000	165000	-1.40008812960979	1.3587315356543	-3.08312517889111
165000	166000	-1.0717710737446	1.92830896191793	-2.88210759969774
166000	167000	-1.66993908155676	2.20474261007903	-2.91843622883184
167000	168000	-1.32462253099569	2.55279498753564	-2.60398329565155
168000	169000	-1.49510710824428	3.07334702519112	-2.63521329340545
169000	170000	-1.73794105162187	2.76803959294558	-2.31114204846753
170000	171000	-2.01654814968905	2.91922383138552	-2.69425328349455
171000	172000	-2.25282165934836	2.91793247337373	-2.226495152267
172000	173000	-2.13307137265424	2.43088201078521	-2.30658440755959
173000	174000	-2.49646574730143	2.57418093096211	-2.64745202613291
174000	175000	-2.69467427310498	2.4462182779389	-2.10872810823025
175000	176000	-2.61509555820496	1.93093330271036	-2.49157515560952
176000	177000	-2.6960536050463	1.70714172206388	-1.801808292058
177000	178000	-2.75516967534465	1.10511638292388	-2.42975164589925
178000	179000	-2.79266524980241	0.669396762515015	-1.66622670794423
179000	180000	-1.94596008560019	0.879184753319002	-1.56065748538659
180000	181000	-1.14244835860438	0.974438716295774	-1.90783274546304
181000	182000	-1.68749644797027	1.50758288634894	-2.18967211973194
182000	183000	-0.901758924500127	1.97955082859402	-1.95028822172264
183000	184000	-1.75509869642972	2.34285826503341	-1.63124770466934
184000	185000	-1.1783097243482	2.71204878439382	-1.97044899677634
185000	186000	-1.85420303870937	3.42817408285491	-2.20883797795762
186000	187000	-1.71325206090819	3.05675103672692	-1.79516750356919
187000	188000	-1.19869725307312	3.39799674574435	-2.01831491415822
188000	189000	-1.51689873784191	3.56165868861571	-1.54112094148862
189000	190000	-1.14956503165594	3.21675809830524	-1.32612075998902
190000	191000	-0.871380605606702	3.64397952267934	-1.45481770084626
191000	192000	-1.1645773237281	3.71781622659645	-0.941955963145371
192000	193000	-0.555316237499622	3.58347148494282	-0.862454946076306
193000	194000	-0.475437658900423	2.91009303445356	-1.00491639264208
194000	195000	-1.21194452675794	2.94737375872901	-0.587120588235874
195000	196000	-2.01007437417802	2.99161110996138	-0.764407334124358
196000	197000	-1.26199678433708	2.08459867993411	-1.00955946495963
197000	198000	-2.09336755601316	1.89475442253096	-0.880648619426861
198000	199000	-2.90352292173066	2.14038548146409	-0.930223481892346
199000	2e+05	-2.82002983643688	1.18791924804562	-0.676329399403229
2e+05	201000	-2.07368857501275	1.14509110577339	-0.0740979152896448
201000	202000	-2.52003559536573	0.29331634666595	0.154481417054381
