0	1000	-0.34849672161439	1.44101326591231	-0.786154353097932
1000	2000	-0.111262191830826	1.17741717937317	-0.786847110685195
2000	3000	0.0132668451110445	1.36701455161274	-1.03214715461428
3000	4000	0.316234086807126	1.17204842425594	-1.03831570064172
4000	5000	0.269923841563369	1.33487663422105	-1.36948618564897
5000	6000	0.594262782536338	1.21535592644254	-1.47940108147132
6000	7000	0.393680003495422	1.06783691610391	-1.74905382636927
7000	8000	0.524474355421246	1.29527953338183	-1.98978668023735
8000	9000	0.448124802219216	1.0264533275137	-2.23046543087211
9000	10000	0.531196077974226	1.29012034069555	-2.5104314072276
10000	11000	0.219478852972974	1.13207563993062	-2.60734005994058
11000	12000	0.337624788540384	1.16285220953647	-2.9441621401672
12000	13000	-0.0288521329289692	1.27058865544907	-2.97250563075241
13000	14000	-0.00732845033210285	1.1066930174794	-3.33578344336472
14000	15000	-0.345908378044363	1.34177435723191	-3.36148688535281
15000	16000	-0.459967310566943	1.06555713188895	-3.63899166231208
16000	17000	-0.797915102589541	1.24082415042978	-3.58943957747147
17000	18000	-0.945866003292326	0.98556293577068	-3.78816834356128
18000	19000	-1.213360544014	1.2343721413536	-3.88967307845917
19000	20000	-1.40694416814318	0.910024878652773	-3.85248179367259
20000	21000	-1.67421160733043	1.08225733471581	-4.02900450789862
21000	22000	-1.86147975286192	0.95328854545351	-3.76863745577868
22000	23000	-2.0986700806261	0.859141094321749	-3.99709738810293
23000	24000	-2.29542200380702	0.995208986484987	-3.74763677744808
24000	25000	-2.41580340072854	0.692840863741762	-3.70089050300108
25000	26000	-2.75468026396129	0.810033228839617	-3.72559769790475
26000	27000	-2.77805948842898	0.628565406811195	-3.38539457389637
27000	28000	-3.12671194001422	0.526878044480911	-3.46567000983381
28000	29000	-3.10356865458442	0.348796112425868	-3.15900752093884
29000	30000	-3.43576748799361	0.256061531345529	-3.19207992599466
30000	31000	-3.35303322957061	0.0528586893645583	-2.89915333183234
31000	32000	-3.67725660289287	-0.105409633649107	-2.93770321542712
32000	33000	-3.53107459322541	-0.386194924499905	-2.81133333380293
33000	34000	-3.81442250460504	-0.504728084492453	-2.66266173001611
34000	35000	-3.68125506001813	-0.813947567443152	-2.73550864941706
35000	36000	-3.73133874914275	-0.952294714344996	-2.44991322635943
36000	37000	-3.77068228506756	-1.245623088559	-2.57877745246676
37000	38000	-3.66045655052395	-1.39967673913	-2.3123931266395
38000	39000	-3.85207685907129	-1.71189759182285	-2.36578122384122
39000	40000	-3.52586215365387	-1.77123260110055	-2.23539352084599
40000	41000	-3.60915510750918	-2.00537409308163	-2.07176511250485
41000	42000	-3.31739509498868	-2.12371520783099	-2.11891733750622
42000	43000	-3.40477000612699	-2.34581434637612	-1.89934133925129
43000	44000	-3.08047143880805	-2.40810248526101	-1.88331979647683
44000	45000	-3.14472801747545	-2.73191082990579	-1.75510184038586
45000	46000	-2.77802702779977	-2.71625049440788	-1.73668113916307
46000	47000	-2.75780828691488	-3.04815059028019	-1.5615892972786
47000	48000	-2.45198651820332	-3.03007614625631	-1.75378294840676
48000	49000	-2.23145753297431	-3.09869964010729	-1.5375501936586
49000	50000	-2.08562015909974	-3.34245410272181	-1.73961170597976
50000	51000	-1.80493765944085	-3.21672707929999	-1.5558465199818
51000	52000	-1.59456427905359	-3.26225170859143	-1.81669564010516
52000	53000	-1.32505067364499	-3.39338298023649	-1.60921460799526
53000	54000	-1.13327167505376	-3.25256915516853	-1.9101649601133
54000	55000	-0.837407235327658	-3.27381242522531	-1.72627131991169
55000	56000	-0.67674594605277	-3.29075924176828	-2.02915139935324
56000	57000	-0.399148448295835	-3.21540828429679	-1.84731536147526
57000	58000	-0.220630239416634	-3.28300581585294	-2.15470129811412
58000	59000	0.0316031264443948	-3.2174462919207	-1.92830429815609
59000	60000	0.256754799669909	-3.09569758940253	-2.12884976072603
60000	61000	0.504172585680074	-3.36935865200561	-2.03462146710739
61000	62000	0.734870697218532	-3.06624509329278	-2.03215953938392
62000	63000	1.04618794501342	-3.28761985161696	-2.16095429420179
63000	64000	1.20109358040498	-2.94503163777626	-2.03539719686135
64000	65000	1.53295768592028	-3.07990442270308	-2.03728716978791
65000	66000	1.68350611202085	-2.76268745787894	-2.12610277379037
66000	67000	2.0028901099169	-2.90015531446594	-1.99376403392885
67000	68000	2.15694593227806	-2.65008675526714	-2.23702876741144
68000	69000	2.29265980676649	-2.5252922916567	-1.93299913975303
69000	70000	2.61173085827062	-2.50886016148071	-2.09966083340212
70000	71000	2.59495520613331	-2.1721833861656	-1.95742427353589
71000	72000	2.92946925250426	-2.25135185158739	-1.84394870351201
72000	73000	2.9269737687178	-1.88550883190824	-1.76206180640525
73000	74000	3.23650965806339	-1.95464438751359	-1.53465493468264
74000	75000	3.21283603652083	-1.58033600469523	-1.40772055105935
75000	76000	3.45684838021443	-1.6802992071263	-1.11495751221542
76000	77000	3.47806538933418	-1.33835703325757	-0.943224294647962
77000	78000	3.84853705740907	-1.46600770065051	-0.745224804280471
78000	79000	3.6724628413043	-1.18445732923191	-0.490435121783842
79000	80000	3.99293240072066	-1.22964844450824	-0.271598588030362
80000	81000	3.84939565742478	-0.896359012670503	-0.15226874477535
81000	82000	4.18263368193021	-0.874355846702844	0.0571564039827564
82000	83000	4.00957199502429	-0.529149601398669	0.0855847667807217
83000	84000	4.36322026080317	-0.400410403281353	0.154625427277379
84000	85000	4.13453851689502	-0.193789299977904	0.38401227897301
85000	86000	4.38072298864532	0.0741382545506664	0.227167265528029
86000	87000	4.21446183444097	0.227297895408562	0.538423659900231
87000	88000	4.06913534142092	0.438189227568761	0.280751865564453
88000	89000	4.20713737065941	0.694147983536352	0.497551935691705
89000	90000	3.86572684528525	0.838133891664848	0.425471621600277
90000	91000	4.02400204722815	1.17970864328996	0.438060578128376
91000	92000	3.66628352958861	1.29882862281085	0.439593226352267
92000	93000	3.75800777230853	1.64809041729151	0.465185550491163
93000	94000	3.4165187776747	1.78440595092255	0.425207748813906
94000	95000	3.52323485853191	2.17402401040596	0.545050177594482
95000	96000	3.16131702303489	2.23278174562301	0.34483019648894
96000	97000	3.03450709665099	2.48777367191753	0.570079687534332
97000	98000	2.98054631589523	2.72380685645737	0.316307722221572
98000	99000	2.75936836527961	2.88276215312461	0.543090513919567
99000	1e+05	2.87943591302167	3.23258445533907	0.423650690556069
1e+05	101000	2.4960041723628	3.28045310144083	0.461251276402646
101000	102000	2.56475814965429	3.63004680242663	0.546528337274241
102000	103000	2.25868634867288	3.6807582652981	0.376967077666999
103000	104000	2.21428680699073	3.96056476384278	0.57501552488807
104000	105000	2.06097392384739	4.1291302150511	0.275390000272972
105000	106000	1.88081832756888	4.26976644872666	0.558158638068085
106000	107000	1.63033992719554	4.32142184007278	0.32485504315569
107000	108000	1.49813873035351	4.52435946465499	0.564855307201093
108000	109000	1.23387920129275	4.5818752349339	0.326335271307972
109000	110000	1.04321908558222	4.62472259835336	0.635645314587065
110000	111000	0.74461113083137	4.65615730138432	0.437247400137461
111000	112000	0.586376834760858	4.83890072306044	0.728201136608189
112000	113000	0.293330013891031	4.62420797804519	0.605138952584601
113000	114000	0.103895438056595	4.84548843460674	0.82761742527326
114000	115000	-0.156701564118139	4.63354668109971	0.698048115085754
115000	116000	-0.314475687274713	4.74378526530491	0.974990824757958
116000	117000	-0.624030383366962	4.76292060014648	0.744968433936468
117000	118000	-0.750267412712409	4.81930758204112	1.10062402259026
118000	119000	-0.769872638032093	4.46731689685586	1.11882645474837
119000	120000	-1.0927611805281	4.49438910403053	1.10327403029441
120000	121000	-1.08531974831833	4.44598465361392	1.44266647087694
121000	122000	-1.15674976788132	4.12826843149491	1.35680357770428
122000	123000	-1.46408858590648	4.1601830594313	1.57174112959859
123000	124000	-1.22064618194672	3.8737605645587	1.76645066410065
124000	125000	-1.55927798770923	3.65919688021511	1.7878306152628
125000	126000	-1.35445204460293	3.45861447322344	2.05198935132552
126000	127000	-1.68399227864402	3.24023789185432	2.15318451845647
127000	128000	-1.47034991335179	3.18684461932275	2.51750456192116
128000	129000	-1.65510271441931	2.78724019486063	2.5203708041448
129000	130000	-1.51150935115529	2.78112574515525	2.91509837874069
130000	131000	-1.35775564178118	2.45139049184061	2.83646141071667
131000	132000	-1.35526832098515	2.37608223590138	3.17846965988348
132000	133000	-1.2035853147318	2.06364983559728	3.06767343147259
133000	134000	-1.04095248561641	2.06362378349374	3.41252785175682
134000	135000	-0.952025305940579	1.72266468416768	3.28195332315677
135000	136000	-0.645896688709141	1.74850490579428	3.44670314032134
136000	137000	-0.659018449812486	1.39952154908372	3.47726924536435
137000	138000	-0.320520586074681	1.43748812081452	3.4290781636464
138000	139000	-0.319376078798735	1.10598284017031	3.48679849192245
139000	140000	0.0307351970282338	1.14765264922131	3.53927958620528
140000	141000	0.0303935670032181	0.7921244881865	3.52038234107553
141000	142000	0.366933070041134	0.77995690516461	3.4906141463327
142000	143000	0.399503114470238	0.450662167452419	3.51665550934071
143000	144000	0.742436373401991	0.441321119945069	3.45936018758826
144000	145000	0.778051572894791	0.0960053315946953	3.52247563070707
145000	146000	1.06903968443119	0.0678895867239647	3.34620189352818
146000	147000	1.18665520532786	-0.228057630635913	3.45845916845542
147000	148000	1.43097459249303	-0.297207224787257	3.216987176921
148000	149000	1.52886551490758	-0.626708736495073	3.37313956889789
149000	150000	1.84856054184154	-0.637959038924686	3.15399218598039
150000	151000	1.7889317600512	-0.929286548941912	2.95498065805169
151000	152000	2.00356541237614	-1.18926626417479	3.05799619776309
152000	153000	2.14382972952999	-1.31815495730549	2.72765809099198
153000	154000	1.99218979957735	-1.65597135606276	2.7896799602404
154000	155000	2.29326251700193	-1.85008224399337	2.620045945564
155000	156000	2.01351540972804	-2.13488956776664	2.67797755376946
156000	157000	2.09508032055033	-2.29541929179094	2.34643764187464
157000	158000	2.06141885986465	-2.63269512086251	2.55092699970615
158000	159000	1.88006699275833	-2.73724893033547	2.23293060010443
159000	160000	2.02030377889056	-3.12847252067404	2.33195942895615
160000	161000	1.7798013451439	-3.13342989977812	1.99333549023634
161000	162000	1.57183978743991	-3.34313919317385	2.1854471845975
162000	163000	1.48552799775305	-3.51754121280258	1.87431197279771
163000	164000	1.22536233762477	-3.65365240900441	2.0994686759319
164000	165000	0.998283863744189	-3.5310054413529	1.86493182888068
165000	166000	0.761288735336673	-3.75953645495294	2.00859650431988
166000	167000	0.547303411490765	-3.56238196260176	1.78598272624205
167000	168000	0.299318313972607	-3.57409892352513	2.03814739619865
168000	169000	0.0445271225745636	-3.64068075361793	1.77932950151298
169000	170000	-0.122233224479672	-3.35744103722769	1.94152997547348
170000	171000	-0.461795709100657	-3.52228165222701	1.87555364958019
171000	172000	-0.542077353465859	-3.20187336480468	2.06278113148271
172000	173000	-0.795308748767399	-3.12253594410087	1.8582722530545
173000	174000	-1.00578966392812	-3.00896157384505	2.11391998037382
174000	175000	-1.23649447748788	-2.91321357547829	1.83675039827052
175000	176000	-1.34277989978847	-2.65389026057329	2.07097710847772
176000	177000	-1.5286175563388	-2.51324560176651	1.82054516375186
177000	178000	-1.68135671128214	-2.27602208778959	2.04606515161002
178000	179000	-1.8590166171066	-2.16820336884369	1.75082343986851
179000	180000	-1.84897114319277	-1.8284309986272	1.80040212476723
180000	181000	-2.20132655189668	-1.77093218453761	1.73331868816125
181000	182000	-2.06727801991349	-1.44283985871762	1.59826008191124
182000	183000	-2.38867172884487	-1.38079013685618	1.44174553911541
183000	184000	-2.29237506090862	-1.04231365229747	1.43562533609667
184000	185000	-2.41240723804011	-1.00919490588454	1.12464170925472
185000	186000	-2.56286346971604	-0.717175373905002	1.20155672576724
186000	187000	-2.43933398008209	-0.612420667065061	0.893114586858067
187000	188000	-2.70978403099208	-0.357549620501691	0.848483744304213
188000	189000	-2.42690664191665	-0.248215465634995	0.639442263218178
189000	190000	-2.57404314478828	0.0335131233188551	0.55108420061786
190000	191000	-2.3079658682243	0.103670184482214	0.360663327992149
191000	192000	-2.46985181507146	0.410127898144285	0.27067620992694
192000	193000	-2.15814383754416	0.46691801634104	0.115555686223034
193000	194000	-2.27023746588313	0.793617740818518	-0.0205346195310778
194000	195000	-1.93549629494877	0.726391369686242	-0.181281199632901
195000	196000	-1.91001039785896	1.0677890724065	-0.287614898735019
196000	197000	-1.57682935956211	0.957535046914906	-0.36624273539232
197000	198000	-1.51614667421211	1.26841523772033	-0.57094296195563
198000	199000	-1.16880726770125	1.17058324189995	-0.432617035139889
199000	2e+05	-1.03239573901975	1.24314874325841	-0.740391438064755
2e+05	201000	-0.759624827824316	1.38159785167187	-0.585205355899487
201000	202000	-0.570033429265572	1.16038157404341	-0.781537534725215
