0	1000	0.0168558595122159	0.0437088738916244	3.56493721456512
1000	2000	0.133512527268605	-0.938350454430953	3.70002582390235
2000	3000	0.302079309062899	-0.527676873155014	2.73521902542318
3000	4000	0.49636323989071	0.503533053777658	2.32374502864418
4000	5000	0.413297279529169	-0.470724089139855	1.66502013968751
5000	6000	0.92728932628934	-0.100921620779582	0.853707576806789
6000	7000	1.09827470980912	-1.14186110386872	0.460567027787971
7000	8000	1.95530937770531	-1.49567745774856	-0.35820232404252
8000	9000	1.07265375269842	-0.749940293176988	-0.935652649465194
9000	10000	1.58310413956141	-2.4016828287269	-1.00402610862485
10000	11000	0.23221437610963	-1.68084163819515	-0.886022195488156
11000	12000	0.382704731306528	-2.84882406153729	-0.480618943120046
12000	13000	-0.652646440823094	-2.2342926987247	-0.596565352555337
13000	14000	-1.55938976395618	-3.11856613597301	-1.27797459852806
14000	15000	-1.74310461334118	-2.09238870245119	-0.677636223655231
15000	16000	-2.55904669111231	-2.36916761373168	-1.31149914594372
16000	17000	-2.24877452412726	-1.283349207964	-1.30576448522613
17000	18000	-2.44021578159757	-1.46975382120241	-2.31621538633117
18000	19000	-1.58937854809648	-0.918723031666046	-2.12938991898849
19000	20000	-1.47991051086577	-2.21718363806497	-2.28674777009577
20000	21000	-0.688311331965167	-1.41683730417365	-1.76566182996358
21000	22000	-0.678872992194259	-1.59056681847706	-2.94961300363152
22000	23000	0.306037888195864	-1.20544242050519	-2.19591134065367
23000	24000	0.80227254715337	-2.04063680260453	-1.95107221736038
24000	25000	1.40650108070127	-1.54306303920726	-2.36347800068127
25000	26000	1.49570702790929	-2.46482588905127	-2.60999801908907
26000	27000	1.8057198779706	-1.89638255002027	-3.07737023948475
27000	28000	1.30850421998105	-2.37827249493091	-3.34990874191255
28000	29000	1.08186830164332	-1.83908164727304	-3.11391365064015
29000	30000	1.22259949769424	-1.8310292090396	-3.72408333304556
30000	31000	1.16430274643993	-1.25142401265619	-3.44462361113866
31000	32000	0.612974018779044	-1.5106263978371	-3.83757465891481
32000	33000	0.42158617595499	-1.36096319665811	-3.1801763879278
33000	34000	0.249672944857679	-2.20950294143768	-3.52393199444817
34000	35000	0.227443390768501	-2.13165667637046	-2.68617457712302
35000	36000	0.508411830550076	-2.88125783458357	-2.87736050404744
36000	37000	0.722333462378813	-2.95776907541837	-2.10878084417224
37000	38000	-0.0784862230131863	-2.85593419677324	-2.14926241200765
38000	39000	0.0808779488781403	-3.57158180542259	-1.80297834936499
39000	40000	-0.405259037055094	-3.10857069972265	-1.33424353970137
40000	41000	-0.537559063009048	-3.62139926402637	-0.759213089804677
41000	42000	-0.897589694876332	-3.42340072856503	0.00928153738272075
42000	43000	-1.73629848151435	-3.18561059224403	0.0235564887347774
43000	44000	-1.62459909657761	-3.59964334281606	0.842627170931043
44000	45000	-1.23924257634087	-2.57710723784561	0.906813307412986
45000	46000	-1.12802486362054	-3.3381144513428	1.66871963174069
46000	47000	-0.968496861492946	-2.22835864310668	1.83911174501516
47000	48000	-1.32010609437161	-2.92574684414178	2.58545916877559
48000	49000	-1.32044163919785	-2.08019361759935	2.7902173035953
49000	50000	-2.13421981742938	-2.60308709268504	3.04055219930427
50000	51000	-2.1280809329925	-1.88053537280579	2.83376081013229
51000	52000	-2.87049786859542	-1.94132298113608	2.93574155896016
52000	53000	-2.56885715910203	-1.22760577275894	3.23069449286884
53000	54000	-1.89857127958964	-0.991640903321783	2.67206491999478
54000	55000	-1.98741203743277	-1.4849111502001	1.90271730123995
55000	56000	-2.47126187821048	-2.12200135501674	2.05666845063057
56000	57000	-3.03810754845926	-2.67104690877966	2.22816794687434
57000	58000	-2.3645473765298	-3.09079869889083	2.10255623789847
58000	59000	-2.26277110434982	-2.71152267142476	1.4376146857472
59000	60000	-2.67939388983385	-3.29376530507733	1.38272554654007
60000	61000	-2.73595307867775	-3.07419597386316	0.669187670030186
61000	62000	-2.57738902207102	-2.2568488198159	0.830570681165944
62000	63000	-3.50429324930119	-2.50593786317434	1.32281725879178
63000	64000	-3.05303573757859	-1.61238223015528	1.40825858546856
64000	65000	-3.54485530601353	-1.73094229277046	2.16160256374767
65000	66000	-2.94512865711647	-1.07135537020043	2.12867920577689
66000	67000	-3.6834184459954	-0.855982024303139	2.20168187894896
67000	68000	-3.14517605012853	-0.259523343337069	2.35038484194077
68000	69000	-3.58871802935705	-0.119861631333452	1.7108508324663
69000	70000	-2.99980138465988	0.440086107649451	1.77610956820541
70000	71000	-3.67938352953701	0.742023497348064	1.24301901585358
71000	72000	-2.84775690478637	0.861980020940013	0.799544654747307
72000	73000	-2.83320175961588	1.57152737560327	1.41898368921565
73000	74000	-1.79184260868856	1.49741074597468	0.92622410865207
74000	75000	-1.65874202811784	0.919476903622717	1.88898449271803
75000	76000	-1.46458254643279	0.0395726437635481	1.02339102024885
76000	77000	-4.15923655565999	-1.28645553476308	0.793355126350912
77000	78000	-3.60489245174563	-2.16714636026324	0.0324333131941153
78000	79000	-2.08481613165865	-1.19044865236183	0.652654050854099
79000	80000	-3.03411658160164	-1.3151508443507	0.118582018110562
80000	81000	-3.05366021522451	-0.575838988290299	0.682921393657068
81000	82000	-3.95576199084243	-0.204111297386396	0.359769455055549
82000	83000	-3.42001987558803	0.383662501019467	-0.199779514485517
83000	84000	-3.59743185503235	1.39333248911761	-0.206938864907038
84000	85000	-3.89152933873911	1.23363624538076	-1.08363153071114
85000	86000	-3.29869651485674	1.90019238113604	-1.08788525877349
86000	87000	-3.65358033893484	2.58558630405917	-1.42551418274664
87000	88000	-2.88997071229701	2.58644460179788	-1.33992650650334
88000	89000	-3.06564442106872	3.14837785906428	-1.8013626449543
89000	90000	-2.27691796476189	3.0021289017042	-1.65323224483953
90000	91000	-2.47584397766196	3.27850286737601	-2.46556551934613
91000	92000	-1.85279689882883	2.73560678211455	-2.34155701992493
92000	93000	-1.68484831265398	3.42210100853805	-2.73662515505635
93000	94000	-1.18855784781825	2.91699835410187	-2.73093371749374
94000	95000	-1.62813895034122	2.9371183388394	-3.47906942488931
95000	96000	-1.35488159098063	2.23209282787289	-3.10264420226174
96000	97000	-0.728452623322344	2.46612967448108	-3.5596401125355
97000	98000	-0.459338290958292	2.02477784444326	-2.75124457161253
98000	99000	0.132492776973844	2.65749436017439	-3.01073444492202
99000	1e+05	-0.0639173478600688	2.95436663698079	-2.02910828978222
1e+05	101000	-0.279697390815349	1.7787958784089	-1.58234572662342
101000	102000	-1.04371420907961	2.63241245682436	-1.17090212573929
102000	103000	-1.37168388113789	1.76934551412498	-1.84519124405893
103000	104000	-2.14161021586082	1.55152772658175	-1.35265850508146
104000	105000	-2.13481235872156	0.931729768645224	-2.20695963217295
105000	106000	-2.98490858221581	0.521056481074194	-2.02640746565789
106000	107000	-2.70068182569991	0.657702568852671	-3.05371093277762
107000	108000	-3.53744022297944	0.881218130425803	-2.80056675701236
108000	109000	-3.18981603090516	1.54562484100582	-3.20666006145066
109000	110000	-3.19274241813628	1.53399360516985	-2.47768843452335
110000	111000	-3.73040174782223	1.86032281144069	-2.76103274828066
111000	112000	-3.75139959705121	1.76057385588376	-2.11197405783506
112000	113000	-3.68895687876694	2.4007251438161	-2.32509459141252
113000	114000	-3.04927670057749	2.17567074715487	-2.12232697543306
114000	115000	-3.11654859335335	2.52498567388704	-2.8151567841935
115000	116000	-2.38731596975397	1.98315689467531	-2.64848782581813
116000	117000	-2.52866400505029	2.4958063655986	-3.43819707429998
117000	118000	-1.94412387415956	1.74915451275152	-3.63784656061278
118000	119000	-1.30804384288896	1.2473711591751	-2.99672084544279
119000	120000	-0.392034213329484	1.32055292339009	-3.636648520206
120000	121000	-0.277206798021367	0.700449064269449	-2.52511785146465
121000	122000	0.145190778935661	0.304857418207338	-3.42955260911885
122000	123000	1.04055977057592	0.567331688896132	-2.92526064941133
123000	124000	1.16086308990534	1.64981209655119	-3.13946258205043
124000	125000	1.15897229067091	1.44060446298671	-2.09223522808764
125000	126000	1.52233033188978	2.51288569668508	-1.89325100095773
126000	127000	1.58846263021925	1.47154056288446	-0.97035439854492
127000	128000	0.976388428448667	2.41662950564751	-0.578294056414623
128000	129000	1.12397582483558	1.75809636653496	0.41419386881507
129000	130000	0.669912740357253	3.14100931768372	0.519219349424781
130000	131000	0.980524478884687	2.46615549876879	1.28271441468071
131000	132000	1.01635887273927	3.21994933512437	1.93161164496238
132000	133000	1.75122970819592	2.5077659721145	2.03890898036214
133000	134000	2.34618572112349	3.20753307420946	2.07591815129988
134000	135000	1.84635616942655	3.27708758462827	1.4041872897233
135000	136000	2.42327410314429	3.72996905138	1.36962763768505
136000	137000	1.63782463651362	3.99416194232621	1.1689861494444
137000	138000	2.16321149506595	4.20142423332902	1.03345935575966
138000	139000	1.97724765515032	3.71590415947912	0.746541465577405
139000	140000	2.03805991300548	4.24844295219108	0.415139868057921
140000	141000	2.67949750280891	3.77899396975229	0.50728888615836
141000	142000	1.98586775069663	3.610405778231	-0.0868392402396508
142000	143000	2.16943946210193	2.76767504831147	0.657459876513424
143000	144000	2.09228432667787	2.72607807541587	-0.263664780803655
144000	145000	2.45645190987725	1.84640478536204	0.178225195612059
145000	146000	2.9957048181641	2.13304043415263	-0.447068417953813
146000	147000	3.79994247658405	1.69892412128059	-0.509706965135425
147000	148000	4.07819617749973	2.06461431812916	0.238126641058877
148000	149000	3.57577981657566	1.27956179085518	0.507416560702744
149000	150000	3.96695187948251	1.59690325536298	1.28651433604286
150000	151000	3.10965035257795	1.82842578424194	1.29587722722381
151000	152000	3.62337069527455	2.5839809522749	1.25001878678149
152000	153000	3.11840166250026	2.53035755810598	0.58925367830917
153000	154000	3.52722885269681	3.12740130190594	0.253270068079562
154000	155000	3.08388399631064	3.26788058486806	-0.470295274852309
155000	156000	3.68154931688592	2.75416999802428	-0.742341598458847
156000	157000	2.93436558958753	2.76292235087904	-1.27062373194456
157000	158000	3.52252213532048	2.23095003160811	-1.56553695535647
158000	159000	2.71236803082327	2.10228168605359	-1.86850203536955
159000	160000	3.2358580113195	1.49457440325485	-2.15694793216082
160000	161000	2.90827111589204	1.43557633772458	-1.29685933167999
161000	162000	3.64409250422135	0.879018592535169	-1.27865654187374
162000	163000	2.70891206550301	0.384032712305547	-1.44528216382395
163000	164000	3.38441901673327	-0.172932452283031	-0.762801579426226
164000	165000	2.60592609282744	-0.0921901575472304	0.0194983904272981
165000	166000	3.55036902995478	-0.426666594321233	0.583654230134419
166000	167000	3.14572495217185	-1.26080288901104	0.960747745101394
167000	168000	2.26732571370008	-1.16600161672113	1.42727678003266
168000	169000	2.95950834212288	-2.18060979011963	1.74254019243714
169000	170000	2.70966879397242	-1.54824412046051	2.19954981018603
170000	171000	3.36034838175941	-1.48724230504004	2.73188943386886
171000	172000	3.35677362405634	-0.968176832761458	2.1366400423479
172000	173000	3.17865010605485	-0.59200522947395	2.70841121405844
173000	174000	3.77066774722543	-0.456327914719455	2.47453790865938
174000	175000	3.63717387282388	-0.114166780425541	2.95538338280493
175000	176000	3.6334459770454	0.178706505508083	2.36093024593833
176000	177000	3.12185659269361	0.361647853558439	2.82758474751013
177000	178000	3.59119320830513	0.97348535011903	2.68231947325171
178000	179000	3.14240577059636	0.892124932398621	1.96645113001552
179000	180000	2.44067346248706	0.981940046111726	2.55542257572123
180000	181000	2.67104476290235	0.0714773448423357	1.59210851854875
181000	182000	1.93758319133532	0.0394087784867791	2.19575885845338
182000	183000	2.00259118976617	-0.821808653341683	2.51366378794603
183000	184000	2.28418207417944	-1.75536063484389	3.09784696233686
184000	185000	1.65089288624786	-1.75108904851538	2.13747033750759
185000	186000	2.10401032913879	-2.61881814643233	2.45761076700739
186000	187000	1.84080817168214	-2.48804143103941	1.40133441021641
187000	188000	1.65617655543911	-3.2884063915515	1.93324304101526
188000	189000	1.07327827424154	-2.6466453774092	1.81407215804166
189000	190000	0.787638253791175	-3.39520664341237	1.66174100424434
190000	191000	0.350584653406507	-2.79886239091416	1.65160619732358
191000	192000	0.146669632283012	-3.26284278199722	2.22123444633059
192000	193000	0.771589976845843	-3.10436704769115	2.60984547954379
193000	194000	0.363025128214573	-2.36788135964069	2.62471614902026
194000	195000	1.15630646905204	-2.46842870905569	3.12539613527859
195000	196000	0.985008395455175	-1.6635433061201	2.85771803188065
196000	197000	1.50215333962319	-1.5737759908671	3.64045339911779
197000	198000	1.31779868712196	-0.798519516076559	3.27187474961257
198000	199000	2.02766627310722	-0.603584387056579	3.76429695375564
199000	2e+05	1.74004249773321	0.119834176483983	3.47851660762595
2e+05	201000	1.10168236163914	-0.149280075818358	3.99681190572031
201000	202000	0.859536962736017	0.517167915820018	3.47587604559071
