0	1000	2.78159382595593	0.760698169979731	1.99431542277084
1000	2000	2.19858748696916	0.543544833852565	2.1382054065884
2000	3000	2.55878381820433	0.460150369735946	2.68848321252422
3000	4000	2.57233613654542	-0.0137337488043393	2.37335719557134
4000	5000	2.10902835604415	-0.0479075072778239	2.69744837816912
5000	6000	2.56121255081476	-0.41672319127423	2.87194367970084
6000	7000	2.1171596151461	-0.647821495093401	2.35395604489484
7000	8000	2.60638979389805	-0.99131777625429	2.36114106177587
8000	9000	2.32311258255048	-1.24710152791404	1.87612030277797
9000	10000	2.73048699983646	-1.79244696073058	1.8109551679796
10000	11000	2.45504757300236	-1.68622295323696	1.2015712898006
11000	12000	3.06048662633269	-2.0002436707617	1.03717363551165
12000	13000	2.7029460525918	-2.52388834207875	0.796466607878991
13000	14000	2.85648633475827	-2.28499632706942	0.218265220713871
14000	15000	2.76085360764293	-2.89208279258546	0.0871549715433756
15000	16000	3.06988789385987	-2.63477286908155	-0.336039261103025
16000	17000	2.62574485588776	-2.9338217073225	-0.49078177865859
17000	18000	2.70221499410629	-2.55788938634214	-0.735163322053688
18000	19000	2.94668899150196	-2.90331101988169	-0.923151342162344
19000	20000	2.51354535782543	-2.93099509210806	-1.08696293791003
20000	21000	2.83221141379231	-2.55662975002971	-1.33480524425657
21000	22000	2.23560556307912	-2.50160835869238	-1.33513561804183
22000	23000	2.44433287639033	-2.44843196495646	-1.88871405277346
23000	24000	2.63900637185807	-1.81642568799264	-1.61148367773934
24000	25000	1.82632818867515	-1.8378240707395	-1.58138891131755
25000	26000	2.26236014586067	-1.48762583587541	-0.841200812274554
26000	27000	1.62504390490883	-2.03553784467575	-0.507847935228584
27000	28000	1.55935204751348	-2.8523760601031	-0.189728455857831
28000	29000	1.81635416252969	-3.00950506657567	0.57109155862695
29000	30000	1.50791923641426	-2.47961563952193	0.972910716209805
30000	31000	1.56391288534978	-2.76361607576279	1.67362886494659
31000	32000	1.2935804407647	-2.12486500680693	1.90846662157952
32000	33000	1.03725108460698	-2.10883284921864	2.51790293261421
33000	34000	0.868563604017492	-1.51619802493048	2.47880852834964
34000	35000	0.594474044346735	-1.58663876749239	3.07070503073354
35000	36000	0.548130080377396	-1.06263449100149	2.8789330515498
36000	37000	0.135648630106904	-1.13055622369078	3.14195144103965
37000	38000	0.389408978180674	-0.813174862804956	3.31765277100363
38000	39000	-0.016409918418183	-0.729679633225325	3.42375860657282
39000	40000	0.135534529987737	-0.547869034493697	3.07754259383408
40000	41000	0.296596707661107	-0.320292203940862	3.34956827774304
41000	42000	0.159536985091341	-0.072025082667091	2.97447852514772
42000	43000	0.350782658637408	0.260699286629611	3.26926012175886
43000	44000	0.197455264168381	0.548296041455817	2.88504339127434
44000	45000	0.349773429620239	0.997006061358017	3.11057331874604
45000	46000	0.346775884311254	1.1832152633961	2.60407886051919
46000	47000	0.405530857478483	1.72012705235123	2.71907834282151
47000	48000	0.692586326201194	1.82523145915101	2.25414392725682
48000	49000	0.629144918047274	1.9826417375714	1.7411436514675
49000	50000	1.10329660815503	2.36691360826716	1.84205650502557
50000	51000	0.943482927052709	2.46116189945294	1.30259158086616
51000	52000	1.21346341002358	2.07088701228092	0.954901754463419
52000	53000	1.72862419934004	2.52379454523271	0.859207354528332
53000	54000	1.70104353427938	2.21319728595383	0.251358382442352
54000	55000	2.20053888765085	2.02162286214797	-0.0033514917058409
55000	56000	2.63263774993867	2.01393886030266	-0.399081043990415
56000	57000	2.65135626409161	1.53076837363668	-0.701595256818626
57000	58000	3.19752882257642	1.5897658408749	-0.893372188179213
58000	59000	2.95119336422584	1.27298297086284	-1.21027114690159
59000	60000	3.28597617217173	0.919556391161461	-1.11919516168439
60000	61000	3.517287022073	1.20159397702763	-1.49197786629111
61000	62000	3.15372628750553	0.934080178851267	-1.6587297379361
62000	63000	3.57049642518339	0.744186462205647	-1.80382835087508
63000	64000	3.17655402695167	0.53500299749113	-1.879517816306
64000	65000	3.36820586362988	0.688621991132507	-2.26491004596036
65000	66000	2.89016438641516	0.601369127562694	-2.31657971031196
66000	67000	3.05484328143443	1.10068720897315	-2.53907093508784
67000	68000	2.69550660619181	0.828265117190124	-2.90205771691317
68000	69000	2.36196958744132	1.27233461035416	-2.65746949029182
69000	70000	2.4312143025617	1.71307756986213	-3.09237106942195
70000	71000	1.89651728079919	1.82297454116783	-2.75783465082797
71000	72000	1.86408669593807	2.37381105134687	-3.08589828292486
72000	73000	1.45794007423842	2.35810414593136	-2.52736530496267
73000	74000	1.20410530412196	2.81088645868249	-2.91718189261129
74000	75000	0.748559127565779	2.29000466340104	-2.86659981932932
75000	76000	0.615309057325406	2.28829035784889	-2.21526605380927
76000	77000	-0.0267698749097017	2.3531612358846	-2.53996929666555
77000	78000	-0.150858774969604	2.05939449765534	-1.86092799210634
78000	79000	-0.839894967593765	2.08493950190424	-2.13593756949295
79000	80000	-1.58583744378444	2.30445854176509	-2.16361796402253
80000	81000	-1.4142337034221	1.78472989374853	-1.46885547937269
81000	82000	-2.02296194249899	1.49132761699379	-1.94067866478344
82000	83000	-1.96175999016835	1.02347609962175	-1.02109877818645
83000	84000	-2.57052839568492	0.604678250673291	-0.452693310499419
84000	85000	-3.28078655397108	0.429420994881695	-0.0111915812557757
85000	86000	-3.86642291365267	-0.0206320332862734	-0.426817349540437
86000	87000	-3.53852671074983	-0.649870524340183	-0.667680317576734
87000	88000	-3.73705398722884	-1.01831072527211	-0.0797761547130725
88000	89000	-3.99730438806779	-1.58447217245473	-0.393822125528925
89000	90000	-3.65025532286225	-1.91107993155403	0.0945851862416422
90000	91000	-4.06078655621726	-2.43502461875624	-0.0371948082466707
91000	92000	-3.5294094666317	-2.61520282497647	-0.12825294211419
92000	93000	-3.78952824300945	-2.9423502773612	-0.512537272973284
93000	94000	-3.39776892470185	-3.22100711732324	-0.217809013762113
94000	95000	-3.46928656875943	-3.52599263221141	-0.728990165514109
95000	96000	-2.91041695008369	-3.51058220819466	-0.490222814771575
96000	97000	-2.96753759805815	-3.1252243680387	-0.972792999725538
97000	98000	-2.47807557136425	-3.49020373338956	-1.13336085011502
98000	99000	-2.05060946891342	-3.0866974478346	-0.689022152583728
99000	1e+05	-1.86507039352689	-2.84018398664835	-1.59332176177758
1e+05	101000	-1.39772103206024	-2.48341713236648	-0.923065278673755
101000	102000	-1.10796851063523	-1.95579868420101	-1.5074954725829
102000	103000	-1.13146375091934	-1.4124622393576	-0.833451023865779
103000	104000	-0.480687970636955	-1.86632034510724	-0.643123959823653
104000	105000	-0.382553759162326	-1.10094663550993	-0.377839815310097
105000	106000	-0.198211155248923	-1.58777269908438	0.256586287572672
106000	107000	-0.705306169316117	-0.939458276505883	0.378459667250853
107000	108000	-1.04091806964163	-1.62849954322162	0.212082409187202
108000	109000	-0.793170475794821	-2.50255143323637	0.15855336784374
109000	110000	-1.81303802778784	-1.12520214076623	0.0518287092584442
110000	111000	-2.16585464868354	-1.34037103328701	0.838756942336216
111000	112000	-1.55054718419758	-2.44736880518385	1.06767080385734
112000	113000	-1.89695831121432	-1.76323117653812	1.59841294139379
113000	114000	-2.00320523523528	-1.85604148587982	2.38136931421968
114000	115000	-1.84381900281893	-2.5154810689089	2.05766200486225
115000	116000	-2.45087403216739	-2.25306141896392	2.11126470858399
116000	117000	-2.32310585699746	-2.76324689640587	2.39354656943087
117000	118000	-2.7789338222076	-2.67584689245987	2.24947288045743
118000	119000	-2.5098670749025	-2.84379276083663	1.90614256075967
119000	120000	-2.88267734208257	-2.64834178952413	1.78197701546248
120000	121000	-2.86191879121668	-3.06276641301949	1.64810938693944
121000	122000	-2.83628602102454	-2.70472798675876	1.27771420289063
122000	123000	-2.92474627996157	-3.22099474713746	1.02552741027194
123000	124000	-3.30281297814394	-2.77007771992492	0.738259181129392
124000	125000	-2.75949255658378	-2.87131946309492	0.250686674518999
125000	126000	-2.80243216641723	-2.34938143130291	-0.395746370230204
126000	127000	-3.39785057296604	-2.29213427542013	-1.08907511781889
127000	128000	-2.8184062049902	-2.03709680449031	-1.5037832712553
128000	129000	-3.52589086856927	-1.63899118692236	-1.76131793118137
129000	130000	-2.9576478272539	-1.22047691737996	-2.23594742735536
130000	131000	-2.67247912376137	-0.518697040455913	-2.05473231753961
131000	132000	-3.31927785695619	-0.155925198946772	-2.22150660271621
132000	133000	-2.7439332154536	0.331796113124086	-2.34279243021508
133000	134000	-3.37342975598469	0.729081287953636	-2.22349008408558
134000	135000	-3.00488779159861	0.64345223568569	-1.63636232099796
135000	136000	-3.55098149001523	0.929962335118253	-1.4435244521881
136000	137000	-3.23712847186878	1.40781276301087	-1.67030824799621
137000	138000	-3.17406455245823	1.4867511410223	-1.06525215440143
138000	139000	-3.05860324443343	2.01338176276644	-1.29354532053158
139000	140000	-3.05139645369943	2.09243606331052	-0.668153827192917
140000	141000	-2.61073205495004	2.45493613727607	-0.930520076557596
141000	142000	-2.42355962574998	2.37721251035884	-0.245898972531444
142000	143000	-2.11785856888989	3.0141646329773	-0.586102725452527
143000	144000	-1.56056826378171	2.52840170079514	-0.254414733881573
144000	145000	-1.91337172443946	3.17979912920243	0.27668739558923
145000	146000	-1.16015374506335	2.94679572497931	0.281348463382364
146000	147000	-1.16885858822827	3.7331505963255	-0.0409984981436813
147000	148000	-0.552866079659052	3.0686785606506	-0.399665829454351
148000	149000	-0.823829275492977	4.17593797951916	-0.806702023162586
149000	150000	-0.559009484672333	3.34873283868532	-1.2494125324273
150000	151000	-0.731709295968271	3.85069627134776	-1.96269883663926
151000	152000	-0.837012558999101	3.36616642562169	-2.80661562153927
152000	153000	-0.797347187217385	2.74596374228793	-3.60711990318237
153000	154000	-0.427096354904861	2.0138466074449	-3.91740739068444
154000	155000	0.253095002471229	2.39777605198526	-4.32906944871948
155000	156000	0.300779503119951	1.53436316952397	-4.37612651242707
156000	157000	1.04825601625629	1.95736314132496	-4.13110320583852
157000	158000	1.23544863262094	1.28219679364479	-4.4275423027232
158000	159000	1.27365420668786	1.34224673925993	-3.73031500706074
159000	160000	1.52647237031709	0.724937314420546	-3.99193156055986
160000	161000	1.06209189570725	0.821981404216408	-3.31534969867122
161000	162000	0.698911904619858	0.632907513040218	-3.86252784241444
162000	163000	1.01967307295651	0.0617139527387778	-3.46665285139779
163000	164000	0.38635667409838	-0.0216684820517901	-3.76430865240626
164000	165000	0.338540210865388	0.282583071522175	-3.1072770867053
165000	166000	-0.258974329847844	0.546423625562095	-3.71046435973215
166000	167000	-0.0535301462274592	0.933261216896565	-2.82985491947723
167000	168000	-0.79154359990632	1.26595713653772	-3.2517535446465
168000	169000	0.219263787657872	3.26048875602953	-3.42107548241916
169000	170000	0.2625982484175	3.51789729979631	-2.42982225229475
170000	171000	0.928948326564964	3.8889922315391	-1.94079742497427
171000	172000	0.737731265625967	3.20166652333838	-1.25532173179376
172000	173000	0.521287098674655	3.97743850033832	-0.938631113810637
173000	174000	0.629893449624037	3.59478120689035	-0.263019094102869
174000	175000	0.199742070840112	4.08194110650203	0.244057980238941
175000	176000	0.145366012925583	3.4082109264394	0.553869351274433
176000	177000	-0.287123884630943	3.60907970097587	1.11564303708187
177000	178000	-0.40316678556113	2.84166049867497	1.08348378217549
178000	179000	-0.841059739456345	2.89337598863592	1.74065872324062
179000	180000	-0.967332963525018	2.01327820421775	1.47819898677686
180000	181000	-1.24068515456971	2.11044435124499	2.33420118960234
181000	182000	-1.57118196283233	1.27425318757716	2.16450029293652
182000	183000	-1.37254313910924	0.468197958338075	2.26871494773439
183000	184000	-1.4677769847847	0.68218170703513	3.05010024361346
184000	185000	-1.10397208164308	0.0650986958198162	3.09774750356821
185000	186000	-0.846807516379401	0.626521426229423	3.48788069886635
186000	187000	-0.871084218251301	0.0451320302626078	3.82271884339457
187000	188000	-0.374297402953483	0.509365068556493	4.12145901139975
188000	189000	-0.136603690295386	-0.139921495389044	4.25082037667134
189000	190000	0.62349828080314	-0.122909927784272	4.30137810454442
190000	191000	1.28433875830981	-0.157170065047763	3.91787545287428
191000	192000	1.2976426041986	-0.918865159877806	4.10970098184686
192000	193000	1.86685520892994	-0.752775870376881	3.62431564650685
193000	194000	1.78658688118629	-1.56424026371091	3.83175289601263
194000	195000	1.81392485424176	-1.48022802700397	3.026219526482
195000	196000	1.94755221978395	-2.29616139825295	3.1093346531385
196000	197000	2.61866313565392	-1.61418050445509	3.35441545417861
197000	198000	3.04586521939127	-2.04097236142199	2.75330963960319
198000	199000	3.55125965160509	-1.01431876287953	2.35764878082489
199000	2e+05	3.23094125521228	-0.517579680378788	1.54238020326162
2e+05	201000	2.53663885526225	-0.0112113986066049	1.4486254098239
201000	202000	3.27700007534277	0.230128467701226	2.18840429920421
