0	1000	2.43912184276416	0.396178189351746	-2.26977903777226
1000	2000	2.0630092880373	0.815283158700739	-2.13058855709221
2000	3000	1.93270940724215	0.357945815110591	-1.81566974066987
3000	4000	1.36166502611294	0.334352871293066	-1.94776569777748
4000	5000	1.34044638386238	-0.0368297622559782	-1.50609058026704
5000	6000	0.93988310638519	0.268752004520774	-1.22330604077489
6000	7000	0.813882881487255	-0.0206085913355734	-0.72644329941221
7000	8000	0.331144527096592	-0.259540146862603	-0.924643623798681
8000	9000	-0.0141203219476436	-0.311637465484142	-0.463534506869144
9000	10000	-0.459252997903056	-0.295107869671233	-0.903638291143006
10000	11000	-0.677855694654303	0.184034325832839	-0.499704994615298
11000	12000	-0.9674842113973	0.74650826322023	-0.375563383273914
12000	13000	-0.619746636383297	1.26847605165406	-0.435457813436852
13000	14000	-1.13463896603616	1.47868222525422	-0.211113091075572
14000	15000	-0.75657988882153	1.63961680907138	0.290602531363234
15000	16000	-0.258992136542173	1.48458257540719	0.61926633833621
16000	17000	-0.645199926952885	1.18731686724711	0.948156776764717
17000	18000	-0.218420978771056	0.850772403253653	0.919932961101092
18000	19000	-0.695213948724136	0.609162058974365	0.63862519541663
19000	20000	-0.347875548970772	0.80801430678708	0.151169121190547
20000	21000	-0.135196149838634	0.71769164866725	-0.436277315095352
21000	22000	-0.445552098099809	0.712612804959365	-1.00643249781652
22000	23000	-1.03764514173506	0.443597698034197	-1.15145922823144
23000	24000	-0.613602208902147	0.43333141524418	-1.66289680919975
24000	25000	-0.982807013600644	-0.0345367978289393	-1.80060287667341
25000	26000	-0.757201526037915	-0.0311378783191654	-2.38752270290546
26000	27000	-0.789422952040159	-0.617640696514102	-2.30785087511049
27000	28000	-1.02170735799129	-0.503519012595335	-2.79889341227826
28000	29000	-1.40003702983412	-0.655237513421795	-2.49309198341631
29000	30000	-1.78420928467202	-0.450805770035756	-2.76136826882112
30000	31000	-2.05252253012643	-0.630533463872712	-2.3097653481865
31000	32000	-2.28728636824898	-0.124642850900387	-2.40725306691327
32000	33000	-2.01457996802874	-0.0525481840831025	-1.97502343172894
33000	34000	-1.81018854848354	0.409806717240725	-2.23477790276161
34000	35000	-1.50974164861625	0.527493114372515	-1.68248790687641
35000	36000	-1.06104140155244	0.910720100918174	-1.92734059910749
36000	37000	-1.42473859675111	1.33152793194237	-1.69860179844083
37000	38000	-0.952843028949637	1.53930914470792	-1.52594235753001
38000	39000	-1.17370462613557	2.09675885576597	-1.52331426588198
39000	40000	-1.09267713829186	1.92412725672339	-0.958630189307481
40000	41000	-0.754251786388117	2.21885805757335	-0.774605856971128
41000	42000	-1.09781417003725	2.34571347650779	-0.320419811736923
42000	43000	-0.767464874252655	2.71828383044747	-0.131077829319831
43000	44000	-0.833921192570845	2.50670500892713	0.385846280401593
44000	45000	-0.31547282750865	2.79414229024876	0.465173891540474
45000	46000	-0.296376234852222	2.54500539865954	0.988059220641664
46000	47000	-0.00193035413132142	3.03572669262953	1.14772995629249
47000	48000	-0.20543477714923	2.771967803534	1.63953503787008
48000	49000	-0.437688375192836	3.22165692937966	1.84301640828243
49000	50000	-0.373336037762664	2.996565762461	2.39275930762875
50000	51000	-0.870848082909677	3.30859027568969	2.47861978773986
51000	52000	-0.876496640158801	2.88569399043335	2.82986129105591
52000	53000	-1.46461501839168	2.88488253248053	2.77497647203811
53000	54000	-1.14673283190719	2.55891397922596	2.31988256430123
54000	55000	-1.45632656504578	3.07492554007527	2.13596844051163
55000	56000	-1.14324422426959	2.89330303709932	1.64520995300943
56000	57000	-1.55241709228235	3.33268356361851	1.45917178898504
57000	58000	-1.12848412748783	3.51221793709793	1.04028673399458
58000	59000	-1.60302020133783	3.46756690375011	0.706239384123116
59000	60000	-1.25000321165284	3.35944757724653	0.341397260933527
60000	61000	-1.7567716335189	3.05180080602722	0.225752425138418
61000	62000	-1.51497614133665	2.77492538026821	0.73564877440043
62000	63000	-2.10836157005874	2.72210431046502	1.00409538236275
63000	64000	-1.80309859820701	2.5190606385306	1.54834125087452
64000	65000	-2.13921129813057	2.62541098419059	2.02247862123689
65000	66000	-2.08619715691404	2.12858061121127	2.3213468976662
66000	67000	-2.63906429070854	2.07299864712259	2.20053729853933
67000	68000	-2.69026991973903	1.51453493454468	2.39168981312346
68000	69000	-2.99007800048989	1.42652841220099	1.95137427282825
69000	70000	-3.11171429462282	0.880139471793582	1.97739093735188
70000	71000	-3.16356237075206	0.988176297956395	1.40989753209702
71000	72000	-3.10127785743534	0.426086364150348	1.43339083083914
72000	73000	-3.1066855631913	0.58580078104027	0.895146480301708
73000	74000	-2.59806524538376	0.288563059284387	0.823465087171998
74000	75000	-2.54187727108221	0.615896788772992	0.353134007054
75000	76000	-1.98638274685896	0.668962579881723	0.427307404876696
76000	77000	-2.04310867984709	1.24187370932255	0.353190545947225
77000	78000	-1.61400278914995	1.26017490420969	0.794660766271303
78000	79000	-1.78743718022987	1.85452163339153	0.810456812071887
79000	80000	-1.44628971430039	1.8208828398008	1.30621816802167
80000	81000	-2.01701473289813	1.68084011892387	1.49089105202402
81000	82000	-1.91255135201344	1.23505989836922	1.89017599508164
82000	83000	-2.18827985100735	0.703775983303863	1.86893553827927
83000	84000	-2.06496244527889	0.421912740239268	2.34676134249267
84000	85000	-2.13094542949379	-0.0541919611703013	2.09270696850981
85000	86000	-2.10414104790648	-0.411539593294608	2.58493791385622
86000	87000	-2.37112881194674	-0.924392518175904	2.44879960729106
87000	88000	-2.39598082176853	-1.23579263692196	2.90553320991039
88000	89000	-2.70321801128237	-1.51557609319661	2.54250022584505
89000	90000	-2.2249120216447	-1.81520937017735	2.56651445208878
90000	91000	-2.33774386245982	-2.19963869453083	2.14823973885326
91000	92000	-1.79903830780641	-2.26576478021699	2.00555535527314
92000	93000	-1.7819525794356	-2.79800848898753	1.92820283220783
93000	94000	-1.85370025394669	-2.54831346320495	1.46316091749552
94000	95000	-1.32607162107007	-2.81403533595863	1.28529882261238
95000	96000	-1.64070807692214	-2.45842470194141	0.856736868196085
96000	97000	-1.31541879025247	-2.47052928495991	0.42356069008095
97000	98000	-0.899154801287596	-2.18509935833883	0.682347452755205
98000	99000	-0.888047091626805	-1.79938404900194	0.232395315065833
99000	1e+05	-0.518615274400398	-1.3724235485099	0.491713570789562
1e+05	101000	-1.02497527230561	-1.01497425958611	0.335574087409996
101000	102000	-1.56580095603717	-0.834253148304158	0.524423441451707
102000	103000	-1.22859822332904	-0.961044291634516	1.02137680397522
103000	104000	-1.71175287190638	-0.773320186327972	1.30258663337027
104000	105000	-1.28284300416175	-0.655889302147126	1.73440592310498
105000	106000	-1.06899505853279	-0.109015654702696	1.87169288858857
106000	107000	-0.568073495569444	-0.371180631357385	1.93321155839514
107000	108000	-0.61973068497162	-0.190254166611317	2.44058876581717
108000	109000	-0.499428153093292	-0.750324177170513	2.54710538721558
109000	110000	-0.819493951102412	-0.617575135674872	3.01754561933227
110000	111000	-0.680658380513798	-1.12826408060411	3.20701018492432
111000	112000	-1.0425467348613	-0.920874879691871	3.613778440387
112000	113000	-1.25340773687126	-1.40582948488161	3.34521385391993
113000	114000	-1.57390999721784	-0.963328389466971	3.16030371552544
114000	115000	-1.40389699600145	-1.25383174569639	2.64395206275478
115000	116000	-1.32349517018223	-1.41962104256577	2.07374597659515
116000	117000	-1.82003564103116	-1.47662964067847	1.70399370144843
117000	118000	-1.26364516136078	-1.71464703241415	1.38222468913886
118000	119000	-1.57502379336169	-1.60126293676433	0.804523685085131
119000	120000	-1.57523670830007	-1.73744043734518	0.124567878420791
120000	121000	-1.39358436682756	-1.32046295737505	-0.334202455350811
121000	122000	-1.27428381225181	-1.88214451701451	-0.52206920772777
122000	123000	-0.782710477604232	-1.54187613826967	-0.674350655617818
123000	124000	-0.600677649692097	-2.18488512595543	-0.457146253853034
124000	125000	-0.0806887100184004	-1.82439516677338	-0.395688039359033
125000	126000	0.187053847397501	-2.04300191665105	-0.892819100942559
126000	127000	0.659441040800807	-1.69670404239333	-0.982699872848943
127000	128000	0.62767577654795	-1.54436686575531	-1.58305306401107
128000	129000	1.12056533791766	-1.15670441287593	-1.69308392614165
129000	130000	1.03336635019338	-1.15799693127824	-2.33523475855188
130000	131000	1.60058590767851	-1.12376965395314	-2.40947818459368
131000	132000	1.9436728011873	-0.713221059557969	-2.56312420192287
132000	133000	1.70203077647251	-0.897966841686359	-3.06544138218475
133000	134000	2.23609311239711	-1.1519690619138	-2.98226841985954
134000	135000	1.90466609396999	-1.53400482749169	-3.28813841817373
135000	136000	2.24436781978541	-1.94792405971551	-3.37321539253316
136000	137000	1.85510970659614	-2.13281966415108	-3.74205588479151
137000	138000	2.22857539974901	-2.50841117494947	-3.7069293309992
138000	139000	1.77441647940074	-2.67956858729999	-3.54930428544207
139000	140000	2.10456903028904	-2.65958517257955	-3.0973544235867
140000	141000	1.58198813532839	-2.53541573896569	-2.90623213449226
141000	142000	1.82667439999651	-2.34562602524873	-2.4425376796685
142000	143000	1.34824212077777	-2.01997987072657	-2.29585670803681
143000	144000	1.54104704335965	-1.80847198628294	-1.7534794162834
144000	145000	1.13383538486808	-2.31794276637087	-1.60047436572031
145000	146000	1.35061139269547	-2.32466678466915	-0.987917878909696
146000	147000	1.76169894537656	-2.59097258759613	-0.560890717848052
147000	148000	2.03627787527085	-2.05530883292163	-0.738165775503121
148000	149000	2.60281358062458	-2.06295552345004	-0.443157480737283
149000	150000	3.13010960000341	-1.91611137388507	-0.775767333031968
150000	151000	2.70266013825522	-1.70834474561265	-1.08322922900267
151000	152000	2.72131055838646	-2.30368439507509	-1.19749836528391
152000	153000	2.26937641877477	-2.19236814785145	-1.61976782097298
153000	154000	1.85307423722855	-2.64908127928424	-1.59051724552921
154000	155000	1.91869249039349	-3.13018224276639	-1.20356023972477
155000	156000	1.31568407565134	-3.11338962379269	-1.17373479474168
156000	157000	1.26624394777819	-3.24290827894527	-0.6092444534958
157000	158000	0.66625665986799	-3.12815208908885	-0.643314323729786
158000	159000	0.7672443438151	-3.23250366231332	-0.115338748022366
159000	160000	0.329395297541131	-2.86621077209656	-0.033476082302189
160000	161000	0.920162837185249	-2.64210428556809	-0.0155211237191098
161000	162000	0.705058351826268	-2.09448701373497	-0.0687246551290464
162000	163000	1.17789634091957	-1.77818512706349	0.0441628826817433
163000	164000	0.814638012765331	-1.29656701644596	-0.0105548456280864
164000	165000	1.18266536771233	-0.920355420148908	-0.198999299408682
165000	166000	1.09119407680483	-0.422587608463138	0.0596191293128254
166000	167000	1.60018982622117	-0.250055199061636	-0.159660467760601
167000	168000	1.61692354543158	0.335675826689546	-0.0571082267878935
168000	169000	1.77249671064232	0.422674926325476	0.513512486101171
169000	170000	2.33532937585431	0.470489341567801	0.358968136077124
170000	171000	2.63024824684895	0.221854916847737	0.790446447775769
171000	172000	3.05358623737783	0.38038727435523	0.463146160176631
172000	173000	3.27013565200675	-0.0470511462941002	0.463864215946617
173000	174000	3.70777552781649	-0.0171035596704611	0.243738974006192
174000	175000	3.52769016959023	-0.515687218388195	0.140051560504237
175000	176000	3.82621393597027	-0.411563762578374	-0.279550808106876
176000	177000	3.48227228514261	-0.379121408023122	-0.644916320064019
177000	178000	3.33589731672587	-0.86953018294744	-0.856339912867227
178000	179000	3.07769068252531	-0.541041112880609	-1.25785784008263
179000	180000	2.66118233866343	-0.456182469694601	-0.906783413235717
180000	181000	2.12742761837742	-0.238123435353934	-1.0487231925351
181000	182000	2.26969763829871	0.111230002378342	-0.603893741416849
182000	183000	1.90737462193384	0.56594887047646	-0.787029693714128
183000	184000	2.22728874396013	0.873456648890678	-0.331348119956803
184000	185000	1.73710419035668	1.05990975358289	-0.0119093591929919
185000	186000	2.09624920566141	1.2056227511578	0.476214049343684
186000	187000	1.56665784681713	1.23245665975383	0.672634203620617
187000	188000	1.85542726107358	1.71425386566396	0.955987840986118
188000	189000	1.35078132888648	1.88250818237776	0.734522456630259
189000	190000	1.48624004550785	2.35228532465719	0.928322346505755
190000	191000	1.05531213258557	2.39375409025478	0.619395837268336
191000	192000	1.42308319295079	2.74269090118874	0.404575374181412
192000	193000	1.34069186961636	2.33839340897349	0.0562038191708908
193000	194000	1.89822608486988	2.33951218181435	0.0236399873217144
194000	195000	1.79345749699041	1.89529027799061	-0.334326847823243
195000	196000	2.32250764000626	1.73417737394413	-0.428955756435696
196000	197000	2.15914687599576	1.39332374501082	-0.850646897320515
197000	198000	2.56600248475099	1.17266349357693	-1.21891164582092
198000	199000	3.09757336639905	0.900286264818295	-1.35298483469916
199000	2e+05	2.90387751127357	0.406801120360405	-1.48525271622013
2e+05	201000	3.14461237961511	0.480390757305112	-1.97320204432361
201000	202000	2.76820005051855	0.873856319990269	-2.1248542788111
