0	1000	-3.57553189866813	-3.23973757636265	-0.968350984537436
1000	2000	-3.72534611426323	-2.95789077503959	-1.09760325603757
2000	3000	-3.56154469073826	-2.85284731472405	-0.828426526501963
3000	4000	-3.91361940024229	-2.85316311542977	-0.660252126208027
4000	5000	-3.68044201682081	-2.54727838536061	-0.562131496931258
5000	6000	-3.81990119113551	-2.68556828118002	-0.208782669439128
6000	7000	-3.53884472088031	-2.41815538551937	-0.137300764519548
7000	8000	-3.46862506840352	-2.70368639627361	0.11233517655026
8000	9000	-3.37460490566277	-2.40546838825155	0.311665357724801
9000	10000	-3.36561860045902	-2.71940501572527	0.554224684905647
10000	11000	-2.96896875289171	-2.55422897441487	0.491865068076333
11000	12000	-3.01659682327525	-2.56008982364783	0.891122837181769
12000	13000	-2.63747660661974	-2.67860289936442	0.798770051274351
13000	14000	-2.6879882094731	-2.93811176799067	1.18511925461038
14000	15000	-2.28069639609771	-2.72352365192144	1.20633631091707
15000	16000	-2.21617026381289	-3.14508492545107	1.36846955692416
16000	17000	-1.8214644799126	-2.97791717464471	1.29994139625552
17000	18000	-1.7819943201869	-3.21345037995351	1.6468395925112
18000	19000	-1.46077603042507	-3.38201254277729	1.44113278024278
19000	20000	-1.33430611244016	-3.23988782222742	1.79522922562181
20000	21000	-1.16962069991115	-3.58227651865317	1.77685479863459
21000	22000	-0.88800071248692	-3.36429212907624	1.75063775016611
22000	23000	-0.830260702301005	-3.53547972854334	2.12538967713956
23000	24000	-0.612298345293764	-3.56492861320644	1.94693935175227
24000	25000	-0.440087751045971	-3.35359712355554	2.15515193417328
25000	26000	-0.223865911112607	-3.66225916152421	2.23874788914923
26000	27000	-0.134111386636349	-3.38877769921708	2.49387779325245
27000	28000	0.239184236048784	-3.48628261918128	2.35126964863535
28000	29000	0.32790075543062	-3.18948483958261	2.44131754891199
29000	30000	0.608459051979261	-3.36041593396032	2.57486296848647
30000	31000	0.664238975129998	-3.01969323621683	2.73432565587799
31000	32000	1.00815898249653	-3.13843406849978	2.62641758577334
32000	33000	1.03831814996709	-2.80311945928032	2.5675367745551
33000	34000	1.33174458978671	-2.83654924258996	2.77117381594193
34000	35000	1.47303001322294	-2.81041712025446	2.47215675504326
35000	36000	1.63123166419789	-2.5159140661417	2.59866008999353
36000	37000	1.91489422015896	-2.66538971080548	2.47439986158721
37000	38000	1.94776240177279	-2.33825940125825	2.4476126722832
38000	39000	2.30042663777156	-2.44958042946227	2.46538237885095
39000	40000	2.20871349536618	-2.36020606793737	2.13114266781254
40000	41000	2.37628342374082	-2.1004097488882	2.17864949813159
41000	42000	2.46490687409281	-2.25765383589778	1.90316200845958
42000	43000	2.65055665238554	-1.98825102104025	1.91879473895427
43000	44000	2.47143832631358	-1.92594226101469	1.60317638184392
44000	45000	2.81909154831529	-2.03315871297088	1.51325060212519
45000	46000	2.63312477048854	-1.75567983916425	1.27270432964023
46000	47000	3.01429861140923	-1.83818659262983	1.08790105118372
47000	48000	2.70762560208108	-1.95265627584902	0.8603756470445
48000	49000	2.78776096228075	-1.68871263662591	0.67348228860639
49000	50000	2.99566682514567	-1.96115202826523	0.447213554323971
50000	51000	2.70519204420324	-1.8504180898798	0.264452937048639
51000	52000	2.95695246087608	-1.67952083417632	0.104810290429763
52000	53000	2.79632116475308	-1.96654338329019	-0.262770439215635
53000	54000	3.10581739564288	-1.73355782550076	-0.406586775552487
54000	55000	2.81091546842957	-1.55186630331096	-0.592382810939477
55000	56000	3.07632963359029	-1.67147598840303	-0.836068037345226
56000	57000	2.9920589843163	-1.27426879519616	-0.877856786520338
57000	58000	3.29508727746523	-1.35455497836467	-1.16722767707496
58000	59000	3.05680494014422	-1.10314041010674	-1.26701813027453
59000	60000	3.35247434469098	-0.866120554298424	-1.24911597048138
60000	61000	3.35849222134376	-0.907959756976701	-1.64422687173903
61000	62000	3.26572664534495	-0.509945115416156	-1.59505326110123
62000	63000	3.59530290383605	-0.464252997180918	-1.86453708679891
63000	64000	3.40745249740052	-0.0706180825384967	-1.75120671472764
64000	65000	3.37471337747112	0.0106952922314244	-2.11288530904357
65000	66000	3.55092487733612	0.327434346867012	-1.98948635326919
66000	67000	3.41349868356319	0.447847406924378	-2.3188791790929
67000	68000	3.62994575970756	0.730473086410695	-2.23604121640119
68000	69000	3.26726777494281	0.831103439214747	-2.22649240844912
69000	70000	3.39352396593333	0.965538707558238	-2.51936078497281
70000	71000	3.31887622753299	1.26221039327515	-2.26904870824203
71000	72000	3.28070957087755	1.43865529779373	-2.61637867041632
72000	73000	2.99870029947234	1.55130373514728	-2.42640268678612
73000	74000	3.16545801245986	1.92485962356143	-2.47841845352141
74000	75000	2.74222743822433	1.98350322804169	-2.64723964000794
75000	76000	2.76867157833484	2.32117668604286	-2.36933176133974
76000	77000	2.37792261009007	2.38867098292834	-2.5726945916799
77000	78000	2.50941919915177	2.8281350075334	-2.61615928171637
78000	79000	2.14070042183794	2.8006469313911	-2.33527845302642
79000	80000	1.98002920160121	3.12199700379845	-2.55708489939143
80000	81000	1.90238705855868	3.16181676936732	-2.17033157866819
81000	82000	1.86205956146844	3.57755121444145	-2.25134825698107
82000	83000	1.66487106750404	3.48291715994267	-1.92294906072504
83000	84000	1.90272832404626	3.82476612494082	-1.87656621116142
84000	85000	1.55791919489843	3.84123074848684	-1.68386389698678
85000	86000	1.82802623117134	4.09292232287786	-1.4942467044964
86000	87000	1.55686838331384	3.89512928279412	-1.23609813148289
87000	88000	1.89222562349723	3.8528043090484	-1.13115954587037
88000	89000	1.77003517617803	4.11752824183533	-0.899558956628201
89000	90000	1.77573818211161	3.7678326613117	-0.71133441616796
90000	91000	1.98623476080777	4.03370993955716	-0.513097751737066
91000	92000	1.87077151567581	3.72463931101804	-0.252511413417667
92000	93000	2.09297589025068	3.906214974246	-0.0100638892348991
93000	94000	1.96864127063918	3.60234112467382	0.252170091599256
94000	95000	2.13058796301962	3.86192140443395	0.582205847203663
95000	96000	2.21914888870764	3.41850078864766	0.675143880847177
96000	97000	1.96328131581833	3.4575035411228	0.989268674452291
97000	98000	2.2654767339628	3.38885434788535	1.19580541335687
98000	99000	2.05225183748108	3.19920823384307	1.41899623015817
99000	1e+05	2.21889194080086	3.45203033592408	1.69356328045732
1e+05	101000	1.98220203483738	3.08852888636122	1.86871510402733
101000	102000	2.25548375736226	3.18285342746977	2.18382064867372
102000	103000	1.88783295441223	3.15368012118778	2.34293660965119
103000	104000	2.10355063545138	2.91132645735449	2.53860239652675
104000	105000	2.05700042921605	3.19968427095541	2.77918809576421
105000	106000	1.78165005954153	2.95597879250205	2.84132783979908
106000	107000	2.00054059377816	2.85732440322857	3.14676499350679
107000	108000	1.64419710964092	2.9658889475599	3.22693031313523
108000	109000	1.78502779386273	2.84457934060895	3.52039696106352
109000	110000	1.60405804157848	2.57305050905329	3.49490420346073
110000	111000	1.37689190281789	2.71884147347635	3.71361128281187
111000	112000	1.54389435739468	2.48349511895878	3.99310744397204
112000	113000	1.18776328351317	2.28503446310976	3.87974128049801
113000	114000	1.15170069971221	2.34309027150618	4.24096727768306
114000	115000	0.803961713731009	2.25094493378195	4.1195279541667
115000	116000	0.983185827505359	1.95830322579822	4.27135677815958
116000	117000	0.662374099935018	2.08173087032741	4.49751677431682
117000	118000	0.727826188688937	1.71148765383934	4.60411499452672
118000	119000	0.676377528979156	1.58440709117558	4.28275787246864
119000	120000	0.313764877657598	1.70207961118804	4.32842931124372
120000	121000	0.294787318678718	1.37273779673161	4.39671521183288
121000	122000	0.224149487092756	1.37539237479834	4.06713889729314
122000	123000	-0.130423932607461	1.4293063057805	4.21484677627367
123000	124000	-0.115008743636064	1.05622234418936	4.05479751795714
124000	125000	-0.173373760639014	1.18178664912241	3.63950683390428
125000	126000	-0.570309935585613	1.19046484936987	3.7873493935353
126000	127000	-0.621187993282932	0.831051447314857	3.54922966562847
127000	128000	-1.06338257616109	1.05467266104455	3.5886509609481
128000	129000	-0.994678364182929	0.850775727617782	3.16919015562726
129000	130000	-1.40870703871141	1.01778179985787	3.27222212354621
130000	131000	-1.34726972888733	1.06316221048965	2.86900503489149
131000	132000	-1.69120189570037	0.906205853829981	2.82810977664342
132000	133000	-1.71157485702625	1.24621819574545	2.65386098557216
133000	134000	-2.11012538123269	1.06476424757505	2.64339366120937
134000	135000	-1.96140403098951	1.09520357918364	2.23933179065158
135000	136000	-2.33782161597673	1.32063896233578	2.2499527045046
136000	137000	-2.40441420745671	1.08363240089177	1.97568379319563
137000	138000	-2.41140679575559	1.41822102616113	1.81418041985714
138000	139000	-2.52946382123697	1.18267339948003	1.59088337178715
139000	140000	-2.75715290585583	1.48569807099072	1.52756330216273
140000	141000	-2.72453614606291	1.32704443101617	1.16930307823266
141000	142000	-2.82869803129748	1.63672283723729	1.06409974900764
142000	143000	-2.88059591648585	1.48637512941955	0.746775753458087
143000	144000	-2.91040983540171	1.80614316750248	0.571959035832456
144000	145000	-3.00943923802555	1.70960756355864	0.294465330430214
145000	146000	-2.88080597804803	1.93496719782769	0.0999464764373052
146000	147000	-3.08249541648563	1.91459148543174	-0.164768315659006
147000	148000	-2.82683215786635	2.0627159345892	-0.396802886449019
148000	149000	-3.08610215851593	2.09510670462189	-0.655540720756764
149000	150000	-2.80177752791732	2.32501045689274	-0.778056276240962
150000	151000	-2.86868417810343	2.13109902642515	-1.12064979489015
151000	152000	-2.61442181714956	2.36796825378085	-1.26898079286243
152000	153000	-2.84742805103167	2.35758674513466	-1.61495908461076
153000	154000	-2.49647186838939	2.24123818188056	-1.76201653529306
154000	155000	-2.62453398510671	2.56415777478847	-2.02100834645463
155000	156000	-2.60305039786788	2.15805002093833	-2.25527881881683
156000	157000	-2.24123171266106	2.36964936336721	-2.34881276594142
157000	158000	-2.50814007613983	2.33126373044298	-2.70411884733131
158000	159000	-2.22184954651937	2.02910897385953	-2.72667049355398
159000	160000	-2.40624214457355	2.11217013683623	-3.14996725286266
160000	161000	-1.96007104549849	2.1166916078257	-3.14656939777788
161000	162000	-2.03529600021933	1.72127236519687	-3.13660401620855
162000	163000	-2.03461756841814	1.79114788853528	-3.54713131032324
163000	164000	-1.64931926116088	1.69730480437263	-3.47502879241741
164000	165000	-1.77001416542215	1.33431774626351	-3.47914404519088
165000	166000	-1.60977223797466	1.32038827994796	-3.78381678320343
166000	167000	-1.35172376290183	1.16124336092322	-3.53677814134233
167000	168000	-1.44919091199085	0.863296078063246	-3.69471543193824
168000	169000	-1.06147436229073	0.882707277737781	-3.80481777812516
169000	170000	-1.07625418713789	0.58798047983119	-3.57165933766156
170000	171000	-0.948881445109795	0.395219194513457	-3.9657057380351
171000	172000	-0.70578948531379	0.322130759423269	-3.64773797819448
172000	173000	-0.860645308236707	0.00923952787388473	-3.57977412274996
173000	174000	-0.499659989055622	-0.139976349590139	-3.63189573769207
174000	175000	-0.761097974263288	-0.415700374095422	-3.67640274907657
175000	176000	-0.425740146751446	-0.573957586589191	-3.62520101710039
176000	177000	-0.610335698789137	-0.788750743399514	-3.3366945171843
177000	178000	-0.584878134798656	-1.11239959966383	-3.60051724746222
178000	179000	-0.376133863304784	-1.22126401452846	-3.30429777712011
179000	180000	-0.681520278731004	-1.45156340763257	-3.24080492932709
180000	181000	-0.487689690606183	-1.75576599726404	-3.36832581884509
181000	182000	-0.536595333471704	-1.83434710383333	-3.01362650278335
182000	183000	-0.70081500761497	-2.12536254129269	-3.1382507078345
183000	184000	-0.495981658166147	-2.28573872126583	-2.88245398651519
184000	185000	-0.805626116321242	-2.39290315660254	-2.76046549113578
185000	186000	-0.648777569895899	-2.71512045896104	-2.80493081962394
186000	187000	-0.800842872145067	-2.73068179333145	-2.48254004900474
187000	188000	-0.90163355420512	-3.11617525556828	-2.61901019987529
188000	189000	-1.13046047227187	-2.98795201155469	-2.33800851930508
189000	190000	-1.11086069413982	-3.33154755992948	-2.2058519959122
190000	191000	-1.50130518495905	-3.25170727345881	-2.25376155580537
191000	192000	-1.45356869251825	-3.6596212730481	-2.12289084570287
192000	193000	-1.73173564590992	-3.43620845013053	-1.91488628928894
193000	194000	-1.96019910197326	-3.72426638821213	-2.09717583986063
194000	195000	-2.07424495811236	-3.5924437844179	-1.72021474608166
195000	196000	-2.40851296337277	-3.777474572987	-1.86723748689913
196000	197000	-2.5224001166471	-3.47747455886054	-1.69441002546485
197000	198000	-2.88643790136895	-3.6678864689667	-1.78295590789922
198000	199000	-2.91092379689985	-3.56955116718012	-1.41883070865261
199000	2e+05	-3.13175352423882	-3.31396955906055	-1.53080577175855
2e+05	201000	-3.32079558070232	-3.49283160419239	-1.25979680284728
201000	202000	-3.52668322277577	-3.16595465532214	-1.38434714474835
