0	1000	-0.252557486647657	-2.84298707003539	2.23663924071879
1000	2000	0.722660666612184	-2.85496591334969	2.57623141549958
2000	3000	0.281595106094603	-1.88263236126152	2.02101569100598
3000	4000	-1.0675079233464	-1.90283820472955	2.04287692961434
4000	5000	-0.463824835241055	-0.971077612385294	1.57627289969738
5000	6000	0.494296467872845	-0.415478387379081	1.319548058476
6000	7000	1.39714151114311	0.644295558852284	1.51053481368544
7000	8000	0.607495918942317	0.73747892676533	0.528067002852054
8000	9000	1.4633445453185	1.82345302641404	0.843425291273008
9000	10000	2.79354431026635	1.5409131885993	0.920308878075493
10000	11000	1.75409645304658	0.542789314277617	-0.303037119586426
11000	12000	2.89715228019887	0.233273590357052	0.254555387884567
12000	13000	2.3178730496168	-0.277610433987277	-0.873710145588434
13000	14000	3.39282128181066	-0.377729363442231	-1.73237995015817
14000	15000	2.91405871470187	-1.24212981173752	-2.26616495227061
15000	16000	1.91537576083189	-0.854004545057701	-2.04419308110627
16000	17000	1.92144362249002	-0.818739949780215	-3.1509565331649
17000	18000	1.14603091841446	-0.176498180225121	-2.68615296451389
18000	19000	1.76782756596201	0.498950415061146	-3.2783538858369
19000	20000	2.58999061484935	0.426924639944456	-2.47318640501903
20000	21000	1.46273207100343	0.732761257248297	-1.80690746780475
21000	22000	2.10260170854244	1.59990084199467	-2.46567680614841
22000	23000	1.40679344018183	1.62975675737428	-1.13260606765282
23000	24000	2.07692582704064	1.80872323211383	-0.500087094684334
24000	25000	2.51220755252547	2.49547114905103	-0.0756656374186261
25000	26000	2.79038512478651	3.06326102636579	-0.66654589569764
26000	27000	1.82695750255693	2.94816804568086	-0.374381893453449
27000	28000	2.05923894478743	3.42642081062073	-0.824785617515616
28000	29000	2.17615392582991	2.87298666397071	-1.10990716503502
29000	30000	1.56711981979528	2.91024775476141	-1.13152916986485
30000	31000	1.74742787216714	3.32779712078021	-1.54183383602212
31000	32000	2.18389728269876	2.9643402013125	-1.89172440648856
32000	33000	1.55257681835399	2.57329870249735	-1.86178062566111
33000	34000	2.18267918640557	2.15324468094824	-1.57729122250986
34000	35000	2.97267207654077	2.30402744793036	-1.69712023811507
35000	36000	3.09368050922081	2.15199796242068	-0.844265044538308
36000	37000	2.86153114290475	1.45309364839817	-1.20016910569936
37000	38000	3.28727969377069	1.34801657472764	-0.543796685359843
38000	39000	3.71569076334149	1.0226448713129	-1.17580377351428
39000	40000	3.36452212760957	0.368736827437285	-0.775085689308652
40000	41000	3.80768949620209	-0.243552099697172	-0.495707829422413
41000	42000	3.38855216125971	-1.02275104398892	-0.412768946483537
42000	43000	3.58523424221159	-1.70944102851734	-0.965011603010052
43000	44000	2.66959953570567	-1.77211414222739	-0.52062263341082
44000	45000	3.51765410599927	-2.24355033169791	0.0633394174417907
45000	46000	2.3999681861909	-2.01220399556318	0.42667301003909
46000	47000	3.14017502142678	-2.82587947130973	0.844464023839711
47000	48000	2.2932796377134	-3.16340028696532	1.32922182395788
48000	49000	1.85610690760977	-2.90592838108115	0.650722935500987
49000	50000	2.4060968087027	-3.66015001562143	0.540706444400326
50000	51000	2.04440426205027	-4.19715468707547	0.16869899531815
51000	52000	1.44687753845402	-3.90509073189667	-0.0844093050772857
52000	53000	0.91515248818004	-4.37020914082156	0.30305809939979
53000	54000	0.810359167619962	-3.3689254588952	0.346466212122816
54000	55000	1.484907739953	-3.86080400311879	0.823261003450605
55000	56000	1.72110441192081	-3.12755077017752	-0.29843763553159
56000	57000	2.27575950097844	-3.82591497254749	-0.676255338919147
57000	58000	2.88149029400965	-3.54964296688917	-0.320713847022285
58000	59000	2.49681347809802	-2.91359416249992	-0.584782945217045
59000	60000	3.13711387128545	-3.027300302444	-0.883720541044335
60000	61000	2.7541278861844	-2.542030344304	-1.38933051671927
61000	62000	2.63542749619805	-3.37355668300349	-1.60001668839769
62000	63000	1.82228928007832	-2.95991693161745	-1.34471301449502
63000	64000	1.65065942949328	-3.78081730050653	-1.65289204661126
64000	65000	1.50191897951304	-4.30319884968089	-1.00106386816287
65000	66000	0.974071948607929	-3.55934864635405	-0.944086650062895
66000	67000	0.608634367389132	-4.24662001240282	-0.850101480845487
67000	68000	0.386964206828305	-3.94991637842474	-1.53893128411783
68000	69000	-0.160191998834359	-3.67228015795389	-0.948634875813437
69000	70000	-0.53555674275081	-3.77688361312995	-1.72112585789751
70000	71000	-0.634160755629969	-2.85252271813878	-1.62105075618505
71000	72000	-1.38949257291987	-3.14565168356976	-2.1103460100269
72000	73000	-1.74120508470786	-2.45608934950171	-1.45979219443395
73000	74000	-2.00621147722904	-1.84714651891777	-0.589539855954902
74000	75000	-1.40625014520042	-2.81265650934394	-0.101982201009259
75000	76000	-0.528111192538955	-1.62777066979852	-0.588306140186076
76000	77000	0.0201300647623261	-2.44830520765375	-0.0345020819614981
77000	78000	0.891767521237968	-1.89323555302529	-0.737415319211701
78000	79000	1.35839607679454	-2.08485701437112	-1.70352349408614
79000	80000	1.63359948819991	-2.86083745534865	-2.59166653977042
80000	81000	0.650521328695149	-2.71136054911362	-2.1125611837212
81000	82000	0.247186540968631	-3.134494051092	-2.87825416205058
82000	83000	-0.259324748136119	-2.21276582188747	-2.88784893180125
83000	84000	-1.248971414098	-2.13523113578645	-3.08000192124148
84000	85000	-1.01375375979902	-1.64832156753548	-3.856927220498
85000	86000	-1.76577242510528	-1.30992187405104	-3.45485586050616
86000	87000	-2.33118346957016	-1.08332867998485	-4.02146948267143
87000	88000	-2.34330173980824	-0.685732956702364	-3.34980912263005
88000	89000	-2.85385672840306	-0.388307260034239	-3.82075342969075
89000	90000	-2.83111326994806	-0.0577909373385858	-3.10169272009552
90000	91000	-2.94497011001926	0.530359784468984	-3.79515163866348
91000	92000	-2.47563908802438	0.691858734075961	-3.04469352368739
92000	93000	-2.96569980011405	1.30357012215782	-3.195023651758
93000	94000	-2.37496954482036	1.20674164361674	-3.59010118949577
94000	95000	-2.3955378693909	1.79456907130571	-3.92341964735405
95000	96000	-1.94935320814781	1.57708262004649	-3.0482544286104
96000	97000	-1.74426439943253	2.30851440750287	-3.32916995143488
97000	98000	-2.44255209095158	2.39373122305057	-2.73377709881096
98000	99000	-1.87613482303325	2.13593248977203	-2.00552387213051
99000	1e+05	-2.94024261425713	1.83622857072689	-1.78680516880824
1e+05	101000	-1.77969205557711	1.11545630483688	-1.44254191549705
101000	102000	-2.67786509364657	0.382158154407028	-1.82049910480534
102000	103000	-1.32302060981695	0.633957154840516	-2.39382601624477
103000	104000	-1.58570893863733	-0.30535418749926	-2.54536758574381
104000	105000	-0.604789431801427	-0.122455047524494	-3.07721322909024
105000	106000	-0.0891611622983253	0.654855902491953	-3.81792296662444
106000	107000	-0.141087666053399	-0.370900892916007	-4.06738332528606
107000	108000	-0.563034421514113	0.278550429129117	-4.67247221749496
108000	109000	-0.986462196353598	0.131479208076093	-4.04320852993856
109000	110000	-1.38827496806567	0.0562318830309308	-4.6285344073847
110000	111000	-1.16788241693003	-0.507048458797686	-4.32605154027268
111000	112000	-1.69337645289418	-0.582669327458969	-4.62019495432959
112000	113000	-1.70532588226617	-0.468843034675125	-3.99072655859375
113000	114000	-2.15454207264748	-0.105028935196389	-4.3831616392791
114000	115000	-1.84130144184541	0.155330171322409	-3.73789619959246
115000	116000	-1.94843174597062	0.736974657063468	-4.43411880938806
116000	117000	-1.44917488335338	0.893030393281754	-3.70318111545402
117000	118000	-1.32189832401208	1.63889686753888	-4.20168234627089
118000	119000	-0.881214382386955	1.5468615945756	-3.08453717422022
119000	120000	-1.01496429228016	2.65840873808022	-2.65027407214627
120000	121000	0.031194569989552	2.36431610196152	-2.85665207103641
121000	122000	-0.160860310698989	2.12147030638541	-1.71147130754023
122000	123000	-0.335346605906735	3.36652988200098	-1.69792573548459
123000	124000	-0.793019322676173	2.73282783315725	-0.889094415557106
124000	125000	-1.69577564896035	3.31405467548243	-1.01884366680427
125000	126000	-2.48274573019349	2.61600402222365	-0.44154625066083
126000	127000	-1.59749147995289	2.11892196533008	0.139287808684208
127000	128000	-1.53927793487766	1.14205717374964	0.698839978902373
128000	129000	-2.78285924459876	0.911537536793386	0.194620185195392
129000	130000	-2.36120356439375	0.258106551976146	1.16695201116349
130000	131000	-3.46072677285691	0.0455453680947556	0.890282900914795
131000	132000	-3.17743308813775	-0.393672138138611	1.8230445344353
132000	133000	-2.77749704351901	0.181508101534983	2.51360681227441
133000	134000	-3.71301663209356	0.267759743832821	2.53826028651374
134000	135000	-3.49173603142773	1.08552356334324	2.56002677232161
135000	136000	-3.44978826319648	0.834769829080913	1.83973519320048
136000	137000	-4.14034737789045	1.00188627902979	1.88504994589528
137000	138000	-3.8713204503309	1.12878319017147	1.38075804201991
138000	139000	-3.75228409577411	1.45666023554488	1.87536442618534
139000	140000	-4.09664107495949	1.74163990990813	1.49153375232186
140000	141000	-3.20218580253794	1.58705991096327	1.48235547671291
141000	142000	-3.54408363760146	1.85073095933812	0.829407748658811
142000	143000	-3.75594164579031	2.18799902105541	2.38195616465466
143000	144000	-3.63587997219419	2.77276987247512	1.40301310575007
144000	145000	-3.05668866754884	3.01419331173477	2.56345334835099
145000	146000	-2.05704697070081	3.22839346589258	2.45666083045864
146000	147000	-1.67246680104552	2.33269651399214	1.90998692031619
147000	148000	-1.32239667724814	2.65437538868654	2.68246222329784
148000	149000	-1.81333469298828	2.46945232872584	3.45693519426388
149000	150000	-1.44205492821273	1.73143609662457	3.09732798287307
150000	151000	-2.22807943392245	1.50344224933926	3.43315219169362
151000	152000	-2.19650797897394	1.49980348265504	2.56238912520951
152000	153000	-2.8297057670576	2.07096787156148	2.96624796234988
153000	154000	-2.65982980508746	2.15308371095399	2.15571334981405
154000	155000	-2.62352022206185	2.43899178368295	1.43507355902666
155000	156000	-2.58747086909849	3.20072818470294	1.73725522650555
156000	157000	-2.59442670253095	3.31036865776974	0.95732972939669
157000	158000	-1.83079198732718	3.19009279986306	1.21277049538896
158000	159000	-1.78509708978265	3.51073928495262	0.514085776839002
159000	160000	-1.08022274084517	3.79609779434207	0.81527204057066
160000	161000	-1.18511284716421	3.59916892452043	1.71429909235205
161000	162000	-0.710862696179844	2.72141319015765	1.27685072865775
162000	163000	-0.00876831455536287	3.40461657427494	1.4122030106984
163000	164000	0.276542394170553	2.86736293407924	2.28743681979874
164000	165000	0.156932415079786	1.75148398761023	2.12703301877196
165000	166000	0.377101713577937	2.02872484544131	3.30574790844844
166000	167000	1.18128374591735	1.37494456040577	3.13708611489626
167000	168000	0.836594851845388	0.414023326383564	2.85460373440703
168000	169000	1.92116664088058	0.48749821551141	3.64054320643896
169000	170000	1.21788574083817	-0.0023096932655009	3.66783070078693
170000	171000	1.01260519844444	0.113639506828744	4.49750985824793
171000	172000	0.718898512485596	0.65512954618059	4.01513488896962
172000	173000	0.179363523902023	0.192893246562052	4.1034242398305
173000	174000	0.0679428010373403	0.846281800878972	4.31833000705636
174000	175000	-0.295166712109521	0.463991401389686	4.58631276992709
175000	176000	-0.505561303733792	0.726794005018442	3.9987190781439
176000	177000	-0.955076575079072	0.349151720349562	4.36267329849167
177000	178000	-1.53132932975859	0.398610792531922	3.87950943112054
178000	179000	-1.21564401623275	1.18899891142973	4.10271700513598
179000	180000	-0.843844453037556	0.557911917865394	3.10994855076977
180000	181000	-1.05936109560772	-0.424975265724586	3.30199976833786
181000	182000	-0.430901475153195	-0.706556508800062	4.24317392546776
182000	183000	0.213686978830124	-0.468682166249956	3.03957454013667
183000	184000	1.25504787374134	-0.940822976949317	4.08136912596051
184000	185000	1.44398459612904	-0.668278072960924	2.91672632090106
185000	186000	2.35307361341298	-0.697234480525222	3.52731093009597
186000	187000	2.21325505394834	-0.196595523300813	2.54037127007352
187000	188000	3.08079264414844	-0.432592195191051	2.65356109063836
188000	189000	2.79144275570982	-1.21891974457571	2.65727371494321
189000	190000	2.60645323670238	-0.996852668574118	1.84722961880034
190000	191000	3.23392195555654	-1.34199467391042	1.77493296240302
191000	192000	2.99290933274512	-2.00200064673897	2.08096155917242
192000	193000	2.21345898603074	-1.79144229534294	1.89956674606016
193000	194000	2.39027690690294	-2.19407500282851	2.75734770828627
194000	195000	1.69469374409377	-1.66594053160277	2.61249995853694
195000	196000	1.73287509651885	-1.82460031919805	3.51920260923164
196000	197000	0.88717478331532	-1.53955885732008	3.10204442535494
197000	198000	0.731247141037305	-1.96680739867349	3.94102827349739
198000	199000	0.149063312196375	-1.37930255784233	3.55785606767311
199000	2e+05	-0.326760158209148	-1.87361393935283	3.90111769019091
2e+05	201000	-0.60166810115791	-1.87893949732126	3.0947163005452
201000	202000	-0.168645868510152	-2.64890543351518	3.22489459555475
