0	1000	0.502651333688288	-1.31422703516621	-0.481363656282557
1000	2000	-0.257849018727761	-0.905177129620683	-0.0279422138599138
2000	3000	0.0729649284736212	-1.57690475856497	0.516225247464917
3000	4000	0.656450540679951	-0.845820925227742	0.722253727096252
4000	5000	0.597481806857086	-1.4834927720066	1.28808097695862
5000	6000	1.3995565886637	-1.45829414905618	0.902954858224188
6000	7000	1.25039144140426	-1.05360510056462	1.59933899045027
7000	8000	1.98661355161078	-1.21023070129992	1.47309145301085
8000	9000	1.81394798679273	-0.49987745870752	1.78614365795805
9000	10000	2.28797673389607	-0.406006669160253	1.10879995686913
10000	11000	1.60352473537945	0.101059314221157	1.07704041217624
11000	12000	1.98222243031947	0.693096095026133	1.56652746052637
12000	13000	1.49424269532995	1.01235341962894	0.937209845228928
13000	14000	1.82569924453579	1.69111492072299	1.33091488109727
14000	15000	1.07114077605692	1.8659318631937	0.943500696324101
15000	16000	1.64882324509262	2.4348227920532	0.794023403851576
16000	17000	1.48913644113232	1.99054210469911	0.174098637861002
17000	18000	2.02001418364811	2.47629255932343	-0.00264310536577733
18000	19000	2.11484789967565	2.35207364220732	-0.739997604210636
19000	20000	1.37672207236274	2.60793468627503	-0.84275034869586
20000	21000	1.5986009494552	2.54297279291954	-1.61748462784843
21000	22000	0.869834454487391	2.61725251677238	-1.78239936866167
22000	23000	1.19087072324655	2.23206589124245	-2.37566898905456
23000	24000	0.51900631915128	2.53323998038999	-2.58936045345739
24000	25000	0.470738730647486	1.73577396357315	-2.48804379165694
25000	26000	-0.10425271596738	2.35372971842762	-1.96755166006406
26000	27000	0.152758714582475	1.44793920572666	-1.69184946872571
27000	28000	0.493784346209179	1.96403839136596	-0.983001660786919
28000	29000	1.19722786816087	1.50129295822246	-1.50965064642096
29000	30000	1.54935482135169	1.49703632779782	-0.74864144556745
30000	31000	2.37499503186364	1.6771135719511	-1.54036945302502
31000	32000	2.23032181503801	0.844733499400528	-1.20377997091878
32000	33000	3.16741536363759	0.872150010576366	-1.62130894563783
33000	34000	2.63920453915559	0.413305518316245	-2.00046548019772
34000	35000	3.11861869792973	-0.0282213431980215	-2.45894952382078
35000	36000	2.38226785373551	-0.00356173801835035	-2.7755537374069
36000	37000	2.76969011826936	-0.593368349865054	-3.04858166432224
37000	38000	2.35180334219909	-0.32174624019027	-3.56664797331232
38000	39000	2.60779749844351	-0.867460819260214	-3.92947219266725
39000	40000	2.14091691349176	-0.937436649412791	-3.42352716501999
40000	41000	2.52433197271014	-1.38941859428606	-3.38428662360925
41000	42000	1.98371010605557	-1.47013375471645	-3.81878205682507
42000	43000	1.86711851727267	-1.77051915595033	-3.21618808411414
43000	44000	1.21674727087557	-1.69765700434062	-3.58398098552298
44000	45000	0.965926174055948	-1.85842640822809	-2.81629573155355
45000	46000	0.375847370937321	-2.3555572981823	-3.22043719682945
46000	47000	-0.0482972938694994	-2.51287143564521	-2.38585932907936
47000	48000	-0.770206648070743	-1.96541071167889	-2.08750976380389
48000	49000	-1.56946320929372	-1.50863613987312	-2.01119539762146
49000	50000	-1.54639968704925	-2.18954149221848	-1.11193576155074
50000	51000	-1.87351838124035	-1.24715251159098	-0.990107889628567
51000	52000	-1.59893177757912	-1.58496660240923	-0.186180359545601
52000	53000	-2.30425743132428	-1.87416681793501	0.285779917018387
53000	54000	-2.5203765984944	-0.99100783759737	0.129572927481027
54000	55000	-3.16963641720381	-1.35033401134643	0.43058276624417
55000	56000	-3.45906311397525	-0.747170443403849	0.0814287321151826
56000	57000	-3.49020167181519	-0.70741541237209	0.765002154161821
57000	58000	-4.13197256459391	-0.793832124466051	0.532989094705567
58000	59000	-3.96795863686536	-0.258940606108514	0.61194078011836
59000	60000	-4.12836432497949	-0.453258484137537	1.06213520431599
60000	61000	-4.50396986255423	-0.142795427053115	0.830420329338595
61000	62000	-4.06709837572786	0.125300675852116	1.0052408048892
62000	63000	-3.89819337923188	-0.0224673563405551	1.55370002578176
63000	64000	-3.46584587264783	0.299688503563337	1.09270989297152
64000	65000	-2.98280229969321	0.0819986586000231	1.59564368159154
65000	66000	-2.88284716311022	0.917080283469612	1.45174361878324
66000	67000	-2.42813812945947	0.492823859089607	0.845041325838561
67000	68000	-2.82341965120935	0.944373657301523	0.165336364110561
68000	69000	-2.06706131128178	0.497748766858962	-0.244387167459199
69000	70000	-1.6056752277246	0.0848284527964011	-0.97387977294167
70000	71000	-2.12641191278531	0.028013525305566	-1.94877449614113
71000	72000	-1.2735709021361	-0.484850346529882	-1.97259200434163
72000	73000	-0.607109699191359	-1.02194989849168	-1.47024399861311
73000	74000	0.222803012560361	-1.59094871714872	-1.68246663185636
74000	75000	-0.312765520955815	-2.29012085822071	-1.11537991043052
75000	76000	0.605653084029265	-2.43489193002477	-0.847648747451716
76000	77000	0.233864227380328	-2.63824997911914	0.013716656776299
77000	78000	1.03697064285657	-2.84734843484856	0.342100255309605
78000	79000	0.750959841489362	-2.54391287464754	0.946766672455704
79000	80000	1.00212836243316	-3.00318450856799	1.30736077792093
80000	81000	1.34830914683985	-2.53042807809659	1.33598055534282
81000	82000	1.42051233153761	-2.8412920715477	1.81901381468225
82000	83000	1.10824510215339	-2.3505276467714	1.87907206500815
83000	84000	1.65245375502906	-2.23903505084381	2.12526865925788
84000	85000	1.16094829461155	-2.25523170378421	2.52481488654375
85000	86000	1.59955254699981	-1.81669030093695	2.70079920788725
86000	87000	1.26092905778705	-2.03010012315665	3.18041935949952
87000	88000	1.03551865526283	-1.52052644478303	2.97119887782969
88000	89000	1.27140777790437	-1.39157118942825	3.54884214777481
89000	90000	0.628240228424505	-1.5946975821712	3.54368875288696
90000	91000	0.778969502759252	-0.905924594738493	3.35747516984848
91000	92000	0.115558399806693	-1.22724193362337	3.24879068431442
92000	93000	0.287897830949969	-0.691161401468808	2.81780624647789
93000	94000	-0.0977556672476134	-1.18558898981877	2.50509019929194
94000	95000	-0.802382890481013	-1.44038468037689	2.25816209830841
95000	96000	-0.751452673127109	-0.723422099116858	1.8786814815508
96000	97000	-1.2053042013747	-1.12281802539905	1.36442366919579
97000	98000	-2.02420447862462	-0.945567024237974	1.25215603409134
98000	99000	-1.61745380474499	-0.625575149345594	0.507308133484369
99000	1e+05	-1.13919887198675	0.136953382392039	0.375546615972578
1e+05	101000	-1.52635665657225	0.348908277266434	1.26509539510947
101000	102000	-0.962502107511028	1.06998683441763	0.972481385654959
102000	103000	-0.654279112533502	0.980393660718961	1.81192455693901
103000	104000	-0.258395202142197	1.67022996353499	1.69275089910234
104000	105000	-0.432122525840815	2.29944446767317	2.36326415353779
105000	106000	0.286857993271373	1.93504612652399	2.25903653995732
106000	107000	-0.264091127505887	1.60597740266814	2.70117877711084
107000	108000	0.257985476776294	1.14360944103093	2.60193777899011
108000	109000	0.115188271348876	1.1524876315596	3.30426625249601
109000	110000	0.0704029874969525	0.46358995156121	3.16089695386912
110000	111000	0.332506678891652	0.367568688255262	3.8098542862779
111000	112000	0.0753370176538341	-0.211705322438618	3.6207804696967
112000	113000	0.551640819470505	-0.430669389949348	4.08147052599703
113000	114000	-0.0357086490060014	-0.890352891479679	3.96728062773072
114000	115000	0.191472999888287	-0.932641042168079	4.52478116510407
115000	116000	-0.0133473933147608	-0.396214528520883	4.41319832369828
116000	117000	-0.0559284407900341	-0.455520311778553	4.97889277400789
117000	118000	-0.480437144512171	-0.797149443041313	4.77888177545416
118000	119000	-0.560743047930766	-0.231662130835495	4.67897029982156
119000	120000	-0.644122344932195	-0.619756505282977	4.26194179317441
120000	121000	-1.102794509877	-0.277546333799096	4.37179090989187
121000	122000	-0.777172660172728	-0.103411430923322	3.87044726103834
122000	123000	-1.08964345610213	0.413827698973387	4.07371124754799
123000	124000	-1.3407713368419	0.0641410765651184	3.48158854942068
124000	125000	-1.3510974891736	0.754907347034397	3.39280964826555
125000	126000	-1.83502602344761	0.486249623099302	2.87945496845564
126000	127000	-1.1979802585554	0.740744700163921	2.55212198283272
127000	128000	-1.5716166580563	1.45365500994796	2.81498429416354
128000	129000	-1.66606278104611	1.47326670584754	2.00401038926914
129000	130000	-1.41813402974772	2.25930199739704	2.21423189616032
130000	131000	-1.10391324646128	2.09674149281043	1.56930864443803
131000	132000	-0.648017477967384	2.66139613957082	1.52639164519691
132000	133000	-1.23120569506153	2.84890995044577	1.18250200819258
133000	134000	-0.817899796700064	2.37760573921263	0.749876953440157
134000	135000	-0.620412339281814	3.01315216300519	0.34878168180458
135000	136000	-0.320104109416368	2.26016371139912	-0.0800282836298065
136000	137000	-0.494839127169284	2.84757473409523	-0.81614650309729
137000	138000	-0.692252172671427	1.93543173158363	-1.06020575678711
138000	139000	-0.545995003141186	0.97140976977829	-0.942664876685172
139000	140000	-0.876035582045933	0.749946902459756	-1.95103216881621
140000	141000	0.026991002769442	0.183843761582704	-1.83571824992993
141000	142000	-0.5618350797868	0.0167839152418837	-2.81351087068643
142000	143000	0.0896537711598494	-0.722532349421299	-2.54762480246323
143000	144000	-0.333047478885391	-0.720018337753298	-3.51880987401326
144000	145000	0.2540595651261	-1.32908596365262	-3.79569747942141
145000	146000	-0.0880459431151986	-1.54383110262629	-3.05695078407012
146000	147000	-0.521612541199939	-1.93654738217355	-3.63008176312056
147000	148000	-1.03317622568881	-1.64265377462128	-3.09551982633264
148000	149000	-0.945273024912812	-2.53563899306158	-3.01455251179983
149000	150000	-1.68559456870992	-2.18772456326336	-2.8390769373324
150000	151000	-1.50820722725507	-2.61608985056584	-2.09384145587476
151000	152000	-2.27232219849526	-2.12699976688626	-2.09098476501858
152000	153000	-2.51266049268489	-2.27269039978132	-1.2897279058478
153000	154000	-2.74433445059801	-1.44889869509679	-1.48441464078074
154000	155000	-3.05822072490145	-1.60727598246538	-0.725053786624753
155000	156000	-3.34911061687047	-0.834441841893713	-0.994720383556816
156000	157000	-2.78089854951785	-0.262513881752242	-0.793794290068123
157000	158000	-3.34060663788035	0.398615337854385	-0.987343552716223
158000	159000	-2.69388277310464	0.930103351728665	-1.10724716716706
159000	160000	-3.25062684741753	1.57978398586925	-0.92626759718643
160000	161000	-2.46641621818562	1.85431605946502	-0.901574813356633
161000	162000	-2.53725236772986	2.58222201228408	-0.582104891286141
162000	163000	-2.74490792157976	2.19822244060672	0.0187167974221825
163000	164000	-2.44947071774569	2.86802305371024	0.260975442548823
164000	165000	-2.20963339707874	2.24120292642414	0.635171471417235
165000	166000	-1.74903584777416	2.58094834895634	0.0378870832663192
166000	167000	-1.83834260571807	1.71367335926899	-0.0751825221575193
167000	168000	-1.68153898028482	2.41035640313078	-0.956526764029003
168000	169000	-1.61216877126669	1.38395154847502	-1.06477722048657
169000	170000	-1.80966818202316	1.55676957930516	-1.97856646953573
170000	171000	-1.08688180598953	2.09316179191057	-2.26326139053033
171000	172000	-0.588991479337974	1.46534494938884	-2.72853945644064
172000	173000	0.0518648483369508	1.03851989290697	-3.16796116352818
173000	174000	0.637996467806828	0.440424633784861	-2.95714734182205
174000	175000	0.816107000468883	0.306912220758485	-3.81744956255862
175000	176000	0.8447938643959	-0.401011879885782	-3.40595916734042
176000	177000	1.56400176910809	-0.0927937016376401	-3.2961797881346
177000	178000	1.49632294895817	-0.691654402936098	-3.91398446832364
178000	179000	1.47302421569137	-0.928118505889337	-2.97840478401397
179000	180000	2.03227456083556	-1.25739561154298	-2.50535567169074
180000	181000	1.46618349138242	-0.675663125474696	-2.09999103122791
181000	182000	2.22870732252658	-1.21831103417391	-1.60904505193472
182000	183000	2.2518649050007	-0.356996861488206	-1.45996361272826
183000	184000	3.16523759077263	-0.723071995953976	-1.61603198235778
184000	185000	3.064430723447	-0.137891194415288	-1.16003996781209
185000	186000	3.78826414420308	-0.03155521927218	-1.24046516751795
186000	187000	3.64061536349644	-0.327726660073807	-0.619094038750989
187000	188000	4.09076782111829	0.105996372559446	-0.474207560947787
188000	189000	3.42889736747437	0.28665068954392	-0.531008382744435
189000	190000	3.80364964256783	0.844140669330159	-0.456040752960335
190000	191000	3.45041531293701	0.456828034653474	0.180836535213211
191000	192000	3.49791964016274	1.21813990780926	0.251698590855826
192000	193000	2.97785085685899	0.887286013741128	0.693712419516963
193000	194000	2.96155924919926	1.60898966966748	0.853476394877291
194000	195000	2.36944719661845	1.33284467390965	0.458416398248837
195000	196000	2.86655324269505	1.73982285616169	-0.0102937053934318
196000	197000	2.6376502345824	0.820711961033147	-0.193324692812636
197000	198000	3.07592254083769	1.29656232143511	-0.79404328993164
198000	199000	2.48233303735951	-0.190518823089172	-0.221068959269522
199000	2e+05	1.63786001865753	0.109665810854394	-0.357988386096258
2e+05	201000	1.53000189475822	-0.893130220031691	-0.288424361545393
201000	202000	0.607348762123395	-0.313398443673069	-0.43558308528962
