0	1000	0.527208381578218	-0.458158701484173	2.05575701884796
1000	2000	0.462439459713672	-0.307456439876326	2.76032917495276
2000	3000	0.268161586105449	-0.925791868137873	2.57643463149732
3000	4000	-0.135086984311678	-0.869632898960395	3.08298494364726
4000	5000	-0.304000304219776	-1.45429472791539	2.68855581350301
5000	6000	-0.810419411457813	-1.08267698049181	2.78347930561699
6000	7000	-0.811877378051252	-1.21080733728366	2.08231121936506
7000	8000	-1.32597549155546	-0.752201191297375	2.14551728874455
8000	9000	-1.53245262506129	-0.55431986189059	1.50446435282454
9000	10000	-1.506917948712	-0.684774981607491	0.780631829590848
10000	11000	-2.11508249143437	-0.332602147765073	0.723659986158637
11000	12000	-2.18235696026182	-0.408477661461191	0.0755891704685118
12000	13000	-2.80286024126536	-0.354256130262066	0.0689093151319257
13000	14000	-3.23275582226087	-0.716176300828796	-0.0376310857287137
14000	15000	-2.8282320392359	-0.857989954583342	-0.401529546112088
15000	16000	-3.25516610847377	-1.13037874853652	-0.509212371151639
16000	17000	-2.87228316188313	-1.32977091416508	-0.670141711960359
17000	18000	-3.08455470757719	-1.58696959049996	-0.371431199985099
18000	19000	-2.73584778452968	-1.83066158189545	-0.567608336610099
19000	20000	-2.45736463668857	-1.51628640600386	-0.218090264940235
20000	21000	-2.71161809477953	-1.92331775720209	0.120821491164304
21000	22000	-2.12926794181232	-1.71835899707578	0.372550226019226
22000	23000	-2.45602097202623	-1.25759286696399	0.631006945737863
23000	24000	-2.24671402505275	-1.46105311105431	1.13776337775773
24000	25000	-2.57658529442654	-1.38140191773967	1.70782624014582
25000	26000	-2.00972983728646	-1.67401345809971	1.68699752237376
26000	27000	-2.32636368143708	-1.84970394588906	2.17470179830703
27000	28000	-2.074103175273	-2.29040255275787	1.84510434729247
28000	29000	-2.55496827795994	-2.23315102825344	1.83209642580586
29000	30000	-2.4560780963249	-2.46563043246088	1.45387869897258
30000	31000	-2.92683686955573	-2.3083112891073	1.51354053896807
31000	32000	-2.84886382139109	-2.44325633091045	1.05524680890643
32000	33000	-2.77563375825865	-2.00559561557354	0.96848131489372
33000	34000	-3.27967560172964	-1.95207159634535	1.00823059401059
34000	35000	-3.17589913434973	-1.51942793598743	0.749086379734502
35000	36000	-2.9529885808092	-1.3545211643848	1.16543353758184
36000	37000	-3.3448347890731	-1.15054427511804	1.35483408022775
37000	38000	-3.09183203278243	-0.802132127249197	1.1698758373822
38000	39000	-3.46804224888121	-0.529546931747585	1.32064797864662
39000	40000	-3.04430281280494	-0.379360178160897	1.38247423167929
40000	41000	-3.16286620407864	-0.148165037462336	1.06505714668112
41000	42000	-2.82527048679225	0.0994543523099083	1.37602828889609
42000	43000	-2.94838149521819	0.486469497848073	1.05500432916122
43000	44000	-2.46446193543655	0.760315167627894	1.23657162148621
44000	45000	-2.76478741471444	1.17741801619379	1.50798884120959
45000	46000	-2.32779612427699	1.46903219413397	1.27277242135127
46000	47000	-2.21929317878481	1.62531209967145	1.80301119967407
47000	48000	-2.39939834782279	2.0590037911368	1.59822290276106
48000	49000	-1.94492853768351	2.20089948050001	1.65881669908348
49000	50000	-2.21820333367346	2.56123139561909	1.91746800792825
50000	51000	-1.74086563617357	2.76945083472292	1.74376722493275
51000	52000	-2.13198740577084	3.12492941623803	1.81420301483397
52000	53000	-1.66852510668466	3.37842487719198	1.86785209654663
53000	54000	-2.09847178386118	3.66076370178669	1.632590520373
54000	55000	-1.66893990758294	3.65962978855363	1.35021082942623
55000	56000	-2.12214231808662	3.58119083477394	1.06418332251749
56000	57000	-1.82386157211177	3.13011310991656	1.20556324076761
57000	58000	-2.4911812435074	3.09667581789352	1.21746692346167
58000	59000	-2.08347767697117	2.68261868486851	0.987769350503073
59000	60000	-2.58234456231834	2.51462226667787	0.804445121713752
60000	61000	-2.52209553300495	3.00441088445928	0.421547099625939
61000	62000	-1.98632700169499	2.51722005914963	0.360166634903859
62000	63000	-1.77855569560987	3.15490681880753	0.288533900102186
63000	64000	-1.29104371907251	2.64078246384056	0.341986707697827
64000	65000	-0.905139126911857	2.46080196872904	0.796557807874669
65000	66000	-0.58987456576504	2.68737340946067	0.363943047613333
66000	67000	-0.347656372744584	3.00328701332564	0.738301536268407
67000	68000	-0.709826880368342	3.05966181811598	1.14247284580976
68000	69000	-0.985976453121219	3.24192705672501	0.715264410604752
69000	70000	-0.833307588314084	3.75575391951808	0.804848797336235
70000	71000	-0.852392316900169	3.65207837132554	0.235079393763665
71000	72000	-1.36387269045839	3.9863450163242	0.272537047395672
72000	73000	-1.0052163058688	4.16345395310589	-0.142390149931364
73000	74000	-1.54718577741663	3.98735091408518	-0.390824592826377
74000	75000	-1.06197775306506	3.9543723078426	-0.764874326746928
75000	76000	-1.40255403849561	3.56361772749735	-1.0699952614344
76000	77000	-1.83643331820974	3.25448853184658	-0.747760970768463
77000	78000	-1.48009263416929	2.70175497711015	-0.971990047663729
78000	79000	-1.13707556550757	3.01134905837373	-0.508834078801514
79000	80000	-0.516716235658838	3.36409686179307	-0.572394210731258
80000	81000	-0.608264743625974	2.8251501784167	-0.744950279859055
81000	82000	-0.522499460930677	3.16990598029445	-1.23179225857482
82000	83000	-0.401392486248356	2.62343816353061	-1.33897106756747
83000	84000	-0.505601140538625	2.65904587480318	-1.88667078880104
84000	85000	-0.2755501745978	2.16686279518193	-1.9691195891646
85000	86000	-0.502488109271325	2.03604523233285	-2.51861327661906
86000	87000	-0.0971043205018449	1.60956786031606	-2.62091189208769
87000	88000	-0.412297562753752	1.44846403153133	-3.07156885096773
88000	89000	-0.0709071518642266	0.92568435671707	-3.0317434800663
89000	90000	-0.0588919703812443	0.52635004579681	-3.46203505634924
90000	91000	-0.280497614277633	0.493508543983945	-4.07019386069354
91000	92000	0.115719432409125	0.117304739483564	-3.85759254640016
92000	93000	-0.0103192123575244	0.064033624954588	-4.35953166368247
93000	94000	0.422636955511832	-0.0118974743839934	-4.21389863720447
94000	95000	0.444247060688958	0.326725808503041	-4.61903590321424
95000	96000	0.752299250497567	0.394380003589529	-4.12356546131875
96000	97000	0.447110045481774	0.751886661422253	-4.21126472028281
97000	98000	0.844532359825726	0.987957328382438	-4.25971908055207
98000	99000	0.798650183019083	0.991912169037017	-3.78679973532445
99000	1e+05	0.580257263073183	1.4747402048073	-3.99527252968758
1e+05	101000	0.44514509913939	1.2600625527917	-3.45024523319995
101000	102000	-0.124025693155929	1.33154370635763	-3.85028069781588
102000	103000	-0.717500888387449	0.956964755491814	-3.64936285626828
103000	104000	-0.870226729780491	0.636768119463363	-3.04324731182037
104000	105000	-0.74694821300059	0.314231710851133	-2.44208466313852
105000	106000	-1.2429973229002	-0.14967622941139	-2.25510364854236
106000	107000	-1.59173932494943	0.391158817332497	-2.46470590170506
107000	108000	-1.83563026129749	-0.121569045383608	-2.66357607740962
108000	109000	-1.73598113919789	0.206015590225585	-3.10471103627473
109000	110000	-1.45229547348446	-0.233217774707542	-3.10346483545181
110000	111000	-1.53989553695603	-0.0850356668228056	-3.57330516832254
111000	112000	-1.45715010500368	-0.570134407821786	-3.53489260092289
112000	113000	-1.14531191769278	-0.353000551469177	-3.84445054712519
113000	114000	-0.832000244447655	-0.161843115655365	-3.46974883165351
114000	115000	-0.721201945223574	-0.715297005909696	-3.28959811280863
115000	116000	-0.297880200469721	-0.364116363650548	-2.95551884617196
116000	117000	-0.241510486721745	-0.874682526554567	-2.4194365573205
117000	118000	0.341034765646028	-0.340450294646498	-2.24491727263085
118000	119000	0.021870095836225	-0.00242245465210554	-1.5937849569608
119000	120000	0.535560348284445	-0.247527336302378	-1.09089998956369
120000	121000	0.679468817151157	0.625528427131224	-1.10535540439935
121000	122000	0.200315402298416	0.445479420977471	-0.475188422547335
122000	123000	0.36184691734599	1.14700367519925	-0.272249684442917
123000	124000	1.08511373263139	1.09975632664426	-0.369963537061246
124000	125000	0.958809766491336	0.490485899477229	0.0166535480504267
125000	126000	1.43389488012872	0.0932692980558986	-0.286313521966498
126000	127000	1.72568013316313	-0.611488639952137	-0.389027147246813
127000	128000	2.47086297054771	-1.04986602566014	-0.411107606645933
128000	129000	3.12734884821061	-0.835515618498708	-0.127333153986663
129000	130000	3.43506709473902	-1.09758561784491	-0.619809925490428
130000	131000	3.67714296496122	-0.56033203299596	-0.556881170291712
131000	132000	3.61558280276531	-0.485967759143812	-1.02870778915618
132000	133000	4.09952162558005	-0.720746888688753	-0.949621120009219
133000	134000	4.13378984800923	-0.181024045175102	-1.08712786180314
134000	135000	4.14198515145252	-0.557360808129937	-1.51727629222619
135000	136000	3.81677261264614	-0.0202654918750793	-1.66788754183183
136000	137000	3.62752309752179	-0.511415369633569	-1.92992068925794
137000	138000	4.13751605671801	-0.207888814547109	-2.20209915689304
138000	139000	4.05049179726846	-0.635912045173359	-2.54625211279661
139000	140000	4.41380693430014	-0.89103451549337	-2.13823888137556
140000	141000	4.13067870423927	-1.25908972469016	-2.52035444085228
141000	142000	3.9815147699471	-1.36987185687709	-1.93672554872421
142000	143000	3.51585798452083	-1.2035340175482	-2.31556084666437
143000	144000	3.31539379497334	-1.28908846217271	-1.70503877144971
144000	145000	2.84950447584844	-0.78607942414353	-1.95752915416866
145000	146000	2.50006830012274	-1.18741809202708	-1.59801211438443
146000	147000	2.73567364257154	-1.74772903539404	-1.87317543454441
147000	148000	2.34186131212564	-1.42946222121483	-2.27077286731318
148000	149000	2.71837378368649	-1.89104975871737	-2.54664371691709
149000	150000	2.47247756644651	-1.51120304821788	-2.89311924366551
150000	151000	2.97731761305877	-1.3952042568198	-2.8414953377171
151000	152000	2.6966332606696	-0.94732456619078	-2.91155472805018
152000	153000	3.1952002188387	-0.911876886169536	-3.20407531775962
153000	154000	3.16583913032165	-0.61683130040633	-2.76211009547898
154000	155000	3.19682436925539	-0.22954230515845	-3.12402468581148
155000	156000	2.72052102320738	-0.180804234893179	-2.75886965475097
156000	157000	3.09605880288072	0.17551611859728	-2.49998487745363
157000	158000	2.61406989725143	0.496687492914186	-2.49772588092862
158000	159000	2.59001874477876	0.251143185956337	-2.03318375260197
159000	160000	2.79685912959017	0.767425302074937	-1.81470412935907
160000	161000	2.25677804130135	0.500029423519514	-1.59073021313383
161000	162000	2.3222141610096	-0.113696236729777	-1.31495395060728
162000	163000	2.62903050569023	0.245061794858419	-0.78772164187777
163000	164000	2.49153266650545	-0.112943782849122	-0.0716226263857424
164000	165000	2.15985788140553	-0.81084308537376	0.524933102459758
165000	166000	2.08129804461613	-1.25555079841609	1.11512414556403
166000	167000	1.69278268200466	-1.60960943947942	1.57413641819127
167000	168000	1.79522939559018	-1.52813551983863	2.23270231128456
168000	169000	1.17544214369802	-1.68972151371503	2.15335539671055
169000	170000	1.16002653539303	-1.55221571651205	2.7176622813663
170000	171000	0.620114326059861	-1.79875980289899	2.68329847693812
171000	172000	0.662285582417633	-2.24447922702229	3.05213845507843
172000	173000	0.912927538957276	-2.32603254290114	2.54302100942252
173000	174000	0.628424521804598	-2.7958389559207	2.66145706734357
174000	175000	1.15420332758187	-2.90615789987472	2.40735426823171
175000	176000	1.14327886549582	-3.04153952600076	2.94132152784966
176000	177000	1.47876129173495	-2.72387340048753	2.86109959304937
177000	178000	1.75808764163202	-2.96230035906015	3.10641097968682
178000	179000	1.55247991620932	-2.82955446348896	3.47200236972192
179000	180000	1.65135134787289	-2.4668071095539	3.36922607162623
180000	181000	2.06907129556882	-2.54270152374977	3.51000733157768
181000	182000	1.98649145843748	-2.18780632749573	3.05154917443181
182000	183000	1.94830564426655	-1.92854481501196	3.62236405413055
183000	184000	1.59199130263767	-1.65029567802197	3.24821802473323
184000	185000	1.14631652494785	-1.85139081702723	3.59675675796731
185000	186000	0.769741388521426	-1.35512243763853	3.4509938442917
186000	187000	0.403143327169446	-1.8232397053147	3.61971073513679
187000	188000	0.209189473184607	-1.38020196974453	3.92118493112181
188000	189000	0.609798633239107	-1.71311593248486	4.09702755805586
189000	190000	0.361893763848956	-1.80609672478873	4.42302917721181
190000	191000	0.381618276263936	-1.41229137269332	4.48748552332992
191000	192000	0.695808805925684	-1.59612170874323	4.65056790106703
192000	193000	0.760036092062806	-1.2434163146612	4.44077819922853
193000	194000	1.13476257848155	-1.50204666032888	4.40323580035484
194000	195000	1.08918689367523	-1.12409624138771	4.05896587440231
195000	196000	1.57542763989941	-1.26364672196064	3.97279606898404
196000	197000	1.44586933764763	-0.946781664421303	3.53158580167568
197000	198000	1.92559527242652	-0.822705166661746	3.19388160195151
198000	199000	1.40778424812417	-0.519339209298219	2.92352408955756
199000	2e+05	1.68851721262355	-0.468000569954007	2.38764793550029
2e+05	201000	1.22867617945324	-0.55762598698886	1.95589186685776
201000	202000	1.01671438645857	-0.00241066629009123	2.25278999654048
