0	1000	2.20775472670188	-2.35977029987018	0.0591353686067729
1000	2000	1.70841811951849	-2.41020654157162	-0.0830862334908496
2000	3000	1.93455612887403	-2.72769840115728	-0.369577069459916
3000	4000	1.79936624074741	-2.48232307121625	-0.718625455500899
4000	5000	1.62447294770532	-2.86332899718237	-0.86547907065543
5000	6000	1.95539215568888	-2.89866875938507	-1.12575846895137
6000	7000	1.60585540900409	-2.80597756661303	-1.35922337451766
7000	8000	1.85955962670939	-3.05973458069243	-1.5532731143482
8000	9000	1.48521557106728	-3.09499290037188	-1.70785101540987
9000	10000	1.74288196473505	-3.40698065446829	-1.74551688155881
10000	11000	1.46446136933032	-3.29153507048734	-2.02765945216547
11000	12000	1.82678467671752	-3.54910526864653	-2.15689971373878
12000	13000	1.49225055461499	-3.60155005631793	-2.34333961417431
13000	14000	1.42149425945008	-3.60394492859175	-2.68196739407966
14000	15000	1.73616153112133	-3.786615319811	-2.61175482447206
15000	16000	1.66994355637807	-3.68019291679328	-2.94405648955585
16000	17000	1.91908109540728	-3.59543300093841	-2.79052054610047
17000	18000	1.89286406822834	-3.44185060023025	-3.02400223963081
18000	19000	2.18566356542966	-3.39772671038933	-2.86376682574205
19000	20000	2.11079493681877	-3.12207619170812	-3.05003623741365
20000	21000	1.80291428520417	-3.05026470495764	-2.89586424736943
21000	22000	2.13443166931303	-2.99625231983797	-2.62577454145268
22000	23000	1.77785238058717	-2.98624051590597	-2.44383238640714
23000	24000	2.10223356309894	-2.9671156832347	-2.21226377396326
24000	25000	1.85561833017434	-2.55249417373531	-2.14865082916403
25000	26000	2.28922235636889	-2.56590890529292	-1.98348176384684
26000	27000	2.59108351231652	-2.54067711712895	-2.32177147544894
27000	28000	2.49589651282309	-2.23104528738756	-2.20402705504482
28000	29000	2.15440985775432	-2.18593038132714	-2.26571102187338
29000	30000	2.30809466246243	-2.08123176972082	-2.52159766222426
30000	31000	2.32847916714683	-2.31534969606149	-2.72864442683447
31000	32000	1.9553883899242	-2.18480546536959	-2.6650462079294
32000	33000	1.99666853553351	-2.50273450311082	-2.72297808236354
33000	34000	1.77965214520401	-2.48115502638902	-2.95933306491553
34000	35000	1.61660997822139	-2.50220675397152	-2.62828010086527
35000	36000	1.45417253726569	-2.63483100246478	-2.86001123237232
36000	37000	1.29700685408648	-2.76136544634619	-2.58578776153959
37000	38000	1.20392823902403	-2.45152024745628	-2.60360777972234
38000	39000	0.869730666508565	-2.72414148765376	-2.6394370719254
39000	40000	0.98369194804506	-2.47019810234886	-2.2294552697757
40000	41000	0.642875326703259	-2.68219044219356	-2.1749939238345
41000	42000	0.495720844530882	-2.30739382557949	-2.07428207366144
42000	43000	0.0955671618000735	-2.44215810048186	-1.92806062962166
43000	44000	-0.351558949073623	-2.27256136847857	-1.77686108490514
44000	45000	-0.926828492773665	-2.12994007530621	-1.7248580567213
45000	46000	-1.51148808718809	-1.99868066271378	-1.61698000030718
46000	47000	-1.97142953976959	-1.80084799142288	-1.70210403570988
47000	48000	-2.43554565936604	-1.85332585325905	-1.63987888447156
48000	49000	-2.62151443218596	-1.54775716491617	-1.73455211726214
49000	50000	-2.96697605265221	-1.72425234545509	-1.73668967658247
50000	51000	-3.02409695346633	-1.42395745721624	-1.69913344631358
51000	52000	-3.26026597241647	-1.555548447373	-1.57008938695541
52000	53000	-3.34962705432883	-1.38116070560488	-1.75855095075151
53000	54000	-3.50227971703296	-1.42883297526647	-1.49161628696528
54000	55000	-3.38163309098073	-1.17623532034737	-1.4877620478589
55000	56000	-3.67499937146829	-1.17304629618263	-1.42481011130692
56000	57000	-3.58729775465174	-0.99315061009164	-1.64958290079751
57000	58000	-3.84427775073184	-0.922037771389584	-1.52479517215889
58000	59000	-3.57655819783462	-0.799162090569525	-1.38224176604502
59000	60000	-3.45652854768852	-0.606949483368781	-1.61441034081376
60000	61000	-3.74774525093973	-0.652632920520829	-1.11956366979895
61000	62000	-3.27560464202927	-0.61385289864455	-1.15695497089119
62000	63000	-2.91260624865686	-0.816875572348632	-1.40156657464966
63000	64000	-3.13687096588693	-1.03574811132019	-0.989196542647532
64000	65000	-2.86107884294482	-1.32284832056254	-1.08491822460572
65000	66000	-3.24132677630101	-1.43978691667407	-0.9943437905943
66000	67000	-3.07509228130797	-1.79029324247095	-1.02141061323776
67000	68000	-3.44754838539401	-1.80984633782284	-1.02178279639846
68000	69000	-3.21973491173349	-1.77754947655813	-0.749313358019532
69000	70000	-3.54218520478908	-1.64520988758577	-0.706270281553328
70000	71000	-3.24332308379026	-1.58134989784701	-0.465896028042254
71000	72000	-3.5784606658061	-1.33281366872571	-0.451286153239561
72000	73000	-3.26564641154869	-1.11785502091185	-0.39449102848263
73000	74000	-2.87768014297766	-1.30396350269544	-0.222753282391119
74000	75000	-3.05338734532952	-0.888138294723701	-0.0778758397539237
75000	76000	-2.47315583654633	-0.968282017021974	-0.460607159998257
76000	77000	-2.54489221780666	-0.620215410254029	-0.128229473568456
77000	78000	-2.97682472225913	-0.235822728288242	-0.296571539013871
78000	79000	-2.40584392793563	-0.225070097878571	-0.715901476731149
79000	80000	-2.39868987910495	0.089993237955589	-0.25836374691186
80000	81000	-2.69091024191414	0.36817098277808	-0.663373298745591
81000	82000	-2.18318569759576	0.605997998834168	-0.627092459083537
82000	83000	-2.52607966871881	0.886086499326896	-0.270696105431292
83000	84000	-2.58913903564232	1.20961341504987	-0.757245958376618
84000	85000	-2.30184087159789	1.48054706728259	-0.408595355484997
85000	86000	-2.78989593070233	1.7672193106585	-0.309168859158479
86000	87000	-2.44664744941916	2.08144473956908	-0.510603493672432
87000	88000	-2.76653342054731	2.37308021057305	-0.24819189488614
88000	89000	-2.52705078526097	2.70207454181857	-0.272420899333808
89000	90000	-2.77592051335711	2.98074210550705	-0.238797757783433
90000	91000	-2.82734480028728	3.33762486197468	-0.180012220286367
91000	92000	-2.80675297315656	3.27853425898409	-0.564203336546311
92000	93000	-2.965744141858	3.57392309395135	-0.608645064098997
93000	94000	-3.14213210498287	3.35487182297186	-0.520002421701386
94000	95000	-3.36971596016582	3.52000401616526	-0.653830440282714
95000	96000	-3.20925939940307	3.43237802301203	-0.895902010456628
96000	97000	-3.23467147207934	3.17294628404184	-0.774055700398254
97000	98000	-3.3885537105989	3.17268496540692	-0.996402680192484
98000	99000	-3.13059802733458	3.09221350049243	-1.11688351819993
99000	1e+05	-3.20869076829263	2.79260738704486	-0.916517891967227
1e+05	101000	-2.75829409166065	2.8713408178017	-0.93275896996356
101000	102000	-2.65328866397655	3.15517520805743	-1.20374310549031
102000	103000	-2.37445320881732	3.15338580801111	-0.836834067620411
103000	104000	-2.12485502988665	3.33514249867666	-0.518956279517694
104000	105000	-2.28005299224805	3.83660841727761	-0.41966925477949
105000	106000	-1.81629750964984	3.79712452970704	-0.642058758725723
106000	107000	-2.03067688512898	4.09412176153845	-0.653630891595198
107000	108000	-1.77554706902367	4.13464353867182	-0.873154748824002
108000	109000	-2.02609252005145	4.24336819459048	-0.998110281216433
109000	110000	-1.98010652547619	3.99300237979512	-1.02072663273856
110000	111000	-2.19936577328612	4.05574765900692	-1.11195084050265
111000	112000	-2.03749183346164	3.99457257063589	-1.36077042179085
112000	113000	-2.22074140219121	3.78748635171056	-1.3055019241534
113000	114000	-1.87240388431172	3.66853652277689	-1.34422556588374
114000	115000	-2.09371755312461	3.4058072183888	-1.41317219700384
115000	116000	-1.81932188646935	3.2878357634316	-1.10817456521882
116000	117000	-1.73348419142805	3.04924722146454	-1.49817143798528
117000	118000	-1.66899508340724	2.77317234991209	-1.06805451807127
118000	119000	-1.27443301897092	2.94894397727514	-0.83071634911345
119000	120000	-1.39810483116323	2.96756858007771	-0.239685582427015
120000	121000	-0.966825143279852	2.64600353774503	-0.303763478436713
121000	122000	-1.07761345240585	2.71395720644897	0.368414762895725
122000	123000	-0.474983197549697	2.96282099288039	0.337016902289754
123000	124000	-0.391511206359173	2.63320276684694	0.879544042224671
124000	125000	0.057356292809412	2.98897629493256	0.947878466941301
125000	126000	0.424238375466344	2.68217387145938	1.21137466784817
126000	127000	0.621977521630649	3.1725725320398	1.38049172412046
127000	128000	0.940015273425085	2.84354409034273	1.55248185707482
128000	129000	1.24973518913476	3.11199567500916	1.7308113830998
129000	130000	0.903502489205197	3.26076338982147	1.93578485319206
130000	131000	1.11487359754214	3.03901692892762	2.15780352657895
131000	132000	1.13160873760174	3.37645710048457	2.24894007982013
132000	133000	1.347743760231	3.18359442396557	2.38771914720895
133000	134000	1.11047565204304	3.34666144655048	2.60362027189857
134000	135000	1.43035741798309	3.48114589777423	2.5561470475842
135000	136000	1.20490588985849	3.59253915042346	2.82216209956907
136000	137000	1.54843481164208	3.29399953891711	2.8095288221854
137000	138000	1.47246076921369	3.44615344444045	3.04271158233269
138000	139000	1.19710558817248	3.35065419749955	3.11439197627299
139000	140000	1.50734325327845	3.04511471887881	3.17453846557852
140000	141000	1.1747780054155	3.03092848799519	3.34549838168509
141000	142000	1.1531522366868	2.7669677349653	3.06232042097493
142000	143000	1.34521890773036	2.75457122937764	2.75363122831513
143000	144000	0.930246537273412	2.79154503835046	2.6268163969478
144000	145000	0.755243637664593	3.03115951086794	2.91988834552428
145000	146000	0.513789083543927	3.06695911184148	2.51353718372141
146000	147000	0.36411268453467	3.37316144195744	2.78038258924245
147000	148000	0.235699499863069	3.10011120478865	3.11633803936912
148000	149000	-0.103787616710352	3.24381274397365	2.9210123857757
149000	150000	-0.212383058858225	2.93492518432643	2.64886204589413
150000	151000	-0.203015067805006	2.7640617844597	3.08448453521075
151000	152000	-0.168610686098773	2.50545174569942	2.79035469176055
152000	153000	0.135588174133734	2.50389795357899	3.15302299939904
153000	154000	0.255435458880148	2.5137587730298	2.74527178560173
154000	155000	0.5242181963521	2.32385946546172	3.0430462450515
155000	156000	0.469312609235074	2.13556356775581	2.64379005500248
156000	157000	0.629583839355989	2.3494176491495	2.32383732502521
157000	158000	0.925778577865208	2.07118699430442	2.6519770075568
158000	159000	0.943030608407273	2.06888173063003	2.20660750212701
159000	160000	1.38145953039168	1.8775188552818	2.48569571891533
160000	161000	1.40750818504238	1.90057883197032	1.97455436779871
161000	162000	1.30091772946745	1.43709487122933	2.1069563082163
162000	163000	1.72978838011488	1.17264650465245	1.94383149651947
163000	164000	1.83597318840305	0.579680431520446	1.84390355499497
164000	165000	1.90982574116008	0.00595967994338567	1.78126098654181
165000	166000	2.3314940319276	-0.244529677194534	1.56216351925018
166000	167000	2.12072174744328	-0.737259975070504	1.69329768354249
167000	168000	2.57484063692089	-0.825108608791337	1.48369111426269
168000	169000	2.37781530139807	-1.17930095847611	1.56628277719556
169000	170000	2.46259895036962	-1.23007137791035	1.96750379744114
170000	171000	2.87110779691918	-1.10296655451283	1.87668200283816
171000	172000	2.78342220485763	-1.41130418155109	2.18555364643679
172000	173000	3.01644303566524	-1.47786206035833	1.91009431633686
173000	174000	3.12578272101206	-1.64481714814393	2.24579315428113
174000	175000	3.39796445792051	-1.58405983190554	2.01983313522931
175000	176000	3.33739857187821	-1.90282913281611	2.0769201455146
176000	177000	3.30428960455066	-1.81960373861111	1.77610080123532
177000	178000	3.57541310404714	-1.99149110711073	1.81872978807761
178000	179000	3.34749772992612	-2.17279961645251	1.76139539291619
179000	180000	3.40652128887159	-2.0263871562238	1.49354766760158
180000	181000	3.36158494403253	-2.3401249683079	1.4785944258367
181000	182000	3.12603620044869	-1.96215913260307	1.31554202791103
182000	183000	2.96202274220447	-2.20771967010816	1.61512318611625
183000	184000	2.68037005346804	-1.89090209417832	1.50217698899632
184000	185000	2.6880849928084	-2.07032536934411	2.01024119900002
185000	186000	2.29986511437857	-1.94238647289104	1.77217880224862
186000	187000	2.3050277160929	-1.98505353728047	2.21539612795491
187000	188000	1.88830598374681	-2.11771658979368	1.96438016449758
188000	189000	2.04257588617702	-2.29777194390218	2.30435837858603
189000	190000	1.97010178369583	-2.53852452145642	2.03794147127065
190000	191000	2.24326440218624	-2.53317867281405	2.25725139204856
191000	192000	2.23906431787345	-2.73568257226171	2.01118630663996
192000	193000	2.32865331923706	-2.49567880506765	1.91176652965587
193000	194000	2.62400595148927	-2.60998272268205	2.04615137258236
194000	195000	2.63177529600978	-2.67787343605368	1.75303834622379
195000	196000	2.43234934793096	-2.51706695670598	1.52277952199461
196000	197000	2.70827763334123	-2.6523548694336	1.32665460284472
197000	198000	2.39421457125805	-2.38706659892081	1.12625578117579
198000	199000	2.73730418154658	-2.47529869720803	0.853099853764275
199000	2e+05	2.46458681835758	-2.08851293733618	0.663437782203641
2e+05	201000	2.1909778234017	-2.53168129424377	0.612072047656546
201000	202000	1.92894659991579	-2.13066070076875	0.389376560860487
