0	1000	1.32388377011718	1.4533994485026	-1.60338475551544
1000	2000	1.62002468752986	1.84710804476617	-2.08082154178506
2000	3000	1.83325862491863	1.93247469705441	-1.47866011359182
3000	4000	1.98530094247637	2.45331338017664	-1.73955090102956
4000	5000	2.46671351184141	2.0897272697993	-1.78976382769324
5000	6000	2.55958159609329	2.48450584208837	-1.29157257512797
6000	7000	2.74595748484088	1.90146711858437	-1.1528100319669
7000	8000	3.27119703907574	2.10532488312874	-1.3915470444679
8000	9000	3.27575148655092	1.50623883341554	-1.57632041384813
9000	10000	3.87539395698476	1.46733267466371	-1.32189442157008
10000	11000	3.61122115830656	0.849332863643174	-1.39974684488887
11000	12000	4.21905795794005	0.660630118324094	-1.41786959215293
12000	13000	3.94816110531961	0.0795476567467725	-1.34601459624232
13000	14000	4.49973104683194	-0.229810091718076	-1.25592587319213
14000	15000	4.06772078089314	-0.652242498001918	-1.23920703953521
15000	16000	4.50369010149087	-0.988838851418177	-1.4227688112262
16000	17000	4.42031897192135	-1.16932228808574	-0.926895985525131
17000	18000	4.13707239565747	-1.47089208818247	-1.2101004188536
18000	19000	4.54544030183166	-1.76049598063232	-1.11338509270689
19000	20000	4.23278749961818	-1.80651143184068	-0.707744406309247
20000	21000	3.99383328791814	-2.1616692057809	-1.09880080495664
21000	22000	3.80606093638777	-2.25941283873627	-0.53855529959314
22000	23000	3.31329236551505	-2.36735710824092	-0.943644699501069
23000	24000	3.17050865698822	-2.46699639389683	-0.267324680746373
24000	25000	2.84533576449761	-1.84545236276634	-0.493029707597629
25000	26000	3.24616043221026	-1.77226853982109	0.291152744096739
26000	27000	3.23699541954156	-1.06485657441745	-0.193863243731382
27000	28000	4.01612074267526	-0.946747581287769	0.23006037342197
28000	29000	4.02861846650314	-0.276067226524549	-0.127824717445377
29000	30000	4.44182329671684	0.249317737516727	0.103618988413678
30000	31000	4.33914012331969	0.967032957754522	0.109186522045355
31000	32000	4.16945980574781	1.65007114215705	0.280283396610769
32000	33000	3.71258848328088	2.11866929322271	0.236244432636125
33000	34000	3.6516461945945	2.43408369036215	0.783194927821564
34000	35000	3.1517842396333	2.73399097638656	0.52404632047936
35000	36000	2.95443448843624	2.84882923941015	1.04565670816534
36000	37000	2.60733676095	3.18481568947467	0.81505954332175
37000	38000	2.43291213018574	3.07083922485167	1.27224757740579
38000	39000	2.20358943205928	3.52452530597417	1.20246168197492
39000	40000	2.02133248700803	3.12058721531492	0.973988157539307
40000	41000	1.83914908593893	3.06712163124029	1.37390159084562
41000	42000	1.67897445403767	2.6878634953581	1.01675433919727
42000	43000	1.27313679271083	2.74718675716356	1.33321755036453
43000	44000	1.25778988494123	2.22127692345549	1.174674820113
44000	45000	0.750013440353557	2.10836282747701	1.21386184590192
45000	46000	0.807214667510787	1.54341512841829	1.11847338532485
46000	47000	0.31845861856903	1.22282995355099	1.13153066643966
47000	48000	0.48178303991537	0.68039362507273	0.919099366808794
48000	49000	-0.0250504339398352	0.45061177831464	0.787828108971632
49000	50000	0.212560337151083	-0.0918171962889208	0.639841399213046
50000	51000	-0.275084344111553	0.0565628442078288	0.294174614322468
51000	52000	0.0421368390659625	-0.338056429322183	-0.0254911860550052
52000	53000	-0.189818920375072	0.0230290683804801	-0.506251919370324
53000	54000	-0.215876025139591	-0.539325395225039	-0.780066289482435
54000	55000	0.0442388512964849	-0.297409717956852	-1.22841027885406
55000	56000	-0.203984494951657	-0.587590974561331	-1.62938627089385
56000	57000	0.250190875918602	-0.576214204421839	-1.94467130243537
57000	58000	-0.0316321845509946	-0.701403210051112	-2.42026274585742
58000	59000	0.465320872586882	-0.894044055069312	-2.46370314076429
59000	60000	0.303718386060496	-0.912996911441713	-2.95059169740411
60000	61000	0.845517550616564	-1.06745261730544	-2.96119422568786
61000	62000	0.513097542252172	-1.46745381681507	-2.87724906754853
62000	63000	0.74436889415992	-1.62660866552327	-3.34614652975687
63000	64000	0.347499233393358	-1.87261637138758	-3.15487699234082
64000	65000	0.735342755564906	-2.14745327474369	-3.00192667381377
65000	66000	0.26383207159501	-2.41107435804359	-3.00974912359916
66000	67000	0.531868475889192	-2.54479072408292	-2.5327653035346
67000	68000	0.129448564724896	-2.97788833413348	-2.58530544551257
68000	69000	0.0594397106838517	-2.84342540296181	-2.00656247772316
69000	70000	0.253537484254349	-3.34344372735888	-1.72601947328663
70000	71000	0.0284762607298404	-2.97655377464565	-1.25922816550115
71000	72000	0.266098693525265	-3.37324468066816	-0.844789808719846
72000	73000	0.201786754501844	-2.92092654534746	-0.393667446232252
73000	74000	-0.438306141902853	-3.0688489793909	-0.342389422698428
74000	75000	-0.317031883754775	-2.5684204596021	0.0916123364950101
75000	76000	-0.917382504328692	-2.88402819045632	0.211659165937241
76000	77000	-1.06544449729923	-2.22619935726761	0.233321827152825
77000	78000	-1.47004118131862	-2.49745199221792	0.824201732813559
78000	79000	-1.78061588162996	-1.86678177039764	0.659688688346973
79000	80000	-2.28806174084133	-2.15017538058534	1.21511812361538
80000	81000	-2.09348898288429	-1.42589375301219	1.37578357189939
81000	82000	-2.83946316827187	-1.42293482075552	1.1788955745026
82000	83000	-2.53118327465735	-0.619999710069949	1.27663436357037
83000	84000	-2.97319330172182	-0.0770467501819575	0.912836270727863
84000	85000	-3.25648813838479	0.526169204087399	1.3829404785494
85000	86000	-3.77332668131567	0.717106765021123	0.806819860426126
86000	87000	-4.22244366179918	0.937149065046799	0.276406010897617
87000	88000	-3.89051511418552	1.36069436916358	-0.161116738942425
88000	89000	-4.17483464676527	1.61265209825402	-0.750689037664413
89000	90000	-3.76241796621901	2.0248582438768	-1.15158449433563
90000	91000	-4.00490099478981	1.93346739357421	-1.77458660407641
91000	92000	-3.51032585633523	2.13753966664026	-2.09732959822568
92000	93000	-3.57728655882157	1.67362492353604	-2.47720660029909
93000	94000	-3.01845364665668	1.82861964656617	-2.51186623853722
94000	95000	-2.85003155337694	1.64960821777206	-3.07395028188097
95000	96000	-2.86657515297732	1.16393050278493	-2.67678646314004
96000	97000	-2.32924962112314	1.39138980536791	-2.6067081942922
97000	98000	-2.30482418571222	0.785798434883307	-2.34158375731488
98000	99000	-1.84859193560892	1.17834591468468	-1.92707978908469
99000	1e+05	-1.94819656360527	0.902713885153408	-1.193366621284
1e+05	101000	-1.82415456102009	1.42143548175836	-0.495020494236296
101000	102000	-1.94709129832665	1.51422752976277	0.316157485051245
102000	103000	-1.60684908762996	2.11152748346324	0.709256744735161
103000	104000	-1.75813191327785	1.82978193174659	1.38208877085286
104000	105000	-1.20218644589704	2.39050250954418	1.45847353623236
105000	106000	-1.68796881721788	2.36971357187542	2.00061198305033
106000	107000	-1.77975135707702	2.87677045060529	1.47605507867434
107000	108000	-2.45522145916106	2.40493577917062	1.53739515423545
108000	109000	-2.50702694537929	3.05160609595789	1.01028216658521
109000	110000	-2.76165878188647	2.39869863373695	0.550287546224903
110000	111000	-2.31487385345872	2.79336445985616	-0.0712482015924982
111000	112000	-1.69715138529711	3.36970503876064	-0.0221339357913488
112000	113000	-1.24065187692557	2.78761271582435	-0.43909841814574
113000	114000	-0.712908756120532	3.35644060779026	-0.358706884639884
114000	115000	-0.567550917929551	2.98270636054698	-0.936708374843245
115000	116000	-0.840171515582605	3.53179623054689	-1.05415406027368
116000	117000	-0.45356655624562	3.4361219461882	-1.5037057914243
117000	118000	-0.907707639073175	3.74024584977714	-1.6266376935313
118000	119000	-1.01327324438873	3.24156479809492	-1.62090090740761
119000	120000	-1.13166927150229	3.37268599536036	-2.04539606931914
120000	121000	-1.54536520123301	3.43194564776527	-1.79329672614794
121000	122000	-1.58669652224217	2.94445432859578	-1.9965266745705
122000	123000	-2.18291138836446	3.11268722173329	-1.97161618918619
123000	124000	-2.26485343492202	2.47500396210408	-2.15419263277078
124000	125000	-2.80384495423968	2.42591942941254	-1.72628221638018
125000	126000	-2.82619962834573	1.72583695033154	-1.5952803130385
126000	127000	-3.22672742626013	1.12024779326841	-1.48298257473467
127000	128000	-3.8925905518522	0.771506309392643	-1.70235641415807
128000	129000	-3.5910653067307	0.267417291312642	-1.13460994826135
129000	130000	-4.17898226648578	-0.0842508052952534	-0.72241475814058
130000	131000	-3.71701048825798	-0.45801536409149	-0.204287076446075
131000	132000	-4.27995164111146	-0.600426256527435	0.208134990865112
132000	133000	-3.83503017939793	-0.939876480934291	0.631126323865836
133000	134000	-4.21341283628481	-0.504091110777887	1.112382326249
134000	135000	-3.79852327671785	-0.881420015411191	1.46042136866884
135000	136000	-3.82412252006724	-0.377616671784641	1.85177339533642
136000	137000	-3.68549428350845	-0.889727977998152	2.17678976980118
137000	138000	-3.24914613379592	-0.509919388838525	2.34357446739951
138000	139000	-3.06849515129004	-1.0226904382975	2.57337294919114
139000	140000	-2.73805621243809	-0.59351811956391	2.86099559358375
140000	141000	-2.39529834374413	-1.1331455545929	2.82972372710204
141000	142000	-1.97030902592974	-0.64400429238024	2.89318999271477
142000	143000	-1.57165580052014	-1.11766183922469	2.60221082676524
143000	144000	-1.1563554782002	-0.576567909818547	3.02432717420879
144000	145000	-0.997353171680016	-1.29833545242022	3.16962668688404
145000	146000	-0.557878145995234	-0.894472007777124	2.5706486986392
146000	147000	-0.131971524187734	-1.40263621347933	3.13676248452964
147000	148000	-0.169305176430376	-1.62886468183037	2.33429062181456
148000	149000	-0.207037848311234	-2.36348161889838	2.70824420211126
149000	150000	-0.033805064017813	-1.79711300906734	1.4946761622295
150000	151000	-0.2026649815405	-2.61993221829694	1.4843317707691
151000	152000	0.1568716193477	-3.34352603260735	1.10282865043749
152000	153000	-0.529125077230157	-3.99321804996433	1.12618020088157
153000	154000	-0.0586267488163071	-4.0616865094153	0.471019021469801
154000	155000	-0.860504282778223	-4.45628976834666	0.317884566565864
155000	156000	-0.305722598290875	-4.50659400349671	-0.209316819399847
156000	157000	-0.350885031732936	-4.48505026247195	-0.936694186869203
157000	158000	-1.06873992673951	-4.46864481540185	-0.791720905588933
158000	159000	-0.866093615622699	-3.94113975092926	-1.19048440368054
159000	160000	-1.37407184394231	-4.24785003855832	-1.53245073047854
160000	161000	-1.59344051254511	-3.67774221109993	-1.0344962538163
161000	162000	-1.88782362269226	-3.57130913807303	-1.6224208052808
162000	163000	-1.70562254246093	-2.92986045264564	-1.46434980144389
163000	164000	-2.34905312037487	-2.90089659052169	-1.67732124308676
164000	165000	-2.43450904601692	-3.21672964010128	-1.06339423056328
165000	166000	-2.22204867330006	-2.48372326695334	-0.896530915831169
166000	167000	-2.56422636912685	-2.89778496576059	-0.257960729671228
167000	168000	-2.12531915912749	-3.52346923689289	0.150339570139484
168000	169000	-1.81531627965036	-3.62686015847681	1.04599312577043
169000	170000	-1.14647765619133	-3.25224255178544	1.76802133878023
170000	171000	-0.140418100013846	-3.41782088215507	2.2402641567062
171000	172000	0.756988840455304	-2.94573475835629	2.1172634838504
172000	173000	0.950039801763634	-2.26938619984354	1.73174843822395
173000	174000	1.46561071894712	-2.1342558981655	2.22017562734912
174000	175000	1.06662411714069	-1.73988468576373	2.70839764559533
175000	176000	1.42271672162716	-1.22069273278169	2.37496123349648
176000	177000	0.843250393975186	-0.89547139015771	2.39965875092025
177000	178000	1.10873008807621	-0.517202749914926	2.95300915272159
178000	179000	0.410464288693619	-0.216384610692995	2.87546443558236
179000	180000	0.675175957223962	0.377710364553335	2.53705725401124
180000	181000	0.350257165128702	0.717898093152683	3.17973750142211
181000	182000	0.127549276011428	1.36796887172175	2.65707591847549
182000	183000	0.617475488036465	1.76607931370928	3.09886376388441
183000	184000	0.545670612638755	2.36575285399831	2.66215660664456
184000	185000	0.923666430986129	1.98358903932033	2.35568003750743
185000	186000	1.37991844910388	2.33685343851122	2.62343941024625
186000	187000	1.52290352590252	1.71007886478413	2.41955442695741
187000	188000	2.05958540512353	1.93022800196591	2.71726244981791
188000	189000	2.1293948502188	1.93520242619384	2.05751955202498
189000	190000	2.23640714527278	1.31294008255369	1.9243934378506
190000	191000	2.83675722815871	1.59897730628176	1.67207286124414
191000	192000	2.84727721612782	0.876514505717057	1.5036524254192
192000	193000	2.66519502086857	1.27778350579184	0.893084163847705
193000	194000	3.44297775992571	1.05797123099794	0.975995700549626
194000	195000	2.97387014360481	0.621087394520456	0.560558932979466
195000	196000	2.83286670024976	1.39513035571954	0.0858867699776968
196000	197000	2.95084092590211	0.747680310105415	-0.255324381699447
197000	198000	2.15222348320563	0.481461627879541	-0.0959778849912141
198000	199000	2.39236252635215	0.37752438540902	-0.944411339853864
199000	2e+05	1.97466107460368	1.09321056153156	-0.778425521910729
2e+05	201000	1.7723322076267	0.733329409128871	-1.45648944333766
201000	202000	1.98292183885256	1.15080957108227	-2.02197687659771
