0	1000	-1.27077123114105	0.717477210727076	0.248859466081231
1000	2000	0.0297655805377724	0.991313327932651	0.571916246712979
2000	3000	-1.32953996874572	-0.704905989435707	1.09244852872384
3000	4000	0.153141865434338	-0.593468961425686	0.845711414045265
4000	5000	2.38686086970736	0.193950025635382	1.02164088848892
5000	6000	1.56692216138698	-0.730229537755892	0.468111983977263
6000	7000	2.33313780578939	-1.79546272386791	1.11014503487509
7000	8000	1.19684010658732	-2.11519428614057	0.565862381233523
8000	9000	0.60407836606389	-3.70428218056184	1.07785569921795
9000	10000	-0.0257987734874887	-2.43347884582003	0.416324287221598
10000	11000	-0.49521464843379	-3.52701822616067	0.85619688255826
11000	12000	-1.20768637613132	-2.80958964783001	0.519159282836259
12000	13000	-1.18788183816399	-3.70589533345917	-0.227369904840242
13000	14000	-1.26368434136833	-2.99661269199568	-0.799814626819805
14000	15000	-2.11545303827026	-3.012569657648	-0.560611314130266
15000	16000	-1.95679840651967	-3.25988449769249	-1.37988920160211
16000	17000	-2.25198793206031	-2.55810221452658	-1.3961184328502
17000	18000	-2.02575479604791	-2.70175901433425	-2.14627873426832
18000	19000	-2.58884081811529	-2.09261388864422	-2.2544802829744
19000	20000	-2.15998618006605	-1.71719110218135	-2.92751248315994
20000	21000	-2.83168507348323	-1.14936007817427	-2.85542731919842
21000	22000	-2.20195352327998	-0.53788658323797	-2.83892865878929
22000	23000	-2.63633828930484	-0.297228613214841	-3.53399756022795
23000	24000	-3.00422483799504	0.251190532199342	-2.97937500353868
24000	25000	-2.71024453347263	0.142945258701956	-2.08706970256332
25000	26000	-3.68970969408267	0.0888099289131426	-2.09453286394262
26000	27000	-3.60615714890282	0.431504048037368	-1.07841502559467
27000	28000	-2.95384745666519	-0.402120670868806	-0.749902707721701
28000	29000	-3.33661593153079	-1.28414725016856	-1.42722410294657
29000	30000	-2.3895340529594	-1.54201695590412	-0.824102084894017
30000	31000	-1.61141244952922	-1.32637918578708	-1.7960876312592
31000	32000	-0.932727919452789	-2.03884559178432	-2.10649822472231
32000	33000	-0.925874151349892	-2.62229584099161	-3.1449030458598
33000	34000	-0.0737788098665686	-1.74325944000032	-2.95618202317315
34000	35000	-0.190319164980408	-1.76102094425355	-4.00554029082287
35000	36000	-1.0649415626982	-1.24868524756885	-4.08510092993206
36000	37000	-0.721233363376927	-0.528704170767791	-3.72117151375054
37000	38000	-0.87184953027098	-0.266262339031011	-4.52716798345425
38000	39000	-0.341485297751856	0.160231346659073	-4.98575106748894
39000	40000	-0.106454988549026	0.171698551295832	-4.19292521256335
40000	41000	0.178840409683208	-0.456438972244531	-4.49909411185178
41000	42000	0.752440976576709	0.13423394009934	-4.61683493887778
42000	43000	1.07095118866331	0.182787405208375	-3.81956307435949
43000	44000	1.12408546743171	1.06497017788931	-4.26169591275253
44000	45000	1.09566937315243	1.14500355682844	-3.26437736595107
45000	46000	1.48901694813536	2.03869213449981	-3.65987051816621
46000	47000	1.2743083141431	1.96303931249807	-2.4612367692682
47000	48000	1.94262231879901	2.72508938171646	-1.83686262800004
48000	49000	1.20516343272116	2.60234492373108	-1.01004694368935
49000	50000	1.91105482976305	2.83093560985733	-0.167647035680241
50000	51000	1.20545557568511	2.99372077238675	0.819539710648118
51000	52000	1.69597093824739	2.04002813576144	1.35053263285942
52000	53000	1.24666258427545	2.63442209238428	2.3566929150358
53000	54000	1.90873058973298	1.80448678338397	3.08078710206707
54000	55000	1.07450562338764	1.38036837538801	3.32486895951509
55000	56000	1.31312252354992	1.56932623457082	4.2046924703817
56000	57000	0.747553262665996	2.21126226072486	3.57992227414884
57000	58000	0.89677314408256	2.30624993560421	4.24240889445203
58000	59000	0.559471152014287	1.89616829257514	4.06083762474676
59000	60000	0.470063612447738	2.06553229720529	4.47631779393024
60000	61000	0.234208002865321	2.30951523756078	4.17028804083739
61000	62000	0.0630016858316555	1.85345380065004	4.23287122809118
62000	63000	0.343972090399543	1.51802869064937	4.70032554148161
63000	64000	0.187047312379817	1.2309047579279	3.99677301015054
64000	65000	-0.655915265903088	1.52746025663237	4.32512514652453
65000	66000	-0.38029465574114	1.60507881225561	3.18848958259835
66000	67000	-1.01013907045263	2.35731403406292	3.65525180280236
67000	68000	-0.30673194745029	3.05378294470046	2.60887141603896
68000	69000	-0.261024959878733	2.59896466831091	1.54277756301076
69000	70000	-0.783347716195145	2.38739611319689	0.413933956706452
70000	71000	0.142974974388525	2.22213624626705	-0.243437949857253
71000	72000	-0.744780218759842	2.70691902049105	-1.23660993474108
72000	73000	0.326898885546867	1.58691826006241	-1.54643144000926
73000	74000	2.36216410677181	1.43004158953096	-2.51019237267906
74000	75000	1.59534555218701	0.971122820469206	-1.52956529808133
75000	76000	2.4881614619956	0.171361598253775	-1.93719104639306
76000	77000	2.69225195308213	0.500308801136915	-0.784025241164765
77000	78000	3.23835173046763	-0.51083922843047	-0.911907027517099
78000	79000	3.08667185924211	-0.745607184024056	0.0452887607123934
79000	80000	3.42535906527034	-1.59833326786087	0.321110634494515
80000	81000	2.77277414008695	-1.65509493926506	-0.143777369254298
81000	82000	3.08166330152389	-2.35414487197111	-0.21892713384399
82000	83000	2.82999929517102	-1.93195664567169	-0.950702802416052
83000	84000	2.84217083097048	-2.77302074359187	-1.04461621397308
84000	85000	2.08411875864685	-2.3770305972485	-0.956193870184307
85000	86000	2.15005768258868	-3.36742311194992	-1.16599814091322
86000	87000	1.6846744573962	-3.0128187270613	-0.538192641464665
87000	88000	1.8847719650761	-3.74372882844156	-0.308780858337928
88000	89000	1.23282066972749	-3.52098170561858	0.166744338475046
89000	90000	2.00017853053584	-3.16149148114993	0.565339055633631
90000	91000	1.75661281062883	-3.36879141325661	1.41210077795614
91000	92000	1.86935883422271	-2.6069725171865	2.04076570961672
92000	93000	1.17094616782834	-3.23829274655996	2.46709813291641
93000	94000	0.324664637698565	-2.7101868084777	2.02960625572221
94000	95000	0.790753929642263	-1.62095295782989	1.86248470757438
95000	96000	1.74192179760086	-0.577746817856765	2.02762791245609
96000	97000	0.485007004495495	-0.290969526436244	2.28063977769169
97000	98000	1.21378300776496	0.880587410259439	1.97263784997851
98000	99000	-0.0096739910413302	1.15749389311002	1.90753073823966
99000	1e+05	-1.1746226822579	0.730412408022649	1.91140080363334
1e+05	101000	-1.24482754840159	-0.256066177334762	2.44027921753831
101000	102000	-1.69808184603	-1.31609595185863	3.04357340197621
102000	103000	-0.59710523575197	-1.39123472446775	2.69985207559335
103000	104000	-0.569169312042594	-1.08266054754708	3.69747709607645
104000	105000	-0.202496276385935	-1.662772946133	4.23169553044415
105000	106000	-0.260821880756536	-2.19345719416955	3.4940148168601
106000	107000	0.362578796593674	-1.72450269622024	3.38168296001667
107000	108000	0.589125102386931	-2.3765189113042	3.76187589738558
108000	109000	1.14879617958702	-2.30903677661559	3.2308762985746
109000	110000	1.25878549136009	-1.93592875849836	3.96868650953544
110000	111000	1.55405745090508	-1.62544142702194	3.34213137555273
111000	112000	2.00154147924851	-2.03363844954709	3.8404712296344
112000	113000	2.24552846458965	-1.67227109390836	3.22739878894429
113000	114000	2.63495781943721	-1.71099350480124	3.74907305999526
114000	115000	2.48466424059757	-1.13837911251091	3.47794385705526
115000	116000	2.15418121652458	-1.4205234819804	3.75754045654986
116000	117000	2.52636498776921	-1.24242518132112	4.00672795578079
117000	118000	2.2043287877432	-1.30123807180648	4.18507367661552
118000	119000	2.24429277775278	-0.969572881976816	3.92263493267729
119000	120000	1.89058884396883	-1.09166375857388	4.04422030375331
120000	121000	2.19949740454494	-0.748902054185403	4.33344546606627
121000	122000	1.89705837065345	-0.524197308521371	3.88819069356318
122000	123000	1.59445442059789	-0.75994376837881	4.55405060131534
123000	124000	1.19798958404866	-0.554862907798816	4.03868979727139
124000	125000	1.51396937182578	0.165590340876313	4.42772989330172
125000	126000	1.06475311996957	0.361896549850849	3.80468590158029
126000	127000	0.550950398675883	0.0910815446448005	4.72994391081701
127000	128000	0.117283552325054	0.140615657868041	3.88110470733498
128000	129000	-0.598758147725719	0.355912328023419	4.58142334410149
129000	130000	-0.780283240424599	0.423567968387375	3.4949942662904
130000	131000	-1.5672068290139	0.739274370404905	3.85067542929156
131000	132000	-1.97526294699701	-0.0408793613212142	3.46400711358866
132000	133000	-2.39742036109139	0.842301031027164	3.04111168621713
133000	134000	-2.76861959612777	0.119038966339775	2.41250052138289
134000	135000	-2.93786726216162	0.877790885049543	1.66238611050896
135000	136000	-3.14651798723406	0.00774430124010656	0.847809090896959
136000	137000	-3.56387382990689	1.20934440738433	0.367996381873174
137000	138000	-2.55675541444208	0.860892161830433	-0.141164241100968
138000	139000	-2.04682521266626	1.64037500228136	-0.92246484129409
139000	140000	-1.33575809032338	1.04083253737139	-1.61991694642509
140000	141000	-2.07507487346855	2.39667147517527	-2.54185370603363
141000	142000	-0.963395398148419	1.60122272825734	-2.71675128447571
142000	143000	-1.12768791857273	2.63902814882292	-3.09953949108583
143000	144000	-0.873835958387655	2.38685013078912	-3.95785331710117
144000	145000	0.00116216101270171	2.25191478997583	-4.09991569216051
145000	146000	0.00366046390758812	2.27889581099396	-3.31093226531466
146000	147000	0.0804803995962199	2.97153655505796	-3.64314707661237
147000	148000	-0.0116736074844763	3.0435519459679	-2.87373035923996
148000	149000	0.550928751504279	3.46466920102723	-3.21141271264269
149000	150000	0.963390435705052	2.80965254178516	-3.19688313815327
150000	151000	0.681475173015262	2.80382549986933	-2.40958289818816
151000	152000	1.20543785011495	3.45411596934672	-2.45180372774429
152000	153000	0.368963224252545	3.71425327073127	-2.22309506858178
153000	154000	0.869946858457028	3.54318542831434	-1.61221883780701
154000	155000	0.266826644993908	4.00212274541223	-1.34475900011182
155000	156000	0.742762399913387	3.81697609965413	-0.547250258145943
156000	157000	-0.188199741488879	3.92270667611167	-0.326560944111155
157000	158000	-0.0405711797601139	3.85251926044103	0.689560490666789
158000	159000	-1.10564055294358	3.67703136151632	0.293729756630621
159000	160000	-1.1492645974496	3.80326978953911	1.37282368080185
160000	161000	-2.03959799103206	3.367487301327	0.894753677243087
161000	162000	-2.08374276036555	3.15248128698878	1.88349732791228
162000	163000	-2.5351374994298	2.27975599640558	1.96402864912676
163000	164000	-2.4336981786936	2.47715458410786	2.78980174742629
164000	165000	-1.77519934448202	1.94476238575084	2.7301672377558
165000	166000	-1.53449402061218	2.91378660741722	2.74129393257284
166000	167000	-1.52291625693539	2.25001917882472	1.65977364368446
167000	168000	-2.87469608344996	2.58648407647146	1.05810320592746
168000	169000	-2.09358229783186	2.40150724681604	0.265685390070173
169000	170000	-2.50165289549062	2.94970475345456	-0.731760528233933
170000	171000	-3.29701942232973	1.97222476216152	-1.09399846370233
171000	172000	-3.13023628846605	1.52986352447278	-2.15930372820794
172000	173000	-2.21055340328992	1.07681044092721	-2.62014307489334
173000	174000	-2.59431211415776	1.16357683504296	-3.5635871573281
174000	175000	-1.79235658415253	1.31013902567588	-3.90034704298577
175000	176000	-1.92607432457001	0.397802894618568	-4.16586747826204
176000	177000	-1.22683023330085	0.497805462996522	-3.72480335406483
177000	178000	-1.10430707372833	0.733535096175773	-4.6894303095891
178000	179000	-0.603672547448159	1.0692857507152	-4.15955501827528
179000	180000	0.0455326723038416	1.07947716625752	-4.65702565594881
180000	181000	-0.000982330031461461	0.886872543711351	-3.49012790144286
181000	182000	-0.150701468116604	0.0662243260525332	-2.95508464118358
182000	183000	0.465172195381979	-0.668275476695234	-3.27928834718527
183000	184000	0.89343949084934	-1.24210478038607	-4.15509694515927
184000	185000	1.51543102403186	-0.995175295817041	-3.28845860803929
185000	186000	1.44276593670506	-1.96751936640882	-3.33337353548293
186000	187000	2.02716287111647	-1.91648928986209	-2.49139591038078
187000	188000	2.17105156824328	-2.82893542695151	-2.3243006256192
188000	189000	1.43034117603722	-2.4807388139604	-1.92801599547719
189000	190000	1.13649865419362	-2.88097112767147	-2.64091611581458
190000	191000	1.06326378861022	-3.59223184696248	-2.02093976912752
191000	192000	0.837906282082022	-3.0991851582904	-1.22580371873161
192000	193000	0.866838078881381	-4.02592811714789	-0.864537771284342
193000	194000	0.216123066945539	-3.31586700961655	-0.404486203821239
194000	195000	-0.214845824523263	-3.94180035425225	-0.95947139803499
195000	196000	-0.267127005802192	-3.52553426854208	-1.84822889293268
196000	197000	0.155401362246926	-2.5403927753952	-1.78613896059367
197000	198000	0.213696908589143	-3.18035591125452	-3.03733960869592
198000	199000	0.980692716480646	-1.23946991165227	-1.84007196873349
199000	2e+05	0.131517628406381	-1.12739531536189	-1.16739185165717
2e+05	201000	-0.955586821270969	-0.769679366510641	-0.575965185025337
201000	202000	-0.240878916950542	0.296549520202034	-0.723860168118896
