0	1000	0.270031419176555	0.668060783508109	-0.434388433650259
1000	2000	0.443107252575901	0.959081507180308	-0.0241127149597069
2000	3000	-0.0254888232770145	1.1485924721071	-0.0162019297323248
3000	4000	0.0679660727447172	1.57447232594976	0.236498823721077
4000	5000	-0.343830957496765	1.38116624079682	0.445721345230414
5000	6000	-0.272010978175373	1.70438724764032	0.814955728088039
6000	7000	-0.616684756523593	1.55647202215776	1.13362453001171
7000	8000	-0.594680811748633	1.75385102010696	1.60722783725349
8000	9000	-0.766124128139003	1.27528334120783	1.81632079044103
9000	10000	-0.412600704279141	1.428727697781	2.28759467382204
10000	11000	-0.543504499124774	0.778208210426973	2.31425384299546
11000	12000	-0.381424038989116	0.268253410096212	2.48365171162676
12000	13000	-0.528783990530636	-0.140163034601546	2.20187326070822
13000	14000	-0.5084512226391	0.140025236518379	1.751684007883
14000	15000	-0.468679363499602	-0.340925112463591	1.39760222267759
15000	16000	-0.686124607386146	0.050678789273067	1.03650371482216
16000	17000	-0.893923099723205	-0.464840502224643	0.935167368795653
17000	18000	-1.33849112710743	-0.223052552863577	1.04489486557711
18000	19000	-1.19212340837194	-0.581995825140738	1.45150916652236
19000	20000	-1.17741555351824	-0.0627786742504886	1.68747511088711
20000	21000	-1.18735919076714	-0.335515332030886	2.18941070282555
21000	22000	-1.35119448270591	0.168522001492369	2.34198028052599
22000	23000	-1.0885283874063	0.360346361477098	2.81766898043275
23000	24000	-1.18368517950478	0.785752605487822	2.37865894748206
24000	25000	-1.10680725734565	1.38449027139339	2.37862731333433
25000	26000	-1.03402995302274	1.90541189139525	2.07760794374203
26000	27000	-1.34387066159808	1.63959201323145	1.63880049464391
27000	28000	-1.69076626026828	1.90952519075828	1.96387439525242
28000	29000	-1.88466399991039	1.44859533151189	1.96398108606831
29000	30000	-2.25109321275225	1.56288276093771	2.2871289770442
30000	31000	-2.32062623680645	1.03955818900361	2.23151498284825
31000	32000	-2.43767266186964	1.17176557262306	2.73914499777761
32000	33000	-1.9974240831565	0.964733871762711	2.73536799090533
33000	34000	-1.7844249216271	1.40654463277635	2.94490237572724
34000	35000	-1.30525450481227	1.07524840884386	3.0256040544815
35000	36000	-0.752532488735325	1.18736026453414	2.88146984895256
36000	37000	-0.613964687963391	1.71049604529698	3.0384922436857
37000	38000	-0.407799243383442	1.39525841108848	3.39023462374915
38000	39000	-0.0330089223818723	1.76476485219151	3.51451068067746
39000	40000	0.114020281558778	1.25946600502852	3.62811895161652
40000	41000	0.499054246100521	1.35520248982934	3.77457222544631
41000	42000	0.567876584470834	0.864470882791891	3.7806837695598
42000	43000	1.00522869754453	0.939626686269419	3.84172830413815
43000	44000	0.991367980037778	0.54530555518874	3.61928596706121
44000	45000	1.43014129364466	0.430962704138694	3.77269375107832
45000	46000	1.44155501278763	0.267673559807277	3.31715372399293
46000	47000	1.68676454686061	-0.124159474507545	3.49642693146736
47000	48000	2.00355230539485	0.11552849286109	3.16571989284087
48000	49000	2.04938710340956	-0.28587528446277	2.92346270625651
49000	50000	2.5769218213362	-0.225036286582175	2.85449860565618
50000	51000	2.38779231361176	-0.623922013955932	2.53733306959833
51000	52000	2.82749950175158	-0.486547358027839	2.29138340222478
52000	53000	2.56331333686841	-0.867186608484317	1.9168649987675
53000	54000	2.7263335109388	-0.339798744057845	1.73424403351458
54000	55000	2.20509961034173	-0.375415846941682	1.99720606431963
55000	56000	2.49242475579529	0.080600504147367	2.19092039429902
56000	57000	1.97286463687942	0.202534016819649	2.1507835079872
57000	58000	2.13772975620247	0.574257888553009	1.77774481335756
58000	59000	1.62239792335632	0.581296867471181	1.78933838851816
59000	60000	1.63131962188055	0.717793988555342	1.34170817775447
60000	61000	1.11965055078487	0.638315119665325	1.52944436726032
61000	62000	1.36400389925454	0.173350375040312	1.32920506223496
62000	63000	1.37776623279537	-0.237225485339593	1.74173026239511
63000	64000	1.86667122061755	-0.370777284463738	1.40765491153774
64000	65000	2.37593831053573	-0.328180212084623	1.22073894849257
65000	66000	2.33005506757472	-0.838802356862961	1.17149926315623
66000	67000	2.49341324250221	-0.622614599508047	0.719302997786413
67000	68000	2.08083428619064	-0.899694899802387	0.537510770980717
68000	69000	2.04488559035224	-0.518006186787518	0.221042331053231
69000	70000	1.67607590660203	-0.749921303947543	-0.0384440128232745
70000	71000	1.53020117551478	-0.24570149867805	-0.103823396127588
71000	72000	1.14456302920591	-0.542028267707832	-0.306882516409402
72000	73000	0.951811662982393	-0.0629695110133584	-0.159711695833142
73000	74000	0.391657417346952	-0.0481237987611559	-0.251180785601313
74000	75000	0.214252122436105	0.124827268600071	0.278323477992004
75000	76000	-0.109358786940429	-0.0862174080301862	0.658627942477086
76000	77000	0.0891247423967572	0.0925204367433309	1.11486998309757
77000	78000	0.287011368249019	-0.379888529512344	1.39484766719644
78000	79000	0.713139591318243	-0.0225406783852119	1.27450946642899
79000	80000	0.957684744712669	-0.500324902557338	1.23966569840496
80000	81000	0.772971057398056	-0.339705928593464	0.767654532756069
81000	82000	0.48816194008425	-0.732276687262597	0.555538040817444
82000	83000	0.226705684993796	-0.609922150866893	0.117180973619186
83000	84000	-0.214640695252294	-0.563914692255547	-0.132414891917481
84000	85000	-0.620942842594721	-0.537657902382366	-0.440860843733689
85000	86000	-1.10879526478375	-0.469090716382676	-0.561003691637932
86000	87000	-0.989871924793265	-0.788106574004577	-0.967656827505281
87000	88000	-1.46330430870739	-0.721707796219483	-1.09616067762955
88000	89000	-1.34765869561267	-1.11780187283108	-1.37485060949554
89000	90000	-1.49736616417488	-1.33361393218441	-0.921210358085431
90000	91000	-1.92720342633242	-1.64634737543516	-1.06252036385006
91000	92000	-1.93930193553495	-1.81800619624642	-0.546585828709255
92000	93000	-2.16207447987847	-2.28693411438496	-0.645286660436087
93000	94000	-2.35657974632983	-2.16740691074844	-0.174372887951165
94000	95000	-2.70475328987716	-2.63182802124852	-0.183701337654784
95000	96000	-2.65948365286384	-2.50863361940239	0.369158441422512
96000	97000	-2.2510600476292	-2.8018400927823	0.396026493364139
97000	98000	-2.34701590819272	-2.7697606051323	0.869621196110063
98000	99000	-1.83722963444689	-2.70062217921152	0.801000026536957
99000	1e+05	-1.35996933297698	-2.85963944645875	0.575475592398384
1e+05	101000	-1.30738288335047	-2.30002322061392	0.705197061801561
101000	102000	-1.32557750138753	-2.23496291405688	0.169180074460668
102000	103000	-1.8125175368898	-2.03618052649725	0.356923470500707
103000	104000	-1.7660422668799	-1.52311486101759	0.532212569458199
104000	105000	-2.29336382472824	-1.30956844374093	0.764762887317262
105000	106000	-1.98277486190935	-0.995648460602504	1.13960404713524
106000	107000	-1.8985364845966	-0.644513886971882	0.743163224258247
107000	108000	-2.28773558661688	-0.403714745091323	0.954339681191152
108000	109000	-2.54500431286605	-0.569202858117518	0.51797653157927
109000	110000	-2.33219675486716	-0.232484673199054	0.174025416627116
110000	111000	-2.63916541403124	-0.410173984709975	-0.189780854769468
111000	112000	-2.20667068267903	-0.202822372065999	-0.434905687226559
112000	113000	-2.37676839365904	-0.6299027934352	-0.72064797263544
113000	114000	-1.9930400139139	-0.821106669028294	-0.413327242915048
114000	115000	-2.42874038004207	-1.18844983002171	-0.384121296655021
115000	116000	-2.22161771400866	-1.46646404270758	0.0777407578844283
116000	117000	-2.72341140079952	-1.67922653610402	0.274087224451505
117000	118000	-2.36470539933853	-1.9530010741842	0.716436359307632
118000	119000	-1.92506580243174	-1.95013758890066	1.10386815057828
119000	120000	-1.44963623997711	-2.18693579770073	1.43726222753406
120000	121000	-1.55971182370105	-2.25398336732246	1.96739394947275
121000	122000	-1.31361467433257	-1.7949799710515	1.90029466537935
122000	123000	-0.953441058657946	-2.20811167042914	1.91830869451369
123000	124000	-0.918377199279525	-1.80528551391268	1.46471836920312
124000	125000	-0.698874678544615	-2.26129165185667	1.2215664574472
125000	126000	-0.575236740776662	-1.89324496738586	0.869553956692473
126000	127000	-0.200677930413731	-2.09047416042155	0.611336442177129
127000	128000	-0.355512290892169	-1.72372514955533	0.243612822113999
128000	129000	0.100071584859421	-1.74545847190306	-0.0619751137928885
129000	130000	-0.0996842102434075	-1.51533955899844	-0.556683376678902
130000	131000	0.397143636734533	-1.37001729197007	-0.673579662935694
131000	132000	0.786529699019572	-1.65715180958765	-0.47441460811567
132000	133000	0.719436146832415	-1.81588976378354	-0.997101370204667
133000	134000	0.476147712531938	-2.22890237672797	-0.730238674053048
134000	135000	-0.0410759336399897	-2.30418173143274	-0.904278473193892
135000	136000	-0.55160622896506	-2.42652444095802	-0.835648906060097
136000	137000	-1.00994505113609	-2.09186635236613	-0.864073689595647
137000	138000	-1.150065083142	-2.57457019852883	-1.00940673115595
138000	139000	-1.1490417159984	-2.2508135671393	-1.38145261492374
139000	140000	-0.648631025199574	-2.44520505064092	-1.44925255165364
140000	141000	-0.536943486201418	-1.89912677675194	-1.3780803499677
141000	142000	-0.0146189386033164	-1.91635865090901	-1.46221636450241
142000	143000	0.0106309667206192	-1.40503271660361	-1.25997101473442
143000	144000	0.378593601431892	-1.37804387530223	-1.6613876894599
144000	145000	0.304386862687258	-1.10091738040785	-2.18966091320941
145000	146000	0.490080446349443	-0.675058798454335	-2.5639691724694
146000	147000	0.428088096771722	-0.0975587651648602	-2.4793850379224
147000	148000	0.968822628184366	0.0320336352410694	-2.56708320848094
148000	149000	1.56183111658317	0.0871174288328844	-2.58545359533842
149000	150000	1.68954351108095	0.608570388378426	-2.36324049901643
150000	151000	1.97674918486664	0.432097375953376	-1.93894065601209
151000	152000	1.51929583741144	0.137648763622541	-1.82329694418095
152000	153000	1.85292593429095	-0.315101088731933	-1.93962301800675
153000	154000	1.40475021233405	-0.49020646636343	-1.74965070790062
154000	155000	1.28033536228631	-0.824498514207121	-2.14168602393561
155000	156000	0.820861081540222	-0.59803669543775	-1.96971047472971
156000	157000	0.29383693662021	-0.47093139447372	-1.97569343994637
157000	158000	-0.208417335164766	-0.531569051385435	-2.24127618070273
158000	159000	-0.136599132022864	-0.599964866162533	-2.73363180365972
159000	160000	0.0435090689570785	-0.266760182027275	-3.10876664159709
160000	161000	-0.263988977640661	0.015020795177431	-2.70079052474186
161000	162000	0.0280735781123154	0.427286779045838	-2.74461605728107
162000	163000	-0.312034567521765	0.835016112409017	-2.78661312944305
163000	164000	-0.429612600609782	1.16901231407195	-2.43561960136351
164000	165000	-0.250349281124131	1.55735672349533	-2.61751585093386
165000	166000	-0.264443320263839	1.90550265954639	-2.27869449657428
166000	167000	0.0354315202160533	2.20816030301689	-2.54353064603634
167000	168000	0.396609720831285	2.57656875870509	-2.50573523388955
168000	169000	0.599922033630572	2.99189554666245	-2.74443420488015
169000	170000	1.00562782860172	2.81418126219639	-2.52881899841493
170000	171000	1.25302848674864	3.08354169054374	-2.19421760145648
171000	172000	1.63794716803023	2.80345456369909	-2.41649007432493
172000	173000	1.72195015482015	2.6441170286643	-2.01287129354035
173000	174000	2.0640609266914	2.39425243799866	-2.19016388715829
174000	175000	1.9974310025487	2.20768223942362	-1.72702157428742
175000	176000	2.06299014654968	1.74706607777249	-1.93011463212516
176000	177000	1.9391221514669	1.25046564351758	-1.84137719604705
177000	178000	1.73154176312252	0.890491153064033	-1.41516873491112
178000	179000	1.33751296636319	0.947007295932165	-1.85097893366693
179000	180000	1.17164584116192	1.46826794725581	-1.70985746428383
180000	181000	0.695794865765279	1.70643365048233	-1.57102452745624
181000	182000	0.39977726757361	1.67544318575028	-2.04237929366974
182000	183000	0.782704076768672	1.9105629466339	-2.294584688467
183000	184000	0.641710357375569	1.93393718457832	-2.80796416605264
184000	185000	0.552413844411987	2.36370278153871	-3.08232479598749
185000	186000	1.04554575226414	2.54701708931071	-3.1073731373237
186000	187000	0.752882479438493	2.79822173943177	-3.42558905703194
187000	188000	1.20154165552651	2.76693827486733	-3.73673248963755
188000	189000	0.941385390404518	2.34320069244291	-3.87017617929509
189000	190000	1.10941168658928	2.27433717655791	-4.31237708427565
190000	191000	1.41586459898344	2.06306499296788	-4.01292249460245
191000	192000	1.34484403528093	1.7297748734619	-4.37076930719944
192000	193000	1.02221131868048	1.63758143591317	-4.03160562947007
193000	194000	1.36749671045472	1.37999682634058	-3.74998183380447
194000	195000	0.955316545533997	1.35708154119464	-3.46035951398642
195000	196000	1.21091957382371	1.30961493959609	-3.04695298935521
196000	197000	0.860274473984412	1.31203377371657	-2.68495676638152
197000	198000	0.719682955735541	1.02309171610718	-2.240087710213
198000	199000	0.685853304912051	0.917448709195187	-1.65816475415224
199000	2e+05	1.0392188774335	0.969815500802114	-1.23082609386908
2e+05	201000	0.686541567506956	0.574731350164494	-1.09078570442949
201000	202000	0.815930597961662	0.739176827845785	-0.584053711176835
