0	1000	-0.00787332154008961	0.387608646780722	0.828023139222897
1000	2000	0.722960607628841	0.587541853653879	0.923944926449454
2000	3000	1.36353069587365	0.537007849462418	0.487493065765366
3000	4000	1.84466843988621	0.385293469674285	-0.105987515965754
4000	5000	1.29480253309735	0.304346657372642	-0.570282361073526
5000	6000	1.58987032712644	0.0809097661463782	-1.1444285370332
6000	7000	0.912585912606062	0.223782274998903	-1.18370407795686
7000	8000	1.04919849298327	0.110506800784279	-1.79816503309072
8000	9000	0.531654020949775	0.601582397013895	-1.76113297997317
9000	10000	0.102526038104035	0.0609579381692199	-1.91544718028204
10000	11000	-0.17247351242886	0.520990097762543	-2.31369806777613
11000	12000	-0.695139962098999	0.396154189265914	-2.00485494840617
12000	13000	-1.1955797189789	0.333360266821224	-2.40758661057627
13000	14000	-1.58620958359054	0.643139124217934	-2.03761062613915
14000	15000	-1.96294927740199	0.211187689957974	-2.24721784710705
15000	16000	-2.33433664306011	0.570287564531372	-1.88927707448251
16000	17000	-2.38980568991884	0.0204090126988329	-1.70673879552808
17000	18000	-2.63618677367908	0.216513427050816	-1.23219495490831
18000	19000	-2.76433809792411	-0.350185950740896	-1.06208926488689
19000	20000	-2.91734617695802	-0.106349612032122	-0.527881162207799
20000	21000	-3.00119486210494	-0.648579830951838	-0.252186440892009
21000	22000	-3.00550116317335	-0.532994689654742	0.355882000746113
22000	23000	-2.80103251854472	-1.12746876448453	0.476854920131771
23000	24000	-2.78790963342465	-0.855549398867184	1.08438152461008
24000	25000	-2.23566562684692	-0.649506183890503	0.801282008235738
25000	26000	-2.37567743885399	-0.0919027435180874	1.17228004872907
26000	27000	-1.72579705546348	-0.0340731768627318	0.907161486814658
27000	28000	-2.0198462260519	0.450893092359733	0.544414577930143
28000	29000	-1.56984672571372	0.224356210993358	0.151698224069741
29000	30000	-1.8138849720077	-0.170774097668572	-0.20861849742563
30000	31000	-1.45512965319682	-0.302779850716674	-0.750772065946658
31000	32000	-1.29969476562618	-0.922267049020531	-0.596484801841031
32000	33000	-1.20499403670383	-1.12856836990276	-1.23211620885147
33000	34000	-1.09038260552694	-1.81194049656393	-1.05646909546872
34000	35000	-1.52910397327226	-2.25173619197919	-1.33923010994941
35000	36000	-1.79743524663449	-2.77995910404052	-1.07690285212382
36000	37000	-2.23812605583479	-2.58084218189025	-0.661661035037602
37000	38000	-2.15008052499889	-3.09796077178953	-0.230980296637454
38000	39000	-2.6896371714852	-2.758400415138	0.0783232278462366
39000	40000	-2.01152358732489	-2.59132135456786	0.242948549132468
40000	41000	-1.58323876622281	-2.32580610369962	-0.0899951765795643
41000	42000	-1.12928395770742	-2.5767196017176	0.307972571780196
42000	43000	-0.667096977193537	-2.95554910717126	0.0956627236225769
43000	44000	-0.638255754309335	-3.10721588035579	0.707331141794569
44000	45000	-0.282351469088728	-2.58374733824128	0.782915312134651
45000	46000	0.171205594295452	-2.69525943579145	1.26254800186214
46000	47000	0.320383385249898	-2.02195794171161	1.36920009121794
47000	48000	0.427930631939244	-1.67120902726371	0.722997705164389
48000	49000	0.828120721330875	-1.1692049798782	0.536450864885708
49000	50000	1.24573827447718	-0.629816423853268	0.635116672078309
50000	51000	0.759352970394194	-0.18921417685195	0.313663071346424
51000	52000	0.540005214319974	0.478012031082724	0.0167038178379948
52000	53000	0.490688316104044	1.14109422018591	-0.316541183875069
53000	54000	0.747153044743109	1.84346406743099	-0.418745450824258
54000	55000	1.06256774644448	2.36521739830895	-0.316282698215145
55000	56000	0.716867142518649	2.71128292216617	-0.612442288446154
56000	57000	0.983990164891865	3.13989479893043	-0.303817352505402
57000	58000	0.55239944867836	3.58016800320408	-0.450571760478151
58000	59000	0.895697445140702	3.89726215599791	-0.0522706281464615
59000	60000	0.428916280876041	4.20102406539512	0.0445500594914727
60000	61000	0.946124968773371	4.47588544367538	0.35387472698007
61000	62000	0.671842509522296	4.01066529402431	0.666574540967414
62000	63000	0.892707642213277	4.15803286221702	1.24488145673074
63000	64000	0.718208531457507	3.53298505338056	1.24144765619544
64000	65000	0.960555119538817	3.06974887039508	1.59290010076604
65000	66000	0.41355541795382	2.75573026643364	1.67188557079874
66000	67000	0.752237399339173	2.19641157389565	1.76109330734548
67000	68000	0.411862486340024	1.50952337643698	1.69046283857744
68000	69000	0.699499514900577	0.860715834933917	1.7826717420596
69000	70000	0.357530262403845	0.217563873260487	1.64005601372813
70000	71000	0.74092014507285	-0.289322316885077	1.3036773654656
71000	72000	0.244717720713235	-0.7943361161651	1.16576843397254
72000	73000	0.728945272405367	-1.24083538950314	1.42302317128206
73000	74000	1.18453963698343	-1.72524605910589	1.17894606559515
74000	75000	1.02806729454494	-2.257846739784	0.794579125523619
75000	76000	1.46348103395619	-1.99421527729265	0.41303631422433
76000	77000	1.39104563120903	-2.38163821942804	-0.0462763951184487
77000	78000	2.03040688734986	-2.33543293336099	-0.186176491380082
78000	79000	1.73742734487303	-2.48069155853455	-0.71566064494919
79000	80000	2.25110315281873	-2.58101945433998	-1.03461623034694
80000	81000	1.7707738101227	-2.69220186418019	-1.38363186986348
81000	82000	2.03996138725251	-2.24458732908817	-1.72159123623734
82000	83000	1.58705210756945	-2.5227196903794	-2.04889019634656
83000	84000	1.26099157946423	-2.00481963989146	-2.05207329647559
84000	85000	1.15078044687047	-2.27114712960079	-2.58282353204303
85000	86000	0.835631442801062	-1.70473476002014	-2.69358929040036
86000	87000	0.706330223859646	-1.33565473418612	-3.23439634224644
87000	88000	0.843873835844325	-0.823233257258751	-2.85899998162976
88000	89000	0.645566993904265	-0.447144702349694	-3.37928111567159
89000	90000	0.711776274658497	-0.0849027976516687	-2.80623728147843
90000	91000	1.19445599290541	0.348971328931164	-3.02805511665437
91000	92000	0.710444966914047	0.676540956122312	-2.72214342016326
92000	93000	0.804015072135308	1.23958283994586	-2.4566879704922
93000	94000	1.21148572135815	0.803324820537706	-2.12364836252892
94000	95000	1.30706293025841	1.03723214233275	-1.35508529554276
95000	96000	1.85915458676654	0.883825417908501	-0.868375091481395
96000	97000	1.44572704868912	1.09298800296028	-0.372138335863749
97000	98000	1.58833535629813	1.34662446802871	0.30628367190884
98000	99000	0.892146593204435	1.19857332151906	0.397305456710129
99000	1e+05	1.06830660932702	1.52290634619558	1.01061579637792
1e+05	101000	0.324285832597619	1.71641814209138	0.660323279505393
101000	102000	-0.166968213335698	1.88773113755336	0.182274424452289
102000	103000	-0.427941077927464	2.38471223259396	-0.136698495454253
103000	104000	-0.545994806007818	2.21933146793642	-0.714066938815956
104000	105000	-0.844391004014325	2.80235392410589	-0.796528446341634
105000	106000	-0.902643537504755	2.45460111128967	-1.33425280041145
106000	107000	-0.474057475342036	2.85327980756032	-1.40358764494832
107000	108000	-0.317909873711717	2.46748553603694	-1.83645560330879
108000	109000	-0.0643464273074727	2.95297513727964	-2.11450916575982
109000	110000	0.401943759206661	2.61385398897426	-2.32114195113636
110000	111000	0.699098641341702	3.09280374438353	-2.48184057157098
111000	112000	1.21361891939232	2.77178943229094	-2.54858765403559
112000	113000	1.46431005364352	3.31622803158328	-2.34535810863865
113000	114000	2.05061306072214	3.17053633841263	-2.5697652883475
114000	115000	2.06563121717359	3.10955008271729	-1.96153725862425
115000	116000	2.20838781851014	3.66191211391444	-2.14666488056653
116000	117000	2.82382377292594	3.40343816369676	-1.98893963121872
117000	118000	2.64836491443643	3.92028983647491	-1.58215436721084
118000	119000	3.15874647054324	3.63463440141834	-1.34601393115264
119000	120000	2.6929640715997	3.45306902531179	-1.06887909435031
120000	121000	3.11289464362602	3.50974804878711	-0.586006412945479
121000	122000	2.64139688340888	3.35306748783055	-0.299544686867157
122000	123000	2.96583690539492	3.08741635389269	0.139581802718583
123000	124000	2.48129720841968	3.4531350385215	0.380561820497909
124000	125000	2.29034842944572	2.84866124805411	0.531639834763517
125000	126000	1.81679884560372	3.18386439816878	0.714897115290338
126000	127000	1.75273295476207	2.67652389297643	1.08729940580125
127000	128000	1.15444764533344	2.77981899607503	0.797588057497304
128000	129000	0.482777251459792	2.63830073888778	0.840726784457837
129000	130000	-0.15427410155271	2.89774505867569	0.893324282795528
130000	131000	-0.462684891100457	2.34242650017174	0.919677897072969
131000	132000	-1.0313384440346	2.56752829540216	0.858530747051471
132000	133000	-1.06688145349781	2.12385889213266	1.31422255398834
133000	134000	-1.43377528127826	1.9135119494686	0.833678746905131
134000	135000	-1.48414515760523	1.44586272560139	1.25573701235202
135000	136000	-1.37605739885611	0.93454372641881	0.91678230293656
136000	137000	-1.58566103798148	0.635623311786462	1.47879773553438
137000	138000	-0.974729231898946	0.329475969985158	1.36944556349162
138000	139000	-1.21786264044437	-0.0489316758741428	1.97852071464571
139000	140000	-0.972911880727194	-0.849288279077958	2.05770124479994
140000	141000	-0.851425040293694	-1.31073665857399	1.5223103016339
141000	142000	-1.2234032052618	-1.78552314034834	1.77040552644452
142000	143000	-0.723739100726092	-2.1731893863407	1.65673390733228
143000	144000	-0.93588802859293	-2.73443321168776	1.89379781829587
144000	145000	-0.563920801627567	-2.64274449784326	2.42707939463994
145000	146000	-0.54540889360009	-3.24547192118186	2.30348485158126
146000	147000	-0.168795921365294	-3.13416238454866	2.77849978675859
147000	148000	0.182692094360274	-3.26924394212953	2.28065028337392
148000	149000	0.630412346679157	-2.99173860801864	2.69021858394478
149000	150000	0.904808678941593	-3.02934782019075	2.0230868425163
150000	151000	0.749083024307961	-2.41345797728895	2.14579857773008
151000	152000	1.40222480042732	-2.40174897712526	2.14196702717163
152000	153000	1.22688230242386	-2.04657984637817	2.7044800313045
153000	154000	1.59632593306605	-1.67577644317512	2.33938272260003
154000	155000	1.65849631511323	-1.3431988689049	2.85788420181177
155000	156000	1.62148278359018	-0.929422044864996	2.35956763721275
156000	157000	1.12251490847557	-0.686106573334755	2.59792486606665
157000	158000	1.29073207678213	-0.0837587254420773	2.53764425104605
158000	159000	0.713487630952835	-0.0090646967777726	2.70263239142853
159000	160000	0.803095820029876	0.534240373273033	3.03853882913908
160000	161000	0.0720697338519851	0.497959707461517	2.97506568189029
161000	162000	-0.412006582556644	1.00888811361339	3.08779979217839
162000	163000	-0.0319858143279105	1.34858390124439	3.54836002756791
163000	164000	-0.602895712730256	1.73849491382176	3.36124923615154
164000	165000	-0.0482497175677034	1.9377110389614	3.11063189568921
165000	166000	-0.418529521903135	1.668826087103	2.61486793007934
166000	167000	0.247826737299124	1.25949311478306	2.66954818224776
167000	168000	-0.176751373984627	0.821555275417826	2.25000710484982
168000	169000	-0.324082568976213	0.101233222508274	2.39421609682941
169000	170000	-0.532983164778392	-0.205721747560364	1.74090193269548
170000	171000	-1.1067252788554	-0.498421699797829	1.26717295472954
171000	172000	-1.74624317649621	-0.627508537107839	1.61136895103164
172000	173000	-1.88599680327564	-1.20016666928866	1.28327115541241
173000	174000	-2.27226917528846	-1.58589819058572	1.67498545554989
174000	175000	-2.56374893796898	-1.87077962195018	1.14184598365061
175000	176000	-2.39850537918958	-2.35644174606632	1.51245379517003
176000	177000	-2.59156029512929	-2.63637890632862	1.0162679042881
177000	178000	-2.15744614197229	-3.09375023809471	1.13834142268566
178000	179000	-2.21220277058178	-3.3572850066754	0.529221842581364
179000	180000	-1.60215860157989	-3.15232139572989	0.598413551520446
180000	181000	-1.36990851361646	-3.5857561987594	0.131021056249772
181000	182000	-1.27484348209061	-3.24191773051201	-0.471602000925764
182000	183000	-1.00760908627438	-2.65907259124321	-0.712603113946155
183000	184000	-1.02489972573516	-3.0499582276546	-1.26355275030864
184000	185000	-0.45490692064209	-2.75098867587823	-1.28827078006558
185000	186000	-0.426471029480472	-3.03854090882043	-1.85225880685228
186000	187000	0.126960639709704	-2.72654109057023	-1.88082123204403
187000	188000	0.251051433502675	-2.91668283785526	-2.46810195228017
188000	189000	-0.137903084185855	-2.39356800071432	-2.43634574263146
189000	190000	-0.0803830918171004	-1.89483758469624	-2.05304504204823
190000	191000	-0.464939694776403	-1.71475496605426	-2.57600894084364
191000	192000	-0.00550076759623455	-1.14597997926832	-2.44313369003253
192000	193000	-0.177399561673675	-0.883755390937932	-3.09882272139296
193000	194000	-0.278273075254259	-0.22121275612671	-2.87131760754783
194000	195000	-0.810442104926302	-0.659840763198184	-2.76602870124268
195000	196000	-0.535392101864745	-0.690707653060044	-2.12165328825523
196000	197000	-0.772543873955251	-1.32833440009263	-1.96403015431322
197000	198000	-0.35315248599408	-1.37129402793419	-1.30924196744731
198000	199000	-0.502349365003017	-0.705995680531482	-1.10216951197932
199000	2e+05	-0.329052904207909	-0.900402083263449	-0.503144522476921
2e+05	201000	-0.250610390873363	-0.261384445665684	-0.261680853454858
201000	202000	-0.268924233676871	-0.226456471251695	0.441834589597043
