0	1000	-2.5658273023916	-2.99877996208855	0.483903714786756
1000	2000	-2.98507307300188	-3.02518844231884	0.348038634293243
2000	3000	-2.92217007456918	-2.86881951140048	-0.0347614635048353
3000	4000	-3.22357571291219	-2.86815412699681	-0.346614414514835
4000	5000	-2.97420108920235	-2.81657312191041	-0.72383706339478
5000	6000	-3.11494459181828	-2.8327093461657	-1.14167657420055
6000	7000	-2.7421387638791	-2.75567679606708	-1.33107495824704
7000	8000	-2.8588808700861	-2.53247236454902	-1.64884613178858
8000	9000	-2.50908828290426	-2.31597139133026	-1.76319656468982
9000	10000	-2.64901589416389	-1.95183155154609	-2.04241472535984
10000	11000	-2.30948881727681	-1.72219711723188	-1.89105413818856
11000	12000	-2.22283867077349	-1.36856030962965	-2.07319767164227
12000	13000	-1.86301436856715	-1.38205033117512	-1.81260306205248
13000	14000	-1.49255304967761	-1.24870563031301	-2.03418961527793
14000	15000	-1.16617234697484	-1.53628493186661	-1.8273106599019
15000	16000	-0.751417834166958	-1.50004037415467	-2.07828851843055
16000	17000	-0.550990581265567	-1.90457150631198	-2.04594001332805
17000	18000	-0.158175489493448	-1.89263533708089	-2.21206058581533
18000	19000	0.00203550616235867	-2.31332617380468	-2.35352592211028
19000	20000	0.364843168393849	-2.1302323361381	-2.60416151870884
20000	21000	0.489596125820685	-2.44432183786535	-2.92960685121089
21000	22000	0.435438324483957	-2.14910364749824	-3.26297848092928
22000	23000	0.449315499481434	-2.32446585475386	-3.68917447376497
23000	24000	0.236396715513051	-1.96558464973456	-3.88865760341522
24000	25000	0.490564977978434	-1.85868754887783	-4.18929188671786
25000	26000	0.423665714800676	-1.45510578611414	-4.33682933316221
26000	27000	0.875453967310498	-1.35748336672241	-4.30730198036047
27000	28000	0.936872191351178	-0.959876257372077	-4.12715765763268
28000	29000	1.2017541462	-1.00054939062717	-3.84847742823395
29000	30000	1.34253613289769	-0.72829954977336	-3.61378844055567
30000	31000	1.67378855497899	-0.850012924399596	-3.32595050406895
31000	32000	1.85772036652521	-0.58294675740165	-3.00232848550208
32000	33000	2.2203903243196	-0.576711927954029	-2.80130981427885
33000	34000	2.41450992661023	-0.225347733729312	-2.63899536365741
34000	35000	2.81408266925028	-0.407203124425287	-2.51926805459961
35000	36000	3.07416105218218	-0.154945076739785	-2.30737695546211
36000	37000	3.47058590503704	-0.283491086630866	-2.29076051776038
37000	38000	3.74363055646532	-0.0520081446399735	-2.06850886991415
38000	39000	4.24612874977107	-0.0847202003706539	-2.18258989603736
39000	40000	4.15320512593789	0.0584771819363724	-1.74046040513262
40000	41000	4.46050251350334	0.0319206351799376	-1.53680000873749
41000	42000	4.31969194324888	0.272542903295388	-1.19662939626112
42000	43000	4.60478962034897	0.3617472269582	-0.910848671686603
43000	44000	4.40812019399932	0.561050701326683	-0.638306177251145
44000	45000	4.66992359006105	0.697787690069072	-0.365462956745855
45000	46000	4.35949007291424	0.886437834187199	-0.136946732916332
46000	47000	4.41787468789505	1.12431967813929	0.225809150802515
47000	48000	4.01246652365349	1.26697726841373	0.322818871278273
48000	49000	3.72056178636656	1.39593060942068	0.539874340348045
49000	50000	3.53290841380689	1.71717490556126	0.759319233647599
50000	51000	3.11474723666132	1.59973235861852	0.648876657749648
51000	52000	2.79297026671467	1.79352087212626	0.514275074057068
52000	53000	2.36157439335494	1.87124793952367	0.53932721654207
53000	54000	2.26202284598836	1.96566113116459	0.0944349217753639
54000	55000	1.89943348783191	2.13730543778169	-0.0240484478498987
55000	56000	1.91860530852585	2.30448069070796	-0.400254702523225
56000	57000	1.55802551521849	2.51151217645406	-0.467386597229722
57000	58000	1.56148289380101	2.76614549187443	-0.860453119707224
58000	59000	1.15143305631304	2.88460385252939	-0.859675935805744
59000	60000	0.873677319177568	2.98265974464313	-1.11807552860041
60000	61000	0.711094181802053	3.4276379175912	-1.16170454614724
61000	62000	0.382888277927452	3.29371751449819	-1.43535390878587
62000	63000	0.157184521054104	3.6306625599355	-1.66117046419155
63000	64000	-0.0391982586147193	3.23618678036711	-1.86586525538945
64000	65000	-0.371866977277614	3.30123978058064	-2.10586475445981
65000	66000	-0.456939494094346	3.06325631013932	-2.45740617123994
66000	67000	-0.858464897890942	3.10122456578944	-2.66486102568468
67000	68000	-0.923222227922386	2.90970046651307	-3.07520465784478
68000	69000	-1.34565848493835	2.79522980046642	-3.04334498111159
69000	70000	-1.6365904129183	2.80904462815998	-3.36034915187117
70000	71000	-1.91102372198178	2.51553250108412	-3.1819667428925
71000	72000	-2.30823125249439	2.67992502166885	-3.18249443839254
72000	73000	-2.50860347229813	2.47318891030241	-2.86185077349836
73000	74000	-2.84629900947365	2.67700711538004	-2.6506076530055
74000	75000	-2.84008400936001	2.50504927630241	-2.23278582351988
75000	76000	-3.03298209818816	2.80224080833835	-1.98960249300273
76000	77000	-3.00224571276836	2.84378634484108	-1.56535979392369
77000	78000	-3.27327296223388	3.17836900607816	-1.30262162183332
78000	79000	-3.02439189232361	3.1358319340529	-0.887994776878195
79000	80000	-3.20372980996405	3.33639488881927	-0.527786545749598
80000	81000	-2.76344439194486	3.3323386585855	-0.375572275458762
81000	82000	-2.69476975862601	3.62677117468203	-0.00753455645574686
82000	83000	-2.23508721336045	3.49154674459771	-0.00259911880093428
83000	84000	-1.99467806830112	3.69208261457674	0.338002721224707
84000	85000	-1.56698128688007	3.58057715364247	0.139126000955607
85000	86000	-1.2334152338343	3.75461377424233	0.45910023663801
86000	87000	-0.798898941970052	3.54919374525709	0.316340976976596
87000	88000	-0.60644425782275	3.3656523325853	0.693197933187218
88000	89000	-0.150993581953719	3.22003312684804	0.730011992955197
89000	90000	-0.089201096228057	2.84249779869516	1.05738004928597
90000	91000	0.242298955901415	2.66752622505488	1.40975547601477
91000	92000	0.215910609567179	2.28935116573906	1.7321134072813
92000	93000	0.362944862949135	2.32471980626536	2.17400795166068
93000	94000	0.364926958615929	1.907704351877	2.35721753802625
94000	95000	0.376100868175257	1.93951961612412	2.89417561813442
95000	96000	0.667692199389395	1.51476435739986	2.74572850812895
96000	97000	0.539252585728005	1.11610136548481	2.64984596279398
97000	98000	0.831492152886642	0.835797971584957	2.80210197844061
98000	99000	0.944800938732591	0.577620122493434	2.45331367584575
99000	1e+05	1.26408454778624	0.203085092161727	2.49170576393985
1e+05	101000	1.39778932679869	0.181490603819482	2.02176089293911
101000	102000	1.8034298456157	0.00767165461646171	1.97513427713738
102000	103000	1.79504687602431	-0.0170618410143892	1.5413422114894
103000	104000	2.09900779064152	-0.232962053863325	1.34551244916526
104000	105000	2.22484750647937	0.00688636831446057	0.949251579618761
105000	106000	2.25473294159619	-0.398347370313297	0.6996612003831
106000	107000	2.39468909702206	-0.268421296474435	0.298581430030528
107000	108000	2.22295922837119	-0.56975855069343	0.00437470884427963
108000	109000	2.60510978288663	-0.712570310271001	-0.250290148724067
109000	110000	2.45014873992966	-1.13952151953825	-0.403087476289007
110000	111000	2.73810750604038	-1.48352934703746	-0.292889318167521
111000	112000	2.94054502363975	-1.91027661560214	-0.401405321429166
112000	113000	2.93201998657825	-2.18510078383577	-0.0199352717336469
113000	114000	3.23592695456049	-2.49968214782021	0.0793538591768188
114000	115000	3.08017248440698	-2.83642853439963	0.310984058140596
115000	116000	3.27727383941297	-3.06609503763792	0.573564979222791
116000	117000	3.20975609198907	-3.48250235334294	0.749440761158602
117000	118000	3.55789397521506	-3.34849309283201	1.06253680801406
118000	119000	3.31462556018667	-3.35355029762861	1.41301131573788
119000	120000	3.45579937441782	-3.01209580408171	1.55911602122383
120000	121000	3.32338731003524	-2.96792653276308	1.95690434951865
121000	122000	3.24135239936797	-2.56740867467403	1.97090654187491
122000	123000	3.2606952770087	-2.30274140613642	2.32275646364479
123000	124000	2.89650657329865	-1.97033942805906	2.29390992217884
124000	125000	2.64076306016217	-1.71351582725462	2.58735005273739
125000	126000	2.24865253071616	-1.63314859704237	2.4481592284187
126000	127000	1.87220803863471	-1.70336718202837	2.66150268343268
127000	128000	1.55253867010773	-1.90205503324385	2.37987385210183
128000	129000	1.30903982774886	-2.26423000515128	2.1500234508106
129000	130000	1.27085259737527	-2.75685602651068	2.02292746592375
130000	131000	1.28627806676756	-2.84451657924078	1.58565598959881
131000	132000	1.18654788070488	-3.21952025434245	1.38896051486704
132000	133000	1.28653173172859	-3.04844964763836	0.953418122297178
133000	134000	1.03267452310331	-3.26589042790655	0.600169905412401
134000	135000	0.904737999236193	-2.90087232634968	0.374570736590927
135000	136000	0.878376724929485	-2.78791567114244	-0.0201995828478877
136000	137000	0.558822661206578	-2.50479354447844	0.0275642671592161
137000	138000	0.725991632574628	-2.22462419802252	-0.215711577123472
138000	139000	0.546442338154375	-1.86722877676069	-0.148152701034543
139000	140000	0.712545555302358	-1.5488790056537	-0.411959241058073
140000	141000	0.568123989666503	-1.1350946931009	-0.285816988884078
141000	142000	0.672048996230728	-0.723035829324226	-0.413340716020797
142000	143000	0.60165051581933	-0.298757060977216	-0.467013361865691
143000	144000	0.639651895462688	0.157902811198628	-0.39059428778887
144000	145000	0.384719966658102	0.521357207577754	-0.574061745240385
145000	146000	0.199780168572364	0.875552852432169	-0.311905013337989
146000	147000	-0.12816055305327	1.19437017861393	-0.409707469780522
147000	148000	-0.430898080695692	1.4262070594745	-0.143497726665211
148000	149000	-0.828563227659813	1.71291447445347	-0.29723468746502
149000	150000	-1.09263948440919	1.7836737076227	0.163564996399578
150000	151000	-1.54441600191467	1.86250535005596	0.0373994237804922
151000	152000	-1.82605855675888	1.85730119768735	0.412184902681784
152000	153000	-2.31044684818718	1.90943341044701	0.276219804853282
153000	154000	-2.56962057357539	1.72397605733034	0.633819948639581
154000	155000	-2.99812475887062	1.87402354953107	0.77952679864339
155000	156000	-3.0842438570898	1.4221964957511	0.908159387757937
156000	157000	-3.5085710872868	1.2988426691912	0.854827344992309
157000	158000	-3.67769912143405	0.86600403874771	0.942646016030647
158000	159000	-3.83782281734079	0.753469634219356	0.560229711991587
159000	160000	-4.14588612695721	0.407107221316016	0.470512686151331
160000	161000	-4.08810149090623	0.603717768706567	0.00877009208488953
161000	162000	-3.96638547534157	0.410043410387847	-0.33714171447823
162000	163000	-3.99914593959054	0.716447647409614	-0.67805964890217
163000	164000	-3.70210878411965	0.451040434257521	-0.983550975704788
164000	165000	-3.35120468692774	0.736054495550218	-1.00260213957048
165000	166000	-3.0412833135677	0.612801772935854	-1.32109088230609
166000	167000	-2.73193190177096	0.546365230888482	-0.970735754834695
167000	168000	-2.2843219594794	0.580514867232774	-0.991189825043083
168000	169000	-2.02547938064594	0.238363355385831	-0.80999889748568
169000	170000	-1.67545331927471	0.340464813401882	-0.519438143411075
170000	171000	-1.28242261395734	0.103167728752273	-0.319615122246689
171000	172000	-1.24805071471234	0.182125146893918	0.183659914642296
172000	173000	-0.938091922986063	0.297490565848235	0.464450535739012
173000	174000	-0.91397734534365	0.15365411683234	0.888226768158838
174000	175000	-0.656597460660306	0.530429203961476	1.10839270591873
175000	176000	-0.88187035571695	0.544344436050552	1.52917691646741
176000	177000	-0.884834534121632	0.820266727832293	1.84689502284406
177000	178000	-1.21854998371375	0.820479066424069	2.15430321412493
178000	179000	-1.14052806344149	1.06855993374645	2.53048372274222
179000	180000	-1.31287302738051	0.921250075823056	2.87799671953292
180000	181000	-1.36089315101116	1.15994733944708	3.24257657360742
181000	182000	-1.37261640094853	0.811698756428204	3.52862138405254
182000	183000	-1.16278706588865	0.819092835932362	3.89657021928639
183000	184000	-1.2786339899168	0.457815699935799	4.08633369239758
184000	185000	-0.941071051817005	0.2518408369793	4.15476365006455
185000	186000	-1.02205922187017	-0.0419589946077652	4.43012538786879
186000	187000	-0.970505810367788	-0.380083561787336	4.1740278327422
187000	188000	-1.06898201613331	-0.808916364583969	4.31357449230021
188000	189000	-1.16282964152766	-0.871797806543542	3.88003564986107
189000	190000	-1.42937083178332	-1.13694554978468	3.76420031652855
190000	191000	-1.40749546979842	-1.25617334185342	3.3625362422248
191000	192000	-1.77261174232957	-1.4405749228721	3.22862825279689
192000	193000	-1.64922767156337	-1.62927194472363	2.85843293167874
193000	194000	-2.00731416597285	-1.81831950558793	2.65351349587999
194000	195000	-1.78939098018425	-2.11298840059588	2.3700187773635
195000	196000	-2.08691429601684	-2.39358213100138	2.1957910327564
196000	197000	-1.85540732851772	-2.67198771441815	1.96303940867614
197000	198000	-1.93588611185806	-3.13116732046513	1.97823296797147
198000	199000	-1.77671175465944	-3.07254876608805	1.5265615796685
199000	2e+05	-2.04477859601993	-3.35402449991871	1.3445754357126
2e+05	201000	-2.07989340465528	-3.20443422877847	0.937307226501835
201000	202000	-2.49042248323717	-3.3408382026539	0.791585258706743
