0	1000	0.398138210058352	-0.526928698719202	0.376744076770982
1000	2000	-0.019917835282277	-0.922935331283276	0.538925860710436
2000	3000	0.0705220163441061	-0.50500278288584	0.944226856367573
3000	4000	0.224190238441678	-0.97922201394937	1.24782216842937
4000	5000	0.397861206932218	-0.535072465395536	1.55653203499237
5000	6000	0.648186984334027	-0.938378635006436	1.78805716251886
6000	7000	0.842102814333987	-0.493826414879374	1.99584706638421
7000	8000	1.24890940550261	-0.680003431832839	1.77750309233772
8000	9000	1.29696945310998	-0.166577739805806	1.75536832606648
9000	10000	1.77606017164769	-0.353474191831786	1.53867349968169
10000	11000	1.67903822826396	0.0855050870052827	1.23201521299599
11000	12000	2.13297887293163	0.0652492822592809	1.00542643936223
12000	13000	1.80285799139065	0.241617771073696	0.637437812496467
13000	14000	1.75806226875315	-0.229494440228072	0.410137036559853
14000	15000	1.78535302542593	0.000816116401729752	-0.0672218442453371
15000	16000	1.26757613445769	-0.02349204996309	-0.185793558987415
16000	17000	1.42543170327125	0.397754573501236	-0.417027925953841
17000	18000	0.981734215014645	0.536675486343387	-0.603987398727503
18000	19000	0.702599073861796	0.985012916963528	-0.668600046848991
19000	20000	0.473535502018102	1.39648462521219	-0.945155737073246
20000	21000	0.2978097403652	1.67257287967939	-1.3841360290291
21000	22000	-0.0986067399131864	1.75138869857754	-1.72149783893424
22000	23000	0.13364178001798	1.6923940096036	-2.19157549534303
23000	24000	-0.402464754878144	1.63743431775433	-2.26393273054516
24000	25000	-0.234767740910507	1.11591910441148	-2.33949523341193
25000	26000	-0.664813840234199	1.05726029481631	-1.96474377704165
26000	27000	-0.292832252282843	0.583887851261961	-1.85300761733766
27000	28000	-0.258801003472994	0.895170932570685	-1.36361021524545
28000	29000	0.302845759215928	0.866792515549315	-1.4128283478646
29000	30000	0.834111382655415	0.926838963913424	-1.42873482920334
30000	31000	1.29754126850712	1.26325998538298	-1.24153772933517
31000	32000	1.65225959491308	0.850139833541796	-1.17119985318254
32000	33000	2.05953930731277	1.17462971157625	-1.28273685218018
33000	34000	2.34588956180435	0.839542223934671	-1.63007405869275
34000	35000	2.5620686255321	0.945751761675881	-2.12433818077882
35000	36000	2.42907253943761	0.563065130794672	-2.4321325150621
36000	37000	2.36671405266806	0.789409057343333	-2.89974352835327
37000	38000	2.39461620482638	0.301086324108424	-3.07889497839465
38000	39000	2.33093398129655	0.436591132101608	-3.641974952586
39000	40000	2.37262688835647	-0.103453187931147	-3.46126260413579
40000	41000	1.97630873022387	-0.162049984314944	-3.72700738336506
41000	42000	1.99858983136809	-0.56184033403522	-3.36212181812294
42000	43000	1.48984170575738	-0.566479706120782	-3.43594820143417
43000	44000	1.52235921949032	-0.790200035136349	-2.95948100427039
44000	45000	1.0515057019293	-1.05514767483798	-2.90063099620277
45000	46000	0.911783129576568	-1.40099805782976	-2.42156856471835
46000	47000	0.635271915096783	-1.70048010820428	-1.93582267880474
47000	48000	0.416691273045302	-1.3327998797287	-1.45016973425739
48000	49000	-0.026044715650356	-1.17909023879264	-1.07043677633461
49000	50000	-0.341800214542419	-1.47044511701217	-0.596206114303831
50000	51000	-0.677170026112364	-0.978603473617969	-0.584058884027418
51000	52000	-0.829620048827583	-1.06988330763824	-0.0373292805138011
52000	53000	-1.02343035578883	-0.555300686053421	0.0111459857932318
53000	54000	-0.713435052958953	-0.0724007700059199	0.100387471421165
54000	55000	-0.682305564121345	0.435942668640349	-0.0277420599936185
55000	56000	-0.423918820267465	0.829841751112514	0.0752073491040291
56000	57000	-0.582366499074911	1.2900537760057	0.166970689475812
57000	58000	-0.707035607205006	1.80757508797887	0.208267286426583
58000	59000	-1.04888399030779	1.98599660496998	0.534271620671748
59000	60000	-1.36444778843765	2.22988943190954	0.310357898582291
60000	61000	-1.40643914129339	2.35249446335557	0.837605240883555
61000	62000	-1.70543419651153	1.95491103327279	0.713383926290114
62000	63000	-2.17004391357504	1.94859630850772	0.959027574502535
63000	64000	-2.10539735058576	1.4281461270527	0.953147171932345
64000	65000	-2.35838877608444	0.994942572655538	0.931707314411845
65000	66000	-2.11000871521907	0.581867845670909	1.09694101110757
66000	67000	-2.21463710523948	0.332696162337967	0.626049245795469
67000	68000	-1.98133336631841	-0.0167987221710934	0.153374810570804
68000	69000	-1.90767258149871	-0.412094431501242	-0.295875533354211
69000	70000	-1.67494032996302	-0.929512381367902	-0.628753304904813
70000	71000	-1.28022545301014	-1.10858125621705	-1.13336152372595
71000	72000	-0.791762488855563	-1.02138067445863	-1.48959002995762
72000	73000	-0.383879453388052	-1.40482070417696	-1.7252974585596
73000	74000	-0.0803389199571567	-1.90365255910332	-1.45491532452833
74000	75000	0.25723392862565	-1.98098414241931	-0.908590156782161
75000	76000	0.45382485192431	-1.90027567183542	-0.326413245050866
76000	77000	0.548543528833156	-1.7931914332751	0.216618883209933
77000	78000	1.05401444404761	-1.88885589821138	0.453458336915397
78000	79000	0.875756342327283	-1.89772588618455	0.946668174418649
79000	80000	1.29314596832753	-2.01114561169613	1.21920201916127
80000	81000	0.923284468495532	-2.04888277766055	1.54698944903261
81000	82000	1.25101331160145	-2.23859142191536	1.88332751902556
82000	83000	0.981808168115144	-1.88451937273997	2.12577603841704
83000	84000	0.993696824318064	-2.05057601973652	2.58787712297851
84000	85000	0.861371139031873	-1.58307013921623	2.68885383381957
85000	86000	0.603785382247423	-1.72169091204749	3.10839308259004
86000	87000	0.533003195326404	-1.22391194001263	3.25048903786324
87000	88000	0.0385344800294143	-1.30580481340269	3.2105283703086
88000	89000	-0.0276093035519102	-0.994872076598468	3.62618611333953
89000	90000	-0.313669985945844	-0.7494915208526	3.23567707779801
90000	91000	-0.784746688317125	-0.936488694424663	3.44064129795568
91000	92000	-0.94053409245416	-0.506174422521296	3.15308880941271
92000	93000	-1.44612900942288	-0.558476498198278	3.22167189496095
93000	94000	-1.55600975352749	-0.555002360467848	2.72270552075921
94000	95000	-1.96251990146612	-0.597555195585414	2.26643665159922
95000	96000	-1.95558758185042	-0.842280457364674	1.76279778672562
96000	97000	-1.85084392500652	-0.713209901142292	1.30748799104493
97000	98000	-1.65928903081735	-1.02154519225415	0.924089653526101
98000	99000	-1.63020071203409	-0.63433491809244	0.528046407416941
99000	1e+05	-1.08663386295317	-0.597046971703902	0.797192532519416
1e+05	101000	-1.38773310359085	-0.0638250175998632	0.850888109763481
101000	102000	-0.908189486692729	0.0347193847042353	1.14507429571534
102000	103000	-0.583221747446362	0.290437696239974	1.48673364136406
103000	104000	-0.524437220852559	0.463566610410529	1.98077487814949
104000	105000	-0.448785933690261	1.03192009726827	1.87729500207731
105000	106000	-0.0451893050674259	0.843152414485723	2.23061110120914
106000	107000	-0.438877495225958	0.9819905817581	2.53235231619255
107000	108000	-0.187102435022923	0.729049139698399	2.89134065264564
108000	109000	-0.58261299806826	0.800774739467056	3.21474317795715
109000	110000	-0.476019020173812	0.454980676148289	3.56497127889298
110000	111000	-0.89251661120066	0.29133041920264	3.75375035622621
111000	112000	-0.666003764253729	-0.0543428273281908	4.0585713161955
112000	113000	-1.12632339557248	-0.339287582766163	4.06017242248347
113000	114000	-0.947881012914106	-0.809275698339017	4.29627496719467
114000	115000	-1.47034425692289	-0.855317822729757	4.22872689822222
115000	116000	-1.27056619447369	-1.28039360062287	4.39338196722385
116000	117000	-1.81695589541681	-1.40666172169191	4.44071774320738
117000	118000	-1.51844896926612	-1.85807462128177	4.28581883951464
118000	119000	-1.88596080758741	-1.7771713399088	3.91963932441525
119000	120000	-1.46273999282583	-1.76895262092738	3.69707626925985
120000	121000	-1.73988090282811	-1.96938665263151	3.29239654767932
121000	122000	-1.36389622539066	-1.81311608561073	3.04432808600937
122000	123000	-1.54067089039237	-1.87937818369677	2.58072965286422
123000	124000	-1.0645614180384	-1.61689720205266	2.55055358806449
124000	125000	-1.17092717546318	-1.40091594324474	2.06974066659002
125000	126000	-0.919768888753118	-0.998311384279425	2.23678386824522
126000	127000	-0.978232819364613	-0.791915581434756	1.76839256792893
127000	128000	-1.00752625767807	-0.290371690100429	2.03600370904643
128000	129000	-1.31864317736795	0.188120535053862	1.86690823843711
129000	130000	-1.29677467407081	0.769166375732026	1.8965551781094
130000	131000	-1.11581657001148	0.834197554353988	1.40958061749207
131000	132000	-1.08381468096988	1.25752717151318	1.15650473730913
132000	133000	-1.24272677921984	0.963094348144685	0.751320712350893
133000	134000	-1.45987575231506	1.09269313861755	0.275636162420436
134000	135000	-1.42476748471628	1.14833192921949	-0.248934765685673
135000	136000	-1.38382617779672	1.29987899938173	-0.749643639955899
136000	137000	-0.966266114781894	1.05945628065335	-1.023322896552
137000	138000	-1.26559068335628	0.95667869609129	-1.50592678258719
138000	139000	-1.03278828640827	0.408156265517793	-1.51828183731011
139000	140000	-0.863673330963212	-0.0986777316700644	-1.81954562579477
140000	141000	-0.71765660137067	-0.468336212849721	-2.27046622437017
141000	142000	-0.193278385109582	-0.472605711909429	-2.04161476500476
142000	143000	0.0340352798120711	-0.844841805886596	-2.42924694154782
143000	144000	0.543169760980646	-0.802211120324413	-2.15117490324315
144000	145000	1.03492444339854	-0.540247573090378	-2.20279186435635
145000	146000	1.3815321486074	-0.964125764204482	-2.16010983876788
146000	147000	1.19371282120752	-0.909523500093169	-1.66500534821018
147000	148000	1.37220193638828	-1.4241774638554	-1.66679993850099
148000	149000	1.51433890017552	-1.23085115206211	-1.15342788514362
149000	150000	1.00906270018097	-1.54632234163315	-1.02855095436454
150000	151000	0.776851828120086	-1.04910408147726	-0.845886305501505
151000	152000	0.332266180663652	-0.972245542033133	-0.490333635576072
152000	153000	0.211818584124484	-0.488041058006839	-0.829256230897313
153000	154000	-0.213813599973837	-0.453740384500336	-0.467015464596432
154000	155000	-0.404800065493285	-0.0457292228460448	-0.760837092388799
155000	156000	-0.926176940120425	-0.24682563788928	-0.721636098384672
156000	157000	-1.41429005252286	-0.267972124623979	-0.928838310247266
157000	158000	-1.80053076511548	-0.459280703613197	-1.28964783800016
158000	159000	-2.1893643208624	-0.253725746430138	-1.03568016964658
159000	160000	-2.58801289250193	-0.268578700043584	-1.39280875954952
160000	161000	-2.53055263599536	0.324244828027025	-1.25824075503619
161000	162000	-2.86808342383134	0.470701967550491	-0.854055459767936
162000	163000	-3.02996604903936	0.983743225648404	-1.0165414792407
163000	164000	-3.19661425749308	0.906094414597257	-0.460676121327275
164000	165000	-2.80558076687685	1.24459057790855	-0.49935529280005
165000	166000	-2.56525220555347	0.791186077016275	-0.293440578071919
166000	167000	-2.28015183370562	0.950447258768152	-0.83436737361169
167000	168000	-1.9212594019309	0.487015410269024	-0.832722532742751
168000	169000	-1.88413018393577	0.56641402755313	-1.4813838716595
169000	170000	-1.56823238391423	0.301962908439835	-1.9388057383817
170000	171000	-1.30737575154151	0.693472173033424	-2.32425977872554
171000	172000	-0.817560333505099	0.432710882605332	-2.49262882552769
172000	173000	-0.309376498761549	0.390080629316909	-2.64362330981358
173000	174000	-0.0171036466014105	0.119350075400446	-3.01213358573824
174000	175000	0.460321274492781	0.090990410967174	-2.73316457650497
175000	176000	0.65504832848161	0.16042053934002	-3.23284840153924
176000	177000	1.08222672339776	0.00192702555170885	-2.99223716181601
177000	178000	1.49142657596834	0.327896102404175	-3.21800763846058
178000	179000	1.75307393458944	-0.0225365671919251	-2.84274808511947
179000	180000	1.60374642031	0.350583539696129	-2.52416269763566
180000	181000	1.37384873842553	0.855398853133189	-2.61320954143454
181000	182000	1.70048771303532	1.1517581225489	-2.25228541942912
182000	183000	1.71480503841138	1.64008864994207	-1.99252630445164
183000	184000	2.257870485333	1.63483312736335	-2.08827513781988
184000	185000	2.30139363465579	1.95110292603428	-1.67826428632218
185000	186000	2.80422191135835	1.88468953340777	-1.69949638008202
186000	187000	2.81747506593474	2.22768510272789	-1.30022620313064
187000	188000	3.25009738058109	1.98764334432428	-1.13043038025521
188000	189000	2.81612394804164	1.97167860709902	-0.827409048078903
189000	190000	2.84554023985207	1.45145062613906	-0.801179689370159
190000	191000	2.65544172282224	1.59298192236852	-0.312805033648491
191000	192000	2.87641448771193	1.06474368235666	-0.160340973979245
192000	193000	2.62310287961303	1.13917247073753	0.340782815174436
193000	194000	2.65738160819513	0.578650004421263	0.345725720633048
194000	195000	2.15411070789893	0.822748831922482	0.232778305180399
195000	196000	2.34465803035605	0.649235004847968	-0.298544853378365
196000	197000	2.14380814393932	1.17857320664031	-0.449842786046983
197000	198000	1.75787526495114	1.60322874433129	-0.620673443103644
198000	199000	1.41660314895271	1.33354443404292	-0.198582767208648
199000	2e+05	1.09094412965491	1.05234358134154	0.182900012357806
2e+05	201000	0.745227878486678	0.59639772321066	0.399089667589527
201000	202000	0.445703679171717	0.0832134105523731	0.500453320315651
