0	1000	1.52394338234109	-1.15799343244059	1.73099234951833
1000	2000	1.19141118116933	-1.07706016870247	2.0200908984776
2000	3000	1.4231181948714	-0.745402923970683	2.07771439188759
3000	4000	1.23183455288759	-0.722842620759312	2.4410720431865
4000	5000	1.43978492266817	-0.367589454864823	2.39320863808417
5000	6000	1.52370660420783	-0.454738218159978	2.78682772873049
6000	7000	1.40228018835257	-0.073364220860785	2.77863681395404
7000	8000	1.69961170280896	-0.0686728353499237	2.99218722779744
8000	9000	1.42148685011141	0.0459203941925663	3.21432906449936
9000	10000	1.71828383667134	-0.0750243539306199	3.44546594354629
10000	11000	1.55690458232037	0.275583496416513	3.54572226336591
11000	12000	1.80625248299797	0.167098825217858	3.82134032415081
12000	13000	1.58011311282661	0.466919904202119	3.95445464197552
13000	14000	1.82065332241714	0.355731817366656	4.23680548131941
14000	15000	1.73643930533407	0.727984755342198	4.25507452818139
15000	16000	1.98746633808094	0.68637467703091	4.4793748233019
16000	17000	2.16466858089972	0.697450751506572	4.21831786164238
17000	18000	2.12796374792937	1.00826157497634	4.28510071233646
18000	19000	2.45310046543612	0.938947891923474	4.15127993855323
19000	20000	2.26051216165691	1.21628362702181	3.9672423845933
20000	21000	2.51006729148897	1.05547827683783	3.7101166809317
21000	22000	2.09959562863853	0.982976312399495	3.59747029663253
22000	23000	2.3608746485724	0.662469291287642	3.43626914559292
23000	24000	1.98165341487439	0.681027271859465	3.23411510665258
24000	25000	2.02677511936844	0.676403802605594	2.83719968132189
25000	26000	2.42011468844799	0.414392164408016	2.8661511464818
26000	27000	2.31258707336401	0.602912897287778	2.45013605391358
27000	28000	2.69724668010615	0.595799242589076	2.47310069301637
28000	29000	2.63341713270263	0.807970783390906	2.7065195628201
29000	30000	2.56540319395914	1.03191304023775	2.46339257473103
30000	31000	2.67338712079443	1.1857847651803	2.80340020489527
31000	32000	2.29832411811168	1.2726705893654	2.71158413901768
32000	33000	2.32723913376841	1.28942684328262	3.09558868309491
33000	34000	2.03609526362141	1.53124727783069	3.01057187136049
34000	35000	1.91855437683462	1.46509620590095	3.3581711800418
35000	36000	1.73908643665913	1.23763001684063	3.15898188263514
36000	37000	1.4805592941345	1.35496322170914	3.35276984637254
37000	38000	1.37126023769991	1.19567081744146	3.03485475141052
38000	39000	1.0348399142892	1.16424660441643	3.25542759932584
39000	40000	1.0499027145642	0.952787653979891	2.88204641415395
40000	41000	0.716562855609028	0.86002220934628	2.97224801974781
41000	42000	0.564384493451984	0.849994516340129	2.63413647432458
42000	43000	0.205234890004245	0.773454559636324	2.70561079506412
43000	44000	-0.106022425067936	0.825557697447242	2.49196660811435
44000	45000	-0.516209189981254	0.869377401744368	2.45910941174716
45000	46000	-0.925183498756894	1.00042727780345	2.33189977621029
46000	47000	-1.34980945177248	1.05570508256883	2.364891828967
47000	48000	-1.60803647550173	1.29310521838713	2.19211188206545
48000	49000	-1.93406851044558	1.26263959796368	2.27514814074185
49000	50000	-2.02506869179429	1.5817230809742	2.19754964887989
50000	51000	-2.3329654005691	1.45461606809538	2.28979676588722
51000	52000	-2.41934844278818	1.58492695919935	2.02522223256896
52000	53000	-2.6226985952927	1.77267676664509	2.2030175038371
53000	54000	-2.82763452571439	1.60655273348566	2.03488869302037
54000	55000	-2.71422812669574	1.79537987441944	1.81414826495139
55000	56000	-3.02870206012803	1.73650400012157	1.76127033620981
56000	57000	-2.93228785382788	2.03929536712713	1.68930563967901
57000	58000	-3.16563621038987	1.94941643927614	1.4713860001012
58000	59000	-2.85085739431366	1.96586537349689	1.3652075709377
59000	60000	-3.02292212763546	1.82545939444935	1.12749417371192
60000	61000	-2.61406982343647	1.91030191987508	1.05652960517824
61000	62000	-2.76219252254885	1.46971434703267	1.18113147242683
62000	63000	-2.29415729938289	1.5250422429859	1.2713754075093
63000	64000	-2.42163866182664	1.1226143743061	1.4558753256157
64000	65000	-2.79563299906416	1.07568141453012	1.6682580583958
65000	66000	-2.48646538303406	0.847460914579078	1.88012013209997
66000	67000	-2.83813299255188	0.918944632814124	2.14845347858701
67000	68000	-2.71918983152894	0.57706553955649	2.14469597446295
68000	69000	-3.02152089532484	0.639497276369931	1.9350166597988
69000	70000	-2.79165205062027	0.391914487997558	1.78320365842795
70000	71000	-3.11510174902	0.39442748860528	1.60534786655597
71000	72000	-3.07909490316878	0.623112646233674	1.31181889677702
72000	73000	-2.7174286883683	0.390313112806	1.24242787641327
73000	74000	-2.93680645979578	0.415908333741317	0.875565499762118
74000	75000	-2.67710932112049	0.747572014561975	0.774600987356508
75000	76000	-2.34755760596421	0.411026693786885	0.756494819577334
76000	77000	-2.1052376163292	0.792684777388408	0.746744920140514
77000	78000	-2.29559317721324	0.709882741590135	0.237485469873364
78000	79000	-1.80059633823776	0.811160504624376	0.327310960033171
79000	80000	-1.97462716724505	1.20965047408718	0.102241493505624
80000	81000	-1.51380133711223	1.14264268088643	0.0114660814129948
81000	82000	-1.69885719282547	1.132338115382	-0.413556650898665
82000	83000	-1.37898893954209	1.4606246955034	-0.42798008837295
83000	84000	-1.66657543096876	1.67480744975797	-0.68746936273834
84000	85000	-1.3267567658862	1.71725684891564	-0.947054366482165
85000	86000	-1.43995812960368	2.1569829885286	-1.00233728022745
86000	87000	-1.58579184460019	2.14727985485372	-1.42488165595163
87000	88000	-1.36296347278803	2.4984578632183	-1.49012112549733
88000	89000	-1.60062994217266	2.69014472316141	-1.78307200652007
89000	90000	-1.25401958528723	2.82974320641832	-1.88892216121091
90000	91000	-1.34391495703234	3.12770371114502	-2.12241681459653
91000	92000	-1.05855763281514	2.95866523484611	-2.27639917896629
92000	93000	-0.882060952628483	3.25038292196402	-2.21672767896502
93000	94000	-0.708830476321655	3.07465892878452	-2.45964909735506
94000	95000	-0.429488178273778	3.26489116419128	-2.29039848788973
95000	96000	-0.345641591475358	2.97804337004705	-2.4692379362989
96000	97000	-0.397085686752212	2.87839108541573	-2.19601429513441
97000	98000	-0.136511247174354	2.76797275219542	-2.2359270471655
98000	99000	-0.309265163256571	2.53577247196715	-2.35702309400717
99000	1e+05	-0.339324916676392	2.44268636847438	-1.99810655959154
1e+05	101000	-0.717824241547071	2.35121762407005	-2.16057492132496
101000	102000	-0.773008034244499	2.3072977321858	-2.58054158686894
102000	103000	-1.23631445216407	2.3929449520294	-2.4631439077258
103000	104000	-1.13860844150292	2.36297549191981	-2.95865647472987
104000	105000	-1.29554341727765	2.80464092858852	-3.01877171674984
105000	106000	-1.40471673029318	2.49815377373243	-3.41262718499808
106000	107000	-1.49928081911112	2.90819202153524	-3.44205937864471
107000	108000	-1.75223719618786	2.71237027036077	-3.58644990082127
108000	109000	-1.90968064415808	2.98187166017157	-3.53009365875661
109000	110000	-1.89345010721395	2.95457572252442	-3.23947242640874
110000	111000	-2.05858940581468	2.70875031872176	-3.30100953291776
111000	112000	-2.19680831244382	2.81624724524324	-3.04283740570418
112000	113000	-1.95331733259965	2.65325839429316	-2.88066818002335
113000	114000	-2.07050404369577	2.32560635940153	-2.99462698601173
114000	115000	-1.88148509398655	2.25597911538243	-2.68535672087446
115000	116000	-1.68867927711445	1.99597547000246	-2.91640710226184
116000	117000	-1.72679122234373	1.71207822877256	-2.60176669972
117000	118000	-1.32453622255666	1.605676523961	-2.87596103596896
118000	119000	-1.23539581014533	1.45677457934564	-2.44041660697593
119000	120000	-0.818997563403348	1.37236585301117	-2.67906888032854
120000	121000	-0.796977372671233	1.0519686692877	-2.28925569539193
121000	122000	-0.424799937000397	0.915382070634661	-2.56924320897995
122000	123000	-0.325466922378847	0.490619641142333	-2.32200964051129
123000	124000	-0.16379892617673	0.29942520981091	-2.77251379192221
124000	125000	0.140934990241792	-0.0420952640921132	-2.60065565782419
125000	126000	0.15960935919027	-0.260458596300049	-2.98362159397506
126000	127000	0.541343352538893	-0.454366924356135	-2.9164457570339
127000	128000	0.474484269524156	-0.575767632948014	-3.32939134298574
128000	129000	0.781644757015763	-0.876639080081896	-3.24992391473787
129000	130000	0.688939183348233	-0.902874192981721	-3.65778521137545
130000	131000	0.582059172804412	-1.22473561341611	-3.53458542340764
131000	132000	0.835422288178694	-1.36779616549414	-3.6976495635729
132000	133000	0.58226634900025	-1.4464636501736	-3.93449299638609
133000	134000	0.773362280448742	-1.76080773845251	-3.7900848851723
134000	135000	0.718965799138227	-1.79848405124471	-4.13475911654465
135000	136000	0.38744285386856	-1.90795539760563	-4.13118255432493
136000	137000	0.578705624807588	-2.18980587686236	-4.2378477311233
137000	138000	0.580557738588102	-2.25097471249478	-3.89286067739575
138000	139000	0.251378715329639	-2.35804932608314	-4.0271605541234
139000	140000	0.391771615662168	-2.56405578781814	-3.73122001197026
140000	141000	0.038809798156854	-2.42898829230337	-3.67494023776797
141000	142000	0.293649141612807	-2.25561833511976	-3.40079906767642
142000	143000	-0.0238573164432964	-1.99878223933379	-3.54320910433284
143000	144000	0.301324855333947	-1.76346814875836	-3.31377894583475
144000	145000	-0.0123192022099235	-1.46031089186845	-3.48728011720923
145000	146000	-0.19637923989674	-1.54895057884929	-3.89797266424404
146000	147000	-0.39512908453631	-1.18834237994496	-3.74411101180871
147000	148000	-0.698151963556215	-1.48628612396957	-3.89154772808776
148000	149000	-0.901018079095219	-1.12590321257017	-3.7125819784063
149000	150000	-1.20883630003424	-1.40469842294584	-3.70419708901505
150000	151000	-1.03970327581379	-1.69364676574704	-3.52431385883151
151000	152000	-1.10826447901004	-1.42955101516668	-3.2153320180788
152000	153000	-0.940012490792132	-1.83506778222294	-3.11161037367851
153000	154000	-0.656467865723099	-1.50349065925898	-3.08071747151193
154000	155000	-0.665889577433554	-1.62328213125631	-2.6898034097114
155000	156000	-0.310982320631547	-1.79867229138643	-2.85031748821299
156000	157000	-0.14590411435037	-1.39541764984092	-2.72819830853812
157000	158000	0.0174124243283804	-1.74220131640656	-2.50042370770031
158000	159000	0.318245337410239	-1.45109153105192	-2.53267418119625
159000	160000	0.557634751198929	-1.81775400984162	-2.36909975445634
160000	161000	0.688324659417568	-1.41703072561059	-2.18874005151548
161000	162000	0.583147693695543	-1.6009198075577	-1.81940490462646
162000	163000	0.956861976283714	-1.56996500591482	-1.57511179714794
163000	164000	0.949830825385814	-1.69812558744751	-1.11445659634325
164000	165000	1.00900063976803	-1.82103560387507	-0.669569725937622
165000	166000	1.33962760220286	-1.85083402353964	-0.377669854013202
166000	167000	1.08163226418372	-2.01990086475953	-0.0600811207546984
167000	168000	1.43117104655512	-2.03096689021474	0.18261367383335
168000	169000	1.20272916252358	-2.40856262529278	0.228743967213093
169000	170000	1.57812594390383	-2.42680722569461	0.342845886996076
170000	171000	1.51060065756878	-2.80154487743086	0.124960536106019
171000	172000	1.89262146452764	-2.70732153646503	0.251082348524636
172000	173000	1.82136150329289	-3.04190111382728	0.373686537581847
173000	174000	2.15558812464351	-3.05060325266825	0.283119867651724
174000	175000	2.12265980102062	-3.34349945253702	0.485363363207929
175000	176000	2.37883744652075	-3.13570309533313	0.601928739415225
176000	177000	2.25187823220515	-3.27378462341998	0.838936419785498
177000	178000	2.53092500834521	-3.31341705679531	0.954380780208583
178000	179000	2.46308568361657	-3.02794417753444	1.04029102191815
179000	180000	2.37585845520384	-3.20816533850944	1.27610386823195
180000	181000	2.42326407421045	-2.87194768601611	1.37729033405741
181000	182000	2.0716454037259	-3.01970515757446	1.41886404932977
182000	183000	1.97613900483047	-2.69902335234323	1.13702544372901
183000	184000	1.69978998608537	-3.14605456508364	1.14083907969396
184000	185000	1.50471073024724	-2.80857686744125	0.989909080164201
185000	186000	1.10270226630792	-2.85023058642278	0.957234397787147
186000	187000	1.11824201487396	-3.27760862173921	0.989556527207922
187000	188000	0.710553476399305	-3.25134076654132	0.894228231808326
188000	189000	0.684090473922607	-3.05925719620272	1.20588952584972
189000	190000	0.701200453919991	-3.38836663178212	1.28452030821918
190000	191000	0.642982969727353	-3.20847462785659	1.53177563045135
191000	192000	0.904366815453553	-3.4124466954693	1.58596792168479
192000	193000	0.951232111809368	-3.08963213084123	1.68632674237749
193000	194000	1.27529458780143	-3.26250408200953	1.7232968420229
194000	195000	1.28360112820801	-2.91096726463935	1.59132822562472
195000	196000	1.54615522140205	-2.84897820153778	1.83887924647422
196000	197000	1.45641133981653	-2.51769503602091	1.61620551949078
197000	198000	1.79352592443781	-2.36376627849835	1.81204604470189
198000	199000	1.60124943747939	-2.11314577599895	1.41949042275488
199000	2e+05	1.82268732738601	-1.84507617517439	1.64717336944009
2e+05	201000	1.57997238713005	-1.59115210237987	1.37790161054349
201000	202000	1.28188352438743	-1.53836993854496	1.71295154281222
