0	1000	-2.87657155872265	-2.58305521570359	1.71903613227359
1000	2000	-2.7898160570338	-2.89331250972434	1.87693357152284
2000	3000	-2.50459261501055	-2.83243301535921	1.69276436181409
3000	4000	-2.43751569360814	-3.1778165975732	1.74186475189135
4000	5000	-2.11991618603917	-3.0262965376051	1.63105382578887
5000	6000	-1.94577539962349	-3.28325289815827	1.80454927083317
6000	7000	-1.66998682461291	-3.11364411447953	1.68043172660743
7000	8000	-1.48263670354176	-3.34517324509017	1.80878033861239
8000	9000	-1.21548910611464	-3.16213822069899	1.74823353738068
9000	10000	-1.02703230663212	-3.44996041734525	1.81945887076819
10000	11000	-0.783203945551506	-3.22262094179208	1.8160378169792
11000	12000	-0.561357936822451	-3.43997290755007	1.86856947124216
12000	13000	-0.331602854030196	-3.20738504791573	1.89175199221545
13000	14000	-0.101515565823027	-3.43048308953589	2.00803704850849
14000	15000	0.131972580674402	-3.18076341092801	1.9806639546121
15000	16000	0.34350174487501	-3.3385254345099	2.18418212019453
16000	17000	0.551162514453178	-3.10207535509747	2.12998328313088
17000	18000	0.706875251835457	-3.16682590380231	2.37765838101517
18000	19000	0.973200684651614	-3.02158763740593	2.2716551913664
19000	20000	1.01252052584145	-2.94527135102678	2.60023034784817
20000	21000	1.30878241811086	-2.80306794445326	2.5243024784779
21000	22000	1.21201060977973	-2.59373409842044	2.76284096706004
22000	23000	1.52577902280849	-2.47668267670027	2.7653466848262
23000	24000	1.38015638885625	-2.3223565819354	3.03128210550757
24000	25000	1.50894898138262	-2.04287364141344	2.94062205064249
25000	26000	1.55245956748349	-1.9445576548105	3.27281652092496
26000	27000	1.52345214649542	-1.61737225562894	3.11750400994611
27000	28000	1.51358794583574	-1.46708914709601	3.4354622692885
28000	29000	1.41793669358672	-1.18968769184985	3.29445385222857
29000	30000	1.47718208347786	-1.00640735556613	3.55940370884924
30000	31000	1.28083504458015	-0.766848751808652	3.38987399895766
31000	32000	1.37454000796961	-0.556702310522351	3.65227130616541
32000	33000	1.19992885708171	-0.32385227111908	3.48817509489101
33000	34000	1.32568624312419	-0.09822011979961	3.69999245918563
34000	35000	1.06995831761893	0.0912191429216886	3.58651096921733
35000	36000	1.27236754589768	0.319655997885094	3.50710445214705
36000	37000	1.07595432563239	0.556157118296287	3.62626453750017
37000	38000	1.21715084502378	0.764791506288214	3.39387231231586
38000	39000	1.17980456276027	1.08649473994265	3.62029146027609
39000	40000	1.30883930882609	1.19262449650129	3.26276862801265
40000	41000	1.41755502123166	1.4818540507848	3.36990006089288
41000	42000	1.48416227264147	1.57917119150574	3.06326155423997
42000	43000	1.65403476595639	1.81290012681778	3.22317256168165
43000	44000	1.77518729228409	1.86854896730963	2.92937534165636
44000	45000	1.95372508944001	2.11429206541633	3.07981503997511
45000	46000	2.13936037066952	2.05934991170934	2.80338867470135
46000	47000	2.29536123654453	2.37173482608215	2.82917612458651
47000	48000	2.53675698383877	2.1737564134182	2.70806272925987
48000	49000	2.59515165922292	2.34147052906035	2.46996554245053
49000	50000	2.92457377045879	2.35333024253283	2.53609154391046
50000	51000	2.90863176608456	2.39426553098974	2.19925042327825
51000	52000	3.10826021874329	2.15780128960923	2.15729775876661
52000	53000	3.34854949235904	2.33236147509024	1.99810143371704
53000	54000	3.23466412433874	2.12738450569627	1.74849522402724
54000	55000	3.50513360826719	1.96741990231022	1.74262489929961
55000	56000	3.49467407982096	2.00889374184229	1.42963168322206
56000	57000	3.56892386327217	1.68966049403919	1.41796970889769
57000	58000	3.77023199833653	1.78620070923092	1.143015165133
58000	59000	3.7022224307107	1.44910011729923	1.10240558468149
59000	60000	3.7313078241831	1.44337953776189	0.776377714489705
60000	61000	4.05083829737189	1.2254864783056	0.815317160206323
61000	62000	3.85217952189861	1.03607589217254	0.534948104766653
62000	63000	4.22192754085731	0.893488579066736	0.403621321362753
63000	64000	3.92219554918323	0.667325981160634	0.198411296800486
64000	65000	4.1980330933642	0.434133289580973	0.126387592251618
65000	66000	3.96348747329227	0.275072783782823	-0.121554402101129
66000	67000	4.32199720985377	0.163074892660515	-0.26929970792884
67000	68000	4.08630774250219	-0.0636033360860866	-0.497467036477918
68000	69000	4.14954363757727	0.229969687814469	-0.73819341168573
69000	70000	4.23483222531973	-0.00795915573966455	-1.02678984657271
70000	71000	4.36296821942358	0.361553457654209	-1.16697145006311
71000	72000	4.11823890061503	0.305785637112357	-1.4791234288879
72000	73000	4.18276955606913	0.707717878429748	-1.54650932961163
73000	74000	4.11719666852909	0.631154083986908	-1.9362734410841
74000	75000	3.92630354741376	1.0014392706521	-1.90308270048555
75000	76000	3.8013928613641	0.901592418548923	-2.25378568355033
76000	77000	3.56879772258157	1.2013979000282	-2.23932216097393
77000	78000	3.52525124322226	1.18375158039227	-2.65497881041087
78000	79000	3.15953238106025	1.11317256973821	-2.49160760478576
79000	80000	3.0166699692202	1.15223438214789	-2.83501111652232
80000	81000	2.72269079905374	1.02788704222448	-2.63104931568296
81000	82000	2.53629772367333	0.947528671408481	-2.95312660348713
82000	83000	2.28381194277867	0.841009549273631	-2.66169019243645
83000	84000	2.11281538236067	0.593022806471976	-2.91820551076149
84000	85000	1.83875484427851	0.565304718532017	-2.61050835997659
85000	86000	1.74673373109675	0.19929213921187	-2.78616360551847
86000	87000	1.40173771538122	0.271154879261428	-2.55768843645864
87000	88000	1.45750485922191	-0.075988070441255	-2.40885674700459
88000	89000	1.08190784594187	-0.149185848090248	-2.51576388378502
89000	90000	1.12380560256217	-0.389890211464323	-2.21223971373494
90000	91000	0.973926636198923	-0.671370460911592	-2.45983715568673
91000	92000	0.995714325707092	-0.875429013065132	-2.11531058516289
92000	93000	1.04338151705252	-1.20730045822441	-2.3207286820811
93000	94000	0.982633766887311	-1.45305263557983	-2.01820300314172
94000	95000	1.17372073630522	-1.80074300262482	-2.22348954079645
95000	96000	1.02759841914574	-1.96758290891601	-1.86062476332586
96000	97000	0.974228102448589	-2.27122716699831	-2.03191682663852
97000	98000	1.11539346919723	-2.46518441768887	-1.7804191932481
98000	99000	0.886232189929622	-2.68871721763468	-1.8958234091488
99000	1e+05	1.14025591490539	-2.96986178912087	-1.84225624805236
1e+05	101000	0.782448671776428	-3.09093579604256	-1.83619474546532
101000	102000	0.926901409400917	-3.40107789783609	-1.95313282503811
102000	103000	0.571487325435513	-3.46103366454326	-1.96118251557427
103000	104000	0.640427245604417	-3.63526805282598	-2.27120983949645
104000	105000	0.351471869867126	-3.87206650405153	-2.16237846698308
105000	106000	0.282353524051994	-3.81919128596991	-2.54715420210578
106000	107000	-0.0481047954324152	-3.89312116861984	-2.45273726044068
107000	108000	-0.114920255790938	-3.88019675942732	-2.79119143978136
108000	109000	-0.415657230025491	-4.0269279610223	-2.69000084590361
109000	110000	-0.531813641004258	-3.82490408801037	-2.94570632989837
110000	111000	-0.834981134574713	-3.85479741410808	-2.81078711351311
111000	112000	-0.980448032561417	-3.77807015711995	-3.12488520482371
112000	113000	-1.22616025695858	-3.64871624518987	-2.89454740557832
113000	114000	-1.31427222881119	-3.47217760348653	-3.16461700396706
114000	115000	-1.55246138811194	-3.37047710203108	-2.97389264261744
115000	116000	-1.539987309498	-3.10452851970192	-3.12919288599253
116000	117000	-1.87628115558617	-3.06687986247636	-3.0488685534549
117000	118000	-1.80934087439746	-2.77202553355021	-3.2727055950302
118000	119000	-1.84993314378507	-2.52313650977866	-3.02634725952191
119000	120000	-2.15043050472587	-2.43638895015364	-3.12633164396114
120000	121000	-2.08526116934819	-2.11350465362726	-3.16840545996082
121000	122000	-2.33277924675605	-2.03217581765734	-2.97454127920937
122000	123000	-2.5063540015922	-1.81367555801831	-3.18193868457929
123000	124000	-2.59610005474254	-1.67264769757551	-2.84707927364566
124000	125000	-2.81363584427025	-1.45885341918181	-3.00554236090195
125000	126000	-2.9054788263516	-1.32741739461257	-2.71974032763501
126000	127000	-3.13393548332579	-1.11633170031873	-2.85729995439566
127000	128000	-3.26080330506667	-1.0592421599304	-2.51773317837541
128000	129000	-3.41776556881171	-0.736169351396295	-2.65226874329532
129000	130000	-3.575570836611	-0.70614106534317	-2.30338371025577
130000	131000	-3.42074443846988	-0.405045984361635	-2.29084660113361
131000	132000	-3.61776589228537	-0.304399281231474	-2.0445449918297
132000	133000	-3.55184248820242	0.0101638642427592	-2.19994057776855
133000	134000	-3.55319952248051	0.118999968938858	-1.83852435482609
134000	135000	-3.4384977974279	0.421870283164559	-2.02457472593283
135000	136000	-3.29537483855848	0.520392514609936	-1.71693809029509
136000	137000	-3.35073970985155	0.8508282453581	-1.84422599783431
137000	138000	-3.0264735242322	0.888920414022238	-1.70605089410021
138000	139000	-3.03010412037228	1.17039531150782	-1.91688912396064
139000	140000	-2.74948455061086	1.27737579915515	-1.70159279489136
140000	141000	-2.71609552833816	1.49309565477827	-2.01695804474695
141000	142000	-2.36211022847567	1.45228917394547	-1.92292048359733
142000	143000	-2.34241623525231	1.79201238026764	-2.05244692233555
143000	144000	-2.03860759864694	1.66021845886325	-2.24433985417699
144000	145000	-1.97166509142942	2.04870082399368	-2.28283982499195
145000	146000	-1.61666592674597	1.91398007017839	-2.34079922837167
146000	147000	-1.58200509942381	2.19868115856984	-2.5991421566196
147000	148000	-1.20429201562391	2.16546499890416	-2.51837690652124
148000	149000	-1.1237687673952	2.45806352582036	-2.81546962244492
149000	150000	-0.736276150787434	2.37273535606455	-2.66195357620771
150000	151000	-0.668322638656091	2.75052925272669	-2.66405677474026
151000	152000	-0.325021324661145	2.72613693402894	-2.52514631301394
152000	153000	-0.259197466015363	3.10730575761298	-2.62265923279537
153000	154000	-0.105308273660278	3.1030423758144	-2.26715577830114
154000	155000	0.162563058553775	3.38080916844928	-2.34914610827648
155000	156000	-0.0206759205106218	3.5538772358049	-2.04581044988014
156000	157000	0.261641646935456	3.57184660494682	-1.7893974364863
157000	158000	0.156526260315992	3.9437703351523	-1.71185885765434
158000	159000	0.124394441755365	3.84662661041128	-1.34919201746549
159000	160000	0.21442691310085	4.21859736783426	-1.21893234123731
160000	161000	-0.0833229361777581	4.09837762463446	-0.995943035949714
161000	162000	0.0287357059397961	4.17139406989775	-0.696875273134739
162000	163000	-0.268692389021202	4.31714954865644	-0.593978175108693
163000	164000	-0.160333851589246	4.25864078321811	-0.270899479443424
164000	165000	-0.454152030278774	4.14192609319933	-0.205053323900324
165000	166000	-0.440415726611291	4.24228941601269	0.105435682670259
166000	167000	-0.718625559838124	4.06029831420199	0.126199381409976
167000	168000	-0.647979610811479	3.97898575876709	0.415516780104818
168000	169000	-0.971826855375898	3.98447645004385	0.477394386458772
169000	170000	-0.900668791298272	3.72814848907658	0.668747406234855
170000	171000	-1.21889116613449	3.72857268803498	0.805488045606481
171000	172000	-1.06120105175318	3.50671239777491	1.01765203220089
172000	173000	-1.28945086312698	3.30905447462518	1.07158773699736
173000	174000	-1.29441195753768	3.2916462708552	1.39757497906074
174000	175000	-1.41257984997694	2.95984443860802	1.35564159950842
175000	176000	-1.49576433959706	2.9451627303163	1.69669945621141
176000	177000	-1.51314707359612	2.61615138060753	1.73267521549644
177000	178000	-1.76456080814682	2.61745526063971	1.96751041469018
178000	179000	-1.62128473880412	2.3310549842361	2.066519604247
179000	180000	-1.8821138428263	2.16434144904022	2.07612976792546
180000	181000	-1.85468374853	2.03242091028367	2.37822345828943
181000	182000	-2.02171094128238	1.78743480088482	2.20846986299457
182000	183000	-1.98939636182968	1.60306160957325	2.47248256540455
183000	184000	-2.24185838698176	1.45565451115327	2.35207867135861
184000	185000	-2.11082090320618	1.18355975156558	2.41481843409299
185000	186000	-2.38481321554136	1.07902791095542	2.52099986628874
186000	187000	-2.30810429597481	0.797965556428222	2.38508543309925
187000	188000	-2.55575358643962	0.646117555969874	2.56696382403594
188000	189000	-2.48785931178471	0.396561435386706	2.34368404428429
189000	190000	-2.70897762949885	0.195157122313906	2.44779883157682
190000	191000	-2.65313580889403	-0.0647387014871977	2.25227387799894
191000	192000	-2.92636742094453	-0.240690797200993	2.38612269691896
192000	193000	-2.84215621563606	-0.528112916283914	2.20175706168226
193000	194000	-3.15046244383775	-0.692343896648288	2.31833549890582
194000	195000	-3.00222701431786	-0.974530861909419	2.17249839365306
195000	196000	-3.2990847191058	-1.14058106868625	2.21834212295601
196000	197000	-3.10702196725512	-1.39188416500351	2.12147726627728
197000	198000	-3.33546655568142	-1.63806718316479	2.2789825481569
198000	199000	-3.21596176727712	-1.77950992639395	1.95026324979106
199000	2e+05	-3.10385420372576	-2.04815576776846	2.15467122093727
2e+05	201000	-3.13092341633326	-2.22075509996492	1.84867080075244
201000	202000	-3.03984149865158	-2.51278104336512	2.05647570508712
