0	1000	-0.455486288391755	-0.617487349252707	-0.625823163653382
1000	2000	-0.707597702252946	0.279621716871976	-0.70424229151139
2000	3000	-0.860709155241774	0.275876162928544	0.204740763750987
3000	4000	-1.21372463461323	-0.262097877387009	0.842656826366822
4000	5000	-1.11542265502589	0.516442410096435	1.28915089772849
5000	6000	-0.385369557528619	0.989032062379373	1.3799975844886
6000	7000	-0.393106966003443	1.54784865971628	2.03974594187882
7000	8000	0.236721990276686	1.8444412521138	1.71496511340031
8000	9000	0.0589128386072321	2.60023296225323	1.88597966254325
9000	10000	1.45790932910418	2.7130142161872	1.30925963726038
10000	11000	0.603155457407757	2.51293672821128	1.1379921288094
11000	12000	0.90321370906852	2.07870733360288	0.53263252883074
12000	13000	1.73487908307605	2.22018624046585	0.287241148695807
13000	14000	1.34817156225778	1.43951242497179	-0.0436095463173646
14000	15000	2.19198318272256	1.22593603929838	-0.59883258140259
15000	16000	1.67208054107541	0.463882775608699	-0.356025454433351
16000	17000	2.49955621194197	0.0422737604502669	-0.611096834003897
17000	18000	3.01995391007188	0.350081450388516	0.0473509503926697
18000	19000	2.21084308169837	0.297449706683565	0.511242674233201
19000	20000	2.51579397584618	1.23673412302399	0.574419297227689
20000	21000	1.8092765044146	1.02732745158018	1.17086403052744
21000	22000	2.21855042826932	1.79769094958795	1.5676718095835
22000	23000	1.23396758473181	1.66532752249463	1.4804682487347
23000	24000	1.50737114866962	2.18238593090855	1.96702589994607
24000	25000	0.723357413205302	2.84167129815369	2.68833842989209
25000	26000	0.115885042183661	2.313951860388	2.68653939407415
26000	27000	0.726538831310889	1.94049356194642	2.36770654790129
27000	28000	0.524993022108846	1.5288442876259	2.92889691948623
28000	29000	0.958494659663187	2.04793391106643	3.1845773198335
29000	30000	1.41561890242542	1.54624580032709	2.89396090447426
30000	31000	1.64911540090042	1.89665283474542	3.46978458850258
31000	32000	2.02589126518697	1.98075036186525	2.90538252749463
32000	33000	1.58574885226211	2.51049356554861	2.99448924344466
33000	34000	2.01411197848851	2.64080208256384	2.42423307912432
34000	35000	1.43855587891065	3.16087026620804	2.3490986966714
35000	36000	0.938018104541441	2.73518178452461	1.93036673463862
36000	37000	0.539684489841453	3.34743151853185	1.9148218060175
37000	38000	1.10628344691277	3.43744222378382	1.52173656309476
38000	39000	0.637853087522832	3.86271095923884	1.32059897391282
39000	40000	0.913698762763997	3.47284625316766	0.86883376218435
40000	41000	0.431620902846672	3.57175622822597	0.742466274432779
41000	42000	0.727884405737143	3.67833311525585	0.327719930298977
42000	43000	0.427466076273471	3.30647638955109	0.236493481453771
43000	44000	0.811682757565493	3.33269795997664	-0.106408766294178
44000	45000	0.28087095274471	3.40832703005283	-0.402703950272482
45000	46000	0.706375697644069	2.9120962003321	-0.659736551022253
46000	47000	0.0233800192826023	2.68477457145065	-0.719057168341207
47000	48000	0.105285331538351	3.06699289447219	-1.35806184055348
48000	49000	-0.234951814911886	2.50535609301233	-1.53465392255522
49000	50000	-0.724160206968449	2.81744875718335	-1.88164783892887
50000	51000	-0.630421190388511	2.78453042655189	-2.55239255187958
51000	52000	-0.311447938200444	2.20221752050298	-2.35611998987227
52000	53000	-0.949599255148587	2.0756084806396	-2.77343865217039
53000	54000	-0.73660041640491	1.79614800251848	-1.93885765260866
54000	55000	-0.000744254967377615	2.40282353100338	-3.01105272049344
55000	56000	0.113443592136536	2.9326032118853	-2.35900338515818
56000	57000	0.477436521945505	2.34189043273599	-2.1166181620783
57000	58000	0.824789278037703	2.88588701588729	-2.63043910648288
58000	59000	0.902875079192361	2.25702851525788	-2.64806412456257
59000	60000	1.30676220312636	2.46495973050282	-3.01952311386427
60000	61000	1.54748555356586	2.35380940722606	-2.39868357345459
61000	62000	1.4000161808234	1.77748696070084	-2.78725614564993
62000	63000	0.844799954335596	1.81052424501481	-3.41570205523254
63000	64000	0.469780920454472	1.49428062523461	-2.7992920033644
64000	65000	-0.121655000626847	1.38269646724994	-2.40204813550047
65000	66000	-0.324579399643824	1.53506402648965	-3.17768594792611
66000	67000	-0.732262235839069	1.0530869576035	-2.80656043645262
67000	68000	-0.242157579199496	0.645875683411254	-3.16085459087807
68000	69000	-0.401352757873477	0.352016542850935	-2.48893549702322
69000	70000	-0.0253805096160441	-0.164529041497484	-2.90292834762079
70000	71000	0.392534140326463	-0.0104802208842901	-2.25250611457922
71000	72000	0.521175943266542	-0.801756985522259	-2.47656648883706
72000	73000	0.0397900723157948	-0.658956265114736	-1.76273365305781
73000	74000	0.758969885086382	-1.05638758411953	-1.4083794767076
74000	75000	0.838175014003085	-0.218248260355269	-0.948545539352388
75000	76000	1.53525434082581	0.305858544832615	-1.32824722579015
76000	77000	0.916044441002347	0.995384158632868	-1.18842560949183
77000	78000	1.69887160808924	1.62649138438519	-1.53717388179298
78000	79000	1.10929620940966	1.34053846593276	-2.05905211336931
79000	80000	1.38377208523768	0.998080077944411	-2.84846053660964
80000	81000	1.84305199896157	0.831571634929579	-2.2253086477612
81000	82000	1.48949771341991	0.0832015547743774	-2.47003456045112
82000	83000	1.60108209876661	-0.554705173012091	-1.93999000344205
83000	84000	1.89932099702379	-1.26868041063648	-1.58102825288072
84000	85000	2.17058201771034	-1.7079079932333	-0.934793451318858
85000	86000	2.5637313112675	-2.42875765142828	-0.943686619562561
86000	87000	2.05319388104197	-2.36073454437666	-0.363447942337125
87000	88000	2.40727909864542	-2.96932608623186	-0.319367044889053
88000	89000	1.82337741077007	-2.95121957393824	0.0439537170398499
89000	90000	2.39779955258047	-3.18263997221798	0.457303257612868
90000	91000	2.183747038974	-2.50218126191406	0.805101760677829
91000	92000	2.82686452369833	-2.84545303985699	1.22238258657194
92000	93000	2.49849395807343	-2.79914743063532	1.98697588976109
93000	94000	2.78359471149786	-2.13821900213986	1.79907222377228
94000	95000	3.47482035925591	-2.45237788062546	2.10612283566949
95000	96000	3.01106212930675	-2.17047014159378	2.66158822490668
96000	97000	2.78169206049241	-1.55168497810041	2.42949657341978
97000	98000	2.93979984646044	-1.48213684744667	3.11414464670958
98000	99000	2.26187582478615	-1.23481212725746	2.86357383648763
99000	1e+05	1.97181791156815	-1.97097770240887	2.98693033632227
1e+05	101000	1.39902509329668	-1.3563880892442	2.64072598128687
101000	102000	1.78586896567517	-1.59719404975201	1.91986518121802
102000	103000	3.7110402672908	-1.49666328468012	2.31660762981288
103000	104000	3.26627780030766	-1.30411921586532	1.55883819008088
104000	105000	3.88564007303964	-0.69662668646982	1.58466384037357
105000	106000	2.96411830195188	-0.27855287167016	1.26632740298879
106000	107000	3.67839288355178	-0.226981045266208	0.744137486455093
107000	108000	3.1447787512503	-0.753209252737701	0.509866835152208
108000	109000	3.89115522914786	-1.12363449176923	0.549745183358348
109000	110000	3.45159195708917	-1.24202800129299	-0.0572161673162615
110000	111000	3.80783701268071	-1.83439703430101	0.0967627145559299
111000	112000	3.43808977993821	-1.92859148588537	-0.530556619691502
112000	113000	2.85788140928659	-1.93570626303894	-0.0620840586998792
113000	114000	3.29207332697168	-2.60443191410424	0.132320863095721
114000	115000	3.10761390157608	-2.04275071196718	0.716765376337765
115000	116000	3.73242131406176	-2.00028155233813	1.25977017091417
116000	117000	2.55672908460972	-1.46661560458973	1.17118328076647
117000	118000	2.54338337444944	-0.906202552295576	1.89661817933767
118000	119000	3.2253933066495	-0.634620513681587	2.44585724179121
119000	120000	2.62355604885575	-0.415856345947986	3.08766081114157
120000	121000	2.68248151384341	0.289630877028664	2.56565641838729
121000	122000	1.97907802587068	0.619364766403412	2.81272108300488
122000	123000	2.22955753991218	0.256599490312414	3.4425849351055
123000	124000	1.86348018806378	-0.175027058736095	2.56735188484612
124000	125000	1.50741469639796	-0.299388952617182	3.30511564316684
125000	126000	0.888144986480269	-0.260094104750898	2.71759260664474
126000	127000	0.749836296801155	-0.0777354627248062	1.89077293207446
127000	128000	-0.0376614006099199	-0.74484232195038	2.00116437377227
128000	129000	0.600609994979017	-0.880272254461716	1.16325651882445
129000	130000	-0.11123911570958	-1.24159550126952	0.693272002309022
130000	131000	0.621592787950974	-1.52196234942513	0.107235956712779
131000	132000	0.0889928179025123	-1.87242830680259	-0.644468947220256
132000	133000	-0.370208120999633	-2.15690764311556	0.0856406675110054
133000	134000	0.276823143639512	-2.79573685000522	-0.00623047409810672
134000	135000	0.111945817502751	-3.01732335659849	0.877472662423166
135000	136000	0.831634370835832	-2.54149493995809	0.844230944650231
136000	137000	1.21294772186332	-3.25742717806139	0.920696215017928
137000	138000	1.61409419506743	-3.16964271084385	1.54629924674563
138000	139000	1.25068998081435	-2.54664092433496	1.58130977224908
139000	140000	0.672689958917148	-3.10257883973028	1.74591007417274
140000	141000	0.450810856397029	-2.3017138349251	2.06056460610851
141000	142000	-0.0241668519867627	-2.03599365323548	1.3857621185203
142000	143000	-0.800006546086013	-2.51349777328683	1.47157155159015
143000	144000	-1.1878468524371	-1.8430619406253	0.882588519167986
144000	145000	-1.51662879798949	-2.79153175993157	0.601808030058926
145000	146000	-2.18991719611327	-2.43725349158331	0.182138848128077
146000	147000	-2.84514718036253	-2.41632559961102	0.611393215963154
147000	148000	-3.60308968935613	-2.18870334991947	0.693724969880774
148000	149000	-3.10054498890347	-1.64516594204985	0.225883135736338
149000	150000	-3.78066145925884	-1.19805219560701	0.549794129221359
150000	151000	-3.02531116447214	-0.834193239783413	0.668093929189514
151000	152000	-3.02943222834991	-1.34955211472006	1.27184831045058
152000	153000	-2.27063077703006	-1.43656361017261	0.815194677715853
153000	154000	-2.14973524944235	-1.78362114519762	1.50010650983992
154000	155000	-2.74913304518898	-2.28940274123636	1.61577833011521
155000	156000	-2.11393213848821	-2.59031755279967	1.20957559500219
156000	157000	-2.70254807735947	-3.08037866113133	1.21622280232207
157000	158000	-2.27871178753739	-3.29985389061292	0.569195438783226
158000	159000	-2.98804454045116	-3.27111965391717	0.507372506993325
159000	160000	-2.67245117166148	-3.18527527169831	-0.170779789751177
160000	161000	-3.39490405748104	-2.86626375803142	0.0226395389846565
161000	162000	-3.03540351597266	-2.4202461874221	-0.446648027741059
162000	163000	-3.79434578054405	-2.24033327219277	-0.537948219380874
163000	164000	-3.57735782961896	-1.99556285687279	-1.16552216191685
164000	165000	-3.97622547562888	-1.44635771048707	-1.1488177976675
165000	166000	-3.85459821192323	-1.23095628028153	-1.80817879120134
166000	167000	-4.1483584817281	-0.633066161594782	-1.61246015672371
167000	168000	-4.04172307700831	-0.30052273552625	-2.17146211234635
168000	169000	-4.46634029099396	0.194820206058815	-2.23916267661713
169000	170000	-4.09834663045148	0.247347743605775	-1.78127435472995
170000	171000	-4.4698275021025	0.730678632540883	-1.70143249577083
171000	172000	-4.60852366329396	0.23804892310173	-1.4048470679417
172000	173000	-4.16357877203498	0.490756919562722	-1.12642362731143
173000	174000	-4.36458140313947	0.000435290045313949	-0.848298685571571
174000	175000	-4.26197662029612	0.463319420100062	-0.443887961789667
175000	176000	-3.62543260341523	0.153894732999055	-0.472993808934264
176000	177000	-3.82600518480814	-0.290402243617866	0.0983321212765045
177000	178000	-2.96609338537514	-0.0975412888513943	0.205995582846609
178000	179000	-2.46084168443322	-0.930684911164553	-0.163547498113309
179000	180000	-3.28706386973323	-0.949879050022462	-0.431120725449892
180000	181000	-2.71449427783711	-1.30938198190303	-1.18050154458543
181000	182000	-3.28453567002722	-0.672808581208483	-1.26552582787622
182000	183000	-3.11404897792188	-0.633072032022221	-2.1110046132601
183000	184000	-3.24818995761168	0.102675288253546	-1.74588315185866
184000	185000	-3.54866413673851	0.212507942765307	-2.43385312683457
185000	186000	-3.62680279318867	0.764912310882553	-1.90233059524728
186000	187000	-4.04298471784344	0.825288499970849	-2.37463977742716
187000	188000	-3.66036238669361	0.902189794658025	-2.87090514396436
188000	189000	-3.4493665374601	1.27588577194491	-2.36836408452148
189000	190000	-3.05636802906634	1.07901809008915	-2.72029165018231
190000	191000	-3.26260969509934	1.57693561484069	-2.82276143201064
191000	192000	-2.76769310979555	1.49309279845975	-3.01716848355701
192000	193000	-2.79221337812528	1.66621214602312	-2.41916551657466
193000	194000	-2.17888138976796	1.54311413855425	-2.59835737806249
194000	195000	-2.32284872329922	0.820750123841181	-2.58491938067979
195000	196000	-2.41045378216511	1.00818358754305	-1.80142348446027
196000	197000	-2.33797299822763	0.133551208246177	-1.89601563625086
197000	198000	-2.62671249566574	0.548684140314621	-0.954519537976189
198000	199000	-2.32524862497183	-0.300955532571509	-1.06433566337025
199000	2e+05	-2.15576052742326	0.0425332497631678	-0.298519317314195
2e+05	201000	-1.53039180060647	-0.669920123277222	-0.596142594384962
201000	202000	-1.1184961153434	-0.918761749067486	-1.37058755428627
