0	1000	-0.959349801697782	0.147513292214938	-0.0541022607729778
1000	2000	-1.08174043756562	0.025947090527233	-1.30528151701059
2000	3000	-1.51781906484553	1.10576778290954	-1.34533297088876
3000	4000	-0.42284940881258	1.40991269779295	-1.16049397616947
4000	5000	-1.54954838313463	2.256672114408	-1.43345963305386
5000	6000	-1.19122111704743	3.1925925721008	-1.60630396370842
6000	7000	-0.401504185047178	2.55635368657099	-1.20826462011508
7000	8000	-0.00338745629990321	3.4320755824843	-1.21338531372861
8000	9000	-0.770974270770312	3.21690425052488	-0.468327068449488
9000	10000	0.0198357213529522	3.58516624290561	0.000492259323880839
10000	11000	0.150973546230744	2.45505253512665	0.0409811345160012
11000	12000	1.14215421839361	2.86579343494226	0.0430662323169893
12000	13000	1.11818026300696	3.07611038634064	1.07591227278761
13000	14000	1.01340901805565	1.96355685062668	1.07849209331663
14000	15000	1.91537561207622	2.20151667252554	1.67178803357768
15000	16000	1.4826401640717	1.34555190983239	2.07248884827706
16000	17000	1.19170849482569	2.0171983652905	2.72171742570031
17000	18000	0.433092395605493	1.46370224066865	2.50382671802396
18000	19000	0.426236579093878	1.60159821824576	3.45624060761393
19000	20000	-0.0327210594535357	0.804259340212973	3.17346949172053
20000	21000	-0.0738416275328465	0.224972589603851	3.92489711005964
21000	22000	-0.759777456971716	-0.148551961014602	3.31565053647295
22000	23000	-0.653525383272627	-0.654624109456774	4.07187303187635
23000	24000	-1.37742444506929	-1.0027570481091	3.64747041201843
24000	25000	-0.641344234538666	-1.37817118938393	3.12368101589884
25000	26000	0.282426919221754	-1.51943373709763	3.67097042426867
26000	27000	0.166934369637025	-0.845678424947563	2.59289475276106
27000	28000	0.924178075483917	-0.15757304831391	3.33363989662925
28000	29000	-0.157116140852827	0.30504666586255	2.15656126718785
29000	30000	-0.524165099143821	1.30432446504159	4.0389278036687
30000	31000	-1.44070297769659	1.07566377751769	3.6073004366109
31000	32000	-1.26742199633061	1.01581389134884	2.45738172500351
32000	33000	-1.92753071501438	1.56985354266123	2.79770679415823
33000	34000	-2.70993810379899	1.50581810562172	3.21488644577738
34000	35000	-3.14731229659572	1.1327521388112	2.52981435388471
35000	36000	-2.67890170148647	0.386145040211856	2.6411958725065
36000	37000	-3.70659513244665	0.499421188768519	2.86553334209756
37000	38000	-3.37008047803182	-0.0972235652916036	2.59287386346652
38000	39000	-4.17961318728525	-0.250696859171878	2.73276136709237
39000	40000	-3.8264302557577	-0.415780912194773	2.22369523077609
40000	41000	-3.9702200493879	0.188000162543996	2.14000548485777
41000	42000	-4.3650429262215	-0.193702618528668	1.77944229569185
42000	43000	-4.20831407739333	-0.900756701401286	1.84387877999599
43000	44000	-3.98095583498303	-0.584838543452576	1.05603473649258
44000	45000	-4.3287567289857	-1.37115220015887	1.01801801967104
45000	46000	-3.41666228494671	-1.0933440667888	0.377652227466495
46000	47000	-3.96387534033422	-1.73958855702136	-0.19705206657127
47000	48000	-2.49964905630364	-1.98610575354525	-0.260453290298673
48000	49000	-1.87038179614864	-3.28935001790721	-0.234154175465628
49000	50000	-1.8314903885615	-2.35607844688528	-2.11750232978014
50000	51000	-0.779210000531512	-2.09463898775703	-1.45126842221475
51000	52000	-0.863851138267508	-1.42207372272278	-2.42271000762342
52000	53000	-0.245022325092386	-2.17345293452325	-2.89026815307778
53000	54000	0.837916961612274	-2.20217085026211	-3.15842212563388
54000	55000	0.86848753211821	-2.32128843184467	-2.22490085347424
55000	56000	1.08035824749171	-3.17045092330335	-2.56744018687766
56000	57000	1.41851845647015	-2.85560297673657	-1.93619867401365
57000	58000	1.84344698264823	-3.05332409425774	-2.54657287992864
58000	59000	1.86063703838479	-3.29175147970505	-2.03665916473423
59000	60000	2.11316109003697	-3.01440346214541	-1.7894480997607
60000	61000	2.35640652570151	-3.2256012744054	-2.15307475033612
61000	62000	2.21216962965946	-2.71402058904247	-2.2026081266766
62000	63000	2.77996564975242	-2.78122425857111	-2.03108771661476
63000	64000	2.28661981555005	-2.21647780472094	-1.79531294941335
64000	65000	2.65276823416561	-1.87901647497577	-2.44434249429196
65000	66000	2.93938450782451	-1.60348481999059	-1.56712683926612
66000	67000	3.07867040299736	-2.46183494607094	-0.985448360179854
67000	68000	1.87603686656329	-2.16568203855969	-0.647679649599918
68000	69000	0.778937610849696	-2.12013993540176	-0.35021719699158
69000	70000	0.0697927295426015	-3.86437087006981	0.308854952702501
70000	71000	-0.516605480809308	-2.8723028181096	0.27805163388935
71000	72000	-0.985248441358921	-1.87449260206449	0.09374587555286
72000	73000	-1.76706100360735	-1.29919447401487	-0.502246924284115
73000	74000	-3.27532452259051	-1.08505924851553	-1.15749992214488
74000	75000	-2.59280109855003	-0.41223132374537	-0.48589985210833
75000	76000	-3.06356079744698	0.325620738150168	-1.29136736734483
76000	77000	-2.26913421150946	-0.105372355188421	-2.12381841429375
77000	78000	-2.01656850661554	0.962465832642285	-2.60473194604248
78000	79000	-1.06296372320232	1.29924608321959	-2.77669453653926
79000	80000	-1.19602156058429	2.15023261065834	-2.69516954246216
80000	81000	-0.641804334848281	2.27802902458658	-3.08239666767166
81000	82000	-0.375294006983105	2.31153517562202	-2.52308451225584
82000	83000	-0.397163525389277	2.948577515044	-2.61116380418567
83000	84000	0.0421254963985853	2.74665874776689	-3.02031419312475
84000	85000	0.299117596214333	2.82714233506756	-2.39089188490945
85000	86000	0.54260195866464	3.21970851360302	-2.88712118514292
86000	87000	0.921546266069736	2.99586923152015	-2.50454961999905
87000	88000	1.02519174651169	2.76863442476384	-2.99652906697154
88000	89000	1.51935849977818	3.09090601306337	-2.64496303210967
89000	90000	1.53211005015994	2.9662773061132	-3.24340106909699
90000	91000	1.46988823003465	2.42301215729295	-2.6486367883346
91000	92000	1.54011172752011	2.28925714048489	-3.43371559912203
92000	93000	1.4423351994762	1.71378967572359	-2.74071258274573
93000	94000	1.14947664291012	1.60530584947288	-3.59380687124015
94000	95000	0.743357021038748	0.894638529710859	-3.03767654357745
95000	96000	1.52495918771586	0.271547536202319	-3.48423464644395
96000	97000	1.20148349147826	-0.0592854164268796	-2.43988387352224
97000	98000	1.3370271214138	-1.03830255648497	-3.07146467834571
98000	99000	0.504085172763694	-1.034681087071	-2.09138170177222
99000	1e+05	1.01271889674195	-0.886053027892023	-1.12970259342369
1e+05	101000	1.72991781113541	-0.688777264473142	-0.308254300919897
101000	102000	2.37338402677523	-0.325618754051972	-1.10472482014892
102000	103000	2.09681981374352	0.638457543472577	-0.394119807312865
103000	104000	3.13977175288599	0.641471088677376	-0.559435458612231
104000	105000	3.02869077819628	1.13570977952101	0.463566212780153
105000	106000	3.69128850644699	1.45194109885306	-0.192486144968995
106000	107000	2.79603361057791	1.78954965930425	-0.44435010403419
107000	108000	3.34428172981123	1.82004903341781	-1.20109417410201
108000	109000	2.59467384363787	2.2715243937489	-1.33176436388396
109000	110000	3.09800443971558	2.39503446189612	-2.00849183752227
110000	111000	2.39058403629627	2.17421055805447	-2.16155364912086
111000	112000	2.8113883265344	2.81077212508088	-2.64151502249093
112000	113000	2.24049223871031	2.66813254119549	-2.60444522121217
113000	114000	2.23344794278997	2.76001750794843	-3.18174736607552
114000	115000	2.15584940172935	2.24848551651379	-2.94178124285526
115000	116000	2.32569267234757	2.27465990014639	-3.31333438597842
116000	117000	2.64728848595569	2.50921206062949	-3.32724167474369
117000	118000	2.61449966710296	2.36670047966914	-2.99692604647459
118000	119000	2.82541772832494	2.1748510410239	-3.23247773961775
119000	120000	2.65085662500251	2.00040842271817	-2.91097500113682
120000	121000	2.64625684914936	1.77015387107096	-3.39803889109536
121000	122000	2.60979867817438	1.49536696093968	-2.89587254638661
122000	123000	3.27422756919227	1.68686389646553	-3.00961215789926
123000	124000	3.15116377166603	1.38575177057595	-2.40305977165929
124000	125000	3.14081554464376	0.721972518587183	-2.83908489684291
125000	126000	2.72842144745312	0.521927218584477	-2.0883837256342
126000	127000	3.38141901222067	-0.0397845560839204	-2.28512658534291
127000	128000	3.73043886730225	0.56686123858356	-1.57499790222037
128000	129000	3.77485465214945	-0.298690724617302	-1.25787937111235
129000	130000	3.61031018270711	-0.514706814495871	-0.416049629130312
130000	131000	3.79978665710446	0.0920499640116334	0.152684151272731
131000	132000	3.07095986135689	-0.0837502907197821	0.578914781697088
132000	133000	3.60740710652606	-0.596954190059582	1.00314238081823
133000	134000	3.04572114402285	-0.0078497724914089	1.56968032014493
134000	135000	2.82972790424231	-0.865996196710922	1.95297705627
135000	136000	1.86728844192493	-0.285913013573688	1.97707051230297
136000	137000	1.988188023633	-1.1415209946774	2.87278318288542
137000	138000	1.17107424949176	-1.542922207871	2.20197288890018
138000	139000	0.421596122199305	-1.08895708026286	1.21124577230104
139000	140000	-0.503397198822285	-1.77488862233833	1.5279469051379
140000	141000	-1.33962973598292	-2.83775971589871	1.61488862426747
141000	142000	-1.71820053496793	-1.1813623868269	1.20450059443655
142000	143000	-2.63228425118968	-2.89010908779765	1.79556677013947
143000	144000	-2.62418359899858	-1.87137606686445	1.40897857347332
144000	145000	-3.71130576039358	-2.21595564298067	1.72215293501663
145000	146000	-3.4081221161921	-1.91152969872147	0.930892248610898
146000	147000	-3.62727796968615	-2.69203583057213	0.678773089714068
147000	148000	-2.75189281021688	-2.72802162424348	0.487726909681208
148000	149000	-3.076691046329	-3.23188641002595	-0.119064108050751
149000	150000	-3.29531407677437	-2.51508009524992	-0.569453602917308
150000	151000	-2.72909644651036	-2.63184645279826	-1.23130447693767
151000	152000	-1.84743507599698	-2.72270737460629	-1.08004114730563
152000	153000	-1.59700671086195	-3.48814595653456	-1.57545478335721
153000	154000	-0.734731420342373	-3.37900681780853	-1.21454749399344
154000	155000	-0.316593475423898	-3.32817355183251	-2.05405965965362
155000	156000	0.387333995373632	-3.87671925582665	-1.63722718605272
156000	157000	0.52430686905556	-3.16885256246478	-1.01604909226321
157000	158000	1.17747086088146	-4.00152997692457	-0.740708545513628
158000	159000	1.18198504005537	-3.27810606225963	-0.0180868026376194
159000	160000	2.05489236487742	-3.76923804727242	0.0772273753976658
160000	161000	1.78163547870293	-3.32216904645684	1.00623412865784
161000	162000	2.45967588166633	-2.82964368160396	0.491701455756096
162000	163000	2.74237751272544	-2.63944399724539	1.3026726713361
163000	164000	3.20944623496955	-1.95945775034574	1.05697961160852
164000	165000	3.38117577939598	-2.33467196320304	0.308795291213593
165000	166000	2.81784849805182	-1.70583558410198	0.185475180565159
166000	167000	2.20629663354344	-1.67509661033711	0.989551244665095
167000	168000	1.38671390064806	-2.23487190224807	0.939852695660008
168000	169000	1.53264638907662	-2.87929365787739	2.05710146679554
169000	170000	0.348553258963925	-3.08476054301282	1.62391013723402
170000	171000	0.196226995928097	-2.68951037695936	2.70669126383145
171000	172000	-0.945216308817673	-2.67017951965319	2.93240761943036
172000	173000	-1.61779529370427	-1.85143810631899	2.55531047927314
173000	174000	-2.58705926990294	-2.09448819683398	3.03114343305965
174000	175000	-2.47700835822414	-1.1418074469331	2.72140189597954
175000	176000	-3.48483519565967	-1.50367402278628	2.58901042891482
176000	177000	-3.4027536547741	-0.835251288807028	3.09672092680828
177000	178000	-3.10024641666042	-0.777775505350204	2.00258876237658
178000	179000	-3.22698315413917	-0.108579396648554	1.54680518204489
179000	180000	-3.84535420474955	0.529650880083213	1.22053647977538
180000	181000	-2.99541892408018	0.112943465640861	3.61409671616776
181000	182000	-2.53788913330351	0.671948413513288	1.24272214878379
182000	183000	-3.36323416064095	1.69233835129673	1.26569709773778
183000	184000	-2.39904479922119	1.54307550643567	1.73680647432449
184000	185000	-2.94474016445767	2.18572333425555	2.23414860922059
185000	186000	-2.46740637754392	2.45138486838643	1.49513019525968
186000	187000	-2.42368594051267	2.88194642250781	2.11879412155157
187000	188000	-1.92568041795046	3.14426366030756	1.72136705971349
188000	189000	-1.83414213828857	2.59267518816355	2.27485151840872
189000	190000	-1.41876576655316	2.47104618468907	1.75442636662232
190000	191000	-1.26468585958673	3.12303216900889	2.39288791221221
191000	192000	-0.91343051708843	3.15734440523041	1.62502560597478
192000	193000	-0.434707248716797	3.2373494594688	2.2674519563148
193000	194000	0.0611531369827238	3.14270826274347	1.65291730953048
194000	195000	0.238564180421033	2.71812116232708	2.42537730609087
195000	196000	-0.282694658214795	2.23771335018173	1.7375190162496
196000	197000	-0.820644234876778	2.12565030784553	2.43054407765428
197000	198000	-1.82902969699482	2.74026887784452	3.23835828324441
198000	199000	-0.818170491957614	2.58755296387069	3.35893245902792
199000	2e+05	-1.13656539375522	1.64713430557706	0.78569026119292
2e+05	201000	-2.2043676586638	2.22615088235352	-0.0242512102524241
201000	202000	-1.98352325263262	0.985446894535897	-0.121169737819547
