0	1000	-1.32668243606901	0.56559057927538	-0.511405498839026
1000	2000	-0.513945892248698	1.08057720779058	0.115347035263593
2000	3000	0.203619055046667	1.02431421935684	-0.669303645615229
3000	4000	1.04863467732067	1.81150689589158	-0.986911017829725
4000	5000	1.39636556273624	0.754905910460729	-1.2972515889269
5000	6000	2.20201348816758	1.13555452665777	-0.526036320168828
6000	7000	2.2387002523456	0.243125139521874	0.0103927439192068
7000	8000	3.08507686499313	0.509340361957099	0.367423019685268
8000	9000	3.60227767346978	0.495634786387767	1.12707059599086
9000	10000	2.7234965539073	0.483344302675383	1.20988593450637
10000	11000	2.20780763703959	-0.101154019145425	1.61809964904669
11000	12000	1.94701857240788	-0.503561788580527	2.5688403980252
12000	13000	1.26170221025593	-0.0164310340869116	1.64681041581718
13000	14000	0.891984080265324	-0.590196921386823	2.76580391165942
14000	15000	0.227155807237147	-0.767287249039102	1.77309217362487
15000	16000	-0.302781908343945	-1.46192688685425	2.67496891118754
16000	17000	-0.623636193481634	-2.00034362377218	1.61548700736119
17000	18000	0.144969915108511	-2.62132530219257	2.13662125192439
18000	19000	0.560905303146597	-1.91700427099111	1.22485337274851
19000	20000	1.34082956466389	-1.94678748516599	2.17391040154476
20000	21000	1.57598585352319	-1.42621708428665	1.07554117698132
21000	22000	2.48477563303955	-1.91484792926732	1.79697534864077
22000	23000	2.38375281588911	-1.06026822121856	1.34420883440428
23000	24000	2.73760340098376	-1.02989490576373	2.16966269894282
24000	25000	2.78015974684917	-0.41198350568678	0.843427933096475
25000	26000	4.01695197774706	-0.300936018204219	1.0515283979219
26000	27000	3.62490933858045	-0.216064848462614	0.375466725713211
27000	28000	3.17471387301248	-0.837244042708893	0.181681995540142
28000	29000	3.84251126009575	-1.0321843615628	0.513893057507327
29000	30000	3.25383066183678	-1.58009944437343	0.581453516954675
30000	31000	3.90083229581478	-1.65316740659789	0.900852922325137
31000	32000	3.46162368177298	-1.72206502642948	1.4054428790176
32000	33000	3.29437760564261	-1.12130510587601	1.21192410650504
33000	34000	3.92059971640986	-1.01631714228777	1.55096013580249
34000	35000	3.48197105749949	-0.828225375694993	2.104808856325
35000	36000	3.14212342047038	-0.413083455846098	1.54011321542671
36000	37000	3.72518938969698	-0.104197264956923	1.87200013260644
37000	38000	3.18446866519127	0.208148117456926	1.83337565015171
38000	39000	3.33071635142039	0.104184840939426	2.46339256440524
39000	40000	2.75679121691666	0.138116643958887	2.28925739293644
40000	41000	2.90662437889915	0.644304021259518	2.31679758615199
41000	42000	2.55368114561599	0.521323992804774	2.71364840150958
42000	43000	2.30605459860031	0.803020630829233	2.3388486066533
43000	44000	1.96095677796242	0.769898328300223	2.84038053492295
44000	45000	1.79257021695496	1.32876284788473	2.39096796920039
45000	46000	1.13288987545211	0.869874088324442	2.57041164158693
46000	47000	1.07501128512232	1.6970795105628	2.85087432796557
47000	48000	0.614462823139675	1.7733587123074	2.03724761647136
48000	49000	0.396625722475697	2.44228922948072	2.44131187550266
49000	50000	-0.126206064093665	2.72222940337302	1.94995542913225
50000	51000	-0.346129952787464	2.7554071604268	2.64286630361536
51000	52000	-1.04940316908669	2.8546325231111	2.74428038459941
52000	53000	-0.994686491301535	3.00524759696892	1.97908834873904
53000	54000	-0.785083567657487	2.1871406155111	1.62899628547605
54000	55000	-0.412714241561208	1.7054416041261	2.18255330483744
55000	56000	-0.82087639675861	2.11630819040645	2.73763239868782
56000	57000	-0.109359106652928	1.86999766389497	2.98664940964885
57000	58000	-0.552988925717897	2.08661211532482	3.48463338264761
58000	59000	-0.648650768929696	1.4318475854824	3.12222941018767
59000	60000	-1.05313087997942	1.63156910877448	3.56791611967039
60000	61000	-0.645875011605313	1.09911916984608	3.71856365721578
61000	62000	-1.38736501096338	1.05816275810021	3.35091572779369
62000	63000	-1.18598013272295	1.08550503376478	2.5787707583467
63000	64000	-1.7515788130922	1.76774797526641	2.96429227522942
64000	65000	-1.45626643742445	1.77959193702623	2.1530400053944
65000	66000	-1.794840398915	2.50976644858051	2.48483880240092
66000	67000	-1.76441084257249	2.41018052845812	1.69004807302766
67000	68000	-2.45953050007894	2.09869586900316	1.9035911979468
68000	69000	-2.07494913877986	1.62985268395053	1.20585814339382
69000	70000	-2.7871063450855	1.2158918474061	1.62536854154457
70000	71000	-2.19579894226061	0.522032419402529	1.45165953478652
71000	72000	-3.03203499288393	0.218823597856304	1.04192188932333
72000	73000	-2.11205121652025	0.0809317628599788	0.493860218550925
73000	74000	-2.58082227307433	-0.851330431116463	0.434906365463977
74000	75000	-1.31012265966507	-0.888050554456324	0.859822237701078
75000	76000	-0.73390483006281	-0.0608342846571745	1.19032940409495
76000	77000	-0.86377687902909	-0.381358620067484	2.3362239390422
77000	78000	-0.31181591085459	0.515696490559033	2.17788073394809
78000	79000	-0.404374276878124	0.3768328468564	3.13623836938651
79000	80000	-1.28819687606977	0.163791583387333	3.34531253458055
80000	81000	-1.87803700600681	0.360677080213803	2.63847183047635
81000	82000	-2.04396924870575	-0.5418413732427	2.48407046230945
82000	83000	-2.19507558645494	-1.13794127418341	1.71684198711928
83000	84000	-2.08562162849304	-1.99911968811655	1.08624007002252
84000	85000	-2.21239866927961	-2.96989226878151	0.826445612772803
85000	86000	-1.75012474178055	-2.73543183294197	0.0877791323488768
86000	87000	-2.16071103124058	-3.59102917007876	-0.140627198879727
87000	88000	-1.95024619261543	-3.06532228088471	-0.731822222485875
88000	89000	-1.86115141992714	-3.79342616219988	-1.011052582351
89000	90000	-1.16122286144635	-3.33189086528952	-0.882512475122603
90000	91000	-1.12225447221062	-4.30403378237833	-1.12631276135518
91000	92000	-0.444769846432691	-3.81509990308321	-0.955947056647902
92000	93000	-0.205100843799443	-4.61456357067442	-1.29002173090322
93000	94000	0.326927598405681	-4.15118796441371	-0.97211852240135
94000	95000	0.485393946205642	-4.92919163942705	-0.683712292407675
95000	96000	0.663803337716475	-4.16433772860097	-0.254385286400196
96000	97000	1.21121334144741	-4.49497191370476	-0.729266227372412
97000	98000	1.19060109969774	-3.71933773195789	-0.712269975271517
98000	99000	1.82505080640139	-4.05411355053849	-0.958754238896233
99000	1e+05	1.68830654502308	-3.47078937056201	-1.57855158210545
1e+05	101000	1.16890760491019	-2.73057026420321	-1.31462822056993
101000	102000	0.77472719370724	-3.70874348383264	-1.86793474684509
102000	103000	0.384985008040381	-3.14217428361923	-0.948546242384198
103000	104000	0.0293915528925769	-2.80019148977622	-0.191216839460921
104000	105000	0.382909983953512	-3.36749300320561	0.42397353041166
105000	106000	1.06986075855315	-4.08383335359066	1.17482379020078
106000	107000	0.812368587673774	-3.18673138300544	1.24074025423823
107000	108000	0.0197315801315936	-3.65712377183289	1.49864589805604
108000	109000	0.0107368640402055	-4.25589908549226	0.953530677032159
109000	110000	-0.726003276238265	-4.41642451551268	0.846890309152626
110000	111000	-0.850080193765372	-3.60739829029277	0.973233551065217
111000	112000	-1.51695242760941	-4.07032090537505	0.77802847060062
112000	113000	-1.21494556498802	-3.57401647486411	0.193709789386206
113000	114000	-1.26474547994522	-4.39179538363468	-0.0956869671975344
114000	115000	-0.451594101763419	-3.84402046203849	-0.0153890963567723
115000	116000	-0.31258464413025	-4.71326695432743	-0.15599168755959
116000	117000	0.471051141242361	-4.86899442571443	0.30765231079089
117000	118000	1.40331536035368	-4.40847077734702	0.218706856180706
118000	119000	1.30859073831022	-3.27192938246425	0.0587164112739852
119000	120000	2.24268955045151	-3.6444373299237	-0.0445402104046119
120000	121000	2.22171800986607	-3.1148586802708	0.727526724837464
121000	122000	2.53540429792422	-2.4013505451833	0.307592219590561
122000	123000	3.03703593117107	-2.99769386249145	-0.00491391394519527
123000	124000	2.46813228364734	-2.87165219679752	-0.725397575315262
124000	125000	1.834651700044	-2.19456225033211	-0.359234003234745
125000	126000	2.46568240583544	-1.92142074636361	-1.21657943679408
126000	127000	1.80986182087807	-1.10937907900546	-0.888724638904765
127000	128000	1.5147576930379	-1.1200174503361	-1.96173078012053
128000	129000	0.565244852549097	-0.990449977056797	-0.900963050418497
129000	130000	-0.37397602763053	-1.16612566450596	-1.31816002377413
130000	131000	-1.18841138384555	-1.37012067412905	-0.654407825950216
131000	132000	-2.34724389755048	-1.23100487170541	-1.10690229067991
132000	133000	-1.70380448124296	-0.64140282310004	-1.73889358853618
133000	134000	-2.01574868361969	-1.48245792461424	-2.48835670739658
134000	135000	-1.21790177579784	-1.90616415140141	-1.98859547485938
135000	136000	-1.07012549773762	-2.56677278611198	-2.69584977392872
136000	137000	-1.30679054167572	-3.12696010881179	-1.93238170585814
137000	138000	-0.562766730242627	-3.65420172600574	-2.11436989547955
138000	139000	-0.392481784719293	-2.84579361678732	-1.83080638061758
139000	140000	0.00780969623319153	-2.88158040457902	-2.71006489458084
140000	141000	0.235410727127236	-2.04812859225694	-2.09526903626596
141000	142000	0.256140326131052	-1.63673481608538	-3.01954101612525
142000	143000	-0.68493836287546	-1.01907323090106	-2.84287970025605
143000	144000	0.311897693052263	-0.410081192523755	-2.47987737949521
144000	145000	-0.559524574024523	0.213058293628765	-2.50769084374031
145000	146000	0.17090974671273	0.753236227599531	-2.71903855435693
146000	147000	-0.465396136572438	1.2146317149548	-3.0948848580662
147000	148000	-0.676557026921534	1.7005771365881	-3.78042911103116
148000	149000	-0.687957158812076	2.42020793389527	-3.32807232139391
149000	150000	-1.55838663494565	2.5501435813939	-3.27654360894599
150000	151000	-1.37003660685731	1.82003248008252	-2.76527435343116
151000	152000	-1.86739683735833	1.4309977288815	-3.38108367518421
152000	153000	-1.62596801580972	0.821836305581826	-2.68117883476468
153000	154000	-1.5183587214582	0.163707178889912	-3.24043683037373
154000	155000	-1.15608442776568	0.648430874801144	-3.89094031511238
155000	156000	-0.575806735120163	0.0932622670440455	-3.53621601527738
156000	157000	-0.198014984997932	0.709214184442219	-3.97769521999827
157000	158000	0.371633152916258	0.171707963946043	-3.48227352434894
158000	159000	0.634683133648029	0.860401522957508	-3.72718288062683
159000	160000	0.967701460898181	1.15095792155074	-3.05138441974039
160000	161000	0.341046860164932	1.66020540201373	-3.53131703588888
161000	162000	0.274521580264419	1.81512777286798	-2.69168243713509
162000	163000	0.352935708515464	2.55319115173171	-3.1403991357851
163000	164000	0.321654231934313	2.85224695652812	-2.41403470438325
164000	165000	-0.281052354988376	3.35331328383216	-2.49150876897183
165000	166000	-0.18661478378485	3.96767770844684	-2.04331395131221
166000	167000	-0.74706434762789	3.67312216584546	-1.72943994887887
167000	168000	-0.634272298636921	4.37694928302676	-1.44507629094355
168000	169000	-1.05854213581721	4.02395102735893	-1.18698238304334
169000	170000	-1.20311441518418	4.58945050225252	-1.1684214255656
170000	171000	-1.74803787521681	4.36819371249455	-1.20197519003262
171000	172000	-1.42951025874449	4.39095240182779	-1.66047550209937
172000	173000	-1.64086284267392	3.83155732931606	-1.48963441882197
173000	174000	-1.55235385893775	4.00287922100513	-2.1010131548829
174000	175000	-2.15066647835181	3.72848177887263	-1.89713621642064
175000	176000	-1.76912202875486	3.37812098258091	-2.47141776940637
176000	177000	-1.79431870851726	2.7705968811089	-1.91663682846898
177000	178000	-2.30211833206774	2.31403015283426	-2.4998759237893
178000	179000	-1.20148068380244	1.75811262418677	-1.84465316392488
179000	180000	-0.909653669226837	2.60315390968439	-2.31437548012247
180000	181000	-0.330089602213529	2.34820420362166	-1.60520336440593
181000	182000	0.128583095113905	3.24224021742338	-1.37917269959433
182000	183000	-0.802185492650351	3.01862906690556	-1.09674413004503
183000	184000	-0.398526960775561	3.72319491448661	-0.692173491224953
184000	185000	-1.30831795377357	3.6439864326237	-0.689559778927005
185000	186000	-0.796227356544052	4.36406920024181	-0.64729551490782
186000	187000	-1.47702697710655	4.28085307511741	-0.629714102809536
187000	188000	-1.21050536022408	4.68205522206995	-0.268730568881018
188000	189000	-1.53826477081578	4.20405390367693	-0.0481504699221051
189000	190000	-1.04393559012445	3.99058518553882	0.0603726773805253
190000	191000	-1.05900217188172	4.43061159016403	0.334702020693883
191000	192000	-1.41752915217679	4.1181103219587	0.601598906968347
192000	193000	-0.749262395687363	3.97511719513354	0.716173904802631
193000	194000	-1.32526962405743	3.56503552980783	1.00106489443382
194000	195000	-0.8453395178643	3.21620083525953	0.416147745595272
195000	196000	-1.89710304698965	3.28172253416158	0.271870181694777
196000	197000	-1.29842333803385	2.71255533588514	-0.316932167010861
197000	198000	-2.31138432065757	3.0291424876826	-0.614619904728405
198000	199000	-2.6071294084298	2.6420467039269	-1.37934407721095
199000	2e+05	-1.87517067043965	1.95651064563853	-1.04675408248274
2e+05	201000	-2.51443039219239	1.19865981924667	-1.5005285625783
201000	202000	-2.44104808895561	1.0897475945593	-0.430142991029809
