0	1000	0.477197866570971	-0.219539613613852	0.399216716461616
1000	2000	0.459690071294377	0.740057377941345	0.417193525862195
2000	3000	0.326117530849886	0.292996852801427	-0.438053712575527
3000	4000	-0.286090606040411	0.802019954454213	-0.62926359892048
4000	5000	-0.224292201074843	1.50493437195587	-0.161939971543467
5000	6000	-0.755832012794859	1.88964818051511	-0.653093127376743
6000	7000	-1.2125945231714	1.2059424128892	-0.606500231537221
7000	8000	-1.39019788541953	1.64424229662407	-1.32916390624423
8000	9000	-1.34333327353289	0.866107237536436	-1.39784557897871
9000	10000	-1.08592842233496	0.146964680029097	-1.45418336779567
10000	11000	-1.541649304362	0.185499932793415	-2.07853398792261
11000	12000	-1.20281481597271	-0.398127113785175	-2.24087611040756
12000	13000	-1.88535272350989	-0.721987843444244	-2.20616058920915
13000	14000	-1.55514039057882	-1.01520379362686	-1.74601841981153
14000	15000	-2.00459052983752	-1.37252414076057	-1.92873627495525
15000	16000	-1.56991057082833	-1.63979162758363	-1.80660941194112
16000	17000	-1.87697304163824	-1.55213934734629	-1.39858827575086
17000	18000	-1.59814959135432	-1.99294811116157	-1.32878288325291
18000	19000	-1.90417579220661	-1.89315643345156	-0.83515966906643
19000	20000	-1.50909922009921	-2.35037167040967	-0.721091627058082
20000	21000	-1.54267069995417	-2.10065182426481	-0.167101277650563
21000	22000	-1.28498035358218	-2.62418980253863	-0.0156539388807306
22000	23000	-1.42260589665717	-2.3061705964347	0.499327181186657
23000	24000	-1.02181157187933	-2.72832978744018	0.631491245899677
24000	25000	-0.762929471723613	-2.25272312852226	0.36080149216128
25000	26000	-0.51757238908664	-2.80823026179195	0.151795133383878
26000	27000	-0.093176479366137	-2.30945005815445	0.150392590738931
27000	28000	-0.280015630117389	-2.38505424365074	-0.488228669336363
28000	29000	-0.606065825407704	-1.72333639064794	-0.264854046521861
29000	30000	-0.779755949787868	-1.87032216073709	-0.960446579327976
30000	31000	-1.25474942097247	-1.22959668813068	-0.663577842315172
31000	32000	-1.61877965689727	-0.94237182871986	-0.062639757476659
32000	33000	-2.41007160868322	-1.13123245464107	-0.213299178443404
33000	34000	-3.02407883820036	-0.77942933182148	0.259519013395735
34000	35000	-2.3503502061511	-0.691815019636282	0.711883864140552
35000	36000	-2.8214477701652	-1.28553397904727	0.990307670405753
36000	37000	-2.1731802681221	-1.34878619284613	1.26521820384957
37000	38000	-2.61003247188624	-1.64120288460396	1.68054997859063
38000	39000	-2.64413720969543	-1.61626735766383	2.33113178914164
39000	40000	-2.31954507683001	-1.14139593634059	1.98089650691691
40000	41000	-2.88785005425677	-0.984454393879613	1.967139714877
41000	42000	-2.62003722843462	-0.687040603931363	2.47172705136123
42000	43000	-2.11457636512307	-0.333755291412051	2.28599506953773
43000	44000	-1.9189230727142	-0.425578949456537	2.95492167040972
44000	45000	-1.41140547103316	-0.0347673304378988	2.67753556893955
45000	46000	-1.08316938814852	0.474139665445797	3.06314330627088
46000	47000	-0.384177923040436	0.387643447219737	2.6760815574587
47000	48000	0.246125777747306	-0.180788746216502	2.6035534768768
48000	49000	0.609693822919353	0.620563536605249	2.43442933993059
49000	50000	1.12776201445252	-0.0287888883510014	2.15549020516652
50000	51000	1.40553490877168	0.770273958096906	1.6790894285057
51000	52000	1.35798937824171	1.12655832066725	0.914179705569763
52000	53000	2.21046599961224	1.09652519242606	1.00140966861529
53000	54000	2.26055651940256	1.07651827327065	0.194123568690203
54000	55000	2.82563020961284	1.26236923554206	-0.22308939861694
55000	56000	3.08490579640953	0.861305532763089	0.240029033440668
56000	57000	3.47998606878708	1.08707847044378	-0.181949985979277
57000	58000	3.74757836090559	0.938144813197471	0.336589510240398
58000	59000	3.71405370911493	0.617195065236285	-0.0117610783073113
59000	60000	4.07196400326263	0.864202582558573	-0.0913985662158761
60000	61000	4.15855636742622	0.42538062889905	0.0894941426890672
61000	62000	4.01369895997503	0.506587758009093	-0.40714664478045
62000	63000	3.80003630515558	0.0301856524762231	-0.256510596230024
63000	64000	3.53932456916703	0.355259903320068	-0.737555749258826
64000	65000	2.92528528570869	0.407881794454659	-0.584044815097698
65000	66000	2.9599665334079	-0.317425862784661	-0.747847675371193
66000	67000	2.38745948567427	0.0161344680359838	-0.199887107977637
67000	68000	1.83466319680819	-0.398068428853859	0.206286480425822
68000	69000	1.84494381812331	0.135095623561907	0.877740364910964
69000	70000	1.27578115508312	-0.435041007494824	1.23656352096938
70000	71000	0.681196520625	0.179561857999091	1.34693231031167
71000	72000	0.302894652889549	1.01388375649812	1.62731103738115
72000	73000	-0.207000536081564	0.285165449774171	1.77610264407522
73000	74000	-0.733540890645581	1.02030854238314	2.05157782302856
74000	75000	-1.06876123828911	0.942919391270646	1.30854187415769
75000	76000	-1.01945575412992	1.53767228035261	0.722375673015311
76000	77000	-1.67535905478745	1.73406706865856	0.576451066157247
77000	78000	-1.46292056629406	2.23571991361926	0.144671592767058
78000	79000	-1.76588035714223	1.80210025834027	-0.0881075251385513
79000	80000	-2.11439354407308	2.20561051721413	-0.0124110628475034
80000	81000	-2.08183197559753	2.00387002792117	-0.470525273768841
81000	82000	-2.53924502004146	2.14999410562612	-0.373311619657726
82000	83000	-2.45554269653686	1.63818173620562	-0.241594366842189
83000	84000	-2.8370014744585	1.66601776326629	-0.694745047952497
84000	85000	-2.54244174384535	1.12485404770337	-0.626238002143753
85000	86000	-3.1599963175003	1.02550864022594	-1.00941350980646
86000	87000	-2.62103632460969	1.0911032020869	-1.37931025117016
87000	88000	-2.86702224787231	0.761227854550404	-1.86721313015586
88000	89000	-2.21604452826179	0.557926920975349	-1.66025594718438
89000	90000	-2.2448569264916	0.675807232755385	-2.33684002035307
90000	91000	-1.85467858207416	1.19770554444622	-2.04280865573953
91000	92000	-1.38051411911675	0.847125347268257	-2.45425621052229
92000	93000	-0.726572681925697	0.518372385114794	-2.40779453700419
93000	94000	-0.764799352235957	1.20104958707286	-2.00374901556339
94000	95000	-0.154878450017052	0.704993216064415	-1.63551800061375
95000	96000	0.00174921072422634	1.52469635217354	-1.36102983283141
96000	97000	0.583777374949158	1.17212223369769	-0.905358968720692
97000	98000	1.0122651409726	1.52110353784219	-0.202968982998738
98000	99000	1.28737397891753	0.751159891204936	0.0594198123272656
99000	1e+05	1.17087076609363	-0.0692229918374422	-0.335898225869642
1e+05	101000	1.50798778662792	0.621233820385606	-0.826676351236535
101000	102000	0.99396988876294	0.16341889983739	-1.3080391830452
102000	103000	1.15929726518746	-0.149825119876359	-1.9788923019172
103000	104000	1.53153853713986	0.492846688325026	-1.96531124801415
104000	105000	1.71962200363588	0.0550188041657634	-2.47670323283963
105000	106000	1.15869666607845	0.300802546672928	-2.62909196573445
106000	107000	1.57942666371674	0.616412823969927	-2.69272302198486
107000	108000	1.13641764796732	0.909728953697953	-2.64557355024133
108000	109000	1.33305775188542	0.915876750690305	-3.15430779190883
109000	110000	1.44561173040179	1.39619214931631	-2.8864225939439
110000	111000	1.7947989245931	1.34242765523392	-3.26120243888277
111000	112000	1.70251400832398	1.86941732179948	-3.21023227681843
112000	113000	2.03766140430449	1.70320197287041	-3.54911805939947
113000	114000	1.93329643653035	2.16331073413865	-3.67194651044676
114000	115000	2.35672518374486	2.00786800220063	-3.69616254947779
115000	116000	2.17997433853334	2.19329731817843	-3.3238698379034
116000	117000	2.45922597095581	2.46483272979659	-3.58842684722706
117000	118000	2.53626538240032	2.3940704548767	-3.13408888100962
118000	119000	2.80501396521181	2.1524657115406	-3.40212337257969
119000	120000	2.5578877763921	1.88360606826186	-3.20367519200718
120000	121000	2.91461705644095	1.98023837317077	-2.9335400521714
121000	122000	2.52611709799185	1.88828736544622	-2.7070190379549
122000	123000	2.75202974580653	1.42247861080578	-2.83476093730161
123000	124000	2.37967370618489	1.47773599755322	-2.42366936233042
124000	125000	2.90120349381575	1.37009105648524	-2.23135746531831
125000	126000	2.55068482341774	1.33796782427589	-1.7702056325184
126000	127000	2.59277881601046	0.723050321847331	-2.04834505124372
127000	128000	2.41345533567606	0.759462104380109	-1.36211099605148
128000	129000	2.73348068070868	0.0778104491478121	-1.59879617059069
129000	130000	2.09892201613348	0.00696669271311754	-1.18158474550881
130000	131000	2.11598760198528	-0.518928375729527	-1.63363300853125
131000	132000	1.52244386324693	-0.642035369316968	-1.36879540777941
132000	133000	1.85025973996692	-1.12040612852441	-1.04302705406405
133000	134000	1.16235423818553	-1.28558025631225	-1.16694451877617
134000	135000	1.14812758757971	-1.4965801787735	-0.465998043193197
135000	136000	0.365244002569009	-1.60774823848342	-0.496759418707415
136000	137000	0.721868955756982	-1.99447833633632	0.134491709148959
137000	138000	0.264089208316909	-1.1537612678014	0.343032250900552
138000	139000	0.298264606217137	-0.995586761573765	1.24200464241579
139000	140000	-0.530981051811087	-0.588030189776807	1.18496067675155
140000	141000	-0.467182211661472	-1.07254957320292	1.99518558281177
141000	142000	-0.918629845738937	-0.346411807750973	2.10175989745617
142000	143000	-0.855205557378281	-0.847963073998391	2.78557928765108
143000	144000	-1.16336312189006	-0.576773793653082	3.43469816267598
144000	145000	-0.683224555982655	-0.239378201308917	3.16286325775148
145000	146000	-0.826234868639464	0.00540117487304736	3.71933633736352
146000	147000	-0.312363209905195	-0.273951919552296	3.69799484240183
147000	148000	-0.327295807964917	0.324479012157784	3.52614856312493
148000	149000	0.00494806517409232	0.240667679541957	4.0225088275232
149000	150000	0.264210912629071	0.022156069757895	3.46589091998818
150000	151000	0.214659392696778	0.640206230160548	3.49436391278765
151000	152000	0.699243793574839	0.386581959911408	3.77552938718151
152000	153000	0.773498454626745	0.745625524353167	3.28947521272265
153000	154000	0.994399310883829	0.199542082345365	3.25650519033947
154000	155000	1.40497903186615	0.616292613372936	3.23917363043458
155000	156000	1.55625026796234	0.120052852952503	2.90852290395297
156000	157000	1.79063844644705	0.568183746165361	2.51429213649452
157000	158000	2.20915627189773	0.0950201743687523	2.2540702712399
158000	159000	2.17918386782941	-0.327065845891529	1.72786283047108
159000	160000	2.86297233058486	-0.191106287658156	1.54481522864577
160000	161000	2.65555413460416	-0.888319291730957	1.32782079210439
161000	162000	2.88952999501394	-1.17357925857476	0.710855274210733
162000	163000	3.34063344481499	-0.715439983235832	0.838290277090028
163000	164000	3.40315003656292	-1.01675646138709	0.208487335734575
164000	165000	3.20024311569692	-0.399125686170493	0.195799677802139
165000	166000	2.73576569039823	-0.884029826221006	-0.0356731282097037
166000	167000	2.61523556924102	-0.334750532773693	0.69828228646228
167000	168000	2.1401375338702	-1.04865977167828	0.625643496958048
168000	169000	1.90327139107896	-1.26311803963573	1.38092805967225
169000	170000	1.31493321191163	-1.4424128157857	0.760987534482114
170000	171000	0.814916092412623	-2.07664113678866	1.02884255077585
171000	172000	0.0726882098966263	-1.9002244078086	0.854796041897393
172000	173000	-0.326462331804483	-2.44287427766691	1.07249002364153
173000	174000	-0.834263243862958	-1.97463784884575	1.1688035139752
174000	175000	-1.03897097255861	-2.4955730791971	1.50618049936725
175000	176000	-1.56093504098391	-2.24463718199728	1.31457099495821
176000	177000	-1.41319096376353	-1.87875118784286	1.76449725802032
177000	178000	-2.01040224966061	-2.0639406813774	1.89309827902222
178000	179000	-1.81259757392594	-1.65623484780174	2.31566710413465
179000	180000	-2.01445575860522	-1.17392613817017	2.64426753070006
180000	181000	-1.54952926618921	-1.0118904578503	2.0789735937174
181000	182000	-1.83542419190739	-0.62332176145189	1.50549625180233
182000	183000	-2.48296711414964	-0.245047727441075	1.57827993572506
183000	184000	-3.11087778314374	-0.539030959010316	1.26849947246114
184000	185000	-2.81163165021017	0.0823998995138736	0.966434612405217
185000	186000	-3.37891378594768	0.0676442937983841	0.603142790943508
186000	187000	-3.0541838470307	0.582725458605864	0.326810758454311
187000	188000	-3.35261593053585	0.886855860317208	-0.11858131269801
188000	189000	-3.52047639117223	0.271335973563637	-0.168449876047052
189000	190000	-2.89788757682891	0.221964888605437	-0.322981933589527
190000	191000	-3.39220172933154	0.137248872886396	-0.889949064896272
191000	192000	-2.65123540425336	0.238220271111938	-1.06426029997189
192000	193000	-3.01038362447938	0.0617246040644826	-1.68668240816359
193000	194000	-2.46359234582679	-0.143155370576765	-2.12125378684355
194000	195000	-2.10250665837943	-0.294721008010207	-1.42165461495819
195000	196000	-2.73706647390955	-0.713036565771376	-1.38912523386653
196000	197000	-2.96756022331936	-0.550863802067573	-0.688299685208536
197000	198000	-2.22651726380938	-0.253203608946186	-0.402103138048933
198000	199000	-2.06976572089396	0.189276339996682	0.283318661011742
199000	2e+05	-1.35193583199442	0.139463443108222	-0.075019932540159
2e+05	201000	-0.607880829489143	-0.331740518173045	-0.167110440374245
201000	202000	-0.396978246096038	0.214143967584491	0.518259403088605
