0	1000	0.860486624540762	1.52533847494404	-2.22817387374898
1000	2000	0.0944708775362696	1.52796488061709	-2.05646702722078
2000	3000	0.147180817736394	1.61475734702292	-2.84315179395631
3000	4000	-0.63517810978795	1.55716342307679	-2.44283582788047
4000	5000	-0.702472238104197	1.28972371230201	-3.15944373603839
5000	6000	-1.42325485887675	1.23826586303978	-2.6860543425961
6000	7000	-1.0166406851746	0.470937824907489	-2.8356392429249
7000	8000	-1.18666136326383	0.335263747223847	-1.92682665656009
8000	9000	-1.064463633547	-0.479538734307683	-2.46115034239946
9000	10000	-1.13048624444332	-0.744344277038264	-1.58273319416896
10000	11000	-1.50039299385658	-1.02816305682701	-0.927515969931607
11000	12000	-1.5700322984108	-1.74813612094178	-1.10068696943517
12000	13000	-2.05519235144869	-2.22608611326517	-1.05163362423155
13000	14000	-2.64841282804528	-2.15324045583927	-1.29186450383787
14000	15000	-2.48151872604716	-1.78367269662018	-0.765169384191236
15000	16000	-3.03483010994253	-1.98015988221801	-0.80002178243951
16000	17000	-2.93432964464364	-1.57838590516081	-0.506585493982506
17000	18000	-3.07140507811417	-1.49587493075981	-0.993833495311058
18000	19000	-3.40310129305316	-1.2892232646726	-0.712019730623792
19000	20000	-2.83494954073618	-0.965793959131359	-0.641342921596766
20000	21000	-3.23977787023558	-0.714741342475774	-1.05481410755106
21000	22000	-2.41384983017992	-0.875451187626135	-1.18665681958738
22000	23000	-2.62169692264442	-0.268604128357791	-1.37147302583438
23000	24000	-2.22457586231073	-0.664695332628135	-1.89394605434848
24000	25000	-2.34521765024635	-0.666294807310503	-2.62469751403241
25000	26000	-2.31468582711452	-0.0494684458507487	-2.22019579018969
26000	27000	-2.52967693945931	-0.0287975746682504	-2.88071231402721
27000	28000	-2.85095773295132	0.324907693621674	-2.35207950331614
28000	29000	-3.02811499040541	-0.146182896226254	-2.59796509274426
29000	30000	-3.2285501129186	-0.0747278179422752	-2.14996187825151
30000	31000	-3.30377936343361	-0.540472350246106	-2.42471203513553
31000	32000	-3.43903891443559	-0.528892657547677	-1.94433103826225
32000	33000	-3.00273199440467	-0.653381791281142	-1.92737046596495
33000	34000	-3.29773307061072	-1.09015250367085	-1.99023423186428
34000	35000	-2.82115211047321	-1.15680654292144	-1.78916650033695
35000	36000	-2.76664926513748	-1.08166684804884	-2.32288324718127
36000	37000	-2.75489759411886	-1.54208991116894	-2.22398279251576
37000	38000	-2.29005226360383	-1.37442171151464	-2.22484125919806
38000	39000	-2.32762287858736	-1.75669082248393	-2.56286169088059
39000	40000	-2.08257877672497	-1.84990198055792	-2.14188932645951
40000	41000	-1.7295226846202	-1.67823954229246	-2.41059371254877
41000	42000	-1.59821072204121	-2.21922199481266	-2.31118239374029
42000	43000	-1.0520409297906	-2.02607283766165	-2.08874724253569
43000	44000	-0.608948262668117	-2.0629280100616	-2.59477398292771
44000	45000	-0.21134233232349	-2.46224946963339	-2.18167935467321
45000	46000	0.208964516029319	-1.9990292167443	-2.50140279027582
46000	47000	0.417504589294857	-2.59668469366448	-2.67688005448104
47000	48000	0.852757042343317	-2.16721670309239	-2.61585684682379
48000	49000	1.07368846130332	-2.65204628965359	-2.60470415915705
49000	50000	1.41843060737948	-2.2902201217121	-2.85247119978283
50000	51000	1.70557667548004	-2.71344450653402	-2.70176132534017
51000	52000	1.86204109956424	-2.18166158642021	-2.53642782402466
52000	53000	2.28295442760037	-2.40778219036189	-2.76813517904412
53000	54000	2.35416479350993	-1.97176944172854	-2.34449208177189
54000	55000	2.57706918027119	-2.45940436634553	-2.2294598614823
55000	56000	2.16221127313779	-2.33668826251527	-1.92786343832965
56000	57000	2.19162058871509	-2.88838066339216	-2.32063808737265
57000	58000	1.75094944813364	-2.77034560725042	-2.06974593135065
58000	59000	1.42875824255853	-2.33798434079673	-1.95789787166195
59000	60000	1.62802742195172	-1.7364064235083	-1.90931756940107
60000	61000	1.32267002694826	-2.06341637174945	-1.40798441026805
61000	62000	1.28545654705912	-3.18886963643863	-1.86105940379096
62000	63000	1.08482180368155	-2.84650866809198	-1.29039510383516
63000	64000	1.69041920551896	-2.75315419651927	-1.05122076189853
64000	65000	1.41131607202176	-3.45909360882262	-1.00754849506896
65000	66000	1.99440296647227	-3.61972248022787	-0.851414148169267
66000	67000	2.01188721832114	-3.76123565892844	-1.49093199151094
67000	68000	2.0580468349721	-3.23959668856707	-1.34510439453931
68000	69000	2.50678501599863	-3.20579597114756	-1.62350518188057
69000	70000	2.69108283929514	-3.2019685328483	-1.10148562925534
70000	71000	2.46370255986422	-2.63212735636284	-1.0650577571157
71000	72000	3.01147070902541	-2.52319818186867	-1.3111332345552
72000	73000	3.0637997113569	-2.48607191136834	-0.712909878921237
73000	74000	2.85141163557985	-1.86089248004193	-0.939995899072655
74000	75000	2.9814952066981	-1.96345579842822	-0.240176441851105
75000	76000	2.51457267887727	-1.43142209274366	-0.424857202076093
76000	77000	1.89101607880862	-1.76261815778572	-0.344514904620203
77000	78000	2.33281367383014	-2.08925428012421	0.254042652504346
78000	79000	1.71367255469702	-2.49824158709167	-0.16174160048172
79000	80000	2.53566088874066	-2.81341966456349	-0.137983658163831
80000	81000	2.01423810589362	-3.13399976290574	-0.0669857663714743
81000	82000	2.332877178385	-3.03084321174445	0.484202864247368
82000	83000	1.7037385025274	-2.97601462161912	0.642796866682461
83000	84000	1.81881636289183	-2.91751535555172	1.26170109534202
84000	85000	1.27076695985008	-2.69843383756897	1.50483539161031
85000	86000	1.00323215348936	-2.8049853745639	2.13929199995339
86000	87000	0.844909850337281	-2.21867100824846	2.41799132467152
87000	88000	0.482855079456843	-2.4874239836955	2.86951603200391
88000	89000	0.23108481156341	-1.84641474719746	2.8067675955885
89000	90000	-0.193318138771063	-1.9021258381711	3.1891865166017
90000	91000	-0.408428914018124	-2.0789722890967	3.74785853640484
91000	92000	-0.501863139801166	-1.50135869705034	3.42132913949615
92000	93000	-0.768936117033711	-1.67690469239575	3.87728116425126
93000	94000	-0.720186773295203	-1.20578729644302	3.78368143350077
94000	95000	-0.487443517822732	-1.34507023597105	4.27052695940855
95000	96000	-0.229115058203107	-1.01969163816529	3.7826125416555
96000	97000	-0.0188839570333326	-1.48659449282322	3.99350958537421
97000	98000	0.266686156005528	-1.06501590330932	4.03682658744397
98000	99000	0.527897389848059	-1.50130014960866	3.94208592833985
99000	1e+05	0.473848212988197	-1.13332766427442	3.44811186449665
1e+05	101000	0.731597847806715	-1.66843602467898	3.37318462141914
101000	102000	0.410131152017624	-2.21994860938313	3.69325732026856
102000	103000	-0.22867991329445	-2.65729424395225	3.25619897288005
103000	104000	-0.327093722485081	-2.36878585085781	2.47747485410708
104000	105000	-0.492709079656597	-1.72768913489385	1.97972853656887
105000	106000	-0.566296626122178	-2.47256559801167	1.5976869400318
106000	107000	-1.28894827875731	-2.23403856452962	1.61328932546327
107000	108000	-1.07905657352772	-2.83602440379644	2.01409916763085
108000	109000	-1.5480529253049	-2.53105670563678	2.22569720717586
109000	110000	-1.15446407857521	-2.6469574846979	2.63690584153009
110000	111000	-1.30826982418024	-2.17075297883545	2.56284921804808
111000	112000	-1.61186104123751	-2.35737397676278	2.89299704434389
112000	113000	-1.16489436345597	-2.23676259432421	3.09919641567927
113000	114000	-1.51227060936178	-1.7843880808968	3.09202555015614
114000	115000	-1.05302562451469	-1.53192342832337	2.62223727013329
115000	116000	-1.5978758280089	-1.10020111361138	2.75830009044105
116000	117000	-1.51041601974196	-0.886073115706674	1.93867238677207
117000	118000	-0.886056015049117	-0.290401482512647	2.31129385400361
118000	119000	-0.620188759504665	-0.232805800176958	1.39528241859299
119000	120000	0.352507081070328	-0.342795232979267	1.69691452021926
120000	121000	0.334194915010814	-0.399836327920075	0.724064174310492
121000	122000	1.32051887109788	-0.619659541333867	1.0815183104247
122000	123000	1.41721674901787	-0.322011557734786	0.140971018904125
123000	124000	2.14550137712062	-0.00188840449507883	0.737036944260251
124000	125000	1.18070046073826	0.474746467176361	0.660760557660967
125000	126000	1.66232280685121	1.18512941693043	0.714526706353299
126000	127000	0.664913490375136	1.50762519001745	1.04215586978268
127000	128000	0.242435936952087	2.2255361539872	1.55802310907145
128000	129000	0.865907701796302	3.17082528652246	1.56269422856913
129000	130000	0.190050096370616	3.19083631047697	1.96875632604519
130000	131000	0.784727933995663	3.01399838813574	2.31918095735831
131000	132000	0.294512179374917	2.83497921562291	2.52801953819492
132000	133000	0.562018618914156	3.30209222144042	2.79793399646758
133000	134000	0.0460882619669915	3.04714571170654	2.98106789026956
134000	135000	0.418366668046035	3.18256207684968	3.36805479658455
135000	136000	0.55105311625918	2.62937635246697	3.1502990325051
136000	137000	0.973774248568548	2.96395573749555	3.47582290200531
137000	138000	0.613959342599077	2.79906452686934	3.9826638171278
138000	139000	0.0201759251365258	2.70642737674369	3.79661896035228
139000	140000	-0.181849876821834	2.25474179176933	3.42887275343199
140000	141000	0.152968621612435	2.17559431507263	4.13171847019481
141000	142000	0.103067091566244	1.73685593438911	3.67665012206701
142000	143000	0.612526627016675	2.14340251751244	3.58265990461419
143000	144000	0.495797331216741	1.82357574158139	2.99317016470593
144000	145000	1.18053319145467	2.11258154240507	2.91954593738846
145000	146000	1.69841709476929	2.47606767868616	2.66815146856723
146000	147000	1.80773428726882	2.83744181555218	3.23814374440668
147000	148000	2.02551993637491	2.1486531837965	3.23148049272349
148000	149000	2.17241927511879	2.40950639217741	3.7517944997692
149000	150000	1.66874618956914	2.53950467895937	3.97066771970936
150000	151000	1.76613369559035	1.98659805025379	3.9178823708749
151000	152000	1.33268253960798	2.11997237387709	3.73815964842793
152000	153000	1.27018616041294	2.10583107093457	4.3040200826336
153000	154000	0.948225162834584	1.81284734691576	4.05981460913179
154000	155000	1.34535837446046	1.47808222685738	4.18091172885103
155000	156000	0.886295786905145	1.28511547114542	3.83376697711388
156000	157000	1.26233558416147	1.40457370024905	3.38807590522839
157000	158000	1.45132692593989	0.887977938284653	3.65335525295521
158000	159000	1.81066661501255	1.05069344043924	3.19889712750188
159000	160000	1.30526320268693	0.783870205750095	2.86250202223098
160000	161000	1.84628167889692	1.16084076285465	2.50556290205602
161000	162000	1.13026146740489	1.40882719492827	2.19038723988323
162000	163000	1.73067446053853	1.94773149461128	1.8269846512161
163000	164000	1.3173384181753	2.44937757829551	1.12987377696635
164000	165000	0.018429972303398	2.61449265775141	0.651484737077872
165000	166000	0.389342177481395	3.04740162893869	-0.0520644607280679
166000	167000	-0.433992682053538	2.94336461825206	-0.48417353254228
167000	168000	-0.00501756443070248	3.25977078775105	-1.1196735802792
168000	169000	-0.507559618691822	2.75715462800331	-1.3523986794175
169000	170000	-0.222100067983023	2.76553748145672	-1.90151297149365
170000	171000	-0.747058891651009	2.48081648331515	-2.12705249325143
171000	172000	-1.22026430023398	2.80181405452274	-2.45339871949409
172000	173000	-1.15870221958187	2.79003530573655	-1.80613627457558
173000	174000	-1.75275904214984	2.86785633110406	-2.02665746136969
174000	175000	-1.52282868489877	3.25871516832474	-1.4977149265107
175000	176000	-1.53843270197863	3.49723324855557	-2.06725458035512
176000	177000	-1.10192105152459	3.65587264215255	-1.72648722488421
177000	178000	-1.19549694813956	3.92918873536037	-2.16528060778506
178000	179000	-0.84714929212637	3.61982547788064	-2.15389106770698
179000	180000	-0.785357791824344	3.93345140135046	-2.42928541430953
180000	181000	-0.547132820328028	4.01650808038886	-1.96270194703163
181000	182000	-0.244089107367474	3.99193636835029	-2.44747926209528
182000	183000	-0.0370607350797842	3.6406346686736	-1.98439461978043
183000	184000	-0.274237926459601	3.2955233533639	-2.42564198561698
184000	185000	-0.584374412368548	3.46200087886258	-2.96637544545024
185000	186000	-0.394756600991751	2.72287797826237	-2.7301007119209
186000	187000	-0.943339242470636	2.94286235176362	-3.11266967253019
187000	188000	-0.615273706032539	2.32122719539481	-3.14089168209304
188000	189000	-0.862821831144819	2.56073133654939	-3.5078759226331
189000	190000	-0.61381610558692	2.889544734518	-3.67876635016707
190000	191000	-0.412110251760992	2.47733220517643	-3.68089287532385
191000	192000	-0.186786779835046	2.77714967606984	-3.77203975986043
192000	193000	-0.228128319692182	2.71512515970425	-3.38409820678282
193000	194000	-0.18552331394386	3.15828877467552	-3.4694219283369
194000	195000	0.144866287032376	2.89615842588957	-3.20639232521954
195000	196000	0.148724354678308	3.3802774660317	-3.02892300996934
196000	197000	0.311003129982875	2.93580240852674	-2.64644388093902
197000	198000	0.732429941026177	3.31928386825307	-2.44514920914118
198000	199000	0.837148418089578	2.59366678387828	-2.32492115421458
199000	2e+05	0.825851425933893	2.75247551423262	-1.6050906675792
2e+05	201000	1.07534719017933	2.08592042361181	-1.60617574175507
201000	202000	0.414114610365158	1.74727454853789	-1.30876135694505
