0	1000	0.0852920683572515	-0.159227927500021	-0.0599362316304766
1000	2000	0.531891663702274	-0.547794029095294	0.0334102012577443
2000	3000	0.405519548036052	-0.598427973217435	0.578930589044297
3000	4000	0.450085234859473	-1.13706101934427	0.661984080057981
4000	5000	0.643862676488118	-0.889239579480778	1.11248812376106
5000	6000	1.07743350843814	-1.16166476087041	0.952903253569528
6000	7000	1.23248226508019	-1.22884805740006	1.45006702683802
7000	8000	1.70304052176201	-1.00226572106712	1.46181097220358
8000	9000	2.01167880987895	-1.45431103082123	1.60240533639292
9000	10000	2.38665579792231	-1.22694769102719	1.138493962653
10000	11000	2.39235250912178	-0.554479185671466	1.14518747034058
11000	12000	2.64938972318518	-0.30370795204423	0.605890094832409
12000	13000	2.15511854139164	-0.0105785188286871	0.721651398705828
13000	14000	2.32816871761022	0.282048484014636	0.232310572516438
14000	15000	1.70269496839442	0.504647061726871	0.279045971934971
15000	16000	1.96502957955975	0.985545055360154	-0.00509612184686385
16000	17000	1.57030810080444	1.15955702434138	0.419711173019296
17000	18000	2.05595576978539	1.33568975400415	0.574472112950105
18000	19000	1.88348263958887	0.90134327791142	0.915678511131273
19000	20000	2.45920606268386	0.757928956352856	0.748914204069383
20000	21000	2.41385798047498	0.448259939508401	1.26806842510417
21000	22000	2.96273348729978	0.194061730989053	1.17688088722712
22000	23000	2.78252193480482	-0.116708823043167	1.70216031958947
23000	24000	3.08691244153348	-0.567040380277657	1.27372383750194
24000	25000	2.68703089385796	-0.945860287130899	1.70341699825915
25000	26000	2.21021095449988	-1.03115680973291	2.13642537461593
26000	27000	2.47026278660798	-1.61152290615971	2.16854787568536
27000	28000	2.30055768863404	-1.42913762475488	2.69794048775347
28000	29000	2.824800402443	-1.41421198566067	2.70692356975916
29000	30000	2.85710392493445	-1.0485005970286	3.08451530842652
30000	31000	3.35546273493013	-1.29402313341223	3.10141888097846
31000	32000	3.43644484813341	-0.734908602893496	3.13728548611203
32000	33000	3.57186033087178	-0.899024436423094	2.66456501365213
33000	34000	3.21155173435852	-0.509882267363902	2.47217085245334
34000	35000	3.494719755428	-0.520195628620133	1.89719946639582
35000	36000	3.33264433154666	-1.12694296439753	1.79924355983964
36000	37000	3.30274427237105	-1.39840911447231	1.24185349114668
37000	38000	3.85036583288127	-1.25093140999021	1.28085211590756
38000	39000	3.96885708591614	-1.81471300026347	1.12416380764206
39000	40000	4.10152140891877	-1.43566136008503	0.69871067052064
40000	41000	4.33606923680052	-1.75128082512436	0.454731767840208
41000	42000	4.3486732922728	-1.36666562843894	0.0762238498984659
42000	43000	4.28738948387772	-1.73194006457479	-0.240386129618486
43000	44000	4.36081689175846	-1.33541969938425	-0.527582458625305
44000	45000	3.99314628716719	-1.5328027493674	-0.852251039715309
45000	46000	4.16261547434974	-1.10487090570826	-1.10992429272181
46000	47000	4.09812534209037	-1.43440443414399	-1.5334248626799
47000	48000	3.74947261709029	-0.991872313719601	-1.56664238557182
48000	49000	3.6346897922755	-1.17305011950815	-2.03054062981217
49000	50000	3.60936951753853	-0.630502455638893	-2.20851703659989
50000	51000	3.20937301424404	-0.877551435513188	-2.5492374466598
51000	52000	2.87864152371331	-0.974642060438362	-2.09257485700194
52000	53000	2.43417049910877	-1.12524980218118	-2.5377920852456
53000	54000	2.31064926555549	-0.715366686767487	-2.02275077538408
54000	55000	2.62861993763702	-0.489557786861088	-2.54757823528716
55000	56000	2.92057079550245	-0.285921785427074	-2.03144768086739
56000	57000	3.01576266770903	0.0655646435257182	-2.5099965021666
57000	58000	2.99865470021864	0.505172065988615	-2.10971521011621
58000	59000	2.65640146345667	0.678052084976316	-2.5230449324127
59000	60000	2.60558489089198	1.10845838340055	-2.25993301814767
60000	61000	2.16032257117807	1.04430393572868	-2.63930539341127
61000	62000	2.09342528091659	0.737704678020737	-2.15417791143076
62000	63000	2.13104004331921	0.263056105180469	-1.78599596387267
63000	64000	1.95041607253035	-0.0810730330706417	-2.27988915477344
64000	65000	1.94902528798314	-0.566007290965352	-2.65697998135734
65000	66000	1.71726328979952	-0.935053263975652	-2.27096639438327
66000	67000	1.3099263632125	-0.645906999940915	-2.56095774838595
67000	68000	0.989122515458704	-1.05543321476219	-2.25272060842398
68000	69000	0.695187265583363	-0.604167724760302	-2.18073905223186
69000	70000	0.458642061821785	-0.878607114959056	-1.76617746957004
70000	71000	0.2286798606038	-0.344885607215054	-1.70162326858905
71000	72000	0.353318422344895	-0.552215983222361	-1.17834490703886
72000	73000	0.0107381139997144	-0.0711141423940787	-1.09369834730893
73000	74000	0.250518755977247	0.243170133158355	-0.594937147137458
74000	75000	0.866408264684572	0.220055637045031	-0.53853488894434
75000	76000	1.11935894498655	0.70107456227195	-0.285164203545282
76000	77000	1.64511906677855	0.515197230166029	-0.484429339485161
77000	78000	1.68147900771182	1.09528411836346	-0.755373690072778
78000	79000	1.8384602778422	0.644181751245475	-1.12080131778697
79000	80000	1.76318094086743	1.04879059695335	-1.51470806594918
80000	81000	1.36037144234948	0.615670628850697	-1.54574734171176
81000	82000	0.968214883072884	1.02238459123642	-1.3924965250627
82000	83000	0.552089877660469	0.657946813773963	-1.26042593680341
83000	84000	0.229142846534703	1.08419302381272	-1.16760887003501
84000	85000	-0.082273497598652	1.50259333673434	-1.42641655563477
85000	86000	-0.151087661679599	1.81682451794108	-1.00833105697121
86000	87000	-0.404736937217884	2.11577867270159	-1.4322620322984
87000	88000	-0.837785841440502	2.0296464559775	-1.11112031395863
88000	89000	-0.821917426574615	2.56481452800315	-1.17289313646869
89000	90000	-0.698796165747202	2.47316408211059	-0.628800413345953
90000	91000	-1.14489621142755	2.34833605810655	-0.259062273910393
91000	92000	-0.871681599312467	2.66867288549207	0.16792478567235
92000	93000	-0.423096488428228	2.59966258102681	0.523508732889608
93000	94000	-0.685477507205635	3.07165864869331	0.716276519842391
94000	95000	-0.390488197159744	3.59708874274475	0.940395531255147
95000	96000	-0.687781616661015	3.35748066494948	1.41621940733787
96000	97000	-0.896140425579145	3.28575900890255	1.92350423794769
97000	98000	-0.478320115972594	2.96141087873262	1.92933190245081
98000	99000	-0.951942804151921	2.65327178593959	1.97580635740614
99000	1e+05	-0.633294724375387	2.13863110628388	1.92816964845495
1e+05	101000	-1.20871313418216	1.94629571721206	1.70302258300541
101000	102000	-0.968953114013977	2.28760514912714	1.27204331672155
102000	103000	-1.6072438005956	2.35718650456155	1.22580573372934
103000	104000	-1.40444486339527	2.90009999444597	1.09520681061884
104000	105000	-2.02469227892258	3.02326760045618	0.981971436861659
105000	106000	-2.25447547995371	3.47299204979632	1.33029370115504
106000	107000	-2.10546497135599	3.91198080858841	1.00616300828266
107000	108000	-2.45683234319266	3.68945171501525	0.662605151773219
108000	109000	-2.07399879430773	3.99946249850222	0.346561022937992
109000	110000	-2.17049041464194	3.60170045017724	-0.0696421799600152
110000	111000	-1.80309027833609	3.88615243919839	-0.368465867391523
111000	112000	-1.98974678683207	3.47026696033615	-0.729061137429124
112000	113000	-1.39091851219589	3.49121130630669	-0.765572954666708
113000	114000	-1.54779888383417	2.96837200937625	-0.567363105372181
114000	115000	-1.24108372832819	3.28394144324897	-0.115870219274592
115000	116000	-1.49199772854572	3.13021155745968	0.452527842458496
116000	117000	-1.2813074308322	3.62321213157499	0.812960463387272
117000	118000	-1.51416867668037	3.49230777916568	1.44842477060377
118000	119000	-1.80153968302012	3.03350738427173	1.80752092735251
119000	120000	-1.81379290621337	2.54615988267798	2.32200029021455
120000	121000	-1.77726288151711	2.9014290461024	2.78231527741054
121000	122000	-2.17797093837534	2.5329479600252	2.82135956401034
122000	123000	-1.72233936057632	2.35102103806448	3.08828992143382
123000	124000	-2.00678240617518	1.96096299037446	2.65344217155117
124000	125000	-1.42912440539376	1.83915765539388	2.64203301644375
125000	126000	-1.63017564914253	1.36624109751814	2.43970227611622
126000	127000	-1.17428923309657	1.09193018300726	2.51962739596673
127000	128000	-1.45950287215334	0.74083484793311	2.15115465330478
128000	129000	-0.968105111006372	0.409994176622596	2.0178289100154
129000	130000	-0.548576744802032	0.335739178833514	1.54552029576654
130000	131000	-0.578829221037027	0.204559648916591	0.972380420423059
131000	132000	-0.768891892574734	-0.238875405674534	0.637091177457194
132000	133000	-0.69164796596542	0.233534958004877	0.291284728163937
133000	134000	-1.27465953907066	0.388991562815314	0.424598257683703
134000	135000	-0.92014036317133	0.856659229731415	0.543889516495548
135000	136000	-1.32232825584254	1.22034120666495	0.353964445414725
136000	137000	-0.829910054798814	1.59881689020403	0.202731480000351
137000	138000	-1.19929369049267	1.92662296048996	0.514524970729737
138000	139000	-0.770933307091435	1.69018502081355	0.810073012346576
139000	140000	-1.33761057271476	1.47478000687673	1.01351867261029
140000	141000	-0.863607763421475	1.19469753693935	1.34347158347328
141000	142000	-1.2284569129863	0.702479302490892	1.3287955277811
142000	143000	-1.25833573825362	0.0956614628880946	1.27885172778001
143000	144000	-1.02143245801536	-0.407989484853388	1.52200403478253
144000	145000	-1.57501367410279	-0.707068169523169	1.31716388220288
145000	146000	-2.1426817552222	-0.79070496089908	1.52912518961315
146000	147000	-2.17553614121743	-1.06476673573134	0.981976053762325
147000	148000	-2.12495946617828	-1.62622918134902	0.754876050511204
148000	149000	-1.61700906796461	-1.46614088292395	0.408905571512661
149000	150000	-1.56841281271548	-2.10159801386728	0.394351451919627
150000	151000	-1.05594096024239	-1.85471362222931	0.31808171866751
151000	152000	-1.06354340680239	-2.10626556165476	0.844181450789635
152000	153000	-0.880550269157743	-1.55116501348868	1.00203635306096
153000	154000	-1.29320865091492	-1.72683392090765	1.34765727958163
154000	155000	-1.0903777444699	-1.39712981557121	1.77082284114469
155000	156000	-1.67138148682141	-1.29985046579704	1.79527549267855
156000	157000	-2.20019556194355	-1.48599594808762	1.64505377982637
157000	158000	-2.66241872809234	-1.10087738523964	1.87851710477592
158000	159000	-2.83214708329337	-1.36236963332903	1.42996257940605
159000	160000	-2.94492247959523	-0.820511275817225	1.22523970051585
160000	161000	-2.91296001482343	-1.29765043819419	0.801721485290841
161000	162000	-2.66175462804572	-1.0079180251871	0.407155937664415
162000	163000	-3.03350022220685	-1.16698480536679	0.000357653211872999
163000	164000	-2.96115561977947	-0.756233339318287	-0.345418977131701
164000	165000	-2.93981612559918	-1.10398861926724	-0.703115130797983
165000	166000	-3.08708766547991	-0.853985776218089	-1.12846899204824
166000	167000	-2.75426744728097	-1.20108285188891	-1.34612334153004
167000	168000	-2.91593876014355	-1.29908938804457	-1.85398277613478
168000	169000	-2.39133750017586	-1.30479733204985	-2.00651976824485
169000	170000	-2.6252757133088	-1.39594381081797	-2.47793400304712
170000	171000	-2.24304132802154	-1.05210285447286	-2.67332975781863
171000	172000	-1.96931958682016	-1.54634338946351	-2.79296372386886
172000	173000	-1.59481196515871	-1.26452688712452	-2.65655803956159
173000	174000	-1.29822041954741	-1.6627357600708	-2.70355937977604
174000	175000	-1.03320644521859	-1.2845314498033	-2.39937601152607
175000	176000	-0.849849390836354	-1.70702454205329	-2.13063310313079
176000	177000	-0.785635239761816	-1.63901609898615	-1.62785689162747
177000	178000	-0.461705950929851	-1.74706513197537	-1.15933823806175
178000	179000	-0.773391937109737	-1.89473377634685	-0.647923440741772
179000	180000	-0.746719878491286	-2.34231043624878	-0.99914171033609
180000	181000	-1.22835418443888	-2.48483232448813	-0.717267602159261
181000	182000	-1.35637814600941	-2.30544720205095	-1.27195605463268
182000	183000	-1.85044911057846	-2.56659648035072	-1.2863649069246
183000	184000	-2.05442740088152	-2.08445411572984	-1.56734269853886
184000	185000	-2.59468801360847	-2.00018471606452	-1.70148348675556
185000	186000	-2.45869120239698	-2.06654589171539	-2.24912929960943
186000	187000	-3.0136797706344	-2.05548537336609	-2.19855606910098
187000	188000	-2.92941430673415	-2.6440876822846	-2.30143641757191
188000	189000	-3.30704989655374	-2.60473392654967	-1.8812711164437
189000	190000	-3.19490830041715	-3.11949306820642	-1.82562078914438
190000	191000	-3.66325021808861	-3.00190328468659	-1.60286446996046
191000	192000	-3.39724509601363	-3.33956300641078	-1.27563670371305
192000	193000	-3.33652159828418	-2.83837169299752	-1.12111156572757
193000	194000	-2.81187010680126	-2.99321969147621	-0.982914487093225
194000	195000	-2.78331080333367	-2.44722502753211	-0.938457277379893
195000	196000	-2.30025002652008	-2.37331360326948	-0.696635251285544
196000	197000	-1.95483657883128	-1.96578099735384	-0.903227920452638
197000	198000	-1.49442633097762	-1.53310967966148	-0.829740166599408
198000	199000	-1.08242082361365	-1.16353351143641	-1.09932949462784
199000	2e+05	-0.735001882014144	-1.12097506902359	-0.65629677196792
2e+05	201000	-0.5606844746561	-0.617334856398019	-0.896265887465128
201000	202000	-0.156229921125179	-0.59482026742153	-0.431347468601797
