0	1000	-0.373104109415709	0.823718345557383	0.848816505039263
1000	2000	-0.147924867879606	1.51309021169427	1.08585057118469
2000	3000	0.263213319386451	1.48858234832629	0.369627398031346
3000	4000	0.873137691884669	1.843279767933	0.745310249497947
4000	5000	1.44576550225481	2.28375560623337	0.403991442092432
5000	6000	1.71638753843076	1.70246382770427	0.728416281547874
6000	7000	2.18791322468187	1.96976224886112	0.292705274769374
7000	8000	2.05354159853387	1.34709602127806	0.0866019597244107
8000	9000	2.73892891360598	1.41619027426845	-0.0353195842749887
9000	10000	2.42298304273997	0.67052412905335	-0.315316221447668
10000	11000	3.10752054480285	0.745834846666715	-0.392842185494301
11000	12000	3.54325920451546	0.250364256812082	-0.429928349173205
12000	13000	3.3719668508987	0.149358247174187	0.214383908055399
13000	14000	3.85758368983647	-0.166767011181424	0.479912620157047
14000	15000	3.71092912227728	0.244605319947793	0.932777584810787
15000	16000	3.7190616403296	-0.318040255989576	1.23554140850919
16000	17000	3.47315995867821	0.0922562895446918	1.59121351408355
17000	18000	2.98535552495019	-0.221945959491782	1.56597076807086
18000	19000	2.85740505062998	-0.0787474944473957	2.15415662162536
19000	20000	2.33007939817864	0.114172592279183	1.88942042433284
20000	21000	2.01263087390623	0.102093918981136	2.43551482244575
21000	22000	1.69015115204673	0.585416896354115	2.19398171107335
22000	23000	1.18943796442102	0.590321156372757	2.58607390595986
23000	24000	1.05183795426618	0.193440166383805	2.08767351680189
24000	25000	0.85215223356671	0.750240876429713	1.86069175886092
25000	26000	1.25604367167127	0.707103816578063	1.34489317929929
26000	27000	0.69260762266012	0.477519883421204	1.06720199004052
27000	28000	0.949194055770855	0.478355750787517	0.438871980563681
28000	29000	1.01911712852783	-0.127737136857148	0.614640090095731
29000	30000	1.61609783104793	-0.129867755640804	0.771552999236321
30000	31000	1.47958554225919	-0.559047308101255	1.31392458712426
31000	32000	1.8091337661696	-1.00622932469108	0.93461577835752
32000	33000	1.43191473580705	-1.52395507920247	1.25309388252093
33000	34000	1.0480894468426	-2.1168739219613	0.939762594457023
34000	35000	0.916115678760251	-2.63110285308166	1.42905470571956
35000	36000	0.425678985733343	-3.10648800589782	1.51145089951791
36000	37000	0.0172702809556589	-3.57439486305573	1.27535401017711
37000	38000	-0.566441724392932	-3.29646415102009	1.10683827283278
38000	39000	-0.975571801047947	-3.8662862070631	0.990400358960872
39000	40000	-1.07448349303699	-3.49849307995676	1.57256950024076
40000	41000	-0.584889511863137	-3.45388258201484	1.96767120874007
41000	42000	-1.10858311863464	-3.12456572857646	2.27579789146969
42000	43000	-0.724530687171017	-2.63249943295573	2.44176091448108
43000	44000	-1.32372799761744	-2.37616427730669	2.48991665174474
44000	45000	-1.09865822252321	-1.82009644700842	2.76675632767607
45000	46000	-1.33324538986047	-1.13852567122334	2.72762486654674
46000	47000	-1.86357801178293	-0.711545591218588	2.41841141610428
47000	48000	-1.45826650564834	-0.0767176265278229	2.5343685870353
48000	49000	-1.85832708243033	0.291346466894237	2.09169359659193
49000	50000	-1.77849236436456	1.0388586969619	2.05070077397661
50000	51000	-1.3595862238548	1.49103948750922	1.56158296251838
51000	52000	-1.26212188157842	2.01446503534931	1.02354880801771
52000	53000	-0.830910083468384	2.60541631289707	0.990321869398313
53000	54000	-1.37053431526368	2.82747488545608	0.583298332837926
54000	55000	-1.08719338798952	3.34119946187006	0.372510432893587
55000	56000	-1.62629902257848	3.49493087499692	0.199948226422048
56000	57000	-1.26417427482368	3.78769043915423	-0.1898666943752
57000	58000	-1.81089176320038	4.05123339510272	-0.423826601636272
58000	59000	-1.37634807919389	4.12364681056473	-0.874602647274556
59000	60000	-1.83627122333542	4.25434213115018	-1.20339116915484
60000	61000	-1.28104225308481	4.17290532903135	-1.58447229331733
61000	62000	-1.58718293687779	3.6316517880274	-1.43156172708218
62000	63000	-1.62043249711958	3.38119862762814	-2.02894780127071
63000	64000	-1.43931938091763	2.92263992828053	-1.58816604141602
64000	65000	-1.42051953161194	2.33215070041288	-1.84389298387414
65000	66000	-0.970445501711106	2.28950246038302	-1.35974064195787
66000	67000	-1.43743208686115	1.84307012817971	-1.1393350812704
67000	68000	-1.35392153700787	1.78199546906113	-0.351288079212242
68000	69000	-1.70467438633093	1.60267696438813	0.27882327307865
69000	70000	-1.29766661268909	1.16464584320494	0.741727490125995
70000	71000	-1.48996091117371	0.676684229364417	1.29684818420516
71000	72000	-1.00876678246407	0.411848347976225	1.85928916679659
72000	73000	-0.977159475223578	-0.382596621563966	1.91196938829552
73000	74000	-0.628448139487778	-0.922595551123776	1.44581681645481
74000	75000	-0.561754782286002	-1.17596741769202	0.813736515460252
75000	76000	-0.389071921600246	-1.43140233527978	0.259683591132047
76000	77000	-0.258938555567393	-1.36649375718042	-0.326124373638989
77000	78000	-0.388468423079892	-1.8938582780487	-0.69123624810855
78000	79000	-0.245325979391767	-1.44836089239343	-1.12810829925656
79000	80000	-0.252284650363753	-1.80304243690631	-1.65408190611914
80000	81000	-0.177997438041084	-1.21351898121013	-1.82006456159742
81000	82000	-0.0500194098308823	-1.47142963835361	-2.38508501416042
82000	83000	0.332741721917573	-0.969811904636464	-2.29137994646992
83000	84000	0.612595026409243	-0.989137787764141	-2.84047627950179
84000	85000	1.04502919890314	-0.66538418254891	-2.55398153832799
85000	86000	1.73528798480773	-0.547208977847169	-2.45551161970255
86000	87000	2.31699372382814	-0.387474062602604	-2.09468677301299
87000	88000	2.66270679510307	-0.726965092481119	-1.63084275240156
88000	89000	3.18337936660946	-0.279315210102681	-1.58617580812987
89000	90000	2.68496150805263	0.126054219448343	-1.28034897342212
90000	91000	3.24002503922105	0.618010282884861	-1.39335000716513
91000	92000	2.65173395464834	0.91847816574598	-1.18766843034448
92000	93000	3.09426031471493	1.37243559984891	-0.936000905794082
93000	94000	2.38059139653698	1.42893113740993	-0.716185823517418
94000	95000	1.7760863789667	2.01874606790503	-0.525899471249644
95000	96000	1.18553897509562	1.67565137830344	-0.119297512025406
96000	97000	0.747243851902371	2.22912219699844	0.00447916723169519
97000	98000	0.172180598747495	2.38690653186905	0.536787520989173
98000	99000	-0.452180398569411	1.94311774104651	0.414441087010879
99000	1e+05	-0.267173378978809	2.35391835390676	-0.22102797962689
1e+05	101000	-0.0370743343620564	1.69102050268408	-0.538888524486592
101000	102000	0.419943602568161	1.79416268352569	-1.08693932803126
102000	103000	0.577520601493717	1.23834713970534	-1.41044032441911
103000	104000	0.627791103199806	0.807060995580907	-1.87945087392211
104000	105000	1.13882050664316	0.564248138095345	-1.49415051301941
105000	106000	0.79201813513125	0.04365892874753	-1.69867901725494
106000	107000	1.29388183936406	-0.165606961913534	-1.44373600672818
107000	108000	1.07970888935503	-0.732295573188499	-1.49519489637959
108000	109000	1.4384468123916	-1.20576339449728	-1.69885416725626
109000	110000	1.45733654456262	-1.66321091609412	-2.11940561326958
110000	111000	1.83994964958389	-1.72449380744655	-2.5616722119265
111000	112000	1.55183305268098	-2.02360651929249	-3.01681959881715
112000	113000	1.81080349598027	-1.59319255188072	-3.41736987132843
113000	114000	1.65187397052429	-1.86266716654399	-3.99402216597931
114000	115000	1.25370922838178	-1.3899163618224	-3.89657107947355
115000	116000	1.76056771842216	-1.22234859759388	-4.2000978911287
116000	117000	1.23985185230142	-1.05543217214625	-4.64387297110093
117000	118000	1.58544807764318	-0.489854675732507	-4.41717032083785
118000	119000	1.14696636004853	-0.309705060479064	-4.85680460224937
119000	120000	0.935770451338475	-0.211383124043403	-4.322079890049
120000	121000	0.812515177720448	0.368214993617878	-4.61891425037925
121000	122000	0.514052893524199	0.442427626291698	-4.11904114737576
122000	123000	0.178392776171006	0.904742508350629	-4.37590271044829
123000	124000	0.444401483130985	1.07185355942413	-3.78916029113835
124000	125000	-0.206138033871816	1.05485846336655	-3.67091478354036
125000	126000	-0.0212282854606865	1.52771887523162	-3.33439360589561
126000	127000	-0.518772057947569	1.3234646122832	-3.00776095953409
127000	128000	-0.264509375575084	1.83179902490405	-2.6342580246717
128000	129000	-0.775115371608606	1.61444664598312	-2.18368735500941
129000	130000	-0.228221436573745	1.82665142094226	-1.76305361230356
130000	131000	-0.329483084417999	1.21404259845734	-1.52620982679279
131000	132000	-0.440728265581252	0.592466358590017	-1.55708951705648
132000	133000	-0.423464500080779	0.748807806050753	-0.922889571991167
133000	134000	-0.158475248899748	0.162392817300165	-0.962225170287547
134000	135000	0.130029792983354	0.373324503339809	-0.408926665820841
135000	136000	0.24228736701021	0.112444111739448	0.164618651999352
136000	137000	-0.366947530828061	-0.178701019235654	0.0692765730544101
137000	138000	-0.812321531226288	0.303208261846726	0.262140041840743
138000	139000	-0.903933316859503	-0.0188741132758651	0.872494658528501
139000	140000	-1.44008293696974	-0.428678996212216	1.15471819776871
140000	141000	-1.66360954031996	-1.03387237188172	1.47560331823142
141000	142000	-1.2776520543341	-1.39597889511226	1.89758874968924
142000	143000	-1.83223519913795	-1.55576559311371	2.25969099939665
143000	144000	-2.03115826379294	-1.57415449062367	2.91263819276557
144000	145000	-1.69022196708162	-1.51625455561332	3.51399787238066
145000	146000	-2.31244919243756	-1.51431089392298	3.65169923621482
146000	147000	-2.07627526787278	-0.963055523162849	3.86426151490543
147000	148000	-2.65994744283201	-0.859910415259009	3.62708431428725
148000	149000	-2.42850761425941	-0.230132131600313	3.76574282557626
149000	150000	-3.14555037024359	-0.232654956965905	3.83290838112059
150000	151000	-3.00895491620166	-0.0683633005331726	3.2306979467367
151000	152000	-3.37102095304505	0.413062312495097	3.45099045915262
152000	153000	-2.83581732570468	0.732657293300813	3.18238769737047
153000	154000	-3.32797972698622	0.772766495553195	2.77740278457768
154000	155000	-3.09334667866221	1.33316731728995	2.62861248042321
155000	156000	-3.10367563222213	0.959760559338563	2.09416470268834
156000	157000	-2.89637616911476	1.36608913713385	1.68643715315478
157000	158000	-2.9895112084655	0.927945277852797	1.23634136741643
158000	159000	-2.89857818475195	1.3635586063496	0.820483573939069
159000	160000	-3.20209207505081	1.03885645875708	0.321292853000609
160000	161000	-2.74984288766876	1.5137159125383	-0.00228641262976755
161000	162000	-2.97066511561997	1.47267466027315	-0.711983990634938
162000	163000	-3.12719494366933	2.16060239816471	-0.699488457075621
163000	164000	-3.09307729132245	1.92578945887033	-1.39190514278836
164000	165000	-2.57640216215577	2.31766816488234	-1.22702957993476
165000	166000	-2.35719677911901	1.64744627532656	-1.27496233917132
166000	167000	-2.26917599959229	1.94483545337065	-0.498804820372678
167000	168000	-2.15299038232003	1.19377571234721	-0.48552909861179
168000	169000	-2.18253331317838	0.816085302435485	0.156232172919093
169000	170000	-1.63770410503854	0.456756656733753	-0.226243849461579
170000	171000	-1.72442802871877	-0.0869005198597095	0.183288547677913
171000	172000	-1.2671930710136	-0.343310930460274	-0.247351647163919
172000	173000	-1.54558563561183	-0.865803568965612	-0.0443521025114143
173000	174000	-2.00123590919495	-1.25005389976619	0.1563122412648
174000	175000	-1.71979964990729	-1.78235708539231	-0.0928739492206221
175000	176000	-2.07610972194717	-1.97742427106937	0.394479363712207
176000	177000	-1.62818569953691	-2.36604875654227	0.383891356243508
177000	178000	-1.90570060101644	-2.69188885722621	0.874674570794821
178000	179000	-1.25623902434021	-2.83408577735961	0.925079653294425
179000	180000	-1.42778006084024	-2.7740743232996	1.54862481564498
180000	181000	-0.946965304096816	-2.26561777210644	1.51598707015257
181000	182000	-0.296895373648562	-2.57082977063839	1.65204107309571
182000	183000	0.154431329830959	-2.41631267093036	1.13361467066141
183000	184000	0.414178465815189	-2.8757715963691	0.670465532210111
184000	185000	1.04658626311325	-3.04924894555146	0.573832665439527
185000	186000	0.937728921167458	-2.98171351353437	-0.0552403188558577
186000	187000	1.58863561027328	-2.98810337197994	-0.0781567801685219
187000	188000	1.62923361972681	-2.98950749473419	-0.724692184967801
188000	189000	1.55474239364033	-2.39588486982072	-0.443544873333415
189000	190000	2.19211424182134	-2.29343139712214	-0.319735787061267
190000	191000	1.94641772820259	-1.74737582522793	-0.634021762553611
191000	192000	2.6232148775087	-1.47144564055027	-0.820544198701679
192000	193000	2.4506069570759	-0.717801604952889	-0.846637267272123
193000	194000	3.21872364754622	-0.724773519063344	-0.718718663644601
194000	195000	2.7471127580416	-0.614390360573091	-0.168054602534771
195000	196000	2.76618252197858	-1.33693706987881	-0.0282072152832631
196000	197000	2.04183123442044	-1.36594273476455	0.0341847865837628
197000	198000	1.81314277776925	-1.87156419308434	0.58346485920808
198000	199000	1.15072775720983	-1.41714483517611	0.48490269285559
199000	2e+05	0.738081646477513	-1.14518188168997	1.00389134099502
2e+05	201000	0.309638234638174	-0.550306265606761	1.18112574694424
201000	202000	-0.145160679341469	0.100310037764168	1.21530488069062
