0	1000	2.17439756239873	1.52570243631949	-0.959361259591363
1000	2000	1.85246259054811	1.91254248359341	-1.08572572788278
2000	3000	1.45873368085328	1.85635314674653	-1.43656347905208
3000	4000	1.12741456151186	2.20311947660869	-1.65315560811042
4000	5000	0.712265638235901	2.21571722858847	-1.96686766919881
5000	6000	0.558761990023202	2.6626098991362	-2.08434679179432
6000	7000	0.28837608920654	2.4663572595569	-2.38143783686707
7000	8000	-0.0320754285568377	2.72842223006364	-2.36194048095938
8000	9000	0.186451282205162	2.95812414188289	-2.63860337020548
9000	10000	-0.143080915011204	3.23050216744902	-2.61509707612599
10000	11000	-0.278847434815367	2.99093220719963	-2.82023168053205
11000	12000	-0.12705335820354	3.26196074488643	-3.00655444616547
12000	13000	-0.454128162820025	3.19582548290245	-3.05275682143236
13000	14000	-0.319951844194404	3.26757105994385	-3.36868547918923
14000	15000	-0.54150139030778	3.45746032259572	-3.31784343463565
15000	16000	-0.794959196012295	3.24618133473597	-3.24097850818221
16000	17000	-0.67194452225299	3.23376498314718	-3.53867025390013
17000	18000	-0.954459698257893	3.14982488118607	-3.45979965811976
18000	19000	-0.816126694501267	3.06128135318996	-3.74760283718308
19000	20000	-1.03007756771215	2.78859810453126	-3.56999627348064
20000	21000	-0.897825008496384	2.76864659503045	-3.20382587220164
21000	22000	-0.62198028497047	2.67116028710466	-3.55642517379397
22000	23000	-0.464514752610273	2.6623613831375	-3.16229492046814
23000	24000	-0.231167172744219	2.77954560366853	-3.48416571255599
24000	25000	-0.0222323631451418	2.60403457663946	-3.15935654619925
25000	26000	0.212673254819152	2.85039079280323	-3.3553442324934
26000	27000	0.203576387843468	2.80114319955988	-3.697271819694
27000	28000	0.456020381391361	2.65215762603425	-3.58529185195364
28000	29000	0.260953795238415	2.44176495437096	-3.50933271375499
29000	30000	0.28154188201955	2.4183977148862	-3.80398126458325
30000	31000	0.294159462575112	2.18162530035859	-3.67162561652672
31000	32000	0.00939399894988832	2.28924962999151	-3.81634494351753
32000	33000	0.0094546183627777	2.16387410331502	-3.52426317320702
33000	34000	-0.245632692724594	2.08795944562513	-3.70405696962076
34000	35000	-0.187781709346252	2.0677205216553	-3.28264760276943
35000	36000	-0.526867678582376	2.09010082144095	-3.43366336493778
36000	37000	-0.518080501878057	1.92317602325375	-3.13990358741017
37000	38000	-0.674401168057737	2.18134000438912	-2.88374523715884
38000	39000	-1.0722808715827	2.01209512591321	-3.01943611683099
39000	40000	-1.03144537102953	2.20041091561563	-2.53844233072724
40000	41000	-1.29370161168093	1.86797783596917	-2.48969746352961
41000	42000	-1.50336784326743	2.03511960035742	-2.08957959252563
42000	43000	-1.76970115616164	1.73383409146799	-1.93276985346147
43000	44000	-2.02584528256486	1.83207727657897	-1.50428359438139
44000	45000	-2.38124046038126	1.46017878790155	-1.48502444616162
45000	46000	-2.62693196215809	1.63964771158165	-1.04913581510759
46000	47000	-2.78037173773157	1.18571277356111	-0.915242155293982
47000	48000	-3.24430413620112	1.31586804593345	-1.07213882476245
48000	49000	-3.31008783036138	1.04364130937648	-0.671423868800248
49000	50000	-3.64192695639698	0.895332214875611	-0.951448728353234
50000	51000	-3.9459789667259	1.18811457701744	-0.905562525566034
51000	52000	-3.96265022241668	0.857535487770509	-0.593180335086152
52000	53000	-4.25804486492939	0.830010914557957	-0.797759845964139
53000	54000	-4.39170415431353	1.11731818845349	-0.65842060987051
54000	55000	-4.32477546278347	0.890071205410706	-0.449143515558101
55000	56000	-4.61008937829406	0.991987378515531	-0.484092023733394
56000	57000	-4.53588990109353	0.856619537953807	-0.224833386014055
57000	58000	-4.70692800769118	1.08396864558297	-0.17705821892692
58000	59000	-4.44609170593662	1.06672852388521	-0.106982243474715
59000	60000	-4.57317271168542	1.36885491108057	-0.252516994195665
60000	61000	-4.51030328347264	1.38376052704404	0.136195268503812
61000	62000	-4.180371784883	1.43257489603043	-0.139979609951556
62000	63000	-3.84097635051063	1.23649091378606	-0.17878315550953
63000	64000	-4.01357231830972	1.64627766922587	-0.52109992897268
64000	65000	-3.55101724337384	1.61421199539957	-0.39208809512746
65000	66000	-3.70193876640234	1.86694647008151	-0.759804923124774
66000	67000	-3.96685704611628	2.16746472075372	-0.709274936312243
67000	68000	-3.41795866762727	2.16302371588467	-0.471535487047478
68000	69000	-3.69664458395713	2.36743779958236	-0.483308937411716
69000	70000	-3.5408785065749	2.37769443805	-0.174391333765476
70000	71000	-3.94046283413426	2.3722246919864	-0.185568791306668
71000	72000	-3.73204452810482	2.33881199175533	0.154066689356557
72000	73000	-3.98957682838736	2.09281955182785	0.0754899696033649
73000	74000	-3.64638584560292	1.98872509264766	0.193404750691788
74000	75000	-3.93801121241559	1.82851729868775	0.384919651444832
75000	76000	-3.62807352258981	1.577712252782	0.281084540473401
76000	77000	-3.86969141007354	1.45298793409174	0.562478550075777
77000	78000	-3.46442151952003	1.43048533878945	0.665438247191213
78000	79000	-3.63587162734564	0.97778715036937	0.540207742046356
79000	80000	-3.17876374247091	0.98569187076196	0.630450509739912
80000	81000	-3.26349360679081	0.462107398876991	0.581251081565554
81000	82000	-3.0497207166694	0.503153431611455	1.06152090970068
82000	83000	-2.8621024508986	0.0459147321073997	0.989142070600873
83000	84000	-2.6955639624084	-0.0956884528363341	1.4711170767476
84000	85000	-2.501756877274	-0.598177246591237	1.63365241445211
85000	86000	-2.39317833086164	-0.650599552465814	2.15309287184133
86000	87000	-2.03179469946511	-1.06230928630661	2.08869049958228
87000	88000	-2.16458782720729	-1.04524828241815	2.56598342540108
88000	89000	-1.68046399117596	-1.09964846317935	2.64537883539551
89000	90000	-1.89611807046856	-1.29001295623191	2.88406227530391
90000	91000	-1.8794009759262	-1.1105391473118	3.22141145420606
91000	92000	-1.5650436372463	-1.36948843116536	3.17483795597359
92000	93000	-1.65445230232335	-1.32206076589977	3.56310605348505
93000	94000	-1.6273284792898	-1.61506878475429	3.50342280940381
94000	95000	-1.48252275750441	-1.6310440941077	3.83559926037623
95000	96000	-1.2643831476444	-1.58201193599722	3.55904559227641
96000	97000	-1.32545078736374	-1.86839647974514	3.59830422042297
97000	98000	-1.07277482132397	-1.89263968284491	3.60139190458069
98000	99000	-1.08408254822384	-1.81126992673876	3.28255586979683
99000	1e+05	-1.15082002847478	-2.22189853936147	3.358522846299
1e+05	101000	-1.27360458508637	-2.01547095064812	3.0034825979278
101000	102000	-1.54195689378236	-2.28553412114503	3.16703997352927
102000	103000	-1.67469153000249	-1.881606239827	2.83378486015503
103000	104000	-1.95178339269262	-1.92342716667611	3.11149755493606
104000	105000	-2.10299924930309	-2.12875903183652	3.56486514789013
105000	106000	-2.36294514473077	-1.68280180560247	3.09894477550508
106000	107000	-2.43954237561307	-1.78903056894682	3.46886476339087
107000	108000	-2.70961955564656	-1.77868209708077	3.24878199166086
108000	109000	-2.71864306341472	-2.09065565901011	3.38987333052583
109000	110000	-2.73373675581624	-2.02710278647032	3.10487362376095
110000	111000	-2.55078695467217	-2.30120444557809	3.19159270437691
111000	112000	-2.74752738409259	-2.37989146301424	2.9780841362338
112000	113000	-2.51910862472505	-2.22720203910396	2.76978308828548
113000	114000	-2.42375098829754	-2.52769610473499	2.76003643300547
114000	115000	-2.13328601813281	-2.48387208995726	2.92235043009873
115000	116000	-2.11077483860119	-2.29822619323891	2.56161931086821
116000	117000	-1.79569334370462	-2.63574927348591	2.65431339941074
117000	118000	-1.81333632396717	-2.40523778310012	2.26351997889435
118000	119000	-1.53409426563599	-2.03643774448532	2.20872697159101
119000	120000	-1.23531283468277	-2.43223708254546	2.28783449247913
120000	121000	-0.92353573232043	-2.03672460115068	2.10772608769
121000	122000	-0.772215078336606	-2.37406904467971	1.87558834456254
122000	123000	-0.261873177290788	-2.37293126671249	1.87662479269496
123000	124000	-0.0194025734197685	-2.59185782507916	1.44807359079228
124000	125000	0.421601553082776	-2.79091595109298	1.33360548224778
125000	126000	0.809113054935839	-2.80913116426678	1.01059379940577
126000	127000	0.938842434577939	-3.24091937576663	0.887549003976175
127000	128000	1.35995245762324	-3.03337162203268	0.758559375687197
128000	129000	1.26099092219877	-3.36561452658292	0.401721771784997
129000	130000	1.60236402613415	-3.05887478944958	0.285590087596525
130000	131000	1.65641594494973	-3.43235364279064	0.07486327637922
131000	132000	1.87679107333145	-3.15767629490817	-0.0879769601938917
132000	133000	1.79688390301167	-3.41530933640362	-0.345143031904539
133000	134000	2.00644282471546	-3.70823272302516	-0.328884985204166
134000	135000	2.17151111488117	-3.34034009053164	-0.367093611920074
135000	136000	2.21604571510041	-3.66436996999997	-0.599855687454195
136000	137000	2.41507696450913	-3.37637436044141	-0.664274715489548
137000	138000	2.57342090534972	-3.66987557972029	-0.544062919768425
138000	139000	2.72024006958496	-3.38238548291696	-0.594549865976004
139000	140000	2.89970963151138	-3.59462809927232	-0.434387368152324
140000	141000	2.78486650139249	-3.19123936383941	-0.334944506731888
141000	142000	2.90729282710794	-3.43114732342396	-0.0641752037187975
142000	143000	2.64826636832013	-3.75626777600375	-0.0165424832574678
143000	144000	2.47125778255099	-3.37956465537623	0.125733838291341
144000	145000	2.2337655685631	-3.40158644686186	0.45346862515554
145000	146000	2.09338570503055	-3.82965086095153	0.308309693289627
146000	147000	2.00169683127354	-3.66696294134241	0.801998051505322
147000	148000	1.8654652992145	-3.99382050197377	0.648813152164057
148000	149000	2.06114467006126	-4.34445875385762	0.592563144843541
149000	150000	2.17048156053488	-4.15841313439499	0.909170773455544
150000	151000	2.3637008830996	-4.1560371007655	0.645500678482318
151000	152000	2.52023892480936	-4.00630968249575	0.89222794916486
152000	153000	2.73799531673146	-4.13472335881396	0.638313709420985
153000	154000	2.6513847012254	-3.82604387511255	0.607201317317941
154000	155000	2.97128134716668	-3.80285393321159	0.711652726351224
155000	156000	2.72663109964115	-3.48385663284761	0.816737446924929
156000	157000	3.00834713603355	-3.365503196209	0.559579671835567
157000	158000	2.78903863065897	-3.05999719614843	0.762040724213933
158000	159000	2.67710701918691	-2.86205839163912	0.46162202012981
159000	160000	3.1308669583358	-2.6601948971241	0.446495985911208
160000	161000	2.70515453225419	-2.34733049540086	0.442538323461365
161000	162000	2.993117950871	-2.05094766375483	0.200010454345053
162000	163000	2.96271192764288	-1.62871795354626	0.450200145444497
163000	164000	3.18549184401291	-1.26387022565745	0.266283805861924
164000	165000	3.11389038181046	-0.762947160412125	0.409983182197587
165000	166000	3.45428450336803	-0.526549212783749	0.261631795777485
166000	167000	3.30112720224069	-0.102348306649114	0.457156687665725
167000	168000	3.47977861515304	0.0620368410826756	0.119857437312292
168000	169000	3.69310100990198	0.215065390372332	0.488824961122651
169000	170000	3.62507828615433	0.485111096408504	0.202779332066483
170000	171000	4.00379192821857	0.411110829313856	0.0729071705760936
171000	172000	4.05716133373218	0.665815190409351	0.382514042345358
172000	173000	3.9878744862636	0.787612904393256	0.103262757486158
173000	174000	4.30149437513825	0.89561319034764	0.262277570436838
174000	175000	4.32403504175119	0.864198735157665	-0.0883213378439428
175000	176000	4.33667656703532	1.17916671478024	0.0608023378524736
176000	177000	4.17345331245185	1.16009678354543	-0.222112129776301
177000	178000	4.35611883598458	1.42959266665994	-0.174553130693534
178000	179000	4.17421175467654	1.39457481616052	-0.435768620554059
179000	180000	3.91089244323572	1.26959004834162	-0.440817254227605
180000	181000	3.90026757420954	1.64685040671029	-0.33749160051575
181000	182000	3.63679807339403	1.35052738417991	-0.239124959473366
182000	183000	3.84464357052824	1.54718081318365	0.059758083749478
183000	184000	3.44418119332805	1.15598732456553	0.0725543014464723
184000	185000	3.67717193874047	1.24279542714391	0.377793636095218
185000	186000	3.35228278169097	1.06983845218927	0.599672148867422
186000	187000	3.84710255253738	1.13841292175906	0.756585096989582
187000	188000	3.65926496511145	1.06409251590145	1.05664172948441
188000	189000	3.49311430686106	1.33621406969733	0.948229535549908
189000	190000	3.83195663585213	1.44996695580064	1.01757167327499
190000	191000	3.63251454880352	1.63340216534931	1.00670754138062
191000	192000	3.84137335235564	1.6805265527701	0.80595403850991
192000	193000	3.53709322542631	1.75919476881098	0.766020209382989
193000	194000	3.73472932165761	1.86865194278924	0.568167883733941
194000	195000	3.40030816752807	1.68636730089178	0.483709668378098
195000	196000	3.47737338372694	1.90016374794681	0.249521330122559
196000	197000	3.18249991778447	1.64584778950639	0.200008819984948
197000	198000	3.11643796919581	1.92459564193754	0.0324260149852586
198000	199000	3.0835256651048	1.67405809874139	-0.278674125910914
199000	2e+05	2.75468198673248	1.50430285949769	-0.173494706504072
2e+05	201000	2.77254085580807	1.45997466656529	-0.610743623412411
201000	202000	2.44473924407664	1.81431997993184	-0.563211937234486
