0	1000	2.64039920810899	-1.93452736020687	-0.964420633284429
1000	2000	2.6927173879709	-1.45547447879327	-0.932000568017924
2000	3000	2.90156026466655	-1.41687148411064	-0.522133712869346
3000	4000	3.07895683859722	-1.00957233845951	-0.517505968012249
4000	5000	3.15377484772412	-0.979045751946749	-0.0618071620341073
5000	6000	3.47102197534722	-0.679642478328795	-0.123630350940585
6000	7000	3.3497281206285	-0.60726762346269	0.293166095643491
7000	8000	3.71500390359095	-0.452586658204292	0.185362837820925
8000	9000	3.73869859982491	-0.572259820278883	0.579140878301769
9000	10000	4.10567198538274	-0.509433903101809	0.421207307619835
10000	11000	4.01516482677565	-0.286351436951875	0.700632715286071
11000	12000	4.20593416849326	-0.446351282977255	0.878574188603997
12000	13000	4.40265780270036	-0.13848107022888	0.788010604781663
13000	14000	4.5318460738354	-0.288060877645363	1.03370689414022
14000	15000	4.59379254884965	0.01885522138038	1.0222595732497
15000	16000	4.61485921096841	-0.146936614848463	1.27985912649935
16000	17000	4.47709819659279	0.143906823069034	1.30140169405696
17000	18000	4.37697295098528	-0.126146756642862	1.50165715833002
18000	19000	4.27772255566182	0.21707089339013	1.60501527473811
19000	20000	3.97553652754838	-0.163390364309247	1.45751719389291
20000	21000	3.87741108061811	0.20272155690454	1.4035549215752
21000	22000	3.97018343919239	0.268214675266325	1.02734950638173
22000	23000	3.63513783696487	0.0294516990979365	1.02146125317235
23000	24000	3.58809721652425	0.179396372458646	0.621290570467156
24000	25000	3.93620209173611	0.263404048706556	0.471956300132521
25000	26000	4.2333038454772	0.446163789967638	0.225815941984942
26000	27000	3.75818760906408	0.478254205928736	0.0716087434351417
27000	28000	4.01214522210457	0.758438519368958	0.0642350340654839
28000	29000	3.73250614002708	0.799983147763355	0.228132013462091
29000	30000	3.96641928768408	1.00792971429664	0.300638137741625
30000	31000	4.12909008751126	0.915462829551585	0.543963532677743
31000	32000	3.79978371666422	1.04218232934954	0.594619427350658
32000	33000	3.7242756839356	0.727090368051823	0.736952526798808
33000	34000	3.88192675258877	0.900443432830407	1.01150428516721
34000	35000	3.51613888630531	0.899648647413249	0.981132530401714
35000	36000	3.29674099509193	0.645043226359449	0.854253777048588
36000	37000	3.33666274676856	0.638876836327598	1.27532369298387
37000	38000	2.95406943058123	0.462001661277366	1.09119624850055
38000	39000	3.00617795025187	0.453293147174052	1.60176062142031
39000	40000	2.64649263210931	0.134754451469856	1.34497599281097
40000	41000	2.38169640490731	0.460434636076535	1.6510848327934
41000	42000	2.05847863110373	0.0874826322939248	1.70333035463195
42000	43000	1.81240526352817	0.281824009152791	2.08316549697823
43000	44000	1.29639564378991	0.314948064890435	2.07990965415882
44000	45000	1.18408360236785	0.0866947909806468	2.57112254829274
45000	46000	0.749274705615338	0.423284379224524	2.59715553684924
46000	47000	0.662862020763118	-0.0302254823383122	2.91575132132658
47000	48000	0.242292513087233	0.253128829094072	2.86384188065047
48000	49000	0.311092819094156	0.198517772292935	3.27654264458892
49000	50000	0.0792387834848158	-0.114114516203514	3.38545287078724
50000	51000	-0.127563397520675	0.218011682292863	3.36743599150939
51000	52000	-0.0636476492033919	0.143134018409725	3.73887794427629
52000	53000	-0.405182818389334	-0.0146774324758119	3.7435294786064
53000	54000	-0.372501074205161	0.23546961475688	4.03196794251819
54000	55000	-0.528787276977658	0.335560774039424	3.73476181357983
55000	56000	-0.724188550114521	0.328499553128455	4.02610636234174
56000	57000	-0.872363782568787	0.471116745073024	3.6822704273359
57000	58000	-0.949679924188896	0.686982099284588	3.96897947773854
58000	59000	-0.733073283127173	0.821593458713447	3.72051092035511
59000	60000	-0.579340580236925	0.835430906285503	4.11204128588718
60000	61000	-0.454515197548426	1.18178974016436	3.97459725657098
61000	62000	-0.211333558192896	0.879134878883541	3.69659281741347
62000	63000	-0.0872666794225039	0.849427431505429	4.28277606949416
63000	64000	0.210574471688595	0.647036170551722	3.73102790725921
64000	65000	0.237159120078968	0.473038218927302	4.21658174139552
65000	66000	0.577723474559697	0.351291397941925	3.95098198568992
66000	67000	0.680724618726266	0.394211335590651	4.34424280096447
67000	68000	0.896745656750943	0.539871556464857	4.04387483066482
68000	69000	0.963399376089723	0.666706858684177	4.25789846948371
69000	70000	0.723528986561138	0.816514964210588	4.37391110717224
70000	71000	0.933226419172788	0.994676096806385	4.21331955296862
71000	72000	0.848799771171805	0.9581566286219	3.96293842879257
72000	73000	0.58531052937988	1.08785125532245	4.14654083127302
73000	74000	0.720114216578747	1.31376390866172	3.9710583013899
74000	75000	0.577692653357898	1.12627772600088	3.71285439444115
75000	76000	0.301189710983533	1.33428619657108	3.81230422798856
76000	77000	0.389768378176857	1.3480734867941	3.45765649932458
77000	78000	0.0915424963554264	1.66463818408831	3.55468625347589
78000	79000	0.0212316447934198	1.34005421007451	3.12355944926234
79000	80000	-0.344832904338951	1.63902072505799	3.12983500833225
80000	81000	-0.521420748006461	1.30907801813165	2.71942083218744
81000	82000	-0.927226071454089	1.65551005041884	2.6641111140837
82000	83000	-1.22827847926125	1.4300154683277	2.18033199420117
83000	84000	-1.49639469167341	1.92738939878711	1.97997448229763
84000	85000	-1.86794210924281	1.71634993857093	1.62312643736075
85000	86000	-2.1393546235262	2.22600557260383	1.65273684417866
86000	87000	-2.28038978005745	2.16227237324805	1.1017398423345
87000	88000	-2.67715112626151	2.04740379629267	1.29413831783119
88000	89000	-2.72668559743644	2.41029161763019	1.00428172564205
89000	90000	-3.00357150568935	2.54969168210513	1.2696949284861
90000	91000	-3.23947546835644	2.24574983731345	1.17776830732105
91000	92000	-3.41137536437011	2.5379047517989	1.14828335338475
92000	93000	-3.71469821876874	2.62763199543693	1.27620193435697
93000	94000	-3.72365708646412	2.34823785899866	1.09217159212645
94000	95000	-4.0969831221386	2.42152766743078	1.17302605339461
95000	96000	-3.93233924954378	2.09314132977223	1.07190286265257
96000	97000	-4.08320910549012	2.25559669668602	0.868796675301773
97000	98000	-4.17966311703109	1.96247919970804	0.813552810101395
98000	99000	-3.91675108312596	1.90647967600115	0.682444897226958
99000	1e+05	-4.21021650529615	2.12216909541842	0.460226063203826
1e+05	101000	-3.86481527413471	2.26354103893947	0.440407023390666
101000	102000	-3.46785206477876	2.09082322321311	0.549382100185821
102000	103000	-3.27083618424744	2.48068561718775	0.53214331125445
103000	104000	-3.60135085803708	2.76249504395254	0.691717672675127
104000	105000	-3.03796252184625	2.87667936045438	0.547180757610933
105000	106000	-3.20943795463622	3.09791224767018	0.81388120738438
106000	107000	-3.48112595365084	3.25224060615307	0.793636494737179
107000	108000	-3.1558602684604	3.38223356038418	0.586520286402696
108000	109000	-3.44563042572941	3.52800916636395	0.586079147479451
109000	110000	-3.37227351421801	3.39411298239653	0.380299449954778
110000	111000	-3.6499218521327	3.39608925791631	0.38032647237563
111000	112000	-3.53741191531325	3.33070144979234	0.14268742795768
112000	113000	-3.68496735770081	3.09800370634497	0.334971069417091
113000	114000	-3.72686664577418	3.04665045841419	0.0598212800839846
114000	115000	-3.35599864600277	2.92961970266093	0.101113034108049
115000	116000	-3.61917331545901	2.68247230668716	0.0477279149128789
116000	117000	-3.29714202206703	2.69712540703173	-0.198603404155959
117000	118000	-3.56584714412904	2.37604289740682	-0.211714306849599
118000	119000	-3.13454646667141	2.27462495344216	-0.104505308948712
119000	120000	-3.37424975277967	1.95814564246279	-0.14433877418044
120000	121000	-3.16968714848774	1.95749498751985	-0.503782224398454
121000	122000	-3.14654058927362	1.49637295946481	-0.41223736151879
122000	123000	-3.21396424673816	1.36688363342857	-0.848038330916179
123000	124000	-3.00827412353829	0.952485885514997	-0.935031082349475
124000	125000	-3.05310426136244	0.688003467725283	-1.32435503024645
125000	126000	-2.85433189801557	0.364287923916071	-1.49703281870647
126000	127000	-3.08665594983887	0.195161475280369	-1.83072753980944
127000	128000	-2.7291735537317	-0.107269159862478	-1.94673906336369
128000	129000	-3.15990110939435	-0.254015438881468	-2.1590505387888
129000	130000	-2.84084630857558	-0.11927226805442	-2.4295585363813
130000	131000	-2.91506541161763	-0.48802580761328	-2.54175166110294
131000	132000	-3.08800993038251	-0.309194247544025	-2.77829585007748
132000	133000	-3.11468427100147	-0.659328750980322	-2.87256192909104
133000	134000	-3.1822530071741	-0.541795809135501	-3.17677204361475
134000	135000	-2.925999593744	-0.717020988125855	-3.26965340192069
135000	136000	-2.82744110797323	-0.382291151813035	-3.26122327174981
136000	137000	-2.78789246541885	-0.559383648201289	-3.5473183317155
137000	138000	-2.54904964457682	-0.586809284894738	-3.35330070575991
138000	139000	-2.48072838664071	-0.257166455073146	-3.37340743307129
139000	140000	-2.2756357831845	-0.461180320536743	-3.55306716446424
140000	141000	-2.12657431487145	-0.460920715652054	-3.27092751049256
141000	142000	-2.23878444525678	-0.29427977977136	-2.98358520753511
142000	143000	-2.26253640661867	-0.631659732335942	-2.85449154295082
143000	144000	-2.46848328621696	-0.985093794132215	-3.00167195262201
144000	145000	-2.41018403722067	-0.869844605457118	-2.43553637782797
145000	146000	-2.89639596393056	-1.14630193238398	-2.61736667841834
146000	147000	-2.84518184779998	-1.109764936622	-2.20436972692032
147000	148000	-2.64688873069623	-1.39974903207453	-2.04941833641761
148000	149000	-3.06845045832795	-1.54962127873619	-2.15807975111956
149000	150000	-2.79590354040749	-1.7895037147908	-2.13737020160661
150000	151000	-2.93062962952926	-1.68100452353183	-2.45611720819403
151000	152000	-2.62878961228356	-1.83483442776039	-2.44881456036391
152000	153000	-2.7939070421815	-1.7674921627286	-2.80211424005869
153000	154000	-2.49674213382064	-1.54541873042008	-2.63968377737204
154000	155000	-2.46054896291104	-1.60667311519099	-3.07519220896587
155000	156000	-2.13390520056211	-1.65624104991451	-2.82864705092294
156000	157000	-2.00808779670997	-1.34774977211916	-3.03648428684482
157000	158000	-1.81957899248793	-1.40544374966115	-2.55378077403073
158000	159000	-1.7276971205652	-0.997756711624496	-2.63894840808865
159000	160000	-1.45111579612217	-1.20366447715381	-3.02541445286401
160000	161000	-1.24178659752539	-0.989286998913553	-2.60851176596439
161000	162000	-1.09011260664214	-1.47011370555509	-2.58109680722472
162000	163000	-0.657853095725258	-1.23016324887446	-2.78825345820029
163000	164000	-0.379339042209354	-1.65491128877214	-2.6754719961107
164000	165000	0.103250613984938	-1.57970210980347	-2.55283196967785
165000	166000	0.433601922833194	-1.8260278383542	-2.77990624063666
166000	167000	0.776404692694726	-1.93296979919187	-2.46805848411937
167000	168000	1.04839446637002	-1.97210530572652	-2.83802468931788
168000	169000	1.33879564344195	-1.81225050988705	-2.47611471790186
169000	170000	1.55975230891078	-1.97811778901609	-2.77788862066893
170000	171000	1.84389503376176	-2.06656015724705	-3.05546561641925
171000	172000	2.00070505845996	-1.96195067345765	-2.64093401560334
172000	173000	2.18119464002805	-2.26433042011904	-2.85751803016959
173000	174000	2.39863429324948	-2.04076828582608	-2.8316598332823
174000	175000	2.50037104745994	-2.36490950336159	-2.96247026293372
175000	176000	2.67698897154275	-2.14953047938378	-2.7614932672256
176000	177000	2.6031279102805	-2.36035377280339	-2.61223676439817
177000	178000	2.90628834582754	-2.47705393269279	-2.68137587666474
178000	179000	2.86874012490099	-2.23287058616677	-2.39859253954622
179000	180000	2.87043412332142	-2.60661870502422	-2.33543184690688
180000	181000	2.68011376304292	-2.35236336131239	-2.1135490138977
181000	182000	2.60580445643298	-2.7044020478753	-2.08495117427472
182000	183000	2.47992602946837	-2.87915930655156	-2.46231521068039
183000	184000	2.13902090851584	-2.50100413734866	-2.22590347999421
184000	185000	1.76586883406007	-2.41276707999607	-2.23797540398883
185000	186000	1.77835466048568	-2.62820193874298	-2.65898969464756
186000	187000	1.3894137743943	-2.70791064272391	-2.36429613644075
187000	188000	1.33017720404255	-2.86440514733969	-2.79324316955145
188000	189000	1.65025021465763	-3.03213296674125	-2.92042957113369
189000	190000	1.48249409868072	-3.18718974287874	-2.63010273568483
190000	191000	1.84612332745555	-3.19036942039271	-2.67213536220392
191000	192000	1.7684337175058	-3.44592643304089	-2.51328137354766
192000	193000	1.73725489356909	-3.22360786140142	-2.2980441950609
193000	194000	2.03759490128812	-3.33499621040409	-2.33732250747746
194000	195000	2.03364179423526	-3.08560766720741	-2.21027411528494
195000	196000	2.03792367541565	-3.2339812636962	-1.95233074509613
196000	197000	1.92036234275431	-2.93364314218086	-1.88534459183449
197000	198000	2.26057360582911	-3.01171070388295	-1.70193029675321
198000	199000	1.99130790244235	-2.76779904216612	-1.54253899664656
199000	2e+05	2.08190516425232	-2.39604191688849	-1.53949640435222
2e+05	201000	2.39822889616017	-2.41176304833775	-1.29395073765372
201000	202000	2.29106939891279	-1.94158002514383	-1.23781855557712
