0	1000	1.11417080256623	2.3584981225704	0.351145869233387
1000	2000	1.42388566652466	2.04486712045912	0.505109276110829
2000	3000	1.6018807912558	1.87016752954433	0.132043888991201
3000	4000	2.02867206275888	1.70196408553321	0.196338863218755
4000	5000	2.20253657452327	1.40041635514263	-0.12756912495044
5000	6000	2.65981903953208	1.41671324065639	-0.120368627797821
6000	7000	2.71512888228414	1.03218226975642	-0.365248702280826
7000	8000	3.08493383972003	1.21850039788209	-0.461105886696206
8000	9000	3.12763928890236	0.830945348467841	-0.640932543631668
9000	10000	3.28598769457631	1.12095672702672	-0.954571292918969
10000	11000	3.55551349992901	0.830118597237594	-0.842222790563234
11000	12000	3.76927094371576	1.10949807866711	-1.08059087763557
12000	13000	3.86277504875453	0.737174824942197	-1.12296034147264
13000	14000	4.21202498472966	0.942168277025722	-1.19623191722961
14000	15000	4.14833411328222	0.585738922877105	-1.36271893553103
15000	16000	4.52511454058827	0.618785821500172	-1.34970639541327
16000	17000	4.46944555306622	0.456192187952028	-1.05684652683251
17000	18000	4.39423638234514	0.151292856404365	-1.21738946185355
18000	19000	4.67726072846481	0.102485467855127	-0.959741629672637
19000	20000	4.28924142627307	-0.0220867988573374	-0.820704460535495
20000	21000	4.52263860789573	0.186964016060974	-0.504050399190704
21000	22000	4.07604029242425	0.342736514993696	-0.535460748407475
22000	23000	4.44857288045738	0.724915771205827	-0.428025789158578
23000	24000	3.99130857402859	0.815228701212488	-0.338969096531429
24000	25000	3.93793683549822	1.21767874599692	-0.333082837952996
25000	26000	4.35309467950531	1.39051058338059	-0.444041971616531
26000	27000	4.03940806947834	1.70871321076346	-0.305427853184971
27000	28000	4.3933499693515	1.75457962840634	-0.147701279010235
28000	29000	4.16364765481851	1.58030599289193	0.0564064629441661
29000	30000	4.30439174822244	1.75982244942459	0.281718621164306
30000	31000	4.56012058616672	1.48420032636308	0.260224761759464
31000	32000	4.26963798242622	1.37983861824373	0.491515509499907
32000	33000	4.42162156213435	1.07794972316224	0.304823345040414
33000	34000	4.0918478232444	0.974740768398341	0.535693524012426
34000	35000	4.29480955069357	0.643670075734774	0.355498187742326
35000	36000	3.86211947179846	0.618018095171177	0.298033782815941
36000	37000	4.02702524679093	0.231233076560001	0.254405769272691
37000	38000	3.61505369089296	0.219870236256325	0.102051878925454
38000	39000	3.68783020673809	-0.218015201089094	0.251179153642257
39000	40000	3.31675022460951	-0.208045305591115	-0.045783258164817
40000	41000	3.12192103999881	-0.451525703926816	0.219463087562736
41000	42000	2.90446300621231	-0.720742729668082	-0.0354185464289671
42000	43000	2.72112622040018	-0.969090960872343	0.264590769793948
43000	44000	2.50257650933593	-1.27763694818265	0.0523435137827989
44000	45000	2.38933630581564	-1.55411634414235	0.384281310787724
45000	46000	2.1418778008932	-1.88376851877002	0.170480093645971
46000	47000	2.20860449642643	-2.13140570713851	0.606519981251803
47000	48000	1.9283162825824	-2.43516383912912	0.363704144057278
48000	49000	1.86898099985747	-2.70090393348575	0.716673652841339
49000	50000	2.22542857260155	-2.93560774851207	0.929913511805101
50000	51000	1.83364482586901	-3.20956353665202	0.973246742694365
51000	52000	2.17402851547545	-3.49816046676291	0.990851909233692
52000	53000	1.89486451039515	-3.62847777282479	1.29524165940971
53000	54000	2.10615027491952	-3.93728793182369	1.12359335578089
54000	55000	1.75536476020303	-3.94764404627868	1.02693003912562
55000	56000	1.73871071818806	-4.21542046135774	1.20854099608003
56000	57000	1.9082624428629	-4.36657628399107	0.969029035689496
57000	58000	1.54926621351373	-4.47068937478692	0.933052384851515
58000	59000	1.73167616723513	-4.35513152089847	0.658416676950862
59000	60000	1.41211524062982	-4.23147744072585	0.560973654662945
60000	61000	1.74898186810204	-4.39492368535021	0.237316849714537
61000	62000	1.71770852345777	-3.93312738262187	0.303678393387081
62000	63000	1.76674635813652	-3.4739133020558	0.29318139196471
63000	64000	2.21561838044936	-3.74931343206431	0.137149375830734
64000	65000	2.4208083744851	-3.34118553904869	0.264854574664257
65000	66000	2.28456706363301	-3.11416662190579	-0.121630652966778
66000	67000	2.78610589735438	-3.34087203880785	-0.128391271932782
67000	68000	2.64687605964496	-3.11312736725636	-0.509812774766876
68000	69000	2.59011276895897	-3.55451610355294	-0.511918968940397
69000	70000	2.58931294119518	-3.47532661358613	-0.895231656283873
70000	71000	2.21807690137859	-3.3287466087977	-0.838756295139121
71000	72000	2.18027184826429	-3.76973231019148	-0.847356090730221
72000	73000	1.82288869206583	-3.54934186557325	-0.81552333048282
73000	74000	1.81182432052289	-3.88124041189208	-0.541005558774736
74000	75000	1.42621836357213	-3.78966595022393	-0.612456896193758
75000	76000	1.4102911696719	-3.44910025767913	-0.378479137578117
76000	77000	1.10021503190573	-3.69868696945717	-0.204041858377904
77000	78000	0.855779659147775	-3.35580414646726	-0.369876840148817
78000	79000	0.934910556319888	-3.1943784264524	0.0642193513860473
79000	80000	0.519852037634356	-3.33178241012924	0.189606177328986
80000	81000	0.50517950892066	-2.84864628549682	0.278503613940663
81000	82000	0.159114610221688	-2.98348722781652	0.588871773606606
82000	83000	-0.079442597296699	-2.57488246172909	0.500629659723581
83000	84000	-0.481217370597161	-2.67099364380727	0.756912241123183
84000	85000	-0.827756345954168	-2.31081859125654	0.787335925860245
85000	86000	-1.23396925812142	-2.48819817862722	1.0281468944913
86000	87000	-1.49649426019359	-2.04782171335036	1.02091192753218
87000	88000	-1.77407926850817	-2.26902993440295	1.33506502605652
88000	89000	-1.95688499601148	-1.83031978482053	1.39634471075983
89000	90000	-2.06159966901581	-2.07375020835509	1.78741155648671
90000	91000	-2.23662240495309	-1.66515432318302	1.86837624335429
91000	92000	-2.49498070050795	-1.97428144486714	2.06585419477967
92000	93000	-2.62898673013329	-1.61854721058869	2.23040416772801
93000	94000	-2.96172846926027	-1.86896926200513	2.21761306374678
94000	95000	-3.11635118692656	-1.51814678314281	2.43828927613501
95000	96000	-3.38525107370922	-1.68942480427399	2.17426110901706
96000	97000	-3.20771396931285	-1.44893221769986	1.96509025075115
97000	98000	-3.52247895303637	-1.33085322645449	1.92654000120563
98000	99000	-3.52900780280215	-1.60083241058205	1.68799722419611
99000	1e+05	-3.34344507290418	-1.28920212249716	1.44189737195695
1e+05	101000	-3.38102839054027	-1.72537216718862	1.285159584106
101000	102000	-2.89811016673759	-1.68741681082543	1.28045308324579
102000	103000	-3.05818131778648	-2.12607348856881	1.40219110091015
103000	104000	-2.63548056467025	-2.34402796052002	1.31075699783602
104000	105000	-2.8822840757958	-2.5210551204128	1.77444182064416
105000	106000	-2.50656270821421	-2.82447819568216	1.61443586875343
106000	107000	-2.71656393606907	-2.92914644995794	2.02817368047405
107000	108000	-2.65307108586547	-3.24458564604763	1.77127921416329
108000	109000	-2.96277183893353	-3.35749954328457	1.96907770475699
109000	110000	-3.21247062619216	-3.15220870682646	1.80238446338304
110000	111000	-3.07304957589003	-3.31744419773614	1.47761097929639
111000	112000	-3.45168114010303	-3.32682784154057	1.42060332950741
112000	113000	-3.47629518369527	-2.93751557589048	1.37413285751738
113000	114000	-3.28533767628156	-3.01964645388363	1.00699326345975
114000	115000	-3.4753528762118	-2.63847254329182	1.0060242294735
115000	116000	-3.09461818853103	-2.59729457145951	0.81603695443122
116000	117000	-3.34056568043447	-2.30469216577827	0.583907727913802
117000	118000	-2.82653101745392	-2.26983588408712	0.502790493682609
118000	119000	-2.99356794314001	-1.83631133557614	0.48783751077184
119000	120000	-2.55369817561302	-1.74653717325521	0.381433270929072
120000	121000	-2.74232421150497	-1.30909216607333	0.374927325324555
121000	122000	-2.47271843146562	-1.2401752130226	0.0122683051499855
122000	123000	-2.62467894806785	-0.795728578738876	-0.11258904639381
123000	124000	-2.46808908801991	-0.684605767405473	-0.57012590691835
124000	125000	-2.58214946170466	-0.257406044880904	-0.724303649457028
125000	126000	-2.51642722669357	-0.166183004413619	-1.16139928990775
126000	127000	-2.68680758172956	0.248967131079814	-1.19130880938063
127000	128000	-2.72809669257136	0.206049518571735	-1.66640650530378
128000	129000	-2.73645924997167	0.699788541954346	-1.5941792368781
129000	130000	-3.16762089557719	0.645533494932983	-1.8370263564798
130000	131000	-3.03436788830266	1.06085575398969	-1.90986675932509
131000	132000	-3.39330354247001	1.05036991383785	-2.14819249315725
132000	133000	-3.33107932019929	1.45563845320979	-1.98727133556657
133000	134000	-3.68714071970414	1.46617636557495	-2.24330130017268
134000	135000	-3.4426977143229	1.60604224061332	-2.51762891906429
135000	136000	-3.48940886423958	1.94301193832417	-2.29482957390916
136000	137000	-3.50451617789105	2.01696305068899	-2.69703754387872
137000	138000	-3.28976041735524	2.25731259143563	-2.49839860978269
138000	139000	-3.14632221840044	2.20599376572988	-2.83547668734429
139000	140000	-2.93815805696116	2.4705462227626	-2.66918619323428
140000	141000	-2.78827945689536	2.18189835099256	-2.42684512820848
141000	142000	-2.58091066208984	2.12874119971798	-2.7811140088215
142000	143000	-2.74807106480069	1.74291017608164	-2.89180750703445
143000	144000	-2.65507573301703	1.4970584852399	-2.46605109619623
144000	145000	-2.9097275745136	1.19079071924778	-2.8682715849789
145000	146000	-2.63507954917095	0.880866338101036	-2.54997393755313
146000	147000	-2.96143716693007	0.618426212559118	-2.84248617627731
147000	148000	-2.58481181009055	0.39664081714343	-2.74270216123216
148000	149000	-2.66191552203482	0.214342379684343	-3.12076229096778
149000	150000	-2.61099204439833	0.554303958879632	-3.34681951286738
150000	151000	-2.27985217046098	0.542680376664346	-3.12662990454327
151000	152000	-2.11512646567237	0.679425034400568	-3.4196613955021
152000	153000	-2.26845310985925	1.03981563143569	-3.41505222046073
153000	154000	-1.99155494845733	1.00446162269584	-3.07207334004457
154000	155000	-1.89672418280473	1.3723477459522	-3.26365956540302
155000	156000	-2.01776519783277	1.49509899859197	-2.88745008310305
156000	157000	-1.87067140453202	1.33278516694972	-2.51527315195174
157000	158000	-1.87950116293015	1.78952341197048	-2.46944989104867
158000	159000	-2.02263990121958	1.6196028095938	-2.05356187396338
159000	160000	-1.79606499622353	2.03873229631838	-1.96005128173124
160000	161000	-2.01687947901861	1.90996332859253	-1.54080540812117
161000	162000	-1.6725042385254	2.13087704406583	-1.35431270746392
162000	163000	-1.79551473577168	2.25913325513489	-0.929759485733488
163000	164000	-1.41539902209224	2.44985618752016	-0.747201948105882
164000	165000	-1.46581991965938	2.54117090222034	-0.317951535573091
165000	166000	-1.11728992945319	2.78242505584209	-0.232335091902186
166000	167000	-1.25806569473105	2.85125534342382	0.17481203546565
167000	168000	-0.883974159210333	3.02209347645917	0.259161465163488
168000	169000	-1.17195398951177	3.23833515176446	0.526103970469548
169000	170000	-0.807459431425552	3.4185302308832	0.544987007193413
170000	171000	-1.08028932762547	3.75704249102138	0.661229861999857
171000	172000	-0.699339272061995	3.8341918923993	0.524481827195059
172000	173000	-0.740584972945641	4.03917980087454	0.835481179750216
173000	174000	-0.543049991559443	4.23746668506397	0.570527502515255
174000	175000	-0.585320581688707	4.50772680735596	0.843492750050433
175000	176000	-0.307180498059702	4.36755259832468	1.02188657554903
176000	177000	-0.0806518328553016	4.4412148221227	0.742184777966826
177000	178000	0.0938161780181773	4.5209653495449	1.09424115593808
178000	179000	0.350294909354912	4.39313570244154	0.853961690667066
179000	180000	0.27892263527997	4.04437924782988	0.781387331297898
180000	181000	0.580996651388175	4.0242953932332	1.05522127189578
181000	182000	0.268208749817894	3.92730593223111	1.3038959142397
182000	183000	0.087677628368976	3.59202396910073	0.992167249954791
183000	184000	-0.206690095754774	3.75213247394961	1.37673130685729
184000	185000	-0.37172382725258	3.3663072900138	1.18579481180962
185000	186000	-0.674422486638751	3.15848898238471	1.43256505191834
186000	187000	-0.811007938345829	3.5909187134036	1.50015524887668
187000	188000	-1.13384456756212	3.34541615787518	1.70035221615916
188000	189000	-0.959589117143694	3.6449487287395	1.89683656687997
189000	190000	-0.842038551636006	3.32500467605758	2.01374565168562
190000	191000	-0.77809525653348	3.53913574105536	2.24688225653425
191000	192000	-0.526678816062235	3.70274753126088	2.11308282787894
192000	193000	-0.403365065945111	3.37157491146835	2.18552683486418
193000	194000	-0.109581596816166	3.59747662477365	2.14016672253632
194000	195000	-0.10386440527228	3.24717615054706	1.929667553898
195000	196000	0.238641862276664	3.39165792461963	1.84068024707255
196000	197000	0.145818475921063	3.08892949403556	1.54512176499492
197000	198000	0.561200015023885	3.01336248274222	1.59474808482737
198000	199000	0.571006236851644	3.07052857853206	1.14790924091504
199000	2e+05	0.432859199021218	2.68545327475029	0.993036071678335
2e+05	201000	0.75326593445407	2.81156009504228	0.672220123472682
201000	202000	0.918230094445351	2.38313048053098	0.778079454910512
