0	1000	-0.831048415954508	0.848914736916891	-1.07851264164841
1000	2000	-0.207825970337224	-0.0915025950184541	-1.002177100795
2000	3000	0.650176168566776	0.344221094154217	-0.681519329006792
3000	4000	1.53957426506962	-0.197822035395835	-0.982079142560612
4000	5000	2.62354076993734	-0.272185660218361	-0.7166890724701
5000	6000	2.02742870608421	-0.22966995958838	0.281456001630961
6000	7000	2.29228218188942	-1.29935367322589	0.028332247809467
7000	8000	2.30485704675139	-1.26522481423715	1.01002722799013
8000	9000	1.8025291191718	-2.07395654410068	0.663723174338696
9000	10000	0.717215200575936	-3.26443647911334	2.13949068257951
10000	11000	0.345806038050765	-2.60941910155592	1.6459453477558
11000	12000	0.296183428174477	-2.11241994421361	0.914233041927636
12000	13000	0.743542389925175	-2.07061069404797	0.167197728123705
13000	14000	-0.812876861921038	-2.63210865027327	1.17824683002661
14000	15000	-0.697984745588654	-1.27773569202985	0.807692872682662
15000	16000	-1.83577409080255	-1.58744779241029	1.49840609971512
16000	17000	-1.58536022188203	-0.404891020124176	1.61071466591672
17000	18000	-1.28603793905366	-0.884041713181851	2.67337006112628
18000	19000	-0.310328433139998	-0.765295567067352	2.023361714221
19000	20000	-0.507429490079381	-1.85681396141187	2.24130494836488
20000	21000	0.314710963597596	-1.94774626624771	2.84049062726713
21000	22000	0.742553108812711	-1.51687622989707	2.07899890989772
22000	23000	1.97574066279706	-3.19084636223234	1.08733040556477
23000	24000	1.08230353709281	-1.95195585384817	1.44889515331553
24000	25000	2.19981398097094	-2.43076867228297	1.26094924820278
25000	26000	2.39203821793621	-2.64647543320396	1.94107403104938
26000	27000	1.88494585943713	-1.80317535359808	1.5239795066152
27000	28000	2.4358417413951	-1.89977060842652	1.9075853404795
28000	29000	1.87027178120356	-1.60986597845621	2.15086422255661
29000	30000	2.16321854850037	-2.05717544421284	2.50370158107233
30000	31000	1.60532146213642	-1.90479139662072	2.60102283876063
31000	32000	1.73125915795875	-2.42956345740482	2.60367297156432
32000	33000	1.68249653576029	-2.28265764117656	2.07904852187842
33000	34000	1.15225666366996	-2.31337211776281	2.25688921884213
34000	35000	1.38813861348204	-2.91181324242868	2.3463465492964
35000	36000	1.76164363161829	-2.96613025526209	1.84007513065129
36000	37000	1.52178199213948	-2.57238309370156	1.38037179702392
37000	38000	1.15499054379806	-2.77707932412288	1.68662581487227
38000	39000	1.25560030627079	-3.27225614326373	1.49579081028038
39000	40000	0.974319248301499	-2.89540558213858	1.16879692451346
40000	41000	1.05415130248119	-3.29863931206438	0.976529017556726
41000	42000	0.54661313115357	-3.28518806145678	0.965767734304155
42000	43000	0.694336040155715	-3.21371726081282	0.471967688608334
43000	44000	0.0859553285536001	-3.28408111745467	0.475931543566862
44000	45000	0.30450677187891	-3.40029320554922	-0.183772091757821
45000	46000	-0.425620485892144	-3.10416214546213	-0.1542728622703
46000	47000	0.127860492058047	-2.73425469948655	-0.784107015701333
47000	48000	-0.367310982503202	-3.31234701020803	-1.1423954212156
48000	49000	-0.303575453879472	-2.71258923970436	-1.61550589716233
49000	50000	-0.690997563515169	-3.19953583731982	-2.0169186765417
50000	51000	-1.04561930926897	-2.68302210936196	-1.95158473625395
51000	52000	-1.4230570005885	-2.95801924975674	-2.32236381948751
52000	53000	-0.889889388590559	-2.73953735791155	-2.75431882276942
53000	54000	-0.569745707163255	-2.20357978623336	-2.26281285808846
54000	55000	-1.11843421049417	-2.05035448479796	-1.5981171847747
55000	56000	-1.11181287965171	-2.69601494312716	-1.22072986272443
56000	57000	-1.28443241860342	-3.2876972655082	-1.45707872475035
57000	58000	-1.80787921861004	-3.20313808471999	-1.74615059615006
58000	59000	-1.75555995519811	-2.66303880077053	-1.44212706129714
59000	60000	-1.94146089425111	-3.09456093210281	-1.13841264654735
60000	61000	-2.22511717611641	-2.59408453051363	-1.04009858704828
61000	62000	-2.47768168792307	-2.84273615599597	-1.55640386566942
62000	63000	-2.39288381956382	-2.06179970148261	-1.6484042807876
63000	64000	-2.20132655584632	-2.55007273348562	-2.2584387556276
64000	65000	-1.71490733878701	-1.95431880481033	-2.12641575254003
65000	66000	-1.6419495179957	-2.36353147832195	-2.82561995602203
66000	67000	-1.18609924177982	-1.80496716228354	-2.64336780249967
67000	68000	-1.46391559095424	-1.65110008380427	-3.35514876481243
68000	69000	-1.27068906863272	-0.970188044067177	-2.76057325148862
69000	70000	-2.15146900391244	-0.921022638960785	-2.91006247868177
70000	71000	-1.71728641719096	-0.474324940038464	-2.01643732946372
71000	72000	-2.24163063264425	0.193391514374619	-2.58948210282618
72000	73000	-2.38444656468802	0.213799348693678	-1.54083914299255
73000	74000	-2.21759760026815	0.958805367481867	-0.81017228215704
74000	75000	-1.74453539179206	0.141505169605422	-0.00462778950122656
75000	76000	-1.21253619516267	-0.736879472913335	-0.180945664393053
76000	77000	-2.13270863708013	-1.57798114955864	0.332091249968322
77000	78000	-1.21468081941694	-2.05519861511364	-0.177443645075358
78000	79000	-1.9594868223456	-2.75525766539243	-0.175191938472451
79000	80000	-1.95237345733925	-1.7393586076747	-0.813596327668251
80000	81000	-2.8641845531729	-1.94613843307697	-0.693407830546157
81000	82000	-2.8096833158692	-0.985757603986425	-1.02268878791083
82000	83000	-2.91309970228547	-0.338761193512779	-0.162272833317806
83000	84000	-2.87129905714444	0.586797294468764	0.610922747392441
84000	85000	-2.46041996898281	1.62745628815056	0.945254395547127
85000	86000	-2.74869287903936	1.52612652704548	1.80244890718715
86000	87000	-2.68334371810024	2.50279337311192	1.77913862074696
87000	88000	-1.92177076163109	2.49523831534647	1.48292586592567
88000	89000	-1.98868277789005	3.22981580931286	1.95758553546028
89000	90000	-1.35733682822187	2.74710810421863	2.06163001447065
90000	91000	-1.49785066448254	3.33498650373961	2.80285135763839
91000	92000	-1.03452456053317	2.68173206584928	2.84426949712735
92000	93000	-0.951362194130473	3.08661286803794	3.58954102122934
93000	94000	-0.542745180344081	2.48655605698134	3.45153196697806
94000	95000	-0.795761146931886	2.52677368766839	4.18644875486809
95000	96000	-0.892721286204313	1.91885872262575	3.84629900596409
96000	97000	-0.384193394276065	1.62446773855857	3.62174025026845
97000	98000	-0.122754236147587	1.91031549676981	4.241317703688
98000	99000	0.304708971819634	1.80274677709556	3.64173835657999
99000	1e+05	0.473947973784708	2.54613992098252	3.88608737542521
1e+05	101000	1.02296693758455	2.1411649609736	3.18256452051048
101000	102000	0.418666255629608	1.62506754468692	2.672502867205
102000	103000	-0.313487943905492	1.99716400696481	2.66260622272634
103000	104000	-0.961729562717374	1.52923261906707	2.29688417343149
104000	105000	-0.849415302746331	0.86515355699283	2.85313972504683
105000	106000	-1.67958222595817	0.495931904102231	3.05755842457155
106000	107000	-1.35071914637346	0.454682410468168	3.93645037796982
107000	108000	-1.33425265525598	1.12986514135545	3.61075708702441
108000	109000	-1.94754745247023	1.40125012574056	3.91656743996921
109000	110000	-1.93713495024489	1.4404214045755	3.15012450841226
110000	111000	-2.32573439482154	1.95891110662773	3.45098702503973
111000	112000	-2.61103852600936	1.68959572315068	2.83620418752104
112000	113000	-1.98966187968489	1.97325539582302	2.46624766617733
113000	114000	-2.28404667967807	2.60504441193383	2.8047785042521
114000	115000	-1.82485953635751	2.66118800346921	3.44733059854741
115000	116000	-1.29781897158177	1.965566251746	3.15055081129881
116000	117000	-1.58846621475691	2.21815738005019	4.19005404761141
117000	118000	-0.985306573585114	1.5358440939801	4.56188533523143
118000	119000	-0.481790033722591	0.955197423824097	4.22543425921272
119000	120000	-0.00428611103173711	0.811249847230468	3.4020646618763
120000	121000	-0.179745730145445	0.103689090396301	3.81411129894014
121000	122000	0.435659286540534	0.790935123866421	4.14453726656718
122000	123000	0.64549165723524	0.143065998796218	3.84968210635203
123000	124000	1.09553178374346	0.942474173772484	3.56592571226407
124000	125000	0.630948746291506	0.334098867030991	2.83940730053748
125000	126000	1.44526388622204	-0.0266774886225216	3.1235698773544
126000	127000	1.99807293029638	0.372486564824596	2.36264834057461
127000	128000	1.02500449378857	0.373943854415106	1.61075283831225
128000	129000	1.7124180051203	1.31256127973152	1.78409161760461
129000	130000	0.118192089737186	1.1421454744436	1.12523219506181
130000	131000	-0.684808786124392	1.64971744478148	0.60881582331865
131000	132000	-1.15173996816772	2.3238438733101	-0.209953152815951
132000	133000	-0.275740597834805	3.03501508393648	-0.364587031437858
133000	134000	-0.703326722868251	3.24395063311087	0.601719391438538
134000	135000	0.279537003507925	3.39443480561712	1.06903950288825
135000	136000	-0.4466610112939	3.69806849360389	1.78668690459997
136000	137000	-0.321125578527759	2.85761212082746	2.10596692123756
137000	138000	-0.309442463009713	3.41938713192032	2.90718103755864
138000	139000	0.334536840641902	2.91954465813217	2.93345998995112
139000	140000	0.78862287538921	3.25075299545795	2.26534638598992
140000	141000	0.650197697928444	2.26948844122387	1.81056766302147
141000	142000	1.68416290871852	2.58086852580848	1.77283776449592
142000	143000	0.893257734093854	2.42206303410348	0.749862369232632
143000	144000	0.767334225856656	1.79586204030942	-0.0517997290845901
144000	145000	1.91886067331178	1.74791253043179	0.520763819351442
145000	146000	1.81583615357625	1.43801373989016	-0.404049095007658
146000	147000	1.9418083168091	1.89831597369658	-1.07672600543002
147000	148000	2.36659621621149	2.32647894269833	-1.65397595412811
148000	149000	2.20507866010423	1.78144384158058	-2.29089875739332
149000	150000	1.58017002725119	2.24688380955496	-2.63846096848529
150000	151000	1.18253075870051	1.88515236978667	-1.94971868553832
151000	152000	1.21175763199954	2.85441426240138	-1.87717479403985
152000	153000	0.756630841342685	2.52497536181408	-1.13154584137647
153000	154000	1.11507126140317	3.19808074188866	-0.641345114143247
154000	155000	1.65125736005759	3.0827408830778	0.0976441163585859
155000	156000	2.07909439562595	2.7707383737899	-0.634010397683933
156000	157000	2.43308702068744	2.42589359234868	0.0954882793621939
157000	158000	2.87919608609957	1.97060313338188	-0.416639847493722
158000	159000	2.69935542137019	1.26973818128337	0.0763285974095621
159000	160000	2.93270545301327	1.03516839475804	-0.661628530233643
160000	161000	2.83044802013692	1.47159768791142	-1.33278549116032
161000	162000	2.17516931041714	0.990533103525874	-1.49801976368475
162000	163000	2.67529784573742	0.782621381096179	-2.15830333030942
163000	164000	2.00472053517845	0.680006481145764	-2.50388890707105
164000	165000	2.14118038091034	0.416434329207567	-3.20987015223627
165000	166000	1.4790758915504	0.481683998812893	-3.34589168502081
166000	167000	1.63048089945687	0.145857766129482	-3.93222501052425
167000	168000	1.12014005198927	-0.143865328289422	-3.6885865668656
168000	169000	1.17186874690217	-0.221935027294667	-4.24148881513024
169000	170000	0.762466000119786	-0.0062138405436957	-4.05650633457479
170000	171000	0.892063443579006	0.116194720173391	-4.51848080702852
171000	172000	0.544022678938763	0.366639898904913	-4.31102112145188
172000	173000	1.00684235095071	0.459558656361189	-4.16951494812128
173000	174000	0.66405191032878	0.645697076723695	-3.87024593217306
174000	175000	0.904868104585588	0.966952014230827	-4.32495210399973
175000	176000	0.322674246357422	1.15948582705341	-4.13795484226615
176000	177000	0.441894312169706	1.23457669659047	-3.38968783194723
177000	178000	0.656091299785434	1.99774658135334	-3.6273855776081
178000	179000	0.342396190203642	1.93910959032848	-2.6829187596421
179000	180000	0.779939675003288	1.04426848851088	-2.40780044516802
180000	181000	1.60897353125804	1.45518246459537	-3.39915537622477
181000	182000	1.55103342835179	-0.394655140241788	-2.80259277096022
182000	183000	0.756260305050616	0.0509895873352931	-2.86762126053507
183000	184000	-0.191804398005426	0.225699730670533	-4.09193732698702
184000	185000	0.358419799401947	-0.122884534751736	-3.64542283021576
185000	186000	0.29142308293827	-0.158004128774961	-4.48743477790299
186000	187000	0.687857329734357	-0.535788372141655	-4.36597728356106
187000	188000	0.632428610405201	-0.778304274754685	-3.89606616872732
188000	189000	0.101566155465338	-0.699852089200303	-4.20221434966814
189000	190000	0.019512587687038	-0.891683758610025	-3.69544993994802
190000	191000	0.0253309347550676	-1.28868993487615	-4.08877460588487
191000	192000	0.303467797714432	-1.50067962663063	-3.58406354610475
192000	193000	-0.33909173278258	-1.67361180685404	-3.57442953882417
193000	194000	-0.0918846292232255	-1.24427469193087	-2.95855742589998
194000	195000	-0.800085983261857	-0.986420825940216	-3.93585917900874
195000	196000	-0.836943042458642	-0.231393156430983	-3.57727157459377
196000	197000	-0.13638048516344	-0.161074369992896	-2.84185231919774
197000	198000	-0.41800845102529	0.666538680968716	-3.02031967179348
198000	199000	-0.81175450712385	1.11256172314646	-3.75297012988088
199000	2e+05	-0.724904863983735	1.68391301454699	-2.87482246479119
2e+05	201000	-1.45350040126343	1.17915600857307	-2.30100698047389
201000	202000	-1.0236920609535	1.89362722453407	-1.61926383689892
