0	1000	1.94970827960726	-2.15579941154383	3.24695689160437
1000	2000	2.01044380387228	-2.06590114695284	2.87594185009187
2000	3000	1.86958143847548	-1.72749793132477	2.82571844605869
3000	4000	1.96458141793939	-1.43489307134797	2.58527634009607
4000	5000	1.63520802016649	-1.21192769177524	2.64499349038723
5000	6000	1.65759036467356	-0.826369866808551	2.68860340892816
6000	7000	1.29816774862514	-0.688991569758075	2.72074562436719
7000	8000	1.24516108357212	-0.401615665815815	2.91526867697018
8000	9000	0.951184991611222	-0.169945308476211	2.94259419635925
9000	10000	0.865882789143096	0.000469095547913596	3.321022749302
10000	11000	0.676558248544947	0.29422776972029	3.17932153822847
11000	12000	0.459757749006086	0.480185284882288	3.40161542231572
12000	13000	0.504086410978987	0.814908269566545	3.21305779720396
13000	14000	0.384491865135131	1.15429458252625	3.37864601114515
14000	15000	0.552900538372787	1.44621844606716	3.13570839318313
15000	16000	0.680617954684986	1.78023896081153	3.33171572553547
16000	17000	0.892595268450433	1.98214364396728	3.09467003490931
17000	18000	1.20005951117508	2.13206315067741	3.16879228416843
18000	19000	1.31991601854726	2.48695140495168	3.0802108831659
19000	20000	1.68089637999331	2.37528866776544	2.94687565166687
20000	21000	1.9899039795274	2.60692433526581	2.8981741901422
21000	22000	2.13562394159206	2.55581473038861	2.55886353978128
22000	23000	2.47131061636209	2.47751959876145	2.38737907598276
23000	24000	2.47708054035771	2.70715325274281	2.07004942595398
24000	25000	2.47263721536178	2.57573446357261	1.73596687203162
25000	26000	2.52018145514994	2.82033401851869	1.43554490730505
26000	27000	2.23461309239349	2.7324094569723	1.13649358255378
27000	28000	2.06746871277339	3.04438836767756	0.944531174135535
28000	29000	1.87923751880111	2.95520547777868	0.659765878353636
29000	30000	1.65130257607465	3.18817938678038	0.518968396054823
30000	31000	1.69598510534069	3.10963015548917	0.115788282294018
31000	32000	1.46111970415536	3.37330950763556	-0.0757085969093949
32000	33000	1.55874739626125	3.35633484681908	-0.427149324033774
33000	34000	1.38288167311981	3.50032683603188	-0.736648825088606
34000	35000	1.67917517388873	3.46681156120319	-1.0057906498873
35000	36000	1.58003093883963	3.34492995317387	-1.33250662704201
36000	37000	1.75113106669144	3.41107078838463	-1.64785528181202
37000	38000	1.77394031833846	3.12997258266073	-1.89016784319521
38000	39000	1.91373552899375	3.16634396649289	-2.31258155703596
39000	40000	1.97013171003132	2.75414297070502	-2.22023599696783
40000	41000	2.06003520394507	2.51901789500744	-2.43721391046298
41000	42000	2.17780430473135	2.23339101383348	-2.24310110247502
42000	43000	2.27055341480562	1.9435089150917	-2.43104938591151
43000	44000	2.39042294893925	1.69767329632613	-2.20996327477301
44000	45000	2.55487418460993	1.39492503157876	-2.36282298820018
45000	46000	2.73017113380903	1.26156346557006	-2.03762737904929
46000	47000	3.0083964421451	0.957163773292825	-2.06719186123437
47000	48000	3.17091335912858	0.972977776221492	-1.69738513383702
48000	49000	3.30373303965598	0.741177791532065	-1.48131510130103
49000	50000	3.61234620371067	0.732094788031101	-1.25061888854004
50000	51000	3.44003486586043	0.508324096348257	-0.96893079083181
51000	52000	3.45454817355611	0.470765551578855	-0.619290483663402
52000	53000	3.40982815338219	0.181120212761349	-0.363650332663979
53000	54000	3.21613272376226	0.352550333115781	-0.0620808014628255
54000	55000	2.93343622190191	0.231042436399355	0.111816679209995
55000	56000	2.76490256189662	0.331489227910557	0.406210566059273
56000	57000	2.40349881007777	0.327692740948059	0.3599415974108
57000	58000	2.1366758290095	0.435579746987158	0.63734997473682
58000	59000	1.8365326698556	0.459007072389057	0.412484744114281
59000	60000	1.49208631717509	0.444909361440815	0.417006249235295
60000	61000	1.26030746802717	0.682281675317974	0.153240983830534
61000	62000	0.924926745869336	0.47801766399942	0.183905133126179
62000	63000	0.560546382145799	0.649665301580033	0.139916764308286
63000	64000	0.458328109856829	0.257564741869617	0.0364743933222529
64000	65000	0.137275678871547	0.160171970647657	-0.0836956235696303
65000	66000	0.0450872479678055	-0.198607660951847	-0.0756423390054152
66000	67000	-0.250042540923222	-0.328979925376572	-0.301471902622016
67000	68000	-0.239844488795872	-0.735214562437701	-0.225271171389685
68000	69000	-0.408692099989136	-0.872543088187557	-0.53572184236913
69000	70000	-0.251728272992511	-1.18983298140693	-0.691320807163091
70000	71000	-0.547353605681043	-1.41352633984084	-0.84410106585775
71000	72000	-0.406055727255065	-1.70088902194649	-1.07358271130898
72000	73000	-0.605694461559279	-2.02928199860575	-1.0441009510948
73000	74000	-0.446095233583478	-2.3722184626461	-1.19037522712612
74000	75000	-0.539651126037809	-2.68408486533892	-0.954335330108962
75000	76000	-0.338974779626595	-2.99636929990558	-0.977534747857161
76000	77000	-0.231024387799909	-3.24027665429209	-0.722406302066057
77000	78000	-0.0860719700793725	-3.64143129589855	-0.657138541990041
78000	79000	0.210966740602027	-3.54340804637564	-0.387296367248778
79000	80000	0.41341552424403	-3.77686023453318	-0.158789971261712
80000	81000	0.718868017832843	-3.5401771386294	-0.0698434153271967
81000	82000	1.02207372772257	-3.65023491389868	0.172338419672879
82000	83000	1.30823172477215	-3.39234443025072	0.0852337280097314
83000	84000	1.6265684858962	-3.32069393831325	0.283437740151677
84000	85000	1.86851797796148	-3.1779976219476	0.00413471891366828
85000	86000	2.11974994528249	-2.88509072251762	0.10285917573832
86000	87000	2.30672129340627	-2.84266611612094	-0.261117839584072
87000	88000	2.27078527900167	-2.48938423518494	-0.412290005871214
88000	89000	2.50370589952576	-2.44490020345647	-0.734279544540442
89000	90000	2.27710491098472	-2.21961036723606	-0.983914132203415
90000	91000	2.41760366742249	-2.14395568861093	-1.36819384603324
91000	92000	2.12559248205337	-1.97800464675827	-1.57559423862727
92000	93000	2.1620047005942	-1.92449221921876	-1.93913258409251
93000	94000	1.88509645678589	-1.75731917493475	-2.12307548812183
94000	95000	1.7934349474761	-1.8227869278696	-2.56456748850479
95000	96000	1.59130628735889	-1.40572227484933	-2.55683744814188
96000	97000	1.45784976129524	-1.27157668719101	-2.8745582396474
97000	98000	1.4337081052274	-0.916591014655332	-2.94546374596404
98000	99000	1.33028559739299	-0.88561004953892	-3.29782918676219
99000	1e+05	1.51810395841924	-0.721504763817107	-3.62943155612434
1e+05	101000	1.19415466316088	-0.489466863147531	-3.76412549494805
101000	102000	1.28678587880365	-0.240126149071563	-4.044870077557
102000	103000	0.943464113060149	-0.19164127795918	-4.1891703489966
103000	104000	0.837794593991033	0.0958772875920224	-4.39468556606848
104000	105000	0.572891230632217	-0.00173134170984269	-4.70608768043619
105000	106000	0.299855411259345	0.305833649883018	-4.68924307346139
106000	107000	-0.0205893942720371	0.221307823191692	-4.8408213934699
107000	108000	-0.316792977259219	0.432223433722564	-4.83912784708691
108000	109000	-0.643817399063208	0.243414544518275	-4.95239825904384
109000	110000	-0.97688799348488	0.361654109318743	-4.79373761368345
110000	111000	-1.26763053746572	0.184279816984989	-4.64457900614215
111000	112000	-1.64439435397345	0.0570689947212664	-4.62088665660124
112000	113000	-1.73185306419012	-0.0772303781490983	-4.25468805564006
113000	114000	-1.89858396330197	-0.412592059826746	-4.15173638543993
114000	115000	-1.98884035429559	-0.459533797654639	-3.78759607955287
115000	116000	-1.8254605204078	-0.729585063318352	-3.63263933990419
116000	117000	-1.88357969509552	-0.977491416249375	-3.30811710605327
117000	118000	-1.44936748993959	-0.998444073090655	-3.22173842417365
118000	119000	-1.33409478199451	-0.857805655288219	-2.88151492879127
119000	120000	-1.04229380720423	-0.647007264530462	-2.8952589747822
120000	121000	-0.994592820911156	-0.45759913400028	-2.57573974743318
121000	122000	-0.845162460763018	-0.165339554762501	-2.69451255839882
122000	123000	-0.885019356559747	0.184780324247483	-2.53926512943533
123000	124000	-0.567979594196783	0.457837312658131	-2.68267160488137
124000	125000	-0.657506649482529	0.848576422001097	-2.71846481604191
125000	126000	-0.453196789852742	1.11228303432434	-2.5532895688696
126000	127000	-0.508291740186776	1.49328099540448	-2.60782856870225
127000	128000	-0.382833697127617	1.71945947767234	-2.28557881853416
128000	129000	-0.629463450786322	2.08688370931965	-2.30184896716551
129000	130000	-0.528084414348281	2.4366882667621	-2.04534463649774
130000	131000	-0.861246495933925	2.53346979826766	-1.89755578393358
131000	132000	-1.00201576872277	2.85207138946344	-1.79491709006908
132000	133000	-1.30057226407158	2.73095278132077	-1.55086732465098
133000	134000	-1.47201950984002	3.02396276387012	-1.32088913497533
134000	135000	-1.5868963773277	2.8134772115949	-1.02002860407541
135000	136000	-1.64769403554589	2.97531361192568	-0.702644245884756
136000	137000	-1.73899705325341	2.71363865554979	-0.441220412124103
137000	138000	-1.62703082072042	2.86793965902582	-0.129875027594735
138000	139000	-1.65981534799696	2.66563439252403	0.157040459925524
139000	140000	-1.53547468972227	2.82687252656866	0.487407925275995
140000	141000	-1.60399348378439	2.56465900092246	0.77011147267923
141000	142000	-1.46567001710023	2.59785945929803	1.10672747469503
142000	143000	-1.57284119455712	2.41360887307461	1.39013995593949
143000	144000	-1.41675827810581	2.35344843592884	1.72492732854108
144000	145000	-1.61389775141386	2.18371330739467	2.00763059071601
145000	146000	-1.45384124275344	1.94252919308372	2.23558980345532
146000	147000	-1.59322438530057	1.81333431858298	2.54682179495003
147000	148000	-1.52504315342206	1.46247344779515	2.62196350055639
148000	149000	-1.66944139774293	1.23631155676721	2.92985917471846
149000	150000	-1.5423731964849	0.838723282547708	2.77584849501469
150000	151000	-1.72529749671004	0.523727637337598	2.89093032510106
151000	152000	-1.75407353569163	0.18549784231045	2.72282239830854
152000	153000	-1.98538099826659	-0.139802902777758	2.85227617454728
153000	154000	-2.16090055408502	-0.286419917889819	2.52668390114909
154000	155000	-2.31106049110862	-0.644929979412444	2.44483480490974
155000	156000	-2.66158689084962	-0.51398501901959	2.27519292514831
156000	157000	-2.88250646239391	-0.56838415930764	1.97599684821323
157000	158000	-3.27620324697759	-0.585884921597388	2.02932807529084
158000	159000	-3.41354547878834	-0.288705382465916	1.84254626246796
159000	160000	-3.82898226756922	-0.200276015881463	1.83939551218392
160000	161000	-3.70267502861728	0.20021425764063	1.69195743906193
161000	162000	-3.9069716888077	0.411073456644043	1.4900053620614
162000	163000	-3.82034427784913	0.782766265787563	1.40114662199036
163000	164000	-3.94779402493792	0.860348396157625	1.01776457189263
164000	165000	-3.67725010322938	0.955219316919142	0.776973756968071
165000	166000	-3.73895445465657	1.07654822557251	0.416570746597302
166000	167000	-3.38449001653656	0.975724098788914	0.254986091415252
167000	168000	-3.36572437990647	0.829593117163332	-0.0840598780619389
168000	169000	-3.07233636328132	0.788053446632459	-0.337117904063441
169000	170000	-3.08534634987621	0.420975521757068	-0.422805330695305
170000	171000	-3.13098507594855	0.242059615543981	-0.778812507311032
171000	172000	-2.94823876043089	-0.110259097324556	-0.640602727562666
172000	173000	-3.07881338404679	-0.425781287845416	-0.678339477143521
173000	174000	-2.96981346163834	-0.762036093919526	-0.760064013403247
174000	175000	-3.18406150243498	-1.04988368386056	-0.549869702256474
175000	176000	-2.96878364351036	-1.37151777450624	-0.506019154976945
176000	177000	-2.97382331883205	-1.59586120431801	-0.2360186262181
177000	178000	-2.84957117017393	-1.95616196618585	-0.18612856132391
178000	179000	-2.8199124863885	-2.00861501108919	0.200551478868255
179000	180000	-2.56342800958511	-2.20588187988353	0.360753587376763
180000	181000	-2.59235306469812	-2.35772430683972	0.726089212072362
181000	182000	-2.19617668644105	-2.42466102495098	0.820506774733624
182000	183000	-2.10395485103723	-2.5184587793638	1.18858714686626
183000	184000	-1.75123092407465	-2.69172061720888	1.18613936812056
184000	185000	-1.61906536319992	-2.68475164218793	1.52401101404
185000	186000	-1.38470020596541	-2.96504646558938	1.59991456741964
186000	187000	-1.2645336571171	-2.84151270741252	1.9366442571767
187000	188000	-1.15043576308643	-3.09672142937026	2.242487155189
188000	189000	-1.02983976622608	-2.76950841989334	2.44647131578276
189000	190000	-0.983115295618905	-2.78068834959348	2.78361743033292
190000	191000	-0.818861649774808	-2.49113967896309	2.90269509964627
191000	192000	-0.853829992266145	-2.41008616870876	3.26805185476714
192000	193000	-0.555066498866898	-2.22857446571889	3.39007014914611
193000	194000	-0.497992974756621	-2.13921007303847	3.77138688107321
194000	195000	-0.104182362565677	-2.19429156735604	3.75242326217425
195000	196000	0.0965594015039367	-2.27953282034971	4.06573881762372
196000	197000	0.431678537907974	-2.36918898947165	3.94079869046111
197000	198000	0.708093349335864	-2.60963310635634	4.12072247003821
198000	199000	1.03451181263513	-2.46225061125967	3.88808682025284
199000	2e+05	1.34029518337446	-2.64756870574741	3.77753272326713
2e+05	201000	1.63095392201478	-2.4488390310072	3.67292579581385
201000	202000	1.85282651284693	-2.52222695642392	3.35990475794783
