0	1000	-0.247746407817164	-0.127996761714643	1.06447439685597
1000	2000	-0.928362682068979	-0.963987739046601	0.728229179233794
2000	3000	-0.809357847033923	0.33073417552606	0.00297609352188474
3000	4000	-0.559072203685474	-0.619791245041469	-0.827861241026805
4000	5000	-0.949937635929653	1.57026989756974	-1.09289953682871
5000	6000	-0.144899502269562	0.841371061473888	-1.29625683107007
6000	7000	-0.339594494335248	1.16018458671501	-2.56979139180381
7000	8000	0.370049978334623	0.362697236007492	-2.2407107740891
8000	9000	0.341877433872108	-0.573129708841186	-2.7092205096358
9000	10000	0.664116229743711	-0.916724250607013	-1.85302697098947
10000	11000	0.699807557475836	-1.58827701770146	-2.94423828463085
11000	12000	0.709004782678111	-2.02594264997687	-1.98921672136003
12000	13000	1.58574401297694	-2.24306708518397	-2.33516555670002
13000	14000	2.15850197843353	-2.12980173480133	-1.73860357771412
14000	15000	1.64749653388038	-2.62810833864113	-1.36137150433575
15000	16000	2.39026567499316	-2.77590109423968	-1.26987769138286
16000	17000	2.08144070949749	-2.55922577894361	-0.716132947754746
17000	18000	2.76789405482959	-2.30096347296555	-0.693171627909337
18000	19000	2.6250313294989	-2.78137889346299	-0.0728765477874836
19000	20000	2.83199376241436	-2.0965861551713	0.220832029645375
20000	21000	3.22562311138615	-2.17624066796241	0.857709406174468
21000	22000	2.56581981967831	-2.28694486095603	1.26142156690785
22000	23000	2.91906765333454	-1.62438938580873	1.61124047997205
23000	24000	2.62721759390068	-2.10539480444744	2.22740706322255
24000	25000	1.9220238164122	-1.88929009993968	1.80808228671643
25000	26000	1.71880956985691	-2.71800307368992	2.24838677803097
26000	27000	0.923952329233025	-2.2958692174834	1.63984394519432
27000	28000	1.38724418809506	-3.07440053137087	1.19978911395402
28000	29000	1.04614705128754	-2.75868086143185	0.208883149956428
29000	30000	1.70453893470859	-1.99344314412097	0.409264020534904
30000	31000	1.77653576176327	-1.4653099443444	-0.458138029499609
31000	32000	2.69696104391268	-1.10191282223945	-0.351185934514124
32000	33000	3.52953811624931	-1.13235121365912	-1.02682052765229
33000	34000	3.90662175778693	-0.128491991699973	-0.830994699959574
34000	35000	3.3055519697799	-0.174589803845315	0.030989107132994
35000	36000	4.19407121869734	-0.0690402109081807	0.412054035821513
36000	37000	3.62266876812728	-0.311647229361427	1.06184929887539
37000	38000	4.27424299043737	0.0900413298749102	1.48110818355296
38000	39000	3.60960675309596	0.443994683380075	1.57962497980105
39000	40000	4.23193629391508	0.898060103812956	1.61891331300714
40000	41000	3.83400259657405	0.857287488709289	0.931904392426278
41000	42000	3.9446611340424	1.60921441479589	1.21728621622353
42000	43000	3.15358451284909	1.66271110182472	0.954414787975771
43000	44000	3.19798830656849	2.12492535529176	1.71797055173161
44000	45000	2.29269953294631	1.90836253724326	1.59323560523597
45000	46000	2.35488209874642	2.63239948458832	2.2510186874513
46000	47000	1.40476411722645	2.49120584513188	1.81836571029912
47000	48000	0.438680289750956	2.90011909496249	1.93078145570207
48000	49000	-0.0431409836020043	1.99975676773188	1.97958238130476
49000	50000	-0.873828640256054	2.57719886714079	1.75545198156353
50000	51000	-1.65270963258759	1.78087242771571	1.68688398141888
51000	52000	-1.84671146856803	1.60795231889449	0.551015411012278
52000	53000	-2.94718690127748	1.39084845331164	0.98733993384331
53000	54000	-3.26979879955735	1.46395050489208	-0.0818102863354839
54000	55000	-3.51900242283577	0.632602979228336	-0.224011564508104
55000	56000	-4.28723584566056	0.981604603068309	-0.426609184464622
56000	57000	-4.08629341230955	0.736966975565479	0.405260430162354
57000	58000	-4.70120883183267	0.915872525154294	0.238629020584414
58000	59000	-4.46759042941677	0.46063958315698	0.100687003999964
59000	60000	-4.79725611404739	0.396103002027953	0.488823537109483
60000	61000	-4.98206895905939	0.422610411487766	0.0197313780304128
61000	62000	-4.77835283432186	-0.0167256660805321	0.117131907608423
62000	63000	-4.37491212934226	-0.052306060236232	0.573203122612807
63000	64000	-4.27206860497724	-0.132511939828452	-0.376177520449538
64000	65000	-4.3090562304801	-0.812781897304248	0.136881529404415
65000	66000	-3.37373361464246	-0.357351137570346	0.344058504312559
66000	67000	-3.78084196575702	-0.894597930130956	1.12674490436524
67000	68000	-2.89835974000309	-0.0298488938045554	1.36025577503672
68000	69000	-2.68426669443937	0.559797770132538	2.17870563931509
69000	70000	-1.43930954119798	0.214590377380011	1.92727606933581
70000	71000	-0.565352504240733	0.835438111308535	1.82462185821921
71000	72000	0.113163182966901	0.499829965644634	2.8352780813756
72000	73000	0.754051766703055	1.02550812781008	1.78624898721949
73000	74000	1.14952899645362	1.66504532300483	0.982631540741383
74000	75000	1.52934902808826	2.73684678811548	0.613212966760103
75000	76000	0.54349145859488	2.36015097869467	0.112383049655457
76000	77000	1.17936188460266	2.47901467859471	-0.710461167647176
77000	78000	0.515931343573107	2.85817691511111	-1.33304335154998
78000	79000	0.592654617626413	2.0623044586761	-1.67159222420121
79000	80000	0.396534101115942	2.24490046596835	-2.4037848238945
80000	81000	1.02714492035365	2.37252191263902	-2.33266077259418
81000	82000	0.959188274409595	1.86851899394206	-2.75432593424479
82000	83000	1.454735582605	1.82969918585009	-2.20456869358861
83000	84000	1.82771021964579	1.78332127568027	-2.89454797772028
84000	85000	1.62926537349275	1.10766427369906	-2.44698655005609
85000	86000	2.08340920963717	1.05030090898983	-3.2592344753553
86000	87000	1.64227152372306	0.50603422318668	-2.914251211044
87000	88000	1.7311207666392	0.086425202948615	-3.57441505981761
88000	89000	1.01327289685195	0.513925401099363	-3.50023640262481
89000	90000	0.792848947365681	-0.308918076079729	-3.5930655581251
90000	91000	0.0506596567990509	0.328638395905378	-3.64833998324631
91000	92000	-0.479503960889475	-0.624620170569189	-3.5895414298138
92000	93000	-0.989248845381914	0.128740857531564	-3.69336591849227
93000	94000	-0.860012412768921	-0.0702720251108738	-2.67134184311925
94000	95000	-0.889443830579268	-1.14184247670442	-2.24078075357622
95000	96000	-1.46879090870083	-0.0275060335272689	-1.66409061715329
96000	97000	-2.06570757512151	0.612663988560352	-1.00751869907361
97000	98000	-2.0353840561331	0.389398679791333	-0.372786655351245
98000	99000	-2.02887749048706	0.233543793751169	0.287650665665992
99000	1e+05	-2.11162315853122	-0.918836605229088	0.502139026338588
1e+05	101000	-1.80465593758357	-1.37546432704732	-0.388819867759259
101000	102000	-1.82682756974573	-2.19118386299074	-1.14362598599996
102000	103000	-2.28527506132251	-1.16274231664033	-1.48207799749783
103000	104000	-2.19825627334758	-1.89128755978852	-2.15869625399728
104000	105000	-2.90747371794383	-1.51263010356256	-2.44979834741585
105000	106000	-2.28680928217233	-1.03462458228553	-2.43153587332623
106000	107000	-2.01848602283428	-1.32382610625367	-3.00556096522999
107000	108000	-2.61722149222283	-0.9272836976235	-3.22131727895595
108000	109000	-1.9509787499955	-0.567300847002943	-3.3453626871247
109000	110000	-2.45548557428386	-0.137981750578561	-2.94500128096389
110000	111000	-2.27081173718299	0.173615942208944	-3.58665171625005
111000	112000	-2.37584155856439	0.60362515451285	-3.06167126101229
112000	113000	-2.91220161709077	0.322765267677587	-3.63048429482007
113000	114000	-2.58608555444741	0.930673704456335	-3.63217153029757
114000	115000	-2.77389762668296	1.24895084366999	-3.21121299007467
115000	116000	-3.10781765536093	0.927644084312829	-3.64102186454187
116000	117000	-2.99796903591914	0.770620305633859	-3.20685839984219
117000	118000	-3.34347567559487	1.11250979278178	-3.29510783551646
118000	119000	-3.42977045323895	0.715562785451573	-3.26583438530444
119000	120000	-3.24291589887206	0.971647132455438	-2.90216540768135
120000	121000	-3.70110279783773	0.826499903477441	-2.9296707794527
121000	122000	-3.34644361617422	0.427347308373984	-2.69943590579077
122000	123000	-3.53713137218706	0.91143439854255	-2.30359029674608
123000	124000	-3.85392452206154	0.190891331776003	-2.36047158974056
124000	125000	-3.42383052938362	0.360317773428338	-1.70901649241923
125000	126000	-4.12812210308007	0.340328589656989	-1.39080686688798
126000	127000	-3.92069836214961	-0.545340514270275	-1.62321755273322
127000	128000	-3.3325206486322	-0.356631895080544	-0.926440186479936
128000	129000	-4.01060839023639	-1.18582453204162	-0.783507793540215
129000	130000	-3.06653403269954	-1.13179582737172	-0.4134990634
130000	131000	-3.3982617001196	-1.7800145940504	0.0792969290178178
131000	132000	-2.56387213173617	-2.23103904819663	-0.109248527305638
132000	133000	-2.93809197580801	-2.49880350712354	0.67517660903966
133000	134000	-2.10608494874908	-2.37393524421001	0.944171371282157
134000	135000	-1.21204202386623	-2.65641978938651	0.651242226051679
135000	136000	-1.23724253261027	-2.55993128416883	1.77118123830706
136000	137000	-0.23538469937538	-2.87904672412399	1.74922734852548
137000	138000	-0.250639918547531	-1.78826338378218	1.69159051409009
138000	139000	0.165518362943882	-0.909622521829184	2.25860566626807
139000	140000	1.11403939017987	-0.514772383594095	1.81094625410296
140000	141000	1.4524177360435	-0.409158555148074	3.32462132603101
141000	142000	1.82203183943301	0.232294917036779	2.43631230103154
142000	143000	2.53403877805952	0.348644960201356	3.29596674366265
143000	144000	1.87546234354478	0.900487578513307	3.49785012252954
144000	145000	2.68087560804878	1.45239990761276	3.21113210592339
145000	146000	2.05044324227613	1.46797863860345	2.8427861266074
146000	147000	2.0663680701236	1.91366751322615	3.42043497792696
147000	148000	1.32658707713976	1.78549199502516	3.45961723106026
148000	149000	1.52278943023541	2.04270359961806	2.82905508416109
149000	150000	1.5679884248506	2.57735408940169	3.35650118477555
150000	151000	1.13616383140641	2.75373075803786	2.78807808138725
151000	152000	0.67911120338129	2.12251863559844	2.7970608491301
152000	153000	0.611545354692497	2.54208031964652	3.46516538030902
153000	154000	0.237196142224837	1.85700912035442	3.37504274163013
154000	155000	-0.208699589151724	2.49620680199726	3.23926664129445
155000	156000	-0.749345177454346	1.94531457859672	2.9733528895995
156000	157000	-0.87629758184711	1.26847928996806	3.44804365762014
157000	158000	-1.76756078771493	1.15972355277107	2.99958284853852
158000	159000	-1.41456884678363	0.196072391189379	3.19939743619144
159000	160000	-2.38326403833393	-0.122852867118815	3.22733131104916
160000	161000	-1.77824590703837	-0.87910304621391	3.16634844933693
161000	162000	-2.6351799252921	-1.25094144697362	2.92944125773027
162000	163000	-2.22838383839942	-1.81586869822869	2.39096873012295
163000	164000	-3.04296670186775	-1.9102479607555	2.23638042691238
164000	165000	-2.85664077745953	-1.49309143119936	1.57504940567102
165000	166000	-3.41596089694209	-0.987988388681569	2.18370223255855
166000	167000	-2.40502131801647	-0.746317049570176	2.11752756697145
167000	168000	-1.45454527886742	-1.05943569278404	2.13054335813421
168000	169000	-1.1798803709716	-1.74122525823424	3.05544549867817
169000	170000	-0.338254165766813	-1.02598770292026	3.31489879387843
170000	171000	0.317441929413056	-2.11302127490108	3.0285539125762
171000	172000	1.20572099505423	-1.63202863033909	2.73584692867879
172000	173000	2.17614234880292	-1.49792133612624	3.00641048878898
173000	174000	2.4147690428949	-0.900683680086752	2.3012630107194
174000	175000	3.11720572717846	-0.792005016156317	2.89641098093216
175000	176000	3.53014372873359	-0.909580938656821	2.14260292628846
176000	177000	3.12764226353756	-0.179661219971013	2.08161671877
177000	178000	3.94537165426007	0.064691519841751	2.37777056758074
178000	179000	3.34014895501914	0.605004974421793	2.44966633514941
179000	180000	3.64296352267413	1.27674186543614	2.19623211243381
180000	181000	2.72638030581592	0.898600894438685	1.80605028518886
181000	182000	2.67486379313493	0.367210174119725	0.984093875840091
182000	183000	2.91899640653658	0.947154448903047	0.235573286840731
183000	184000	3.9037835774694	1.29266007617384	0.00643410939751096
184000	185000	3.55788221032734	0.944084719849789	-0.691386634713086
185000	186000	2.88700246815461	1.58633880268759	-0.971004706743687
186000	187000	3.25922743491178	1.19493090891507	-1.76473719402795
187000	188000	2.58455187894195	1.4461774428802	-2.08171953567767
188000	189000	3.02301826001209	0.869546911032629	-2.54957045827419
189000	190000	2.50987042176588	0.435019872705897	-2.02612658182804
190000	191000	3.25291792171582	-0.0195794720963795	-2.36000864395119
191000	192000	2.56745292594832	-0.17782116818545	-2.9965642214449
192000	193000	1.71515234823448	-0.365045063704532	-2.63042884303542
193000	194000	1.84923073418549	-1.10856969617048	-3.21276463889773
194000	195000	1.86973321420627	-1.14791452565526	-2.25602588020458
195000	196000	2.84738012304189	-1.18992227264197	-2.51572728367457
196000	197000	2.67649672253179	-0.637494302725497	-1.72964174954233
197000	198000	2.70851312018377	0.145010997080459	-1.06662672757105
198000	199000	1.68339517458899	-0.141506530150215	-1.09805878564663
199000	2e+05	1.47846826859129	0.690229644156644	-0.452455599834987
2e+05	201000	0.917923372978181	-0.209843020228725	0.12886022117168
201000	202000	0.306730508046489	-1.23797173834631	0.318225128218929
