0	1000	2.28558619080611	2.67861586817855	-3.1852722079309
1000	2000	2.64877575386533	2.67481374586317	-3.10509541133007
2000	3000	2.43635938101491	2.66892582994677	-2.82210189716748
3000	4000	2.68448960034284	2.93163011795584	-2.78694250200918
4000	5000	2.46681115813212	2.86989357708428	-2.47179666586239
5000	6000	2.84336966523675	2.82035731006494	-2.40114855592425
6000	7000	2.66442603429394	3.00081636175097	-2.15657804277466
7000	8000	2.62167267620694	2.67668123594553	-2.03741193055851
8000	9000	2.93150801747757	2.71818463539401	-1.91655024136705
9000	10000	2.66191145651999	2.6593504130651	-1.59993916087886
10000	11000	2.78969524709079	2.31351297147219	-1.82211973446142
11000	12000	2.90802331478792	2.31028233259196	-1.45219473253387
12000	13000	2.66010844761636	1.95249708609714	-1.58442701994925
13000	14000	3.1691001278987	1.86719338661156	-1.5290612947863
14000	15000	2.85874430223478	1.46547855524176	-1.62366309397354
15000	16000	3.39668464584181	1.39281828548369	-1.82582124494933
16000	17000	3.06351490800814	0.927118318488695	-1.95601478237018
17000	18000	3.37964014616061	0.791128278574368	-1.56673255957537
18000	19000	3.69543838767518	0.685163978248975	-2.0319228958547
19000	20000	3.52482025722779	0.276929464544784	-1.82952396676712
20000	21000	3.90760755739329	0.390586726120745	-1.55805137248296
21000	22000	3.8690174720193	0.0531674919722567	-1.81095173692531
22000	23000	4.26719090393677	0.0921399760388381	-1.65137881605384
23000	24000	4.05436623116506	-0.063465792922212	-1.36504825185525
24000	25000	4.14296436158312	-0.291444909300164	-1.60311058658241
25000	26000	4.36917137014551	-0.306656889325993	-1.37356024800799
26000	27000	4.19768439364046	-0.566694021927881	-1.51935839527238
27000	28000	4.1228742897649	-0.522567261720493	-1.20137277945384
28000	29000	3.9236965323622	-0.691318324877233	-1.41758338224143
29000	30000	3.91564818696263	-0.88364513753523	-1.13038650627879
30000	31000	3.69035047650245	-1.08401721181338	-1.32065781344906
31000	32000	3.54326957924593	-1.2816027834688	-0.974501816206588
32000	33000	3.28267579128303	-1.5699750376643	-1.05714631134613
33000	34000	3.08635178806527	-1.85391380025387	-0.765665350195922
34000	35000	2.87803267589134	-2.20520294725322	-0.754091403302327
35000	36000	2.56761858763442	-2.29552670496978	-0.684309427657729
36000	37000	2.56806978696991	-2.58808150071796	-0.424743957998798
37000	38000	2.23038698185879	-2.65109913433471	-0.467307963683048
38000	39000	2.32373445724674	-2.99231358881044	-0.312853877719884
39000	40000	2.05118395176371	-2.81632276323647	-0.164943741739566
40000	41000	1.89008105379899	-3.04662115881182	-0.293969910809102
41000	42000	1.80212504339518	-3.01360621091026	0.070806051687268
42000	43000	1.56475775392622	-3.21802140653272	-0.0873311875446116
43000	44000	1.4162438142075	-3.05966844807007	0.18523583816907
44000	45000	1.30456868319261	-3.35811640782517	0.230743507371308
45000	46000	1.06452580357025	-3.20443401293954	0.266357989557593
46000	47000	0.953819215971948	-3.3494942985206	0.460668944499502
47000	48000	0.713572345771053	-3.26838723372956	0.388488594290856
48000	49000	0.581581082936409	-3.21047445668237	0.586740658185188
49000	50000	0.327787099526243	-3.36819151868969	0.520066583045809
50000	51000	0.13806313941539	-3.17745218305609	0.703192988716177
51000	52000	-0.188485019364861	-3.20059550662827	0.566247798738354
52000	53000	-0.526239279913699	-3.12524323600454	0.800947695271672
53000	54000	-0.789573198458916	-3.08538852441344	0.484610617276233
54000	55000	-1.1317772409085	-2.79854840997626	0.650917332577654
55000	56000	-1.41554891956613	-3.00947500638403	0.352655982972126
56000	57000	-1.61793352775877	-2.64758413152416	0.345825590785363
57000	58000	-1.88839364982608	-2.88766768901483	0.0400675743286915
58000	59000	-2.09168418711127	-2.44111554730594	0.0556184205630585
59000	60000	-2.21809062934629	-2.48209596399935	-0.375183660749538
60000	61000	-2.70197139033147	-2.56902773908645	-0.254771361011001
61000	62000	-2.68087080258708	-2.14318297309691	-0.553918243103003
62000	63000	-3.11535232558084	-2.377959975146	-0.74693065654749
63000	64000	-3.19680699771873	-1.98116339312955	-0.519509450564888
64000	65000	-3.50771630651236	-1.91827258457583	-0.817329511713065
65000	66000	-3.76832610727162	-1.9226913932624	-0.500218546709726
66000	67000	-3.97491318884539	-1.65631981080042	-0.750379191795734
67000	68000	-4.21801353529953	-1.76243867929686	-0.436142370439735
68000	69000	-4.13090364434428	-1.44151428111856	-0.445891065258657
69000	70000	-4.41444917614469	-1.42662624411333	-0.467964269108194
70000	71000	-4.34670654781522	-1.35594500103397	-0.216360968025812
71000	72000	-4.4406329437666	-1.11652417592598	-0.369086547497556
72000	73000	-4.54234073799486	-1.0691776555054	-0.0369259645900516
73000	74000	-4.39440528436436	-0.69339157243895	-0.167881419711044
74000	75000	-4.49751498912645	-0.724413897748823	0.239143234261785
75000	76000	-4.14189196083066	-0.423379027556981	0.198687528623655
76000	77000	-4.09217833112967	-0.660915635279056	0.614871670845261
77000	78000	-4.07948870685991	-0.166940467793244	0.76179317895023
78000	79000	-3.58971766180378	-0.409351621082196	0.718704177767114
79000	80000	-3.52399407857728	-0.476612399741371	1.21691388282795
80000	81000	-3.30805724569069	-0.0791964703557304	1.0026314669907
81000	82000	-2.9142591854351	-0.432359933002464	1.01081028691223
82000	83000	-2.82317859061692	0.0581612034787242	0.937058577542972
83000	84000	-2.49714428430664	-0.159473205312739	0.59730658161084
84000	85000	-2.71941856679179	0.355640294154596	0.452853326857056
85000	86000	-2.63240651813311	0.065257408828168	0.00667814880509139
86000	87000	-2.82292466391559	0.567604468697756	-0.199942805202422
87000	88000	-2.23676179286564	0.472462780301089	-0.367311704408402
88000	89000	-2.46521775073657	0.642450310111027	-0.916788377735453
89000	90000	-1.79322192295809	0.609984616345897	-0.955190787555577
90000	91000	-1.91279569053705	0.873472276278629	-1.56657811350336
91000	92000	-1.21004680773662	0.894611780970071	-1.49298349504097
92000	93000	-1.26887657094511	1.13270782743337	-2.08088579597764
93000	94000	-0.720498814804347	1.13234813019525	-1.93879683981019
94000	95000	-0.928119870660262	1.56757494604419	-2.36242338337561
95000	96000	-0.470589650402533	1.62966776658976	-2.12790428545799
96000	97000	-0.494335785156598	1.71825780975766	-1.69552934019071
97000	98000	-0.728081568530834	2.12988369548176	-1.83616328965951
98000	99000	-0.61087322327759	2.17599973459731	-1.33280381020835
99000	1e+05	-0.904286263772344	2.61054597078297	-1.36053052501081
1e+05	101000	-0.755262011941939	2.50735407393005	-0.876772074475622
101000	102000	-0.994857911733587	2.88607200764336	-0.790510129207997
102000	103000	-1.03275593609997	2.61777510828594	-0.393506176846733
103000	104000	-0.92074389856531	3.03929648814695	-0.23020892972015
104000	105000	-1.4071549029521	3.06557683744297	-0.168420456942571
105000	106000	-1.16147811156007	3.07121993319375	0.292513629887082
106000	107000	-1.54314097753823	2.70087429206824	0.390950415430873
107000	108000	-1.18950368130067	2.79293953579042	0.779492528841814
108000	109000	-1.75792298423028	2.89612272194723	0.952883359223005
109000	110000	-1.52245618251866	2.55093681693773	1.41612210219018
110000	111000	-2.05808227035731	2.48699966657277	1.65428835384106
111000	112000	-1.83342577978053	2.4847391351544	2.20834746041087
112000	113000	-2.30227536145538	2.16387809337709	2.29710636906246
113000	114000	-2.25281969684191	2.37723002045306	2.74182606294078
114000	115000	-2.53942830194446	2.06254945378617	2.79186798622961
115000	116000	-2.36349360259201	2.11962052985967	3.08941795882483
116000	117000	-2.71871971738583	2.18072585409459	3.14687068332662
117000	118000	-2.53533919631912	2.10082372771981	3.4116321865865
118000	119000	-2.66636879280773	1.84565680427925	3.30065876024965
119000	120000	-2.44283134948593	1.80690898080836	3.37260701701137
120000	121000	-2.62649403315955	1.72113648633146	3.57401923880153
121000	122000	-2.48667080172834	1.48841836479498	3.38421245460865
122000	123000	-2.68608220811015	1.34345303088853	3.63045381416477
123000	124000	-2.24852246043252	1.27703630142545	3.68096462229091
124000	125000	-2.45953830098914	0.887069824131367	3.50953878577747
125000	126000	-2.05222212636109	0.813260576079059	3.5974452353972
126000	127000	-2.25906056694048	0.6028347594077	3.94461648908409
127000	128000	-2.20040814950479	0.233888752259009	3.62601967945963
128000	129000	-1.79061035247328	0.253741630665311	3.97891636799285
129000	130000	-2.04444061033649	-0.138757988535926	4.03805594477673
130000	131000	-1.70645455305516	-0.266151224684281	3.77973900867431
131000	132000	-1.90535283119254	-0.604238645655341	3.88047268309024
132000	133000	-1.48889347256898	-0.626096396496302	4.00075322654855
133000	134000	-1.65234411113693	-1.00009708490891	4.03768729103562
134000	135000	-1.41619860635184	-1.03503009276124	3.80462674053339
135000	136000	-1.56258342631586	-1.32955484566609	3.80789872225989
136000	137000	-1.24236414854853	-1.41052573812137	3.87793087674723
137000	138000	-1.39169055456695	-1.55212122263348	3.59462025547444
138000	139000	-1.03225338552559	-1.49073098698892	3.53086427943056
139000	140000	-1.04213827640516	-1.91905352366011	3.56708023051926
140000	141000	-1.11630561850618	-1.85426416303381	3.10895109448298
141000	142000	-0.594061685396709	-1.91424528950816	3.11165167175213
142000	143000	-0.764023555835626	-1.81696885564228	2.57238169326739
143000	144000	-0.277661888795088	-2.18814782480235	2.47267132202491
144000	145000	-0.00450385654281944	-1.64069468468284	2.40252320402761
145000	146000	-0.331979014373711	-1.50372572128084	1.84618377744692
146000	147000	0.163781928062119	-1.09900030400869	1.88073956725456
147000	148000	-0.117886262496508	-0.712527905973403	1.49851235089374
148000	149000	0.245660032408955	-0.358272316841508	1.88276590511835
149000	150000	0.0328782431048146	0.00852440385898844	1.47164514320852
150000	151000	0.37728156494586	0.401875878840434	1.35860078557973
151000	152000	0.5874090242243	0.435740500721972	1.8442244826926
152000	153000	0.57942880126165	0.976911065161849	1.8527974969137
153000	154000	1.04574827649609	0.955170563805483	1.68727103126324
154000	155000	1.11746863747673	1.40945576089155	1.87569272055192
155000	156000	1.32761976605012	1.16069181682156	2.17697395785608
156000	157000	1.65104559147988	1.37717455200966	1.86570944613397
157000	158000	1.82942013409539	1.29194606758286	2.26390869856323
158000	159000	2.05350689256634	1.10005844338164	1.94967054683643
159000	160000	2.2785518512467	1.07236091326983	2.32254989523216
160000	161000	2.33129341301123	0.776198529651472	2.0374705721349
161000	162000	2.12090230787604	0.587161354948624	2.35824481379155
162000	163000	2.51025217017595	0.344385650925177	2.24203516935968
163000	164000	2.15263207231476	0.151552336838039	2.49525842135877
164000	165000	2.1250332804177	0.0512474010626522	2.01392409569237
165000	166000	2.02960893323467	-0.314203689253326	2.27655940073935
166000	167000	1.97130484406867	-0.327089659089042	1.72441537181228
167000	168000	1.656212116928	-0.698259810837834	1.85432310196133
168000	169000	1.55182976069146	-0.688832691369675	1.22818740552356
169000	170000	1.13540052809468	-0.782507816628108	0.826325022033071
170000	171000	0.692714516950147	-0.790606250278616	0.278824327288676
171000	172000	0.215247705613446	-1.13640703467068	0.0365279451866296
172000	173000	0.0156772481401235	-0.976193035346478	-0.430192116670586
173000	174000	0.0270738484702281	-1.48006180966874	-0.742954391885982
174000	175000	-0.207502606911045	-1.19474037897929	-1.15731399640075
175000	176000	0.142431784464117	-1.5351900310433	-1.49344123189795
176000	177000	0.0767108141751984	-1.14784301508348	-1.81166065395993
177000	178000	0.284093362299649	-1.37466230419084	-2.18707970100823
178000	179000	0.0863172708169195	-1.0187654169899	-2.41244440846328
179000	180000	0.426201255008009	-0.941585453389439	-2.59408513056559
180000	181000	0.210938294148386	-0.891576800653599	-2.94284006085255
181000	182000	0.337675410305308	-0.555003433303805	-2.84678394148226
182000	183000	0.457675492848136	-0.567314459110621	-3.2199649652524
183000	184000	0.323064865524684	-0.285904744009335	-3.1902183039024
184000	185000	0.63387934202144	-0.219964372235879	-3.17536258923412
185000	186000	0.524090944499705	-0.0848186851770875	-3.47479002145242
186000	187000	0.66020159940696	0.153922472833115	-3.31799933553846
187000	188000	0.725469352315395	0.288855202026529	-3.67157413284308
188000	189000	1.03396934546698	0.339054784195592	-3.47398412622776
189000	190000	0.943116462728689	0.687191301461213	-3.4828815125327
190000	191000	1.24512869149263	0.725465296567501	-3.70613477494402
191000	192000	1.37306038213279	0.954721937308471	-3.43464357602101
192000	193000	1.31999818192847	1.23243972710595	-3.61416751769506
193000	194000	1.75744268486233	1.28272300615157	-3.66993108946207
194000	195000	1.59633974783178	1.68398351703043	-3.53519566772525
195000	196000	1.91809026649275	1.72994456534278	-3.79791157941932
196000	197000	1.92352096758256	1.9922697743082	-3.54674065719982
197000	198000	1.94247812729418	2.19813088445638	-3.86400247658393
198000	199000	2.25406456419133	2.11576323084416	-3.71777629169746
199000	2e+05	2.10477905802352	2.41863826340389	-3.58023395062924
2e+05	201000	2.36698079372531	2.31494785983906	-3.40247307001438
201000	202000	2.46092058782634	2.60407916784332	-3.48749789218817
