0	1000	-1.57551736530081	-4.45660757573103	1.45956571256937
1000	2000	-1.46877730311893	-3.95027007260884	1.34572475935113
2000	3000	-1.53447837278119	-3.88583490471807	1.84658880655533
3000	4000	-1.8946196082632	-4.25035969515928	1.82889556884753
4000	5000	-1.90086951378294	-3.70931376943928	1.71898141218707
5000	6000	-2.18992000145463	-4.09656421857662	1.46612154320509
6000	7000	-2.06308663549914	-3.73080163090355	1.23563825677356
7000	8000	-2.41764794977405	-3.68774582761697	1.55040899824942
8000	9000	-2.54316627566364	-3.83388389271494	1.06973840736214
9000	10000	-2.58781881307544	-3.34924110836555	1.25013843324324
10000	11000	-2.33259583576682	-3.31082709147917	0.852495541671981
11000	12000	-2.87773024063231	-3.57642971315896	0.754989924043176
12000	13000	-2.76921450510555	-3.03612262013821	0.854952676001678
13000	14000	-2.7415217106614	-3.34445741918575	0.382408605353437
14000	15000	-3.16643953773042	-3.07880748533028	0.548273267878625
15000	16000	-2.93028799323726	-2.71332038380101	0.430874878844176
16000	17000	-3.18870207007931	-3.09474842557927	0.0876337902357389
17000	18000	-2.86987190764602	-2.81243512027745	-0.00176921912200188
18000	19000	-3.30861698639459	-2.69657368757988	-0.0722486948021942
19000	20000	-3.15104569720028	-2.93362666118199	-0.450130895938768
20000	21000	-2.75207281260393	-2.71000556244228	-0.46890008489461
21000	22000	-3.05348467147265	-2.39405533480506	-0.391234540320095
22000	23000	-3.28277632615712	-2.55250329844215	-0.711864395617614
23000	24000	-2.87986069474465	-2.49943030219206	-0.917601908822822
24000	25000	-3.07848974156312	-2.04947084992506	-0.748841897166583
25000	26000	-2.53559337079399	-2.04536597274409	-0.871693112775406
26000	27000	-3.10999463526377	-2.01241515820971	-1.23665499925046
27000	28000	-2.67744846476632	-2.05251328515055	-1.40673386142534
28000	29000	-2.73251354508669	-1.59759681610619	-1.20709668121081
29000	30000	-2.82658725263749	-1.73168757686234	-1.77885070159099
30000	31000	-2.97345052546048	-1.34700334637998	-1.64565853147095
31000	32000	-2.39265698627636	-1.46597386923098	-1.7808986822678
32000	33000	-2.49333125159505	-1.07653555762019	-1.62937122225895
33000	34000	-2.79647926192864	-1.05729069708635	-2.00334141537187
34000	35000	-2.3585878677581	-1.06291712411757	-2.22841882483631
35000	36000	-2.46474650906119	-0.659840415219101	-1.88723861317177
36000	37000	-2.66317735381142	-0.64286740331279	-2.32271414857992
37000	38000	-2.1382635685808	-0.553482152018568	-2.29260398401714
38000	39000	-2.53828124407967	-0.36485645317245	-2.68988535501001
39000	40000	-2.14768395517183	-0.128938900020183	-2.08372934432452
40000	41000	-2.1608550860095	-0.0529935162540229	-2.60100324355864
41000	42000	-2.53633518574083	0.163288379658345	-2.34576461930528
42000	43000	-1.89169215147847	0.325971518561168	-2.45300559495714
43000	44000	-2.14550808096417	0.445683224086495	-2.02992779334362
44000	45000	-2.38966477703923	0.59318898060196	-2.62876393227959
45000	46000	-2.00452240452495	0.823497183430411	-2.30831306270947
46000	47000	-2.26630976603624	1.04394124724615	-2.55121980022997
47000	48000	-2.52819562060705	0.930235560618528	-2.13381371308644
48000	49000	-2.19322352051085	1.1010352977395	-1.89929214844854
49000	50000	-2.69930670928131	1.30479255255047	-2.32502470533998
50000	51000	-2.22609399933954	1.5388052790576	-2.25207112507822
51000	52000	-2.58839719824695	1.54029134900254	-1.84226976971827
52000	53000	-2.48633387916544	1.94996140379331	-2.38744251264692
53000	54000	-2.77823527162162	1.84197852630523	-1.99038368125194
54000	55000	-2.26457647472608	1.93228657776006	-1.89374226145915
55000	56000	-2.53589324983813	2.04194861921219	-1.58426949766829
56000	57000	-2.65648094902005	2.40289076931559	-1.8631197398813
57000	58000	-2.18912222104389	2.46399244977601	-1.9148073971299
58000	59000	-2.06244704137298	2.28039489455759	-1.38990583394659
59000	60000	-2.28997528653795	2.81839002702002	-1.60281442173191
60000	61000	-2.19765232983179	2.68034248461836	-1.03087224319998
61000	62000	-1.74468527362089	2.73986018591962	-1.46918020284968
62000	63000	-2.10160418974464	3.36176862112718	-1.40372285055046
63000	64000	-1.59991751537516	3.00255235005209	-0.953575618438207
64000	65000	-1.40143401539355	3.2062355877143	-1.44423240245758
65000	66000	-1.65995132920233	3.71956729813666	-1.21580147360488
66000	67000	-1.46181448692343	3.60573996193426	-0.790508046765295
67000	68000	-1.07603984435799	3.65792174941338	-1.4448423138
68000	69000	-0.974654885922028	3.58440659981616	-0.857213347777526
69000	70000	-1.21822578525837	4.18795179733719	-1.07191742036685
70000	71000	-0.597845838157237	3.84104938825659	-1.19734940340329
71000	72000	-0.686482071229799	4.31934636957232	-1.40271417931597
72000	73000	-0.601880298660255	4.24053270285581	-0.773083801314244
73000	74000	-0.456359845995709	4.69382187183012	-1.07449683668538
74000	75000	-0.0336787939985827	4.20237695564234	-1.4286994075729
75000	76000	-0.00491383467463018	4.19529948609675	-0.840921085937346
76000	77000	0.265407784655392	4.69149235818899	-1.28986196947009
77000	78000	0.166690414773744	4.7826621545199	-0.650631225218988
78000	79000	0.561427053936914	4.25602442670251	-0.954955302176272
79000	80000	0.730316495526697	4.78916244977752	-0.786468497794093
80000	81000	0.68967751940022	4.30528278071199	-0.4363545220238
81000	82000	1.17228384921405	4.48963592188787	-0.766507332898719
82000	83000	1.0584715297689	4.52644947536687	-0.192392236595627
83000	84000	1.19953543528443	3.97981369221353	-0.409341040386408
84000	85000	1.64053453214019	4.36550034994734	-0.262944085163007
85000	86000	1.43102682260759	4.42678034353691	0.252001580762386
86000	87000	1.67543998742252	3.73571533381455	-0.110127268117442
87000	88000	1.37219995780895	3.91560953205525	0.366220052918741
88000	89000	1.9812383919468	3.84461487158123	0.354710786358703
89000	90000	1.55234021774476	3.5067333781464	0.584541401208002
90000	91000	2.07168038725454	3.90206888759179	0.880941389313266
91000	92000	1.92467029866405	3.29041496123694	0.933917119846771
92000	93000	1.59525243742697	3.69927882324552	1.29840434407309
93000	94000	2.15733412569321	3.32806826905755	1.41525742218155
94000	95000	2.03701087300432	3.84099532227924	1.80577966611439
95000	96000	1.53495634531784	3.41200346749827	1.90477598160505
96000	97000	1.98807665609874	3.07487634743352	2.00119643714343
97000	98000	1.89085183502803	3.42769735428711	2.3569051393731
98000	99000	1.64313819740119	2.84296177400527	2.24356191760181
99000	1e+05	2.27260201897402	3.17050290649134	2.69032342615046
1e+05	101000	1.74329120229329	3.15912623906368	2.78927020013181
101000	102000	2.03333003691164	2.5393183385208	2.67302115114066
102000	103000	1.64863344175337	2.7506701915527	2.88404325958722
103000	104000	2.06485025732017	2.65172385109255	3.20988911463822
104000	105000	1.51993763018243	2.96139551295954	3.42462444808871
105000	106000	1.7480713241679	2.575793538568	3.52974558058014
106000	107000	1.37157345484137	2.40602951791555	3.21189278400674
107000	108000	1.66451274133482	2.02430387891278	3.38693447802966
108000	109000	1.1364342986804	2.38314297578574	3.64701457149116
109000	110000	1.42296151154016	2.02815923828248	3.79920455530034
110000	111000	1.12963775294954	1.95990549817061	3.41887226957827
111000	112000	1.05157436309561	1.82237048700995	3.86349137718887
112000	113000	0.730997389885757	1.86166971485525	3.61125864628316
113000	114000	1.08341467163496	1.41055937928683	3.46093261691013
114000	115000	0.731814155606146	1.34410871570245	3.68323054745011
115000	116000	0.718906931372476	1.41635272856682	3.09134209348532
116000	117000	0.270988213095832	1.40074021821114	3.48431794515609
117000	118000	0.529988684556232	0.921335133384816	3.37028140887771
118000	119000	0.158845895030693	1.22708539116138	2.99310399095778
119000	120000	0.493000798687198	0.773523827566168	2.90379449813417
120000	121000	-0.0129763924380362	0.659885918351143	2.93851266894664
121000	122000	0.236239239888463	0.922727998201886	2.51939073996593
122000	123000	-0.277004304306504	0.956651290837158	2.57323488532415
123000	124000	-0.0960385994347666	0.47725800659236	2.33193563115
124000	125000	-0.144460728947868	0.918897694464522	2.06002513916612
125000	126000	0.172764048656245	0.519308559028128	1.93415351946437
126000	127000	-0.381091877691784	0.531392166116331	1.73251015280696
127000	128000	-0.00395693002939987	0.859300302881335	1.50492848953078
128000	129000	-0.00554795577823767	0.164562881129594	1.44496537551077
129000	130000	-0.262430699860275	0.622798432415794	1.13040934915139
130000	131000	0.086673422400209	0.349856421734235	1.10965169075455
131000	132000	0.204647765168117	0.730615021872557	0.916255599438472
132000	133000	0.0650999492873107	0.220954610867129	0.72189973652237
133000	134000	0.631819473080722	0.396803085623085	0.934340458123143
134000	135000	0.50823568556976	0.615381147366679	0.548512135477238
135000	136000	0.620891760575981	0.066834299050639	0.576793814878431
136000	137000	0.356818942205643	0.390939295623611	0.14156967244631
137000	138000	0.997219960289685	0.579537112707713	0.416558429623333
138000	139000	0.759999290981685	0.0557006584547947	0.0209935172939957
139000	140000	0.816381213430166	0.692316271759062	-0.111008942222985
140000	141000	1.24948558539197	0.143494438839274	0.102701044872117
141000	142000	0.970582491242097	0.325654078138173	-0.397770764794692
142000	143000	1.51159117818937	0.569392163955915	-0.186104489479734
143000	144000	1.32584171451716	0.202376298643247	-0.722330386871193
144000	145000	1.72747035396195	-0.0113771952034811	-0.366746196040931
145000	146000	1.75187336795659	0.614111618613957	-0.747621955275557
146000	147000	1.806086467136	0.15369416814808	-0.949515845090178
147000	148000	2.21225072552902	0.443713265584767	-0.492962117886835
148000	149000	2.3249210331043	0.720782795799176	-1.02407651950652
149000	150000	2.4041224927922	0.12982028974505	-1.16605393744741
150000	151000	2.69769775849632	0.292805742064013	-0.644705278441355
151000	152000	2.7968103268864	0.334003268219756	-1.26265820003259
152000	153000	3.24290377564042	0.486695219702016	-0.954089239165241
153000	154000	3.14403625200208	-0.0297571140213876	-0.815124682691455
154000	155000	3.61468986976466	0.111869529854699	-1.01626016929885
155000	156000	3.33345361058311	-0.129928613636721	-1.38856904864067
156000	157000	3.73763081741841	-0.351800277991304	-0.817244558734376
157000	158000	3.78853920954177	-0.415369171065412	-1.42405861262571
158000	159000	3.36610055041939	-0.693704131234794	-1.10529831680822
159000	160000	3.97536297441157	-0.916570254611063	-1.25086890100701
160000	161000	3.66422535962583	-1.05925154687472	-0.882777845367898
161000	162000	3.47678261747357	-1.10597954314887	-1.35200716996118
162000	163000	3.80466673157347	-1.46855324158369	-1.12157773152186
163000	164000	3.5418434375775	-1.48113513342098	-1.58924224937009
164000	165000	3.22043129652158	-1.58165597690842	-1.2222335247331
165000	166000	3.57783293275234	-1.96274700715569	-1.4698458697663
166000	167000	3.32128661552133	-1.97633295122592	-1.04352172786729
167000	168000	3.02981234324135	-1.9486850155013	-1.54736769966614
168000	169000	3.19739562324131	-2.4057271723884	-1.30956247205189
169000	170000	2.77222950561887	-2.08151093649862	-1.14235301516459
170000	171000	2.76334280953013	-2.38196918710313	-1.60429581969516
171000	172000	2.77159804849946	-2.58304451945285	-1.02380031518622
172000	173000	2.29194458701576	-2.32858284390109	-1.31875133281679
173000	174000	2.4469030447424	-2.82284438328225	-1.32667650187854
174000	175000	1.95163481197284	-2.70273882593091	-1.42420337076316
175000	176000	2.17344140564196	-3.05498664859727	-0.969270267424307
176000	177000	1.71782053181136	-2.69841637526456	-0.960290793593115
177000	178000	1.72932803938361	-3.23724341831029	-1.13200435440068
178000	179000	1.33423829265931	-3.00069886575276	-1.07661684597141
179000	180000	1.47325203311683	-3.16067792237889	-0.695378737702411
180000	181000	1.30520657187284	-3.56993645114055	-0.933950619808615
181000	182000	0.969302725589686	-3.18525437369393	-0.749523101961659
182000	183000	0.839014721215924	-3.57478961576591	-0.901057174452
183000	184000	1.04298589654374	-3.58182864448094	-0.415685240452691
184000	185000	0.570373198787111	-3.40120103712166	-0.486395878757951
185000	186000	0.558262685996185	-3.84399262426648	-0.489035064549943
186000	187000	0.657540283687459	-3.57503266177524	0.0101755339512806
187000	188000	0.667138545180144	-4.04063199183552	-0.0263042209962327
188000	189000	0.1784162092228	-3.67341412928736	0.0176374238302852
189000	190000	0.0609582962580328	-4.12517385931677	-0.0310385099892203
190000	191000	0.228388239623619	-3.87332627455755	0.523357879811321
191000	192000	0.0299617600686041	-4.46238818398642	0.387288268580534
192000	193000	-0.285500181248212	-4.00184034218575	0.472071301431661
193000	194000	-0.0193210801499756	-4.37924766886762	0.914518184177365
194000	195000	-0.304656157039048	-3.95886637619135	0.941390540932125
195000	196000	-0.572732350410693	-4.53073720301313	0.813990774244818
196000	197000	-0.440597173222032	-4.33190185561145	1.2793834489804
197000	198000	-0.656688625299153	-4.71159135809048	1.36460078209215
198000	199000	-0.927263695139535	-4.23015534776588	1.02152232599674
199000	2e+05	-0.82486464958183	-4.09725166433183	1.52454502290567
2e+05	201000	-1.15402284420919	-4.5604839683771	1.26191070489939
201000	202000	-1.1838566119004	-4.35709206218338	1.77101867351355
