0	1000	-0.111354703877418	3.47881437943411	0.0416932616790963
1000	2000	0.224382441725202	3.35662739804873	-0.415740032341276
2000	3000	-0.185801642251875	3.07711378564862	-0.564624789407091
3000	4000	-0.107985001806847	3.41601750207496	-1.01299802878919
4000	5000	-0.273665538980271	2.90046747420034	-1.12358912854376
5000	6000	-0.3535250437472	3.29873813514595	-1.46160057188533
6000	7000	-0.26908273869149	2.87666965620469	-1.68025327691213
7000	8000	-0.719738720608155	2.77163272620275	-1.5777124977479
8000	9000	-0.659515116378434	3.05108153665272	-1.86626072889098
9000	10000	-0.879744650929361	3.3647544086057	-2.0416359960112
10000	11000	-1.0602802343874	2.90855083074328	-1.98966113623632
11000	12000	-1.29994282413632	3.22425000173791	-2.08501683117258
12000	13000	-1.15727499497393	3.05432765190281	-2.34347770659855
13000	14000	-1.33590171785776	3.19906426366387	-2.58552026066418
14000	15000	-1.53162130755779	3.00385511651491	-2.30834517602796
15000	16000	-1.63211751872582	3.00136948035609	-2.61728434790149
16000	17000	-1.44056619514572	2.8141794527758	-2.68063773464067
17000	18000	-1.64782394705857	2.65425968214348	-2.3864880338311
18000	19000	-1.63804387696697	2.54849673636099	-2.72526630665466
19000	20000	-1.46340927277549	2.42957714982308	-2.12734835912517
20000	21000	-1.34477830047489	2.24285230948196	-2.52278064321256
21000	22000	-1.04257404042979	2.53313550874112	-2.45066992690218
22000	23000	-0.793814860430298	2.40103978347261	-2.17145682273676
23000	24000	-0.710516997673411	2.73800312159447	-2.38744844444985
24000	25000	-0.330022623867421	2.56861653032965	-2.38390293495346
25000	26000	-0.499019052564747	3.18478387534399	-2.49637200004006
26000	27000	-0.0778139127444191	2.91187314969108	-2.60553778795498
27000	28000	-0.244935431716541	3.22393765104282	-2.80191696262721
28000	29000	-0.340663540875475	2.8907842493367	-2.82282513149648
29000	30000	-0.590131860906321	3.14808548325775	-2.99480417554015
30000	31000	-0.418743287853914	2.8875481459818	-3.12580288630243
31000	32000	-0.755139216793009	2.82912556398787	-3.09727055227215
32000	33000	-0.625590396769481	2.64068542355611	-2.89342538217723
33000	34000	-0.544578750601952	2.45197182692955	-3.15227693296963
34000	35000	-0.877766331390403	2.32168658466053	-2.99500152375646
35000	36000	-0.487261733909337	2.21572443424338	-2.7755898880807
36000	37000	-0.842941620164269	1.95475853535013	-2.7053292443385
37000	38000	-0.435125863941547	1.82867559420764	-2.46432204124786
38000	39000	-0.633575855682968	1.64124273532858	-3.04315100324585
39000	40000	-0.875311769022067	1.453437307672	-2.33718400222717
40000	41000	-0.987609532921452	1.14901339638163	-2.8317351100687
41000	42000	-0.587466779451364	0.845543758847525	-2.4679300443149
42000	43000	-1.01322996110509	0.437915223980025	-2.61058594271257
43000	44000	-0.625302729902323	0.00656239770450722	-2.7123206290878
44000	45000	-1.19640662333456	-0.364217404911446	-2.60959034392612
45000	46000	-0.666074595727158	-0.688323314634956	-2.57489657758613
46000	47000	-0.678948418549455	-0.746128425977582	-3.13013334792307
47000	48000	-0.488923011218574	-1.24691243292061	-2.69848341882508
48000	49000	-0.721542171109133	-1.24418959472499	-3.04692588973048
49000	50000	-0.398055838312602	-1.42336117518201	-3.30951570766519
50000	51000	-0.498830485803321	-1.74151331269644	-3.03359988904031
51000	52000	-0.636335561268066	-1.87466561095542	-3.34232092633047
52000	53000	-0.417505810649772	-2.14071933584046	-3.35135037820059
53000	54000	-0.74216902068369	-2.2545372009241	-3.4594761228853
54000	55000	-0.655809623432662	-2.23007093937032	-3.09522989387042
55000	56000	-0.521619499248765	-2.48950543286797	-3.11266401016781
56000	57000	-0.870917538285913	-2.61815933510217	-3.24097328080494
57000	58000	-0.827471684073635	-2.69486562714846	-2.87253210228787
58000	59000	-0.963247711742051	-2.37059050336443	-2.74491340706063
59000	60000	-1.3242662061051	-2.60033195601784	-2.94336090150334
60000	61000	-1.42347484029305	-2.53425951974039	-3.32920508647417
61000	62000	-1.30708428518588	-2.14875289445185	-3.07160173068582
62000	63000	-1.00759936200393	-1.78329821875603	-2.7004187560399
63000	64000	-1.12150784383849	-1.6712635375976	-3.18722711913587
64000	65000	-1.24016825536576	-1.99278441433081	-3.66429224255826
65000	66000	-0.986296433505186	-1.588762072285	-3.75276084244364
66000	67000	-1.34856988838649	-1.71445295362445	-3.91205515818879
67000	68000	-1.28231313315733	-1.34930147204521	-3.87809334335294
68000	69000	-1.32424837658448	-1.29794952671191	-3.61009536119511
69000	70000	-1.61782730262598	-1.27985309402341	-3.68545902233542
70000	71000	-1.57428137771685	-1.52740628611417	-3.61576404289701
71000	72000	-1.58411017042689	-1.33234378763159	-3.39229901064564
72000	73000	-1.83528768190459	-1.51792273966065	-3.45213660499487
73000	74000	-1.63579980722475	-1.75035171179352	-3.34005428886708
74000	75000	-1.81308714914841	-1.51555552086028	-3.1127255793118
75000	76000	-1.55621949796882	-1.53932553369001	-2.89079595622078
76000	77000	-1.8409607843434	-1.89002857062295	-2.87445043694753
77000	78000	-1.7115925399794	-1.61676125722541	-2.54474773439739
78000	79000	-1.60249156415716	-2.0995224029377	-2.39447113346258
79000	80000	-1.31395383368174	-1.88512432598719	-2.03188199432395
80000	81000	-1.26533668634399	-2.47274273514218	-1.92331871902973
81000	82000	-0.74871628449879	-2.41692828475147	-1.67513341649684
82000	83000	-0.911705828894062	-2.8440622226742	-1.33466647516585
83000	84000	-0.393220725848824	-2.93815491647464	-1.04272827020679
84000	85000	-0.685502267323757	-3.14555923441648	-0.577602774971121
85000	86000	-0.214974079665808	-3.51816326022186	-0.498442632455131
86000	87000	-0.351148990306064	-3.3129297929714	0.0468640944912238
87000	88000	-0.528123780212884	-3.92662152038993	-0.0696641349256236
88000	89000	-0.118357316312083	-3.83729405733288	0.168928742242304
89000	90000	-0.567185896464351	-3.83494735281005	0.432694909675783
90000	91000	-0.432102661246568	-4.35044020942393	0.293886884458919
91000	92000	-0.434931584820009	-4.1009180345054	0.593872174077624
92000	93000	-0.673919693884347	-4.43276823669844	0.662890374074415
93000	94000	-0.558072036697016	-4.269906521128	0.925469922249063
94000	95000	-0.799117325836397	-4.47232235830382	1.09004316075192
95000	96000	-0.852716783356144	-4.09309809341867	0.988822487301048
96000	97000	-0.669276709982191	-4.21090208554037	1.30864881918715
97000	98000	-0.853884970435246	-3.93198305545794	1.29264008348348
98000	99000	-0.533191673970713	-3.96898934587474	1.50087390521636
99000	1e+05	-0.60989260197616	-3.62652777182431	1.18792976300371
1e+05	101000	-0.255152304490667	-3.81604817614214	1.34136465084583
101000	102000	-0.187303963179347	-3.66051641704395	0.921485685361692
102000	103000	-0.114390876290676	-4.09013274881126	1.0413192477474
103000	104000	-0.0317203003205951	-4.35366310050337	1.38810482377008
104000	105000	-0.189422566516783	-4.70839408521769	1.15969962441571
105000	106000	-0.13420119169741	-4.73464617849365	0.754336308420378
106000	107000	0.219048155029533	-4.7376064125466	1.16048317811191
107000	108000	0.142789453749495	-4.91764661916909	0.892391674587284
108000	109000	0.378619290334875	-4.79715893145148	0.905799107509635
109000	110000	0.263858339131184	-4.72998412414332	0.673912429465282
110000	111000	0.264884604884207	-4.56069698039098	0.860559420371442
111000	112000	0.472537284609695	-4.56251380600486	0.709234476858261
112000	113000	0.255330426876893	-4.36734927465253	0.632678866957594
113000	114000	0.511717471015818	-4.25835935969995	0.641478588516475
114000	115000	0.372814755793138	-4.20993197998344	0.978179128546591
115000	116000	0.306207587502367	-3.93858933269571	0.77113623050764
116000	117000	0.680171508821697	-4.08102024534506	1.10928853048089
117000	118000	0.532253799837474	-3.7098212850303	0.970692008179302
118000	119000	0.421241988924697	-3.90483224250265	1.4693677917223
119000	120000	0.29345649603955	-3.427453078974	1.26976652456256
120000	121000	0.517861824971181	-3.47550342236976	1.67714365822887
121000	122000	0.269263355201397	-2.99617093874556	1.67952689885108
122000	123000	0.690040868052844	-2.95788565363467	1.94427548061101
123000	124000	0.38133865106006	-2.52999322285505	2.10590209375021
124000	125000	0.706533148419959	-2.26212161463791	2.4556422847997
125000	126000	0.768659489587262	-1.76610198238073	2.42056826470098
126000	127000	0.952181462008488	-1.74833542224074	2.90577194314181
127000	128000	0.821931615026108	-1.29088262443795	2.92557572417758
128000	129000	1.34166955238244	-1.27276341404646	2.92722180999115
129000	130000	1.12641896637302	-1.37215748911371	3.41778502197971
130000	131000	1.1392423016109	-0.958372919538396	3.26940968602578
131000	132000	1.21336181238143	-1.02748002650478	3.68973729033454
132000	133000	1.50939921146344	-0.987929045794002	3.48041704444728
133000	134000	1.51018421462814	-0.842931061848424	3.88745235648195
134000	135000	1.55942822918612	-0.65318305008922	3.62127486605608
135000	136000	1.8503956252271	-0.814104606158314	3.70591015463996
136000	137000	1.84193014334297	-0.697109254363962	3.371617437194
137000	138000	1.90702913325821	-0.481745809871818	3.76090998476846
138000	139000	2.10604871994811	-0.518784835839305	3.47882433170015
139000	140000	2.06164976812713	-0.247916613184532	3.51175537388116
140000	141000	1.92325638580021	-0.316847474611076	3.1020590416132
141000	142000	1.73596311256402	-0.0879488702899386	3.59319948739332
142000	143000	1.49566559772435	-0.241213731157262	3.28475437658669
143000	144000	1.45773739184493	-0.293782096298379	3.94297819737413
144000	145000	1.1606407222532	-0.440470959985177	2.99967871107658
145000	146000	1.00437297653431	-0.490877847766512	3.46087270328174
146000	147000	0.658519066516874	-0.419737839967768	3.17086482402483
147000	148000	0.590292103167422	-0.687119732484758	3.6038925048113
148000	149000	0.3023805495476	-0.397975109535331	3.53668185360581
149000	150000	0.516808863940435	-0.409688387451385	3.92008294329249
150000	151000	0.588156595329267	-0.162136901659271	3.62109100206391
151000	152000	0.592565609396438	-0.0539137214344651	3.93329732417936
152000	153000	0.880292165891947	-0.215216342240887	4.07016552169739
153000	154000	0.934552787946137	-0.0190339222623969	3.71546180769483
154000	155000	0.999396315594337	0.185053724411698	4.01781719848048
155000	156000	1.26998274001449	0.278401889396481	3.77536239721357
156000	157000	0.973796535218551	0.167438469837102	3.3170957633293
157000	158000	1.2190955578599	0.523926685988241	3.41347013364273
158000	159000	1.20305007959852	0.166587823079373	2.8670916818674
159000	160000	1.59174062304599	0.52842018756041	3.01809428447304
160000	161000	0.925988016304693	0.703046979386614	2.96240894129211
161000	162000	1.32013291251152	0.800506905966737	2.52559204030532
162000	163000	1.09632230135348	1.2976718535673	2.85130560084589
163000	164000	1.22886026980434	1.4684064099997	2.33054703433907
164000	165000	1.16107169706397	1.97788159159152	2.38347150473705
165000	166000	0.863293852202683	2.2421837322442	2.09127437392174
166000	167000	1.2866956655351	2.64243905512463	2.05495918571643
167000	168000	0.87349041536956	2.64232816365764	1.67827855918859
168000	169000	1.31510861309004	2.71007089588674	1.41630408159613
169000	170000	1.24367001469271	3.10503237585276	1.56848862804653
170000	171000	1.54728624848836	3.41251516940029	1.5621526887122
171000	172000	1.34014388342386	3.28211610635238	1.14981180811306
172000	173000	1.27454528340965	3.64157694898392	1.30156091022897
173000	174000	1.53470179128901	3.68512473789131	1.06898383795648
174000	175000	1.42764578044721	4.01016960177802	1.15842817568274
175000	176000	1.36117942512131	3.69949496786673	0.839821855451766
176000	177000	1.2038622974905	3.98452348586838	0.939139535638233
177000	178000	1.35199515673068	4.06291579069863	0.685561848969479
178000	179000	1.06463790924008	4.21815509411687	0.793599037879401
179000	180000	1.00194311601491	3.8874381015868	0.581556532283611
180000	181000	0.776280143108209	4.13058186144398	0.669337094997558
181000	182000	0.927261242386847	3.5224095701268	0.689042822379703
182000	183000	0.678472942825786	3.73868237849422	0.92589061183559
183000	184000	0.698197304007958	3.26336476429103	1.02357425996673
184000	185000	0.746701339611913	3.48445374957426	1.33464896731965
185000	186000	0.309550879562389	3.32579677750125	1.46035573443912
186000	187000	0.684641442583959	3.35302321797418	1.75841838237788
187000	188000	0.410176680475802	3.57156223193528	1.9313786569849
188000	189000	0.914442704344428	3.62923169650587	1.92348087996788
189000	190000	0.680726372184343	3.8754247857992	2.00142077779485
190000	191000	0.970620201959996	3.97318167937719	1.82444436642935
191000	192000	0.718376322285356	4.17639630551786	1.82020915872117
192000	193000	0.831432979820998	4.19527855131385	1.58248938440639
193000	194000	0.411052100639784	4.09203318522075	1.62296371795758
194000	195000	0.606648709542959	3.94864069259485	1.45236971171001
195000	196000	0.552725335983931	4.2026091649266	1.27970196200017
196000	197000	0.307101404916856	3.9329041209108	1.27197068325417
197000	198000	0.267900553506182	4.19080382309149	1.00393957956899
198000	199000	0.0761165700114492	3.67427540945483	1.02168637582761
199000	2e+05	0.118617465107442	3.82033952119936	0.570584775763928
2e+05	201000	0.112967691864859	3.33371307409054	0.578272458232908
201000	202000	0.365144013027075	3.47718758688909	0.0944621364998044
