0	1000	2.73633838698386	-3.15090951989949	-1.11655586238163
1000	2000	3.08236104917134	-3.20698295992378	-1.2356981281005
2000	3000	3.01876204699632	-2.84683979486744	-1.20427201728215
3000	4000	3.32173080540262	-2.86642168923114	-1.36692098120177
4000	5000	3.21693653398339	-2.52607413349887	-1.35301329449683
5000	6000	3.54448036860515	-2.48606512031321	-1.17006408722704
6000	7000	3.52195769185554	-2.23015891955228	-1.35979875047174
7000	8000	3.50797545172655	-2.02261370723106	-1.13029185681165
8000	9000	3.82239047891588	-1.90156270452064	-1.13497202646112
9000	10000	3.73158886687467	-1.62296154427174	-1.21504187991109
10000	11000	3.77196558514986	-1.5105297476499	-0.934164687527547
11000	12000	4.06370457681302	-1.28995521667328	-1.01213003170432
12000	13000	3.87477190691843	-1.07813259060108	-0.768037172111917
13000	14000	4.20659650972864	-0.900148462609262	-0.707562909540697
14000	15000	4.01776392024954	-0.700705828281696	-0.603495926108551
15000	16000	4.30843985154797	-0.544914958146374	-0.528082715959688
16000	17000	4.16460950748094	-0.469861476779653	-0.287351288779808
17000	18000	4.23190340801949	-0.194756367474133	-0.313156541929497
18000	19000	4.35072680399034	-0.190610287889598	-0.0402072536832329
19000	20000	4.15125579717038	0.0448439103532801	-0.00388214659354538
20000	21000	4.38015029742322	0.10349484195939	0.221364683720096
21000	22000	4.08694310323075	0.174117239426506	0.399251059650629
22000	23000	4.23139243344209	0.436521418459096	0.451738027889439
23000	24000	4.16869030241388	0.287531335141395	0.747447632415086
24000	25000	4.01868358985423	0.547806616169567	0.755800352784172
25000	26000	4.14277318951116	0.55369406566682	1.10029820846002
26000	27000	3.85773169331816	0.780266566100628	1.16340479336091
27000	28000	3.89923845158604	0.671856690960824	1.4912626875406
28000	29000	3.67529896462843	0.888226298498044	1.55987681304851
29000	30000	3.55649194528127	0.742830974050566	1.79090230469534
30000	31000	3.61873958411543	0.977106400167233	2.04856652027543
31000	32000	3.28239316675976	1.02992399399723	2.04036864417894
32000	33000	3.23300839644308	0.881460995360133	2.29462159710724
33000	34000	3.17699173108303	1.18032033382788	2.43794117326805
34000	35000	3.00927664712133	0.973107167365152	2.63551763741377
35000	36000	2.76169316488601	1.17076006481288	2.62327850170485
36000	37000	2.82943402065138	1.20358630736891	2.96697548297114
37000	38000	2.46836834434554	1.1813266715098	2.93708586498311
38000	39000	2.55352534179264	1.33146544674485	3.31466388605481
39000	40000	2.24230240381593	1.42412388906323	3.14240872986628
40000	41000	2.06000240738875	1.34930841251373	3.39519137670573
41000	42000	2.0312605572942	1.6841577926535	3.38880403238885
42000	43000	1.82007308411722	1.5957681366198	3.61668987450025
43000	44000	1.63584693484609	1.83734539169861	3.46650951053704
44000	45000	1.6864797623974	1.99344915102972	3.75105730316793
45000	46000	1.3362795740795	1.92612905276407	3.62244791662741
46000	47000	1.29047107879445	2.11066929879489	3.91090204942803
47000	48000	1.19346971030078	2.27395233665803	3.62252243485093
48000	49000	0.904545208558492	2.24068985416224	3.7387252329703
49000	50000	0.912791150331635	2.55064244215089	3.84019745953412
50000	51000	0.612539146854097	2.42457348711971	3.78445160773872
51000	52000	0.618179680083749	2.68707459122163	3.58957402500185
52000	53000	0.378489861964441	2.83053320116755	3.82814254096602
53000	54000	0.213640412951425	2.70638992896894	3.58453359476608
54000	55000	0.196008321356481	3.02896687849124	3.49338527190827
55000	56000	-0.0981349265751853	2.98994353342689	3.55412821357587
56000	57000	-0.0996521785771049	3.06624404078445	3.25949713551441
57000	58000	-0.362128325775823	3.2210168667027	3.37479768530505
58000	59000	-0.391030870680916	3.2138738738166	3.0220095627005
59000	60000	-0.70881368284361	3.21719809816461	3.03979180455972
60000	61000	-0.714082809181968	3.58490044624714	2.9370397004694
61000	62000	-0.880220092275243	3.3698483093397	2.64274220235404
62000	63000	-1.13125362947485	3.7086895394581	2.66690950792248
63000	64000	-1.24170742955181	3.45658057507216	2.34238618507291
64000	65000	-1.22834417259586	3.78984721427356	2.14335705425724
65000	66000	-1.58978767470576	3.56984016868751	2.03312019691159
66000	67000	-1.61683169308043	3.96215429438592	1.85276421249596
67000	68000	-1.91412609663344	3.63820314020213	1.7112127038384
68000	69000	-1.70081166702147	3.79971740398623	1.40432336026977
69000	70000	-2.08790674432574	3.97529650782737	1.39085467153412
70000	71000	-2.10541906228515	3.65043577565271	1.10290975909951
71000	72000	-2.08689997509839	4.04728348743158	0.896555675339896
72000	73000	-2.04921809632409	3.69593962110595	0.640833141657105
73000	74000	-2.26451536740033	3.92699734049157	0.409809449186447
74000	75000	-1.89427846375131	4.07170200399512	0.242879710420142
75000	76000	-1.87275402990041	3.80224287171031	0.00500725105730487
76000	77000	-1.9354327307568	4.01364229158011	-0.261290766649062
77000	78000	-1.62117930100425	4.21403992446669	-0.366808927536546
78000	79000	-1.52031998056342	3.82684335426201	-0.503779909659106
79000	80000	-1.4364295401858	4.03742651635638	-0.817011652418516
80000	81000	-1.15151576472446	3.79052819840247	-0.744633839467818
81000	82000	-1.04789365032202	4.01996769325009	-1.04187412597801
82000	83000	-0.951476223380736	3.59622968590867	-1.11693651928481
83000	84000	-0.554812825101529	3.77222925719775	-1.14377280088786
84000	85000	-0.634322030247189	3.58777884743162	-1.50531139525672
85000	86000	-0.394041475397032	3.29482453370777	-1.3004957388301
86000	87000	-0.173814587283446	3.43362239602646	-1.64723454097778
87000	88000	-0.0941194436781558	3.0143998839582	-1.62210762308205
88000	89000	-0.176550764271593	3.04199824510585	-2.00297890163521
89000	90000	-0.0130899723695906	2.71791875351058	-1.92299414369499
90000	91000	0.256231802584691	2.88591481954994	-2.21490157035513
91000	92000	0.0856023993728621	2.51404479493952	-2.39810398355753
92000	93000	0.374861710750297	2.64612017048906	-2.67606221421254
93000	94000	0.372082560370788	2.20109365889426	-2.77067690037747
94000	95000	0.514486063900177	2.44019521646953	-3.23746410072177
95000	96000	0.715341685879858	2.0491264007931	-3.13068983944134
96000	97000	0.501689335441814	1.93819764488324	-3.43823718118838
97000	98000	0.871797039808158	1.85479906516029	-3.54375009822754
98000	99000	0.625944935432948	1.60026020755776	-3.67738757966995
99000	1e+05	0.829660546049349	1.74231127946799	-3.99348331558624
1e+05	101000	0.871619405965453	1.36249209858424	-3.89874649649621
101000	102000	0.935592464633299	1.38562591314544	-4.23170267861896
102000	103000	0.680026543036186	1.11672862198403	-4.20472884961043
103000	104000	0.970663193939085	0.942373464737284	-4.38837716694106
104000	105000	0.662248942380054	0.950962698450887	-4.69039520568427
105000	106000	0.845391504000176	0.628957580363596	-4.6641436230455
106000	107000	0.519187583112319	0.568669897976346	-4.73345543975634
107000	108000	0.69079634489495	0.2498929316767	-4.67613376368769
108000	109000	0.53456098554537	0.186129851216267	-4.96785670397395
109000	110000	0.341227456555977	0.04050285425948	-4.75792041799977
110000	111000	0.483262187199698	-0.230920291200621	-4.81724079931945
111000	112000	0.21834415644048	-0.323587106632957	-4.9669291362995
112000	113000	0.175926991346248	-0.49119293633364	-4.68222379738988
113000	114000	0.0764148913479079	-0.761128112777181	-4.86879871434301
114000	115000	-0.186184179714445	-0.68109875152424	-4.72993241691415
115000	116000	-0.170570194755909	-0.965405919667299	-4.55435392874192
116000	117000	-0.442869441034526	-1.03099808340733	-4.76272316798559
117000	118000	-0.452919224150644	-1.23620824784629	-4.4689339476167
118000	119000	-0.818842568985401	-1.09262583148593	-4.50521733477633
119000	120000	-0.815589079654207	-1.33973327763558	-4.22791380629137
120000	121000	-1.12444247374383	-1.36739761601252	-4.33757472119308
121000	122000	-1.17706692475068	-1.43478212355382	-3.99672024799603
122000	123000	-1.48812489204143	-1.5552051578723	-4.16519739030238
123000	124000	-1.51396333505795	-1.68946738181271	-3.77243712308335
124000	125000	-1.85315869948773	-1.6007261610991	-3.83542542005958
125000	126000	-1.90196975363336	-1.85483811019184	-3.56638275059161
126000	127000	-2.19566826009306	-1.64269205596802	-3.5350059322333
127000	128000	-2.36886055065284	-1.98656432219935	-3.48147720175822
128000	129000	-2.3711203430367	-1.83142585205216	-3.11430773770455
129000	130000	-2.70803104447251	-1.94086749175905	-3.15701209412432
130000	131000	-2.66349822567221	-1.83382397101375	-2.82801451197722
131000	132000	-2.97359301427994	-1.75711973242963	-2.8752685238226
132000	133000	-2.92923030179689	-1.93207762647774	-2.58615632707986
133000	134000	-3.25531153990038	-1.80406479426352	-2.5664022203927
134000	135000	-3.08792844389764	-1.59531708703062	-2.30701373681598
135000	136000	-3.31796862953471	-1.80685192674805	-2.10164037140725
136000	137000	-3.43027726466061	-1.43364894078244	-2.08125485182063
137000	138000	-3.30651196202244	-1.54901418621846	-1.73247888334547
138000	139000	-3.34852081047433	-1.19578473760398	-1.75173489206715
139000	140000	-3.67337571196378	-1.29502457691131	-1.51924272619128
140000	141000	-3.36504016606407	-1.06674004064942	-1.33294181761225
141000	142000	-3.64782232670965	-1.19973840884598	-1.0789230690552
142000	143000	-3.54411276878974	-0.80238354327905	-0.995264261283136
143000	144000	-3.89733719070998	-0.873952919214211	-0.781136259987136
144000	145000	-3.58237618457667	-0.871817342565881	-0.492980022389384
145000	146000	-3.83089643814764	-0.481385858177924	-0.45812403076849
146000	147000	-3.94650711536133	-0.700594482259775	-0.0995003201624937
147000	148000	-3.76195305285038	-0.374574418121909	0.0853226058847977
148000	149000	-4.19589716695952	-0.427627999817222	0.240749932555856
149000	150000	-3.91103152885973	-0.143946000997484	0.50291168491059
150000	151000	-3.9674810042426	-0.492576999812772	0.73906923483901
151000	152000	-3.94855136444395	-0.204473759118186	1.02222435999483
152000	153000	-4.17583387893749	-0.451678085130635	1.21246033313992
153000	154000	-3.85717575270751	-0.425799190377184	1.42120401271657
154000	155000	-4.14930864982734	-0.407425171992247	1.72226122612003
155000	156000	-3.93562354804515	-0.788719809888341	1.76976441730661
156000	157000	-3.76255440467796	-0.613044305570224	2.07145288272876
157000	158000	-3.90932033474005	-0.94210918727163	2.21565553227793
158000	159000	-3.54516600923363	-0.989244035289594	2.27835794791346
159000	160000	-3.65939392846505	-1.1162899127551	2.64090775097641
160000	161000	-3.41635215156564	-1.3339915781293	2.49897658266575
161000	162000	-3.22258388475416	-1.280322049524	2.74033331853119
162000	163000	-3.20882742490732	-1.61087057197109	2.77831871677441
163000	164000	-2.98364820450806	-1.54452128120573	2.97325512575902
164000	165000	-2.78486301808834	-1.75053358005434	2.77507855360027
165000	166000	-2.66299179277102	-1.81394271330103	3.09989841260162
166000	167000	-2.49932999953679	-1.98359177622085	2.87647211291846
167000	168000	-2.27914874323373	-1.8450312426312	3.01560528460237
168000	169000	-2.20108828495556	-2.18800600794902	3.09050185974205
169000	170000	-1.9750357716793	-2.09214447962049	2.88021527398963
170000	171000	-1.74427795149789	-2.1581863398324	3.12718381141092
171000	172000	-1.63021313747898	-2.38047992420922	2.92069144821177
172000	173000	-1.35340542396403	-2.24161136850735	2.88444655593555
173000	174000	-1.15138743361549	-2.45694559861086	3.06778843820147
174000	175000	-1.02492525886142	-2.52949134506466	2.74253087281211
175000	176000	-0.71639669951382	-2.52689294086979	2.89625916695155
176000	177000	-0.581807455107563	-2.66647880452367	2.61750589146268
177000	178000	-0.26717843767983	-2.70681362875809	2.74434540930402
178000	179000	-0.246232238349752	-2.89818659122063	2.47690627389047
179000	180000	0.0476708221540227	-2.78585536099105	2.43042288034112
180000	181000	0.145048714938913	-3.03680866765656	2.45384961649048
181000	182000	0.233016900767856	-2.96801670626864	2.14246887708531
182000	183000	0.533047357904281	-3.06981411901809	2.19630049921348
183000	184000	0.459310032483758	-3.22790021140653	1.95458529271509
184000	185000	0.724255720451078	-3.11392884481286	1.86380585355884
185000	186000	0.780047134550707	-3.39749106402047	1.77015779045051
186000	187000	0.871833247832723	-3.27124101194988	1.48008101786238
187000	188000	1.07420387168015	-3.53611868778703	1.43322051452794
188000	189000	1.06195736434067	-3.37142223263396	1.13056134099245
189000	190000	1.3321475913091	-3.5970111012853	1.00176523769172
190000	191000	1.28157511847923	-3.51171406315474	0.677199299118133
191000	192000	1.55767525777715	-3.7220132170136	0.633091845665438
192000	193000	1.54888432548121	-3.58124986212588	0.269051371872854
193000	194000	1.73499222654113	-3.84605229865113	0.175081888323036
194000	195000	1.87883821879741	-3.58881534700242	-0.0199451972343145
195000	196000	1.94049944408233	-3.83246671761624	-0.214242532045437
196000	197000	2.12445714344849	-3.59540957528052	-0.328018630684548
197000	198000	2.34331724837101	-3.83970583364483	-0.441940114894697
198000	199000	2.28534869600209	-3.5784368551401	-0.694998547538651
199000	2e+05	2.59513653676861	-3.49300439201832	-0.625297505098863
2e+05	201000	2.52646170154312	-3.47561910806093	-1.00285591337669
201000	202000	2.89943965693197	-3.42576903674024	-0.931805864089942
