0	1000	-0.602409977594327	-0.732101838274909	0.0189706196538697
1000	2000	-0.592837442132684	-0.569566280147497	-0.890626916389969
2000	3000	0.250224925662066	-0.075450628839706	-0.896917819149822
3000	4000	0.702445388292297	-0.325664598145221	-0.0693614026382275
4000	5000	1.27319621018738	0.366593114345355	-1.01135285811379
5000	6000	1.06740905231547	0.79960381451418	-0.240375335611196
6000	7000	2.09640785504058	0.817765452042529	-0.238940464162253
7000	8000	1.7152833835774	0.530337672747304	0.49524452352611
8000	9000	2.14460536610809	0.0485144629439815	1.04532115027781
9000	10000	1.29141375629919	-0.128610771095495	1.26813436325904
10000	11000	1.90542903605898	-0.668471513147414	1.63324851926398
11000	12000	1.82993965301368	-0.641855979262594	2.4725543028599
12000	13000	1.02759488942824	-0.580194638971518	2.35438931348738
13000	14000	0.988412108665282	-0.517271363289069	3.07557671377389
14000	15000	0.632697272170987	-1.01393203583288	2.8341721102189
15000	16000	0.423948452436331	-0.819966616534847	3.35990570817211
16000	17000	0.20249710281832	-0.532551724827809	2.93355865653864
17000	18000	-0.187831039428272	-0.940040088225754	3.08454414247182
18000	19000	-0.455106906539913	-0.349976140192898	3.21137031194254
19000	20000	-0.921986894960673	-0.756052675030615	2.94628698301015
20000	21000	-1.2722420529858	-0.149260312149856	2.87584904085027
21000	22000	-1.73878806886355	-0.641620682217752	2.69297134111903
22000	23000	-2.21259953967917	-0.0808743156162619	2.70330296382336
23000	24000	-1.91116801735292	-0.213222230735463	2.05732492360024
24000	25000	-2.49412820378348	-0.653393394025104	2.1234358329452
25000	26000	-2.15114138433263	-1.31538422592815	2.01083115933997
26000	27000	-1.81205036358126	-0.993131202757098	1.34150886737489
27000	28000	-1.27910001574023	-1.55985398034938	1.72467230425654
28000	29000	-0.981600091089476	-0.677614444197507	1.76049927450852
29000	30000	-0.310690833594793	-1.00528860772104	2.08866202935602
30000	31000	-0.283160410259979	0.0437262440523685	2.20417813576314
31000	32000	0.0459477003954171	0.602492654154751	3.01330768446175
32000	33000	0.013516350287686	1.0188027109471	2.23290260186152
33000	34000	-0.0845987232698156	1.83658272475916	2.97538481957249
34000	35000	-0.606790078050589	1.7418561962319	2.32216109587012
35000	36000	-1.04779635095342	2.30848868425329	2.79562614670229
36000	37000	-1.53675197432403	1.79238416107693	2.45715573269491
37000	38000	-2.01898099842496	2.3120084157712	2.67569133078739
38000	39000	-2.32968668601373	2.93215685915422	2.39063307699578
39000	40000	-1.80513559070223	2.50969756635917	2.0080626625718
40000	41000	-1.54728537535453	3.08372412958748	2.26848446354197
41000	42000	-1.26351732579331	2.88303741098625	1.61735402178272
42000	43000	-1.75310048879839	3.29849692616118	1.3376366968084
43000	44000	-1.33590330038519	2.86030251547841	0.749836466047705
44000	45000	-2.04634253938411	2.97544693804288	0.384399889787731
45000	46000	-1.72816984223679	2.79188122295425	-0.379223927934275
46000	47000	-1.80614141398807	1.9440780360285	-0.529540122463983
47000	48000	-1.4868449621916	2.20776692194343	-1.41080842063163
48000	49000	-1.73912943747884	1.35528804570265	-1.5255275221791
49000	50000	-1.11811387022628	1.33910524555627	-2.15223473757031
50000	51000	-1.08178123210055	0.422953916270354	-2.40079250832394
51000	52000	-0.203776545880716	0.137184713699214	-2.23683569602766
52000	53000	-0.23749707814275	-0.604730813924631	-2.84005555502393
53000	54000	0.687177736286473	-0.892163056060511	-2.9515433888632
54000	55000	0.296344462513757	-1.54309745024844	-3.02660578105568
55000	56000	0.910063321744219	-1.72521330338764	-3.38569879577858
56000	57000	0.287384639329471	-1.95174221198008	-3.60410143585286
57000	58000	0.760325375557542	-2.10280050008245	-3.98025415136246
58000	59000	0.348336887004768	-2.45769314710736	-3.90163629061999
59000	60000	0.758388600097098	-2.68035100375835	-3.98481656535884
60000	61000	0.39665694816801	-2.9863557250661	-3.75263167850051
61000	62000	0.598483987675883	-2.59867201439132	-3.42749425049583
62000	63000	1.19273552958176	-2.72957401666603	-3.44365082740502
63000	64000	0.800247266204689	-2.86253119943227	-2.87197728624687
64000	65000	0.673084802325135	-2.21619558910056	-2.52514894431337
65000	66000	0.117385237873107	-2.8259806894018	-2.25432243964781
66000	67000	-0.206498542741553	-2.07864528275435	-1.95254975934842
67000	68000	-0.945069425753529	-1.62686403217284	-2.37588005476438
68000	69000	-1.13693567141499	-0.818842782847149	-1.93480448072836
69000	70000	-1.68937613828499	-0.428337363778433	-1.15172064798218
70000	71000	-1.10081220907152	0.30996051249601	-1.31332624774692
71000	72000	-1.85379979471092	0.605576279709735	-0.657332746566537
72000	73000	-1.014124572578	1.24168675296133	-0.760022329246739
73000	74000	-0.924297111578428	1.87662835172547	-0.0726263043069534
74000	75000	-0.660817151180212	2.48663731454058	-0.776509371656497
75000	76000	0.0629907421221874	1.95486282600397	-0.704266926895486
76000	77000	0.465492954014394	2.61881735481229	-0.462429209868148
77000	78000	1.06219881520342	2.20518620659115	-0.751491852077322
78000	79000	1.24487278986949	2.74310068036061	-0.38172655051556
79000	80000	1.77834323533682	2.437694597746	-0.441069674963692
80000	81000	1.47784294335109	2.35982878268773	0.0277801667313654
81000	82000	1.85012158673508	2.80124850444292	0.116200383019639
82000	83000	2.0093933023297	2.23933861280795	0.308033571868325
83000	84000	1.68586089670427	2.53305625167669	0.818345444802743
84000	85000	2.34993521880311	2.36943926539438	0.973640046215658
85000	86000	1.95961794344027	1.78515654424683	1.20284452095115
86000	87000	2.63435066679587	1.78860605236019	1.62187983009652
87000	88000	2.46810726743137	1.1859681170796	1.29336913954676
88000	89000	2.94173896147303	0.817421641812908	1.70546690372196
89000	90000	2.90720262144638	0.73211813933462	0.862660128266866
90000	91000	3.09961779036166	0.00627035707381785	1.16978049337685
91000	92000	3.03344240821748	-0.144686696938172	0.308769845219808
92000	93000	2.9114832960634	-0.870630284767198	0.718225291521171
93000	94000	2.19672198534067	-0.606800563501575	0.3192380811853
94000	95000	2.22325447327289	-0.226798634395538	-0.616814258401097
95000	96000	1.49051170808824	-0.815591207799933	-0.373153673913773
96000	97000	1.29853300827381	-0.789160946854619	-1.26311171463386
97000	98000	0.778705018185001	-0.397777584842524	-1.93353698204364
98000	99000	0.115907208942093	-0.997373175962985	-1.6498978938606
99000	1e+05	-0.130391945278931	-1.54308765466286	-0.947090571489393
1e+05	101000	0.355987437386175	-1.79568165796222	-0.184537055434091
101000	102000	1.05332534553647	-1.78643998384937	-0.745003715897541
102000	103000	1.41835020241959	-2.20193560723458	-0.0239688328190677
103000	104000	1.87350389820195	-2.25743571964805	-0.702714621344099
104000	105000	2.23442794518094	-2.67079382774816	-0.248092341891812
105000	106000	2.37945410394563	-2.22188820153933	0.201339336734169
106000	107000	2.39672945392677	-1.88334682369388	-0.275564046464349
107000	108000	2.93162528701743	-2.16626509432563	-0.258681783446843
108000	109000	3.03409154004602	-1.55759566017192	-0.0790595448227399
109000	110000	3.01142826885054	-1.52128324421714	-0.732409448001087
110000	111000	3.63206814635007	-1.39274577093101	-0.635708266731476
111000	112000	3.45178139455688	-1.05460506877481	-1.16529456874209
112000	113000	3.74135178732461	-1.60906550555049	-1.28009393860219
113000	114000	4.10844912537281	-1.07639103543264	-1.41630466339171
114000	115000	4.19187763676481	-1.56304549574093	-1.66363871006983
115000	116000	3.78284101457233	-1.23995395665391	-1.80872406111006
116000	117000	4.20839533202226	-1.13206839580404	-2.12464615942706
117000	118000	4.14123462418853	-1.65258761051524	-2.2625494418893
118000	119000	3.73214714982796	-1.33690655942235	-2.37337985529584
119000	120000	3.66036166575815	-1.77032401639313	-2.07356447124618
120000	121000	3.45443594886466	-1.79320510353245	-2.57312154726923
121000	122000	3.10175034656857	-1.55535504112957	-2.20114348138139
122000	123000	2.98219761517651	-2.1545689557032	-2.21818024497094
123000	124000	2.55735278483474	-1.69288276173657	-2.48482292334965
124000	125000	2.28152256160702	-2.30489639143302	-2.41115748093327
125000	126000	1.75623261356186	-1.92235855483009	-2.67749099820784
126000	127000	1.66580740647905	-1.89230987764399	-1.92923139530353
127000	128000	1.52215405013294	-2.75168190593863	-2.05612711421521
128000	129000	0.925642514855171	-2.32962294170646	-1.64667524587338
129000	130000	0.891127422238323	-3.12768368506328	-1.31739560452028
130000	131000	0.420179767986903	-2.58983152453049	-0.960169454526358
131000	132000	0.508940398093228	-3.01381079922472	-0.362121820123795
132000	133000	-0.220479116787356	-3.03518975971583	-0.655064113944727
133000	134000	-0.233689668804874	-2.81646113636836	0.0676146406337994
134000	135000	-0.96984250916762	-2.54017287203357	-0.0988756856583933
135000	136000	-0.934824555447324	-2.04340142051654	0.625382292993982
136000	137000	-1.86626601659614	-2.08821047539866	0.516983779116435
137000	138000	-1.48889927377063	-1.21944118286575	0.361507373187895
138000	139000	-2.03354416140591	-0.497540141768977	0.105484310938868
139000	140000	-1.60689187119938	0.188648883374057	0.604735509291944
140000	141000	-2.79858837194256	0.396823456297232	0.470309246521899
141000	142000	-2.25704761620282	1.01440594441919	0.917337695893288
142000	143000	-2.52906081637183	1.55065093687113	0.344516030393088
143000	144000	-3.2374881326472	1.77220842731174	0.643493288573068
144000	145000	-3.00490738767252	2.48218441404895	0.397472803991713
145000	146000	-3.38519594418195	2.14725960504228	-0.0584262279533093
146000	147000	-2.79061608309637	2.31831190968058	-0.280477158313323
147000	148000	-3.26618398124469	2.59067473873363	-0.659641344426815
148000	149000	-3.15458066909073	1.92941719097717	-0.852209799299864
149000	150000	-2.6479850173965	2.74942428455878	-1.04424365918671
150000	151000	-2.45661161336552	2.10085897232559	-1.11995405152986
151000	152000	-3.007970204665	2.27259032997049	-1.59605312441875
152000	153000	-2.41287352402132	2.07706915665538	-1.89926738307676
153000	154000	-2.81378943217172	1.53141694675278	-1.65821611336005
154000	155000	-2.61512739829457	1.43011271061181	-2.29501156858497
155000	156000	-2.70105161248312	0.830156505020208	-1.88902330243212
156000	157000	-2.20666187227568	0.61402102722656	-2.36081003180931
157000	158000	-2.39136702826329	-0.130492823062191	-2.20667097536226
158000	159000	-2.58408588403954	-0.671395333281601	-1.65932785382768
159000	160000	-2.50924626632288	-1.36246161491485	-2.14630999465658
160000	161000	-2.65738899449076	-1.71521868385269	-1.26033796022586
161000	162000	-2.20799243995802	-2.26316802101879	-1.67206297500981
162000	163000	-2.08808397617236	-2.51759876099623	-0.936892671106331
163000	164000	-1.89644459597295	-3.00058543991399	-1.47089852558852
164000	165000	-1.25007040051832	-2.81999393910499	-1.20341891974159
165000	166000	-1.39795947028571	-2.49073099440267	-1.93327767254631
166000	167000	-1.3614184171685	-1.96984223117009	-1.09717909313144
167000	168000	-1.79824096833429	-1.43793984232656	-1.55179568129147
168000	169000	-2.05039964598466	-1.40766779608079	-0.608846991064005
169000	170000	-2.81710899402389	-1.12328140700858	-0.184830629460475
170000	171000	-2.6054152231893	-1.35665691504286	0.743156622756204
171000	172000	-2.83289468381078	-0.635745475162771	1.17858659993478
172000	173000	-2.39936921094187	0.03495584195976	1.41614406996185
173000	174000	-2.99375635778386	0.326856169257985	1.90125466777369
174000	175000	-2.34030302009169	0.731118253141733	2.12437308509242
175000	176000	-2.9064608214802	1.192444323028	1.90536934561987
176000	177000	-2.53476012701192	1.51716231120795	2.46268312090945
177000	178000	-2.29407957507614	1.77014892378798	1.81219554349509
178000	179000	-2.72884206231251	2.2950805836431	2.01897622845501
179000	180000	-2.39903033766697	2.66530074783865	1.46635842507045
180000	181000	-1.90340424955561	2.13592239272229	1.11892457381945
181000	182000	-1.26838876420465	1.81811113136992	1.54203321731667
182000	183000	-0.591813745499539	2.31295496569332	1.49869911983937
183000	184000	-0.541906162923676	2.93330168616313	2.15879357506194
184000	185000	0.133937851481172	2.53385349237692	2.21334028907421
185000	186000	0.380896367315751	2.8322554122177	1.54481786545805
186000	187000	1.04776994447778	2.89599290401548	1.93568417802497
187000	188000	1.15728322849483	2.33378019636747	1.52830401068863
188000	189000	1.74478497096864	2.48775730546072	1.98593373437923
189000	190000	1.27053331069945	2.23263137889112	2.52756760906974
190000	191000	1.53442709087742	1.66071238289263	2.07626358619999
191000	192000	2.19711573339722	1.43794658311454	2.49831403843594
192000	193000	1.96946652229898	0.833133546739048	1.89113648646068
193000	194000	2.36204288007602	0.332911642640343	2.43651930718023
194000	195000	1.50388889946506	0.267903276656616	2.28743830058946
195000	196000	1.539188183499	0.835546477788262	2.91961921204243
196000	197000	0.997306297856375	1.02144151179791	2.14757940663354
197000	198000	0.813482165850612	1.53827020565989	2.88054159063766
198000	199000	0.450636591812309	1.49306196051819	1.47657161337784
199000	2e+05	0.257139632873097	0.847994704448639	0.897859373737304
2e+05	201000	-0.0875720269989017	-0.0717497136471503	0.875128674439819
201000	202000	-0.526216681415399	0.322894324231398	0.024805109830083
