0	1000	-1.39881674234682	0.0858929024160926	1.76140106534081
1000	2000	-1.36603372004094	-0.0462717333429175	2.01989205019644
2000	3000	-1.45621910339161	-0.340010851610011	2.24293266729486
3000	4000	-1.09018540501451	-0.379102153424908	2.03063070533469
4000	5000	-0.831157667097083	-0.20816539473094	1.89006793068888
5000	6000	-0.717893655908491	0.118008286388342	1.86582890615017
6000	7000	-1.04205120810545	0.0886000894607651	1.89349805314076
7000	8000	-1.07742375612736	-0.111473854283764	1.60983661604091
8000	9000	-1.29977972680383	0.337330661651562	2.06421895752817
9000	10000	-1.21800303582468	0.40759356339177	1.67023370906572
10000	11000	-1.17613257369653	0.737272866865093	1.97251694495343
11000	12000	-0.944551537379273	1.0750582980606	2.12052558746774
12000	13000	-0.460294771239316	0.971103900478563	2.0983623922367
13000	14000	0.0159400137563062	0.808324442390159	2.18954029443689
14000	15000	0.180299080053548	0.489579723943124	1.81769823749473
15000	16000	0.089660483096086	0.156881728783384	1.51239639612674
16000	17000	0.51155539475188	0.0593135084759755	1.46239305929473
17000	18000	0.889949997277045	0.351293786065189	1.33971208661779
18000	19000	1.05274988826778	0.663225576471695	1.61983053922088
19000	20000	0.916203066389638	0.944972879257182	1.92765002102983
20000	21000	0.608568149524133	0.891824631041922	1.514639193063
21000	22000	0.340795108190629	0.672727151253614	1.15884711854212
22000	23000	0.100119734647795	0.364355433202965	0.887639823307535
23000	24000	-0.111468655381271	0.667924255922971	0.57907243242319
24000	25000	0.194855553629033	1.0267864308541	0.499040933905439
25000	26000	0.71657591827267	0.883827836602981	0.921981804415317
26000	27000	0.982603066785309	1.3265515941575	1.16223636850245
27000	28000	1.55359360889527	1.669112275285	1.32621966434271
28000	29000	2.84832139662123	2.51052683189911	2.6422627908111
29000	30000	1.83938216783466	1.1882574672378	1.76299315280214
30000	31000	1.50660786864617	0.50954780335596	1.93964385752682
31000	32000	1.21272357020052	0.177846506969896	1.75298488504134
32000	33000	1.18103976204068	-0.0315588629405149	2.17236820625188
33000	34000	0.798626207531526	0.0723024969584513	1.83937943388539
34000	35000	0.750926892776639	0.364838438012358	2.19079035302321
35000	36000	0.350755114238806	0.286005551458911	2.2147757383206
36000	37000	0.105114171936092	0.272078687256585	2.66652016064419
37000	38000	-0.119395599545234	0.216902110407887	2.23559481098962
38000	39000	-0.446330561531301	0.380962983812249	2.62646721976646
39000	40000	-0.542258076252359	0.146303522699004	2.20406002826962
40000	41000	-0.693528603166253	0.130071610626639	2.49570494799134
41000	42000	-1.27621218966048	0.0213250321065778	4.66305658464805
42000	43000	-0.919022542468485	-0.0698606683413616	2.53073681442147
43000	44000	-0.861205841316256	-0.0269992711590491	2.23664277593345
44000	45000	-1.08524866710654	-0.120335199229249	2.2417816084106
45000	46000	-1.04019718585773	0.110241707225676	2.27044073924875
46000	47000	-2.43802561153541	0.437228182229122	4.03771603606292
47000	48000	-1.24920541086897	0.0305936018311169	2.32353140689647
48000	49000	-1.17395357342237	-0.275338362534167	2.54034673006672
49000	50000	-0.901475111980769	-0.339473631279224	2.31422736788982
50000	51000	-0.669481552193712	-0.234110531970305	2.20170358008826
51000	52000	-0.648938774023832	-0.195595834392376	2.47034327154606
52000	53000	-0.40628769646558	-0.17235422838017	2.29664387307903
53000	54000	-0.319999648148078	-0.241970400097669	2.60723078706835
54000	55000	-0.108436074709337	-0.206504420069966	2.22811011820731
55000	56000	0.0598628605784564	-0.30875222719957	2.46388386096652
56000	57000	0.33330277753746	-0.431004619409669	2.57696922434528
57000	58000	0.482880891815012	-0.538080546389559	2.23345651700423
58000	59000	0.658858819631455	-0.318169391488262	2.48730538579262
59000	60000	0.316876587849556	-0.213536188377427	2.20816124115216
60000	61000	0.596194034245411	-0.0671074000773673	2.27883698583811
61000	62000	0.605278677241045	-0.38113653249482	1.9261422164306
62000	63000	0.936022001784589	-0.500949295670952	2.2272010161622
63000	64000	0.96636484601458	-0.593958186739524	1.86551168095392
64000	65000	1.34887172325391	-0.76725708401137	1.86482616857702
65000	66000	1.64509174374712	-0.970806325487957	1.57835813102397
66000	67000	1.7961597011473	-0.770406092550524	1.26585340998807
67000	68000	1.62761167557336	-0.538026646141918	1.58169968279483
68000	69000	1.59477620568091	-0.488529189307502	2.17109991232215
69000	70000	1.50182864643984	-0.163881055075097	1.80196130861522
70000	71000	1.34645385524411	-0.0346839133565388	1.38744015479163
71000	72000	1.74663188840673	0.14585033570692	1.47631477986521
72000	73000	1.45092623109522	0.359799910028941	1.28903823950465
73000	74000	1.69545097558431	0.551955274048154	1.59369489331348
74000	75000	1.59664638602383	0.652948205089942	1.29568793621301
75000	76000	1.83373306910547	0.443800260893779	1.21457763261866
76000	77000	2.00537369357336	0.73984198002679	1.11488839246718
77000	78000	1.90844480748071	0.850561437274929	1.40833907516575
78000	79000	1.68110756571547	1.11066136800983	1.28357153854655
79000	80000	1.34683655568585	0.989616435717583	1.36464665451629
80000	81000	1.71715352044999	1.01505645865409	0.923678906366654
81000	82000	1.42619626656349	0.704503180801533	0.823552292483
82000	83000	1.98105423581262	0.767148044405487	0.703363798139113
83000	84000	1.77311280392827	0.372076320857868	0.633283844175435
84000	85000	2.24637245596735	0.348402713225906	0.788485329292005
85000	86000	2.14274304342212	-0.039736130994943	0.719635394813884
86000	87000	2.51499668262818	-0.341448948269555	0.873365789414818
87000	88000	2.23906080685443	-0.715425194487966	0.830322443988191
88000	89000	1.92417029282443	-0.672213812349157	0.629106249214348
89000	90000	2.05608424066987	-0.392062907095098	0.403361490641302
90000	91000	2.4883824257037	-0.269568390270689	0.400065506586954
91000	92000	4.56459520900969	-0.0892930343966668	0.133660064296649
92000	93000	2.54586570513661	0.0303351114203626	-0.074085288292691
93000	94000	2.29426495521309	-0.212553282828163	-0.242306590369959
94000	95000	2.16978990127696	-0.680157328660579	-0.00861541371085633
95000	96000	2.36935507304389	-1.10782324582642	-0.0244831106922397
96000	97000	1.9540727608809	-1.10242741349862	-0.136713959332489
97000	98000	1.78742794590877	-1.09329642196003	-0.478809773818493
98000	99000	1.65111839537698	-0.76684654954303	-0.520186139775981
99000	1e+05	1.85206606295796	-0.506505166785214	-0.693536786768586
1e+05	101000	2.11135415419168	-0.532800394552714	-0.438547497836646
101000	102000	2.23332605170241	-0.932221666951106	-0.559277584115027
102000	103000	1.94984643387579	-1.09284804189369	-0.904835385749631
103000	104000	1.82071270769765	-1.47590988215878	-0.777941227458596
104000	105000	2.0815168926123	-1.78086419882689	-0.54775054612334
105000	106000	2.13987422236085	-1.53568043870708	-0.0976551537507827
106000	107000	2.11589487931758	-1.47291285639168	0.300216983343291
107000	108000	1.81182666394551	-1.22659962632185	0.492281583478764
108000	109000	2.14403623192301	-1.43396852367893	0.730654156156378
109000	110000	2.09025273620934	-1.11980566800175	0.815937862051362
110000	111000	2.18458766779078	-1.00969525444729	0.403792739476633
111000	112000	1.70979095925692	-0.825993024250065	0.218089476648569
112000	113000	1.51933760823869	-0.509879269201826	0.00958100883703783
113000	114000	1.43906788700685	-0.476477261273337	0.459900616373346
114000	115000	1.57243011492616	-0.594275213351357	0.878029318732866
115000	116000	1.23190646032558	-0.823321495329541	1.0156680800835
116000	117000	0.818689953119794	-0.664788480626498	1.17872599731025
117000	118000	1.21310448578449	-0.491794740418422	1.35100774467409
118000	119000	2.12082076816577	-0.705438723599603	1.73902260574483
119000	120000	3.80107715022279	-0.890956480347069	2.68672852006384
120000	121000	2.27426080929939	-0.314746986146394	1.3239009870152
121000	122000	1.86519370736441	-0.212771145303676	1.05949256433579
122000	123000	1.45385333688328	0.0499392928260571	0.897456041093869
123000	124000	2.3089001546817	0.35543184978169	1.35192000401308
124000	125000	3.95502295240387	0.522011078143057	2.44231343484544
125000	126000	2.09753252483832	0.0369270527165603	1.80430716337886
126000	127000	0.710949945200886	-0.201821996989595	1.15835202569229
127000	128000	0.610242504458589	-1.07464899653897	2.16858684216066
128000	129000	0.779175581626744	-2.07447969279393	4.01669186548549
129000	130000	0.229847662565026	-1.03185273105208	2.38731520922587
130000	131000	0.0602424566019453	-0.577025184552939	1.89843716675383
131000	132000	-0.134754000012284	-0.248023862774979	1.69899102180213
132000	133000	-0.451266499091193	-0.225697885707559	1.43630834002271
133000	134000	-0.783062264467756	-0.147782323146886	1.21577723028079
134000	135000	-0.834653195662282	0.319380156443945	1.2218227256618
135000	136000	-1.54520925440327	0.751511991203164	1.74043326745583
136000	137000	-3.02021948332546	1.45568707818621	3.12432528472542
137000	138000	-1.69398201174754	1.09983095866371	1.77201116983975
138000	139000	-2.88140570447556	2.4487152631779	2.54739356250915
139000	140000	-1.4418060707277	1.25484585434666	1.29558844344393
140000	141000	-1.29882643740313	0.878387551324391	1.29676021328003
141000	142000	-1.00129758486015	1.08547242803135	1.47945253022734
142000	143000	-0.934477960465362	1.45757778445643	1.72222759095008
143000	144000	-0.482932058990527	1.23261310572718	1.67276793564667
144000	145000	-0.624821034851203	0.846157790888535	1.56346734394664
145000	146000	-0.941571718668368	0.703010158508747	1.59212996412733
146000	147000	-0.901335985008475	0.509873833911557	1.87615515024218
147000	148000	-1.19540834161249	0.520451385044339	2.41288225418577
148000	149000	-0.860208249193331	0.446527409880056	2.20753406906028
149000	150000	-0.493921859625106	0.535519715852022	2.0876693070032
150000	151000	-0.316445832435477	0.387236827878551	1.77385627296052
151000	152000	-0.107240718437494	0.746894854334459	1.61958074882924
152000	153000	0.199808798991157	1.0921239403587	1.76429718837827
153000	154000	0.201429226477597	1.46368204514203	1.49691506804481
154000	155000	-0.115171252627679	1.37385227610057	1.10412414026931
155000	156000	-0.426114898640738	1.18892193096895	0.793582463983143
156000	157000	-0.637480128862783	1.58187318382971	1.06750393086247
157000	158000	-1.06078529558836	1.57197880014169	1.14749861890803
158000	159000	-0.963830683256509	1.16308793006019	0.985221227350257
159000	160000	-1.17953684887251	1.0264131804002	0.689466840012968
160000	161000	-1.38928224626068	1.38872714093086	0.803650906339613
161000	162000	-1.80610943118203	1.33077588262576	0.881593385083601
162000	163000	-1.84025469952739	1.74513549228321	0.713152468641514
163000	164000	-1.77434290549908	1.48268985365866	0.44707209719799
164000	165000	-1.96814062909456	1.28307565367564	0.246710032832325
165000	166000	-1.97964309301041	1.05420562041006	-0.0835747184945175
166000	167000	-1.94028286977562	0.719977199877638	-0.422169425736421
167000	168000	-2.2903287262976	0.574364182356996	-0.805337280426679
168000	169000	-1.96204527783061	0.623442707043139	-1.01902466224607
169000	170000	-1.57166895802785	0.582190657515573	-1.06071079790204
170000	171000	-1.33184071058778	0.172034612070393	-1.19171466175849
171000	172000	-1.14481254830166	-0.217835900858315	-1.02741300265125
172000	173000	-1.47754645576811	-0.540179222659158	-0.899774066684288
173000	174000	-1.87343679195448	-0.210594560937076	-0.915744027166586
174000	175000	-1.73616815127887	0.216725515468521	-0.772825624366924
175000	176000	-1.15973158995241	0.325826151104291	-0.658056105155505
176000	177000	-1.36420370224757	-0.0457425823644848	-0.494831762715057
177000	178000	-1.75105509031851	-0.353753458218005	-0.353244627387526
178000	179000	-2.28001352897951	-0.323740916998963	-0.428426531930571
179000	180000	-2.1717805006581	0.0483872015488852	-0.114668536437362
180000	181000	-1.8929936557316	-0.103632830662995	0.248286058451514
181000	182000	-1.45969410290801	-0.0929763197671227	0.140837712065202
182000	183000	-1.67495765236785	0.252630130413114	-0.15100456649678
183000	184000	-1.98260841837141	0.48913869381862	-0.0278172189022567
184000	185000	-1.85095761680403	0.557778276319727	0.377492617712795
185000	186000	-1.75045321792388	0.75738929451741	0.704704196569846
186000	187000	-1.60498916866185	0.939877648602285	0.272674198997486
187000	188000	-1.51648048588541	0.962518180101463	-0.11852851428516
188000	189000	-1.62397684926381	1.3296972608024	-0.155033855094539
189000	190000	-1.46573490233521	1.36435800004751	0.190167911438616
190000	191000	-1.41510730605541	1.66012228868936	0.496683609280951
191000	192000	-1.1378833363207	1.45909312762387	0.330030619439641
192000	193000	-0.850107730190249	1.26998836682004	0.0821415758928452
193000	194000	-0.830575071049679	1.44949508712914	-0.357128089453354
194000	195000	-1.09543613124099	1.67282989334143	-0.555383399234372
195000	196000	-0.89426955684831	1.96806095699336	-0.675581080753462
196000	197000	-0.70629389572507	2.22371877323685	-0.416878447201745
197000	198000	-0.442431893309974	1.99074138690709	-0.275879590259786
198000	199000	-0.185108973740886	2.20005492521648	-0.510238805602438
199000	2e+05	-0.0772943363808766	1.75669994710749	-0.245402121609434
2e+05	201000	0.204654798249683	1.67858038961195	-0.56906429807336
201000	202000	0.313526923585058	1.27602370620208	-0.279876683779129
202000	203000	0.727961934375102	1.04339213964544	-0.496072448313599
203000	204000	0.704589871993688	1.29489443207066	-0.089270132700815
204000	205000	0.868617524351802	1.6011975116252	0.0285219798992559
205000	206000	1.3019783823409	1.70252332370988	0.181119478061598
206000	207000	1.47901173110217	2.12992006277861	0.126473871428371
207000	208000	2.87543526410317	3.70014061520704	0.0792105806247035
208000	209000	1.73121881417703	1.96740141039112	-0.0969149521130381
209000	210000	1.75582145217406	1.61781129081205	-0.0479924851899653
210000	211000	1.7549598482029	1.42127379872832	0.245708892103732
211000	212000	1.60285849206345	0.980404389011815	0.273988536433277
212000	213000	2.06791923641349	1.14532942325533	0.108176632162338
213000	214000	1.66851257893711	1.09295650057138	-0.276400633953554
214000	215000	2.13416673788541	1.03125669397933	-0.401036401853733
215000	216000	1.88483557194234	0.732338901517109	-0.101375031703848
216000	217000	2.18295617011092	0.693448951849079	0.264207374247001
217000	218000	1.76672803593084	0.327939683312922	0.144098485984058
218000	219000	2.23149050503599	0.390307740573362	-0.122988626979395
219000	220000	1.90659299459433	0.175246410929966	-0.370558760054543
220000	221000	1.72917312320795	0.533721178523936	-0.506360027995896
221000	222000	1.31199917214332	0.475182070446655	-0.313792901124923
222000	223000	1.12355068682486	0.825993212849169	-0.235131238279836
223000	224000	1.21410696806241	1.17371430969884	-0.0126331650635836
224000	225000	1.33810071567303	1.47507910971911	-0.203459839383333
225000	226000	1.0040875771982	1.46686735040122	-0.514918968469494
226000	227000	1.2428029181418	1.1722456504181	-0.803451770163156
227000	228000	1.63822497492163	1.27718410597757	-0.680915891251397
228000	229000	1.8435740083593	1.63911744287562	-0.524705400863843
229000	230000	1.35221246293311	1.6331621264229	-0.538760413501251
230000	231000	0.913677509031842	1.83462802074581	-0.616821504506424
231000	232000	0.923684773064278	2.43335958016049	-0.584690758323558
232000	233000	0.607175820452136	2.27286534783961	-0.367709631511314
233000	234000	0.545005719165985	1.96854554493087	-0.499960496029378
234000	235000	0.570948534298939	2.22564429738069	-0.94698851869192
235000	236000	0.663860972728895	1.76323376299335	-1.03378300312578
236000	237000	0.668782088022764	1.26731945059291	-1.11358257499888
237000	238000	0.260176907824531	1.49634376033301	-1.20691953333353
238000	239000	0.02342944758299	1.98182625511208	-1.15490046940459
239000	240000	-0.251487772869251	1.69621922636648	-1.35567268991882
240000	241000	-0.586544129646542	1.59872022614702	-1.65341979702967
241000	242000	-0.367841957219569	1.17723263160269	-1.78036044741856
242000	243000	-0.137731497674026	0.845209975340584	-1.64100113584633
243000	244000	0.11790617326645	0.482238213803905	-1.676340655833
244000	245000	-0.143697694211439	0.305393949125137	-1.9366529118229
245000	246000	-0.480878443329848	0.468703251720805	-2.06674246172309
246000	247000	-0.862656205758091	0.597243792499736	-1.96866860188923
247000	248000	-1.21731445729644	0.865348348471441	-2.15237842515704
248000	249000	-1.41845624846573	0.831739304080432	-1.86738768782706
249000	250000	-1.72524302480978	0.906909807348973	-1.75639315376889
250000	251000	-1.55827430855616	0.982657328904651	-1.44127207288417
251000	252000	-1.89640779882761	1.09522830557803	-1.32816758948376
252000	253000	-1.5753246599671	1.24143430507165	-1.15512027893514
253000	254000	-1.51148691650578	1.58184473093151	-1.42270080313277
254000	255000	-1.12532280012632	1.51774313197406	-1.15591946173038
255000	256000	-1.38107865003772	1.79895197991545	-0.951778576725157
256000	257000	-1.68131534963546	1.61803459372742	-0.774199272142136
257000	258000	-1.49631749070619	1.31724898193724	-0.732699012998823
258000	259000	-1.15379254733338	1.16828483404273	-0.885527155216751
259000	260000	-1.29829410765488	0.869506953749952	-0.594254143785573
260000	261000	-1.68803536808651	0.977306391006791	-0.594154911402152
261000	262000	-2.13663075350718	1.20605506307822	-0.7116053577002
262000	263000	-1.95182086908271	1.40950381486108	-0.440968701421888
263000	264000	-2.13122455635118	1.52163956247742	-0.105774903540819
264000	265000	-1.86309880357599	1.71928339276367	-0.0613572421363722
265000	266000	-1.60353447599916	1.63954044082833	-0.312725682986542
266000	267000	-1.79018321652426	1.97586549848549	-0.303054694446142
267000	268000	-1.57622559305107	1.73157222421257	0.0358343451802714
268000	269000	-1.60282243407702	1.97412765539059	-0.000767979161005333
269000	270000	-1.37735351467186	1.97832767289097	-0.0257732911274325
270000	271000	-1.43942169532473	1.90600250416608	-0.215429865401999
271000	272000	-1.32848671694552	1.6968144437259	-0.0873079633227168
272000	273000	-1.32768561145119	1.80392396114489	0.14700247823731
273000	274000	-1.50771379095842	1.93050295299351	0.248651060755958
274000	275000	-1.424570691527	2.21069634468128	0.172851133245278
275000	276000	-1.25462834832697	2.0407098032087	0.383892306037452
276000	277000	-1.03725172687007	1.90348952472213	0.26911389104776
277000	278000	-0.980541281820545	1.73139960591245	0.0213061921380275
278000	279000	-0.983400426914833	1.96250673281553	-0.183388926918409
279000	280000	-1.0968377996998	2.26949680226556	-0.257784339633907
280000	281000	-1.13504790069926	2.44686893992457	0.0739606380075153
281000	282000	-1.06324272247444	2.13585223302795	0.0935760025971722
282000	283000	-0.777974750509852	2.19957532696459	0.093159238099312
283000	284000	-0.658978553976881	1.87596312867384	0.151481721834394
284000	285000	-0.777388926943122	1.65924580742717	0.462316902531132
285000	286000	-1.02792177061403	1.88227429878865	0.719027376992999
286000	287000	-0.886066548567922	2.30737514153798	0.71343579707067
287000	288000	-0.544572835430235	1.95939632274842	0.652503119772977
288000	289000	-0.449717154003251	2.2335238471833	0.435208817855723
289000	290000	-0.181246242245004	1.90695684712604	0.247219372748441
290000	291000	-0.195197138157163	2.3571658179326	0.208863112132207
291000	292000	0.0166665618548465	2.37871813322812	-0.0361625622771919
292000	293000	0.200069541434458	4.62121540899013	0.129039123947855
293000	294000	0.413869084784804	2.65557297857701	-0.0508290596238218
294000	295000	0.562584145178126	2.2713668133167	0.0629309561213539
295000	296000	0.435224997790753	1.88358480916425	0.0620623361168084
296000	297000	0.341495734435925	2.21255903978402	0.441165133799985
297000	298000	0.345652897114453	1.78475870352921	0.480223333543752
298000	299000	0.594710054476819	2.11804501403086	0.959233608769308
299000	3e+05	0.477430133795401	1.62569075731909	0.996125655310448
3e+05	301000	0.549927517472474	1.31091165451085	0.746147334253807
301000	302000	0.858304503525153	0.96768456826628	0.513726919047204
302000	303000	1.23448162872594	1.19565386671936	0.564351010042983
303000	304000	1.89069219424972	1.47044320455617	0.663129671331896
304000	305000	1.43978592296416	1.45923880571487	0.875772370731906
305000	306000	1.3738580687724	1.72384905972334	0.646532177774333
306000	307000	0.985392530773473	1.70523834820813	0.587068880842074
307000	308000	1.22547869957454	2.14372599821962	0.731219445817266
308000	309000	0.853517201399221	2.09995908583206	0.424868750483003
309000	310000	1.2575781823205	2.34905104422177	0.351553200876506
310000	311000	0.974490795199244	1.9692729796233	0.121359392373076
311000	312000	1.21834430103573	2.00299389832828	-0.0100350449178184
312000	313000	1.00919300776428	2.50620670047139	0.0500719692978202
313000	314000	1.09928279236935	2.24065269414253	0.00491678021261721
314000	315000	0.943197212515332	2.20546734791989	-0.17911381931657
315000	316000	1.21323523746125	2.24480306376002	-0.274573778297462
316000	317000	1.07642235982249	1.96372432854855	-0.329816386652039
317000	318000	1.38029931958936	1.96873011760274	-0.387489202260577
318000	319000	1.34056625753105	2.10541702441069	-0.689497488980266
319000	320000	1.07644558544573	2.05034675986746	-0.92830845132881
320000	321000	1.14015052669449	1.66056056676081	-0.940415118995582
321000	322000	1.47019653304422	1.76498321501829	-0.820343935815916
322000	323000	1.82280994654364	1.61142481563315	-1.00389687961722
323000	324000	1.45524561949667	1.17835542519453	-1.15168197901493
324000	325000	1.36744075308223	1.34795072954456	-1.47328136517008
325000	326000	2.19244044928445	2.12611677986492	-3.24623979929391
326000	327000	0.981091792979663	1.30922704447662	-1.80518142650644
327000	328000	0.47975479295635	1.28770310525852	-1.68493971623586
328000	329000	0.232223643512402	1.04936852401126	-1.94365236740172
329000	330000	0.56391585392511	0.868290087941449	-2.0852492409992
330000	331000	0.326732369310356	0.575490204967661	-2.17949933417541
331000	332000	-0.04198775738711	0.628047118108821	-2.36375826310383
332000	333000	-0.338350952860863	0.846393590081785	-2.24679551420453
333000	334000	-0.655983587185564	1.00841325823674	-2.11108690759077
334000	335000	-0.793724075877165	0.753394465028499	-2.40014335447729
335000	336000	-0.680695545962009	0.422085935247466	-2.55488365375574
336000	337000	-0.628702891262563	0.0110851356731564	-2.62480874867267
337000	338000	-0.330218221455348	0.22457690369749	-2.47690016717195
338000	339000	-0.483865378745321	-0.0741253721673832	-2.27078008919728
339000	340000	-0.145759467676688	-0.0728838666794409	-2.67829790878583
340000	341000	-0.302430384381735	-0.40873713111688	-2.5271079959917
341000	342000	-0.0269958195261569	-0.101873056744111	-2.2901600116802
342000	343000	-0.238374384595488	-0.359022230559404	-2.09619032097391
343000	344000	0.205163009889543	-0.41274773088954	-2.03499398126131
344000	345000	0.518409454000156	-0.59204652463934	-2.33865474091248
345000	346000	0.73983326448054	-0.332125240947923	-1.9819330077499
346000	347000	1.13362459126563	-0.424245025802262	-1.95990439396848
347000	348000	1.18875161654499	-0.441113439235294	-1.57134936321951
348000	349000	1.53046274950683	-0.386711650473376	-1.81548544593684
349000	350000	1.56110810177099	-0.432212285859812	-1.45975499444963
350000	351000	1.52511619745672	-0.0939388663099915	-1.43644994853494
351000	352000	1.73851578967791	-0.233619884518525	-1.1516276180164
352000	353000	1.93376419330615	0.0883622933464178	-1.3554088590766
353000	354000	1.89109819276101	0.165758918878906	-0.975882671149587
354000	355000	1.59794059462438	0.455162604512901	-1.13964885275088
355000	356000	1.8770773729229	0.611741939868882	-0.87782899969408
356000	357000	1.94717593594695	0.877547323545038	-1.12250747301686
357000	358000	3.59919690119266	1.65865808973927	-2.0929072900018
358000	359000	1.80432999454285	1.2297219321867	-1.18994363437889
359000	360000	1.43639328407989	1.6756045303055	-1.19132331797823
360000	361000	2.51434687330593	3.28853619709366	-2.12427631333577
361000	362000	1.21933492033787	2.04402097632384	-1.37567056928817
362000	363000	1.53774103892069	3.21756474834357	-2.84412037887926
363000	364000	0.965556178003134	1.61962350539015	-1.5433774007259
364000	365000	0.918184081503792	0.959466264837646	-1.4554665108361
365000	366000	1.20058082833427	0.598606880794373	-1.55171692609494
366000	367000	1.11407390670489	0.264538584259845	-1.7075580579904
367000	368000	1.13860716827577	0.189504894058504	-2.16460725993775
368000	369000	1.72905071363012	0.124871951828182	-4.14723679768757
369000	370000	0.624286256535848	-0.0215732227145848	-2.54938893325531
370000	371000	0.474941604233289	0.0540444945226627	-1.76193635605524
371000	372000	0.41877173435083	-0.254781096662821	-1.3307362208399
372000	373000	0.532930417048989	-0.514120825784516	-0.945615649077154
373000	374000	0.337222475459345	-0.432841220252578	-0.531320712199224
374000	375000	-0.114556135646605	-0.483288345664732	-0.76807806676051
375000	376000	-0.288387908887117	-0.524526023246816	-1.17565161060784
376000	377000	-0.286405438948437	-0.386442478172939	-1.59306307268725
377000	378000	-0.419334713123399	0.0522620182077589	-1.5963772057659
378000	379000	-0.591293122051576	0.413451811432321	-1.34774280337384
379000	380000	-0.702233838050498	0.823839764401703	-1.42784532128667
380000	381000	-1.09735143871367	0.927502907829296	-1.60367349389608
381000	382000	-1.08394610292721	0.438054629524168	-1.48489689413359
382000	383000	-1.50644472565404	0.571663671295317	-1.44735195142874
383000	384000	-1.92637754305811	0.606416905311915	-1.48802124285548
384000	385000	-2.06551721455367	0.33946708407383	-1.65679300057218
385000	386000	-1.74928428445891	0.115349672189112	-1.45531259486452
386000	387000	-1.85062424106116	0.045082902680029	-1.80680943830208
387000	388000	-1.44635081865259	-0.00952162809811385	-1.63214859189177
388000	389000	-1.67980556971989	-0.304621139845955	-1.8796141344081
389000	390000	-1.52476807456243	-0.0712611605577268	-1.96061631970379
390000	391000	-1.77087961697753	-0.0851420106645286	-2.18874283937558
391000	392000	-1.96413258367734	0.305383395040804	-2.23732424540823
392000	393000	-1.74688953128658	0.531889451114543	-1.99009248914114
393000	394000	-1.49139737707026	0.427883033300534	-1.81102801057902
394000	395000	-1.27967230954892	0.427114550024765	-2.03646018743432
395000	396000	-1.44947543940966	0.533063489796286	-2.29326755455429
396000	397000	-1.34431456241829	0.338948848610178	-2.57498924774033
397000	398000	-2.48750478294821	0.433778858108231	-4.31557132452565
398000	399000	-1.61684720799302	0.199912785853486	-2.34982594864846
399000	4e+05	-1.43140623770617	0.157684380593126	-2.16217145593631
4e+05	401000	-1.32766999414942	0.00451583270589687	-2.4160968196638
401000	402000	-1.5546134319117	-0.228942816072563	-2.59207289895529
402000	403000	-1.33885714137719	-0.229499049086571	-2.22804382366169
403000	404000	-1.16583614964407	0.00112281926219272	-1.99617812607145
404000	405000	-0.865595265314563	0.106283227141058	-2.00010486170587
405000	406000	-0.981698010948305	0.285601789105099	-2.25899698517921
406000	407000	-1.02963085458498	0.114267107675034	-2.51672364482579
407000	408000	-1.11103277581658	-0.149458274807228	-2.74814685667598
408000	409000	-0.958750235882163	-0.273058352220979	-2.36660568067602
409000	410000	-1.06423259158425	-0.397232860235053	-2.08694355346652
410000	411000	-1.40699090240946	-0.515294783763379	-1.97006759420863
411000	412000	-1.8111934226646	-0.804132467160459	-2.08045184103243
412000	413000	-1.40570122505902	-0.861871540742314	-2.0639488685696
413000	414000	-1.33583674957644	-0.612894841018668	-2.39315685363056
414000	415000	-1.04239056638961	-0.829928151271837	-2.53223097089111
415000	416000	-0.765712233846616	-0.743953193374003	-2.11471300122729
416000	417000	-0.582840154056739	-0.973821784710003	-2.39668577074902
417000	418000	-0.214086757973021	-0.785163888469389	-2.10445213739597
418000	419000	-0.24320860592138	-1.15754557877426	-2.1286672822061
419000	420000	-0.683754206941686	-1.27080033088984	-1.97846886427915
420000	421000	-0.60786606985826	-0.856133486965117	-1.58639894286101
421000	422000	-0.78979202450386	-0.432718467778812	-1.35729313679848
422000	423000	-1.10047039112363	-0.808279106034146	-1.33819528985331
423000	424000	-1.29478536088026	-1.12178164976995	-1.68385874528541
424000	425000	-1.09073749631217	-0.774874270578091	-1.78660645435909
425000	426000	-0.978551812423641	-0.297170848753572	-1.68820334396121
426000	427000	-1.34060747245566	-0.38394702163213	-1.49662266919442
427000	428000	-1.64978818836984	-0.564210525595097	-1.34724778564295
428000	429000	-1.86014958893074	-0.240488755170814	-1.3592514626125
429000	430000	-2.09654813836735	-0.135617978684406	-1.60997880839411
430000	431000	-2.15504422265753	-0.306594213839742	-1.97558315123203
431000	432000	-1.90065826379248	-0.505682039001643	-1.67923807053441
432000	433000	-2.1584540076041	-0.677287988428072	-1.44270658722286
433000	434000	-1.75239315153004	-0.931396470551917	-1.47197717885387
434000	435000	-1.52982815787363	-1.14132215588548	-1.15688093766402
435000	436000	-1.56997864688762	-1.49693278636779	-1.4368824205534
436000	437000	-1.23504739215039	-1.45239044395295	-0.983187858118417
437000	438000	-1.08774590506058	-1.68705442138567	-1.2235904971585
438000	439000	-0.862387907648976	-1.5986943419184	-0.931639122969113
439000	440000	-0.814136919193916	-1.98456704488626	-1.04526827331152
440000	441000	-0.565830930521943	-1.85440965826296	-0.775233779950758
441000	442000	-0.77466102342008	-2.10949612454755	-0.656514808247838
442000	443000	-0.80081841610103	-2.5193523518966	-0.591716797959218
443000	444000	-0.520810155922698	-2.33007813569405	-0.46356565236643
444000	445000	-0.286648754080704	-2.07166105461617	-0.52138146544606
445000	446000	-0.154808783849153	-2.34335277382882	-0.848160290823897
446000	447000	-0.107976065192528	-3.89257736664556	-2.30223538377587
447000	448000	-0.309323701223569	-1.98307600907831	-1.46026850421009
448000	449000	-0.295080343463817	-1.6488245912849	-1.68688447528306
449000	450000	-0.576355444570496	-1.39254318888509	-1.51204056869599
450000	451000	-0.0520503394494062	-1.33518967604522	-1.53537870404975
451000	452000	-0.305418308517454	-1.23363679287822	-1.13503782644893
452000	453000	0.114705947617315	-1.10332839101088	-1.03966116765152
453000	454000	0.0731440962677701	-1.57207116295318	-0.956536006583497
454000	455000	0.311272163310359	-1.87656515535024	-1.16371092800519
455000	456000	0.538145878905419	-2.11682560968185	-0.876223733839067
456000	457000	0.711181287205162	-1.74388233744266	-0.671345091244234
457000	458000	1.12724854414917	-2.05826529444256	-0.673592650324603
458000	459000	1.05150519246051	-1.71259485889236	-0.352472358803304
459000	460000	0.832047666781977	-2.05312125018339	-0.136842419528321
460000	461000	0.647982844705146	-1.77014443962478	0.175025866302973
461000	462000	0.906895834025287	-1.39424072974394	0.10612733702622
462000	463000	1.18760147945523	-1.06361359871519	-0.0288127220663566
463000	464000	0.986066609574209	-0.83196984942601	-0.354187835129758
464000	465000	0.906269236658984	-1.20516995345998	-0.659606623911742
465000	466000	0.547530161606734	-1.16619655262131	-0.89614237774326
466000	467000	0.878343595598299	-1.15864656961545	-1.18874990586637
467000	468000	1.0123625439248	-0.710947210048745	-1.13321471593962
468000	469000	1.17909044606836	-0.967240627944547	-1.60703752022141
469000	470000	0.677730470328835	-0.753109004277377	-1.57270679422299
470000	471000	0.786870761992985	-0.925025777857372	-2.01843981068026
471000	472000	0.335911735691795	-0.85768285536445	-1.92542046393881
472000	473000	0.395344918778379	-1.23358183368835	-2.05386325679308
473000	474000	0.413876015707968	-1.35591892648184	-1.64892289369813
474000	475000	0.66659233882843	-1.66502051339318	-1.53075533816104
475000	476000	0.856753205726326	-1.69137612136256	-1.18243960435458
476000	477000	1.21455429376185	-1.42905412763141	-1.27869930631947
477000	478000	1.48104196610354	-1.75465379657874	-1.1788477149443
478000	479000	1.45467041262052	-1.38701081862066	-0.762380376085205
479000	480000	1.6011944297523	-1.68770037006741	-0.522962888377384
480000	481000	1.70047958818813	-1.44472313595782	-0.272526547377067
481000	482000	1.88840566391719	-1.83353835756704	-0.158257279352966
482000	483000	1.70558610179987	-1.56454167154456	0.0971553176318902
483000	484000	1.43544231120927	-1.81268207736097	-0.0800997320095404
484000	485000	1.26704936975358	-1.72903144428562	0.228706617849534
485000	486000	1.34673052976855	-2.09635124892561	0.310567454718179
486000	487000	1.63497314661917	-2.39111393373777	0.448178405091453
487000	488000	1.48853417874572	-2.15228974357141	0.705997154579622
488000	489000	1.29468679930657	-1.80646194501372	0.608192218065465
489000	490000	1.11115132099147	-2.0702733547782	0.785512713670505
490000	491000	0.954970393984592	-2.04908352322604	0.464099748416442
491000	492000	0.911449933633796	-2.33833167177321	0.27229974562558
492000	493000	1.15804756630587	-2.21933400535478	0.00714949483591552
493000	494000	1.53663446945592	-2.22038789188755	-0.0378766059019944
494000	495000	1.76418862062797	-1.96413302471694	0.201997719276275
495000	496000	3.32055089470666	-3.48659475252472	0.526829824205305
496000	497000	1.9456841279216	-1.93716124286108	0.554617676016251
497000	498000	1.66676845863466	-1.73782544328466	0.514290196054827
498000	499000	1.85700286709788	-1.57690844063504	0.653810718197971
499000	5e+05	1.61478183260778	-1.50309918212826	0.824859062057559
5e+05	501000	1.45621501837065	-1.81753866081735	0.958290829529843
501000	502000	1.7943576663447	-1.84069782946767	0.962600161486568
502000	503000	1.90484996249217	-1.63260824891984	1.30730647357515
503000	504000	1.6739239920983	-1.26121510438272	1.2075683746485
504000	505000	1.43529169243803	-1.35988985721049	1.5312032480795
505000	506000	1.10400897296532	-1.06967903841788	1.57498641542437
506000	507000	0.960212224518384	-1.31168368726996	1.9000227612445
507000	508000	0.596169811031352	-1.06894029293294	1.45620565247647
508000	509000	0.862826999455412	-1.67591921492365	1.5642176992041
509000	510000	0.845166754962123	-1.38214909473778	1.20206389742252
510000	511000	1.18262045240809	-1.60516227035108	1.14917717873531
511000	512000	1.31727738283343	-1.22570222703621	0.821833567786946
512000	513000	1.3549628945596	-1.24199207835242	0.379243155440797
513000	514000	0.930538629985787	-1.52699396988566	0.587688889274396
514000	515000	0.891070516461191	-1.10767500168918	0.681879244513565
515000	516000	0.659336498064524	-0.745585432519163	0.573201040664106
516000	517000	0.376194891598889	-1.16087382777622	0.730940131589371
517000	518000	0.492331384559794	-1.59079881171855	0.870831388999959
518000	519000	0.577639267814901	-2.09458858937424	1.1962388470179
519000	520000	0.365926396783451	-2.21463166429795	0.793004068091877
520000	521000	0.291637865352217	-2.16581771974284	0.415805585830316
521000	522000	0.328177172657437	-2.19018072530323	0.00203051899002472
522000	523000	0.520448360458421	-2.49057934589083	-0.203278757075566
523000	524000	0.747600931540774	-4.49645069409378	-0.774910045843671
524000	525000	0.118204510292895	-2.48677905095448	-0.54000660488816
525000	526000	0.0271565151401984	-2.18449124875984	-0.414667156961359
526000	527000	-0.128026985348274	-2.33185649044911	-0.163387693497446
527000	528000	-0.241624803648869	-2.61353438150116	-0.277568193843319
528000	529000	-0.657019078223151	-4.61484859341689	-0.100633451593082
529000	530000	-0.522332591597787	-2.48463550113663	-0.00317585900673533
530000	531000	-0.516510732054605	-2.12822605847275	-0.176613548996463
531000	532000	-0.842842247909598	-2.07496760848509	-0.294324319540148
532000	533000	-0.824245472061524	-2.36139775455546	-0.189133140301297
533000	534000	-1.6459927668799	-4.26970898970244	0.225207517815835
534000	535000	-0.771926178921799	-2.21221798554234	0.102821831856036
535000	536000	-0.990762612559731	-1.912904599036	0.0854845023069958
536000	537000	-1.3593027911911	-1.99050739273629	0.235378590235231
537000	538000	-2.98706211496375	-3.29591366097923	0.186213814556813
538000	539000	-1.53979899151792	-1.84883698940678	-0.217446944977648
539000	540000	-1.29204124679315	-1.61361298424058	-0.233344667909881
540000	541000	-1.32530244002234	-2.22059341264765	-0.33316573393869
541000	542000	-1.17907193255059	-1.94591029849796	-0.652581202403608
542000	543000	-0.978827470901195	-1.67684528356979	-0.396629934494784
543000	544000	-0.847385485859894	-1.34435684380086	-0.538828907948534
544000	545000	-0.53699125710973	-1.59341308328049	-0.317882436314147
545000	546000	-0.476125256269821	-1.18709749823558	-0.216360892974242
546000	547000	-0.115034990067822	-1.35327844684294	0.189539284851033
547000	548000	0.272935812415022	-1.34883297064614	-0.0748084147917576
548000	549000	0.0764326509296121	-1.56576880419014	-0.41357870725004
549000	550000	-0.433312616601655	-2.37612729224907	-1.20572678673667
550000	551000	-1.51817665846038	-3.85772460608913	-2.11856715844011
551000	552000	-1.28254088482073	-2.173765628647	-1.14535361367139
552000	553000	-1.70938575636957	-1.73261054155472	-0.795838900339656
553000	554000	-1.53459627641744	-1.22363386307728	-0.563195602521774
554000	555000	-1.25951099238779	-0.885099349325117	-0.575830091198243
555000	556000	-1.046958703789	-0.551584770471935	-0.388403776774962
556000	557000	-0.78520546891864	-0.116308285388228	-0.324147272125411
557000	558000	-0.625833896435085	0.287800692216988	-0.0688949388996791
558000	559000	-1.00554470293328	0.476525349718733	0.210463967061873
559000	560000	-2.36408046880676	0.624877121881435	0.340091626508768
560000	561000	-4.36714444756594	0.975140987153441	0.0749531755767733
561000	562000	-2.43998080953656	0.756061972518945	-0.375278030075252
562000	563000	-0.788023758756053	0.771122617201536	-0.480979828702184
563000	564000	-0.451314254205544	1.0932156679003	-0.445381061031314
564000	565000	-0.298829379298909	1.44982349635489	-0.788672653569083
565000	566000	0.059063338123773	1.08326943431795	-0.80725572843202
566000	567000	-0.016748247790348	0.751158369863481	-0.385862575801523
567000	568000	-0.220181627737548	0.347466119131303	-0.590242673461007
568000	569000	0.0185945184938257	0.355475336486939	-1.0328472322599
569000	570000	0.434002912250835	0.558602676911404	-1.16084246562393
570000	571000	0.85372266456419	0.414525737035342	-0.902616464852125
571000	572000	0.742109660696897	0.236506110998738	-0.417387591609517
572000	573000	0.405140465526411	0.0961175861654658	-0.00251664184206097
573000	574000	-0.111534378836352	-0.0342788702601891	0.241689339129262
574000	575000	-1.55532726386796	-0.618435492868122	0.514817155277786
575000	576000	-3.74038486076805	-1.47367245175798	1.12639194962998
576000	577000	-2.16144571997663	-0.68163727739897	1.10575513422561
577000	578000	-1.84929310520992	-0.349848230584585	0.906486188540839
578000	579000	-1.51133037989891	-0.103268736559036	1.00920342302293
579000	580000	-1.38291497389272	0.285008658949816	0.898931044414404
580000	581000	-1.14107769447028	-0.178226161307618	0.765543797613143
581000	582000	-1.12185900719055	-0.381490331717854	0.414050131413709
582000	583000	-0.776799794339138	-0.565151921957177	0.180334291172949
583000	584000	-0.267355935814746	-0.632198310970737	-0.110108329846309
584000	585000	0.0886873087506681	-0.772508949740143	0.207966171206102
585000	586000	-0.267820140866993	-0.724648157999705	0.577010817429696
586000	587000	-0.533208252280948	-0.814419201309722	0.943274683270026
587000	588000	-0.253569914595349	-1.22919190797628	1.08964168965497
588000	589000	-0.522483646281764	-1.36339432573549	0.748664183301207
589000	590000	-0.789293736406863	-1.27904957741384	0.375580650819788
590000	591000	-1.22991230004078	-1.11064262218589	0.247853390124838
591000	592000	-1.63081123349693	-1.16125349167392	0.325679289118958
592000	593000	-1.40612845894537	-1.57524685305628	0.426260141903568
593000	594000	-1.45494992934331	-1.49027531026347	0.814247436219405
594000	595000	-1.23927367609223	-1.18363455120571	0.865168802651985
595000	596000	-1.34851572315809	-1.3014163501091	1.26266465897585
596000	597000	-0.984314862450955	-1.15712182472057	1.27125490891247
597000	598000	-0.979183430677318	-1.51958671131139	1.28208682211023
598000	599000	-0.924478021302468	-1.82093364275858	0.979768203694462
599000	6e+05	-1.72898183505668	-3.68974584222619	1.77870936843825
6e+05	601000	-0.79672193543334	-2.29881892841149	0.63799919449985
601000	602000	-0.710718783303778	-1.90176219750351	0.506274221497147
602000	603000	-0.511436450953494	-1.8276067489193	0.168176899861671
603000	604000	-0.147710499557177	-1.96220170125054	0.143217820495123
604000	605000	-0.185331390715547	-2.20886712359832	0.536208105127103
605000	606000	-0.120918967595436	-1.7608895689798	0.735628795514444
606000	607000	-0.104492789594794	-1.87821949946995	1.22399371774132
607000	608000	0.234451337973896	-1.58992552616101	1.35997954196954
608000	609000	0.179554806355913	-1.41988108399497	1.73815729554371
609000	610000	0.0235305507029923	-0.974046890892881	1.65435980834082
610000	611000	-0.362071864318213	-0.978104995746997	1.67979952482783
611000	612000	-0.431217840890138	-1.10332818924484	2.07483147707263
612000	613000	-0.219513603820629	-0.937736173563531	2.42826338512629
613000	614000	-0.431429545657204	-0.637740110426116	2.31799381177951
614000	615000	-0.480935523284273	-0.504258985871691	1.92433006569238
615000	616000	-0.907407150852186	-0.798391508576446	2.37739167035977
616000	617000	-0.717109598739321	-0.679443930440743	1.66491190722287
617000	618000	-0.850759390821488	-1.05435497587637	1.89093388482231
618000	619000	-1.03725678650981	-0.933269801006801	1.62597275269685
619000	620000	-1.18086670963714	-0.785047484363762	1.95580741703927
620000	621000	-1.12950965481246	-0.535339233458248	1.63035705400354
621000	622000	-1.42317686208002	-0.478185627595881	1.82271721869773
622000	623000	-1.66487867435625	-0.637231425940931	1.58609609201204
623000	624000	-1.66205113893134	-0.213494357389858	1.55497759495351
624000	625000	-1.57717953397153	0.200004924784841	1.42103996531855
625000	626000	-1.77135611266546	0.284714347947368	1.83617021077799
