0	1000	-2.29753045990645	-2.1262752416447	0.0575879213898469
1000	2000	-2.49404340386064	-1.87729299134556	0.232682290547656
2000	3000	-2.86091854078632	-1.76481296076543	0.458835782424867
3000	4000	-2.7457815190463	-1.37748280874169	0.199770694565973
4000	5000	-2.44674802974065	-1.38977218831105	-0.0548921935082941
5000	6000	-2.23625600856712	-1.3898353188467	-0.414457872010226
6000	7000	-2.05298888725907	-1.43381973834721	-0.0559965196025619
7000	8000	-2.21565958484018	-1.57688439821854	0.271008446294767
8000	9000	-1.96745682157987	-1.86457334616377	0.00835139448113407
9000	10000	-2.12280319560075	-1.90257974594384	-0.330690935780022
10000	11000	-1.66985460474704	-1.97299796912241	-0.351720607466915
11000	12000	-1.40125214639595	-1.66643235183754	-0.522459195631813
12000	13000	-1.32226629007862	-1.4220474092426	-0.942613019044006
13000	14000	-1.45382693040784	-0.953258436232369	-0.764890918345823
14000	15000	-1.60999685454843	-0.78462317606712	-1.2063485185746
15000	16000	-1.65459013015133	-0.358303514853096	-0.913336334880792
16000	17000	-1.66044656731223	-0.13260388251078	-1.41366425293157
17000	18000	-1.32432435551232	0.107785456995473	-1.70699466422735
18000	19000	-1.517178508918	0.0849316992903083	-2.18514104759295
19000	20000	-1.25593821635882	-0.295045895716057	-2.34667167583987
20000	21000	-1.19074225591639	-0.513988732863471	-1.88572236385967
21000	22000	-0.893226762097109	-0.454129870215096	-1.466009950291
22000	23000	-0.842153812200782	-0.536938883090235	-0.94751042742197
23000	24000	-0.389607364870663	-0.84183852188123	-0.905892962984938
24000	25000	-0.000284124465202441	-0.690437366967106	-1.29036665859931
25000	26000	-0.150235815455857	-0.101309031042849	-1.41385011967311
26000	27000	-0.352550560993749	0.221873570863606	-1.78768366332221
27000	28000	-0.371753169263232	-0.0481184167675758	-2.8653942821715
28000	29000	-0.885575118754043	-0.212763318751046	-4.07166551981869
29000	30000	-0.987421615178137	0.201905883558032	-3.04813036552124
30000	31000	-1.12803829926826	0.530800412090268	-2.00476599067249
31000	32000	-1.4534529187054	0.620609936520258	-1.53254742582854
32000	33000	-1.93749261654855	0.543369456728484	-1.44457903180062
33000	34000	-2.11376430652452	0.224597574550307	-1.78285104179436
34000	35000	-2.10194372717189	-0.232478291780184	-1.6349129005878
35000	36000	-2.36646193623172	-0.633086647233811	-1.68546126813394
36000	37000	-2.28195627187485	-0.74546585055028	-1.1399543003286
37000	38000	-2.59061570768776	-1.17211625298241	-1.29675356776658
38000	39000	-2.38748019851482	-1.1526676912447	-0.84906576969711
39000	40000	-2.57943248805532	-1.55746377169902	-0.833095243821422
40000	41000	-2.95764167581094	-1.56379961453787	-0.727289237907665
41000	42000	-4.1852413177078	-2.05263131196803	-0.951219120394797
42000	43000	-3.10682516901845	-1.64690630747154	-0.357766808850174
43000	44000	-2.85316065628321	-1.55237148966597	-0.141447072288243
44000	45000	-2.63152457698176	-1.79438587076692	-0.147037582506263
45000	46000	-2.92582773301883	-1.84135878365074	-0.0413663246035908
46000	47000	-3.57929144648211	-2.88960826275978	0.522263624138234
47000	48000	-2.72416575171348	-2.07907777038656	-0.101983014200632
48000	49000	-2.83408693666817	-2.00258092946065	-0.50902904717222
49000	50000	-2.66079855988592	-1.59958684902078	-0.424777809186511
50000	51000	-2.70120213226067	-1.23869942737044	-0.367675038330223
51000	52000	-3.02416990555053	-1.25300884231553	-0.380581237205901
52000	53000	-2.87015726124213	-1.15721309257045	-0.715363773221639
53000	54000	-2.99280873205189	-0.818506175336321	-0.591988360250965
54000	55000	-2.8539968972971	-0.777435089839614	-0.974163322062962
55000	56000	-2.70549105780647	-0.418003003716119	-0.922430906661656
56000	57000	-3.03957301184015	-0.205098811105588	-1.00149061755247
57000	58000	-2.79133793411333	0.139889438871582	-1.05477235808334
58000	59000	-2.95748361569617	0.0289218787686965	-1.43044141261188
59000	60000	-2.69391775291926	-0.257199470320884	-1.3974299622647
60000	61000	-2.41597868409709	-0.108153644020632	-1.09997667592782
61000	62000	-2.48139146632161	0.243934835295234	-1.3823967110906
62000	63000	-2.53826666782772	0.531380606751932	-1.01479275338081
63000	64000	-2.50379338003574	0.781152297185489	-1.37090499107787
64000	65000	-2.3444335799946	1.24630868043573	-1.21511364538839
65000	66000	-2.21029854373671	1.76006624108348	-1.25324894799409
66000	67000	-1.73695900712609	1.81475722802887	-1.36108446233485
67000	68000	-1.93224204623682	1.4533319619892	-1.60786183251542
68000	69000	-2.42883719307029	1.21855890428872	-1.76372988213798
69000	70000	-2.0630876351863	0.884451580382509	-1.91194606981543
70000	71000	-1.60824133239845	0.989370798074332	-1.87799185899664
71000	72000	-1.55459145752354	1.32836609718973	-2.21191257773003
72000	73000	-1.18829878467592	1.07097176938883	-2.11531450998959
73000	74000	-1.43856341592682	0.899744569764349	-2.50123423824026
74000	75000	-1.08168343787631	0.881702468934569	-2.42480788656637
75000	76000	-1.19950753506083	1.23908911690979	-2.46717585526289
76000	77000	-0.866381402394171	1.24660300816155	-2.61821739163985
77000	78000	-1.14570312647467	1.02229219160162	-2.83515339575438
78000	79000	-0.843490628760015	0.762967712972557	-2.8561633920714
79000	80000	-0.858255948355792	0.417014706942778	-2.53920275209604
80000	81000	-0.445110213289529	0.806820768900838	-2.68810782327872
81000	82000	-0.550278799618107	0.765820393153853	-2.17049204141038
82000	83000	-0.365830630937073	1.23382742716735	-2.435491867671
83000	84000	-0.520082194415901	1.31563899803807	-1.93686173711001
84000	85000	-0.67012843775867	1.69124277855883	-2.31311548157856
85000	86000	-0.956863692187993	1.85806574789011	-1.97949236701171
86000	87000	-1.10076271855712	2.36119459861857	-1.9934522600212
87000	88000	-1.23935046620404	2.43662729303113	-1.48828366512323
88000	89000	-1.14713278678622	2.12116706558747	-1.23095404726521
89000	90000	-0.705066628887483	2.07135681854142	-1.413967470416
90000	91000	-0.555230292465483	2.3690148914626	-1.8677221178262
91000	92000	-0.150892768455441	3.11143581987318	-2.77146958571404
92000	93000	0.113819658014898	2.44272915855834	-1.87763818266232
93000	94000	0.0407899341376851	2.32827891890955	-1.40164654961579
94000	95000	-0.351266191861454	2.6783156478232	-1.09820415538418
95000	96000	-0.65400065115793	2.84151312880761	-0.799591911675077
96000	97000	-0.4544961374505	3.07073368103265	-0.520867278110862
97000	98000	-0.114839036979672	2.78450161534538	-0.345315019608363
98000	99000	0.116430724580516	3.03453924122071	-0.658680204685367
99000	1e+05	0.320785245000674	2.59623268474665	-0.65768313727831
1e+05	101000	-0.0182684646429259	2.31818978597498	-0.852499886977604
101000	102000	0.0897500982607027	2.21949590211641	-0.396893545272826
102000	103000	-0.210406430514177	2.38658721458228	-0.101054070876135
103000	104000	-0.067676598780631	2.56077135021876	0.29140586904181
104000	105000	-0.367238639988948	2.91610322680846	0.508994269597127
105000	106000	-0.672301249960938	2.73452405079916	-0.13612867444006
106000	107000	-0.916660709212813	2.46904180043939	-0.393054872795329
107000	108000	-1.1493213558609	2.8712067886911	-0.593043385561639
108000	109000	-1.48187843677779	2.53422245660105	-0.713300074243554
109000	110000	-1.33960187048437	2.93329286353278	-1.00294015920328
110000	111000	-1.08372087265239	2.51141723424356	-0.939478973138536
111000	112000	-0.675992080554165	2.24784276877755	-0.843498901571872
112000	113000	-0.488984862487979	1.84551427927768	-0.655738112297686
113000	114000	-0.900984276607508	1.68974516382208	-0.908161759565283
114000	115000	-1.39656078126385	1.7428350368714	-0.957749239417543
115000	116000	-1.61243505359585	1.41031709652342	-0.642496987868125
116000	117000	-1.64318420617478	0.884335524581001	-0.743085728028282
117000	118000	-1.72408111260629	1.14619814103329	-1.19103509573862
118000	119000	-2.16135999979528	1.94653117144335	-1.89961212099036
119000	120000	-2.43859739120138	2.63902738418389	-2.74467334488917
120000	121000	-1.54637563642975	1.94719141799977	-2.09085792146982
121000	122000	-1.06894061516518	1.49790775278536	-1.55966874313972
122000	123000	-1.04733470171371	0.972519408721791	-1.54797751066648
123000	124000	-1.91234909964147	0.808156576041018	-2.57673059542986
124000	125000	-2.65048105097601	0.553343267867552	-3.41481320732062
125000	126000	-1.98828870171226	0.332256841661144	-2.34062903793252
126000	127000	-1.27269952192605	0.300762712659553	-0.932942173522005
127000	128000	-2.05744734731795	0.441501558217199	-0.42274198283732
128000	129000	-3.54039955319764	0.95994456109482	-0.145965320841946
129000	130000	-3.04175436563997	0.256690443607722	-0.32642037279633
130000	131000	-2.29666056212536	-0.12161563764025	-0.434709579219097
131000	132000	-1.99141646103427	-0.558943163062098	-0.421342657663476
132000	133000	-1.76893779575863	-0.803590341232142	-0.0841871841128229
133000	134000	-1.47876884567938	-1.02978558628631	0.206087666914905
134000	135000	-1.28588052307287	-1.47347971208125	-0.0383974756435211
135000	136000	-1.36037576074268	-2.27514994434471	0.0239516549904973
136000	137000	-1.66249407576384	-3.45599068939412	0.540107128601428
137000	138000	-1.52819468028553	-3.14713375341543	-0.115394267815993
138000	139000	-1.37057613680963	-3.90183372643154	-0.489606125642423
139000	140000	-1.00696214692936	-2.75267533153826	-0.643792676989772
140000	141000	-1.06871146226609	-2.29279130152567	-0.502772313804776
141000	142000	-1.37077107317128	-2.31316830781988	-0.839489944963104
142000	143000	-1.14171617078167	-2.04888036117593	-1.22922882697412
143000	144000	-1.65705050821245	-2.03890880839097	-1.40766313023637
144000	145000	-1.63984830328535	-1.81324402653151	-0.990965141210908
145000	146000	-1.85715620632447	-2.1319627308763	-0.838768057975144
146000	147000	-2.00979414774329	-2.26278300529047	-0.475118353701466
147000	148000	-2.45660966909131	-2.30942637420662	-0.60835550041109
148000	149000	-2.29775994472524	-1.84444093423586	-0.665227976827504
149000	150000	-2.02899897851232	-1.51875549166725	-0.821737160725511
150000	151000	-2.01660270965096	-1.3629591645913	-1.20373762401694
151000	152000	-1.86154073225323	-1.1009287084351	-1.53073951307352
152000	153000	-1.43695788996541	-1.13840127054449	-1.79581699743321
153000	154000	-0.910527574543486	-1.12571756755238	-1.72009817206911
154000	155000	-0.503662059102796	-1.45928430028976	-1.67774238917106
155000	156000	-0.298864176919543	-1.60812642856806	-1.18745166459575
156000	157000	-0.454196865684241	-2.16765762135678	-1.30672193669468
157000	158000	-0.606459822198301	-2.00499088360426	-0.802374262905315
158000	159000	-0.566966289223607	-2.47760402403613	-0.86247435703963
159000	160000	-0.313817108308566	-2.22089658933742	-0.4108325885555
160000	161000	-0.178110502319041	-2.72123491450575	-0.650262062692195
161000	162000	-0.381669327398612	-2.8030062028999	-0.156903729481851
162000	163000	-0.0530909586924297	-3.23388021757688	-0.33266354381464
163000	164000	0.144176174190255	-2.85674709643097	-0.140006629179798
164000	165000	0.329799305268614	-2.93830886790933	0.224461698914948
165000	166000	0.463962577989487	-2.6440547362214	0.526557570139602
166000	167000	0.654776377377698	-2.54059266145637	0.969191004733899
167000	168000	0.916629813896732	-2.46039999887008	1.40808082377439
168000	169000	1.26140134903643	-2.138019434584	1.30880414321342
169000	170000	1.36016419131631	-1.67871109367022	1.23761633991869
170000	171000	1.15979944987787	-1.48928093784286	1.66757297958348
171000	172000	0.728840419732716	-1.2391533953353	1.94587408137548
172000	173000	0.772578514626119	-0.741283002262478	1.6429168401068
173000	174000	1.13916697057146	-0.787498601875273	1.23481221633413
174000	175000	1.26434424394916	-1.21503321703991	0.862808300063119
175000	176000	0.725409233256661	-1.22867446161162	0.831862958490655
176000	177000	0.664994117032107	-1.52882015881607	1.26521145993306
177000	178000	0.199712517192872	-1.3526970218064	1.70261109056657
178000	179000	0.287416026161549	-1.92821224695932	1.60666310163138
179000	180000	0.136711268490795	-1.43745658404942	1.11640499480698
180000	181000	-0.0613418034504835	-1.62987034865621	0.714140059492646
181000	182000	-0.446586618049024	-1.67835260142658	1.22197051177236
182000	183000	-0.153379101082597	-2.15033649014661	1.29332576990998
183000	184000	0.210731119807566	-2.30868224171155	1.04036857318473
184000	185000	-0.125057905796918	-2.53106966634485	0.699459224286546
185000	186000	-0.306056673324024	-2.21790834302937	0.343259909939079
186000	187000	0.168322564071829	-2.33116500459923	0.212254396071393
187000	188000	0.584520270609489	-2.18437379521953	0.287172288863123
188000	189000	0.894199670698739	-2.47046067204579	0.0944445052157815
189000	190000	0.532282515633232	-2.44695967270388	-0.217220378743661
190000	191000	0.303218293448391	-2.68420298060359	-0.546392237223068
191000	192000	0.338650813949516	-2.27189271588917	-0.594924449822038
192000	193000	0.569588575183233	-1.85179188108372	-0.497739531416945
193000	194000	1.05435007443189	-1.74658496990332	-0.417153943187405
194000	195000	1.3644507117768	-2.08375111067782	-0.3369219704859
195000	196000	1.57427036026565	-2.15472262823578	-0.700813106337425
196000	197000	1.54687627746015	-2.05823117745626	-1.14097321931589
197000	198000	1.28133013668261	-1.67214552836409	-1.1489072502105
198000	199000	1.67238179457885	-1.54445978852422	-1.47448501486286
199000	2e+05	1.26589105825731	-1.19216826903715	-1.39839989660009
2e+05	201000	1.50176447387563	-0.735103467750467	-1.42520938403645
201000	202000	0.993492054393022	-0.494200607751497	-1.27504646585007
202000	203000	1.11967857923418	0.0563656695193399	-1.31931499346083
203000	204000	0.760109511467733	-0.156156462450953	-1.7149694075141
204000	205000	1.06810123796603	-0.193594090300331	-2.06568579535111
205000	206000	0.9067043190456	0.0453313169834333	-2.46243079954863
206000	207000	1.22619908729378	0.0701389043829683	-3.07772629317216
207000	208000	1.75066267959693	0.339420706046347	-4.20215337282634
208000	209000	1.41935420753386	0.483980685930118	-2.98550983301261
209000	210000	1.14763762671523	0.621300511601212	-2.71361154864595
210000	211000	0.776701772934853	0.735887238264309	-2.57304015136684
211000	212000	0.423039428393618	0.702188756054205	-2.25436101402036
212000	213000	0.489980396107108	0.912765620684427	-1.83440890188532
213000	214000	1.02710240890675	0.943833918649688	-1.98832046779275
214000	215000	1.23873058269558	1.31190308147995	-2.24121111243131
215000	216000	0.759917701511112	1.45319113081269	-2.33304495608277
216000	217000	0.295592856507934	1.33047219497936	-2.22871169552933
217000	218000	0.0996798042706997	1.43372365807368	-1.76902858231917
218000	219000	0.453564744356569	1.73811180477668	-1.63346438632547
219000	220000	0.94109678888552	1.8280515870357	-1.74448186661573
220000	221000	0.992056239855443	1.44073566423386	-1.47274814367045
221000	222000	0.931984379822218	0.972990571148132	-1.28431798749819
222000	223000	0.777881237804661	0.526777316218115	-1.43616144647913
223000	224000	0.899522642461293	0.400713435539175	-1.91760889251629
224000	225000	1.2142653137611	0.379881065520086	-2.2691509674958
225000	226000	1.42997549780559	0.239827463906501	-1.84233168442439
226000	227000	1.67118253115821	0.612172685340136	-1.57470690848661
227000	228000	1.58763812081203	0.901082719394199	-1.95242507231049
228000	229000	1.67466628786648	0.834137029812454	-2.44209870676369
229000	230000	1.70709391530517	0.386760796276617	-2.18663865697927
230000	231000	1.75818729212807	-0.0414293536255526	-2.01682871143374
231000	232000	1.57487763371704	-0.472464678074336	-2.01100817935287
232000	233000	1.65637167435337	-0.758225302473953	-2.32813981898213
233000	234000	1.97168504529983	-0.555490790351124	-2.19468109865835
234000	235000	2.3274482284158	-0.490187086509455	-1.8928386682548
235000	236000	2.07317882728951	-0.16986991819919	-1.59850814333005
236000	237000	2.03913506504183	0.129198703040944	-1.15238720370045
237000	238000	1.99996662084936	-0.387215774228187	-1.03475037261092
238000	239000	2.34983662629319	-0.793075881233354	-1.07138945662253
239000	240000	2.21703406855694	-1.03316158200579	-0.611161250375369
240000	241000	2.65097704995557	-0.900474479459042	-0.284271257135699
241000	242000	2.41265328362631	-0.624568621842709	0.13663991322867
242000	243000	2.39909440340692	-0.14259230785248	0.136807485971659
243000	244000	2.07606102945507	0.198852346510141	0.338182693059807
244000	245000	2.35993533374313	0.160327768288988	0.75459521478649
245000	246000	2.40622501450324	-0.240665723024819	0.990467845369613
246000	247000	2.56510940943749	-0.687721436874174	1.09985666574028
247000	248000	2.57072417724213	-1.14055034411251	1.16578938447736
248000	249000	2.53540071468168	-1.55295691343435	1.27362564103102
249000	250000	2.19876233639278	-1.70571170903482	1.1039640332841
250000	251000	2.10140519485753	-2.0859951093066	1.1946430498059
251000	252000	1.72953839230593	-2.03651362987004	0.973614443110886
252000	253000	1.85216024160108	-2.34549722709628	0.690385504226401
253000	254000	2.10050570047797	-1.97623702947737	0.470653589528877
254000	255000	2.03962162603992	-2.02544511242434	0.0301642533316833
255000	256000	1.72047990507712	-2.31488728184512	-0.0422565819003302
256000	257000	1.46360830910697	-2.57634417334965	0.207587570343956
257000	258000	1.40196794340123	-2.2197179943551	0.470580675208817
258000	259000	1.37299291685018	-1.81030327568839	0.242487094774986
259000	260000	0.910668755165253	-1.70698107426969	0.447495422054376
260000	261000	0.928559615543776	-2.14074895246115	0.697341153797143
261000	262000	1.16989346500198	-2.67113343392008	0.757094779508319
262000	263000	0.822008333583437	-2.92840275186408	0.562419297516668
263000	264000	1.1029396761844	-3.05759651194658	0.235206933717153
264000	265000	0.712829973055322	-2.8877436920394	-0.0444414594538739
265000	266000	1.09874925151613	-2.77264230103035	-0.166273122520872
266000	267000	0.887300347331977	-3.29321237182899	-0.177283075448362
267000	268000	0.932466567352186	-3.01324434726241	-0.448723048445288
268000	269000	0.642202549055823	-3.00411274323291	-0.519965395891482
269000	270000	0.794145487621651	-2.74043520944961	-0.457216132141266
270000	271000	1.06055174528425	-2.70655245653506	-0.569906985519747
271000	272000	1.10229884225384	-2.99529380685489	-0.760729858899675
272000	273000	0.757142533464328	-2.74866123304912	-0.732688042345376
273000	274000	0.725728783412227	-3.03868954241146	-0.84376628133656
274000	275000	0.46664462081578	-2.83290722639601	-0.985628866582226
275000	276000	0.903164395200861	-2.71575452224882	-1.01673369692313
276000	277000	0.615301071008889	-2.45782810476217	-0.967251118668526
277000	278000	0.868402086062903	-2.32652267165388	-0.717539612760856
278000	279000	1.10128565454462	-2.2761889991029	-0.980487304121234
279000	280000	1.34912512657172	-2.57836581322458	-1.08221787220615
280000	281000	1.12604993644581	-2.883305619918	-1.3688993147825
281000	282000	0.783455173074987	-2.60701832892631	-1.32192492094941
282000	283000	0.999428757197134	-2.32800327388359	-1.35584787709573
283000	284000	0.758438805922711	-2.03947001059408	-1.15382692363094
284000	285000	0.323293495184954	-2.09176201224894	-1.09446186580296
285000	286000	0.164114171795242	-2.50621065956649	-1.20361614215334
286000	287000	0.179285986738996	-2.39473178816133	-1.68188732811007
287000	288000	0.62530790432256	-2.23262097582222	-1.68730090825297
288000	289000	0.548178706855193	-1.76438240109431	-1.64239956880286
289000	290000	1.02258247443859	-1.87030298568549	-1.69859656955731
290000	291000	0.991112008013572	-1.50544512991444	-2.0298796065112
291000	292000	1.29987361047757	-1.78353872529266	-2.1037666879552
292000	293000	1.79632325753969	-2.24262545352377	-3.18814754385827
293000	294000	1.57604226962224	-1.31043859006012	-2.65994181983797
294000	295000	1.25061152857057	-0.985782440006645	-2.44749062672533
295000	296000	1.03342671446902	-0.715901032883093	-2.17438008380046
296000	297000	0.699299369416864	-0.954894347048971	-1.91805480580031
297000	298000	0.628878488594044	-1.00855758794888	-2.40237290769679
298000	299000	0.128635285609958	-0.955403400098989	-2.64844811956756
299000	3e+05	-0.034165845267157	-0.784812145466444	-2.13547016329732
3e+05	301000	-0.397948800956902	-0.444938483760608	-2.07801263531033
301000	302000	0.0594823836687234	-0.132181641071762	-2.08917647812536
302000	303000	-0.0145668827731744	0.307651008708596	-2.3428530574575
303000	304000	0.197371256817853	0.757831128701446	-2.7508848043652
304000	305000	0.185683786074414	0.312245705379242	-2.97809106527233
305000	306000	0.385273447550632	0.10884639656636	-2.6163852141814
306000	307000	0.388502108075157	-0.22626053136116	-2.91282553063198
307000	308000	0.60438687998732	-0.409137117076934	-2.49128687075171
308000	309000	0.785677412101538	-0.609342377507252	-2.87104868771142
309000	310000	0.999005137282743	-0.311936469240704	-3.09062318763041
310000	311000	1.19043579146462	-0.0610389944797868	-2.71355233716544
311000	312000	1.28391636093153	-0.377854554035632	-2.59084851680705
312000	313000	1.4358896023694	-0.682978129023082	-2.94150103402662
313000	314000	1.4180995315487	-0.316150720969581	-2.88909122185062
314000	315000	1.72115481768341	-0.412188503305218	-2.77888270434288
315000	316000	1.63755570972165	-0.0701973629043345	-2.80595981092575
316000	317000	1.63085813515447	-0.160419243856673	-2.4448232460346
317000	318000	1.6906944532941	0.208124466687365	-2.54562524304032
318000	319000	2.06223708196161	0.062729612580635	-2.4714247929957
319000	320000	2.30635299222631	0.105827147153179	-2.1573646587339
320000	321000	2.10953856898913	0.338136567175746	-1.82848704375999
321000	322000	2.08058347047592	0.566334977581606	-2.18723621138571
322000	323000	2.07195577352915	1.05126044997144	-2.05231984338016
323000	324000	2.10523293634728	0.947703765751847	-1.50703692839636
324000	325000	2.54473026513188	0.952378485126069	-1.42458921620862
325000	326000	3.74906004895398	1.31795851277263	-1.39330123210339
326000	327000	2.87234675480566	0.688471159833968	-0.978023736605363
327000	328000	2.62153280239461	0.20544545894267	-0.686402269030978
328000	329000	2.5698618948122	0.195656664199389	-0.22359387547635
329000	330000	2.91564918006118	0.47380262664364	-0.130836069188859
330000	331000	2.67328716941315	0.531471915953883	0.260751973688072
331000	332000	2.94539283461898	0.2109013041097	0.544244336678369
332000	333000	2.85951167868729	-0.214973917675458	0.596409879528964
333000	334000	2.84110006124168	-0.661620408401685	0.584670465251149
334000	335000	3.05296156974435	-0.570444404505026	1.01954814831331
335000	336000	2.89153345840999	-0.216574293262943	1.24830528185774
336000	337000	2.99560329260089	-0.0155095142761459	1.63817142965693
337000	338000	2.47257433585428	0.127759080685173	1.53984893124685
338000	339000	2.84254950890905	0.331817603056464	1.44326028995762
339000	340000	2.79453000151984	0.600052080551432	1.10550560942226
340000	341000	2.68794536990958	0.757964312567185	1.62143792810135
341000	342000	2.33935577609858	0.534260061935072	1.29930884122696
342000	343000	2.19155940181384	0.799476542073397	1.63527828593841
343000	344000	2.07744144119057	0.984473999459073	1.16207276126106
344000	345000	2.26331084710569	1.49607176387731	1.15155280660172
345000	346000	2.13845014811016	1.45071149498828	0.621631961155834
346000	347000	1.9419057451473	1.91312031920366	0.570123097115527
347000	348000	1.82665864024541	1.71196105649459	0.194708978836508
348000	349000	1.87895319550893	2.17891629781774	0.14542724370087
349000	350000	1.99228251538468	1.93070678545989	-0.132763481491072
350000	351000	1.63194181773059	1.97028305599514	-0.19092631971057
351000	352000	1.82380655686655	1.88553149382242	-0.492035613239891
352000	353000	1.51900127651845	2.13009688819805	-0.679166843173084
353000	354000	1.8811010267722	1.7987402504113	-0.908002016057715
354000	355000	1.43562750727265	1.69447311003622	-1.01307523850106
355000	356000	1.68838531697702	1.41560572720804	-1.25616885030489
356000	357000	1.90005361311624	1.67412256047642	-1.54875046025236
357000	358000	2.76220579210262	2.3394745565203	-2.09366481833344
358000	359000	2.22814408324274	1.33387887437103	-1.72506604105488
359000	360000	2.42571575403818	0.732408102976004	-1.92879306152661
360000	361000	3.41712688386169	0.79356218345189	-2.60636654559304
361000	362000	3.05885583813247	0.312737135748823	-2.0259770259868
362000	363000	3.76531208582263	0.00745342119338424	-1.76544804645686
363000	364000	2.6868195280862	0.326972727279202	-1.3027307916699
364000	365000	2.19688251672669	0.64177558809747	-0.879846904241121
365000	366000	2.06239324548429	1.04288969187491	-0.545160673056771
366000	367000	2.2147833089399	1.2611277752947	-0.180412737313936
367000	368000	2.66342566925102	1.5340447662859	0.0662508649819156
368000	369000	3.69710651438817	1.98894885638283	0.520278592083458
369000	370000	2.82358548472397	1.28310723312723	0.7321996858739
370000	371000	1.98416778024378	0.840106004785862	0.564257794113249
371000	372000	1.3909686924882	0.903920148563937	0.654389627445846
372000	373000	0.849870948606199	1.07832604045861	0.616427644453807
373000	374000	0.413260511263405	0.788595074340878	0.50060440116009
374000	375000	0.67206700609976	0.434876295291751	0.871273314961487
375000	376000	1.05517245808427	0.415096948701547	1.23175354872609
376000	377000	1.55959810637661	0.328479586648602	1.36952398406224
377000	378000	1.80206888754591	-0.0251836207270217	1.11961379754253
378000	379000	1.84085653743169	-0.425660874586802	0.77451947591763
379000	380000	2.06144938738285	-0.850711974287115	0.525254833077299
380000	381000	2.08731270890773	-1.1153284163896	0.931808021453413
381000	382000	1.74270802268409	-0.968906722322842	1.26951201268772
382000	383000	1.84785407828479	-1.44839655943151	1.35786797926162
383000	384000	1.80117220616959	-1.88553594811177	1.52086173295122
384000	385000	1.87853310794375	-1.91857181075623	1.94301632483969
385000	386000	1.59290069648671	-1.51608557543048	1.90343366348235
386000	387000	1.83303184762962	-1.39531517325877	2.22842636544591
387000	388000	1.72638449137098	-1.05448621600629	1.87438057953244
388000	389000	1.73567995091647	-0.959150252014034	2.37280925906254
389000	390000	2.06728203175583	-1.01839793625206	2.17543497059048
390000	391000	2.25994142722529	-1.21350696602248	2.48615811432379
391000	392000	2.37164472988025	-1.60246732041576	2.21018341559602
392000	393000	2.3509354632706	-1.61538542870026	1.73330474464341
393000	394000	2.23442884145666	-1.20251669775756	1.63010750968226
394000	395000	2.68389206734524	-1.30456012570984	1.71736438389524
395000	396000	2.67576942977247	-0.89815706226985	1.70367454116608
396000	397000	3.03804115665364	-0.969276065947587	1.95762399074035
397000	398000	3.93755455160002	-1.3067542799366	2.79070912225573
398000	399000	2.72448169977602	-1.1924732833542	2.26465425517009
399000	4e+05	2.46403342013577	-1.04213127903121	2.05863741724965
4e+05	401000	2.68408131700453	-0.744438014669046	2.26732154652689
401000	402000	2.61496871917393	-0.514970561902867	2.65179859264244
402000	403000	2.3080914535668	-0.640574200730035	2.24465821065326
403000	404000	2.13408825797246	-0.584032003677539	1.8823466118199
404000	405000	2.30410299132966	-0.628179879331159	1.52078918992855
405000	406000	2.57451273781679	-0.369712538124025	1.68761333589193
406000	407000	2.85475735337249	-0.463548627926855	1.96521698370774
407000	408000	2.81862952164318	-0.0888478603302231	2.24053201840611
408000	409000	2.33364504654301	-0.159159555107238	2.12017906719963
409000	410000	1.97653415463715	-0.341012329314916	2.28692006678181
410000	411000	2.00398536660025	-0.652257039689642	2.64671790531412
411000	412000	1.66564244191907	-0.783627034968289	3.03081487049756
412000	413000	1.49715255818304	-0.437181522876646	2.69120476130947
413000	414000	1.91126392109271	-0.155912858312373	2.76956617905511
414000	415000	2.22214468602127	0.188201572801654	2.53423140729811
415000	416000	1.73775370978755	0.467213266186887	2.63519705626317
416000	417000	1.87601607177313	0.529578068253181	2.16308717370638
417000	418000	1.86166986879175	1.08140559735927	2.16140892232261
418000	419000	1.56489172032848	0.833161574338633	1.79643585076851
419000	420000	1.18745595262693	0.634744603756714	2.17743228856634
420000	421000	1.19051334779967	0.241905111327497	1.8810477675837
421000	422000	1.1340901286271	-0.196829065813895	1.59019408342593
422000	423000	0.919937397273256	-0.278537823487315	2.11378481114729
423000	424000	1.04451423196081	-0.121841536203379	2.60350964190149
424000	425000	1.48932428194323	-0.144506655520865	2.27532307304942
425000	426000	1.64778924138123	-0.373318628470277	1.82950596719878
426000	427000	1.36926445477018	-0.729402859349206	2.00270782992633
427000	428000	1.07882132754829	-0.928494414896988	2.28730437538457
428000	429000	1.19778093116662	-1.36634884619354	2.2704177378121
429000	430000	1.50042011882697	-1.64574088512804	2.39641861526611
430000	431000	1.75407410650245	-1.51386126354154	2.79480259013227
431000	432000	1.39068974766717	-1.19793034322512	2.68808111406254
432000	433000	0.955809720115183	-1.19999180425866	2.85849264837418
433000	434000	0.864996981993603	-0.716280958157649	2.7431349738105
434000	435000	0.404021198699337	-0.509696165671943	2.72609968063762
435000	436000	0.438533572459706	-0.0802550757896212	2.97452982310884
436000	437000	-0.125088492664568	-0.0369600046437141	2.92216921634269
437000	438000	0.0610923447173025	0.276043243440481	2.64999310267331
438000	439000	-0.267192272161987	0.418913289286067	2.99431658244689
439000	440000	-0.129715458107159	0.699675687626229	2.57739799970276
440000	441000	-0.336930257547338	0.891420065709866	2.91683539704511
441000	442000	-0.679084374647896	0.73564397758048	2.75410629049806
442000	443000	-0.905699355345986	0.882918295840632	3.17021652293484
443000	444000	-0.949698841364765	1.08611030200992	2.75298972346405
444000	445000	-0.66010335221904	1.19541840366496	2.46740873832443
445000	446000	-0.455118478132065	1.43355612554938	2.90009909772828
446000	447000	0.22955957720851	1.84155836012828	3.856543362212
447000	448000	0.499602512232899	1.19419421778725	2.89446750379024
448000	449000	0.676216485617861	0.890733645209037	2.46968800784822
449000	450000	1.17241004225694	1.08412427610442	2.41325749181119
450000	451000	0.899850443937223	1.44809462435988	2.13540048299625
451000	452000	0.834650451255216	1.08310801268392	1.73995966434725
452000	453000	0.375412018198174	0.978988588203558	1.47735606644108
453000	454000	0.448342834991326	1.51601777380895	1.6262834283288
454000	455000	0.00275714921523904	1.6510156350316	1.74176745174074
455000	456000	0.149053223974715	2.1719918793949	1.73706546325362
456000	457000	-0.139680790184354	2.07209304135949	1.28392698432683
457000	458000	-0.109541735581139	2.60739854064617	1.15029972312084
458000	459000	-0.518721795419057	2.42970537623459	0.924847307594121
459000	460000	-0.908795887928226	2.38061700723117	1.25962468990854
460000	461000	-1.10410967842587	1.94511203430906	0.996669061178677
461000	462000	-0.863907195277931	1.87412935009779	0.545130994676456
462000	463000	-0.492109279958106	1.93045595690286	0.209977497778189
463000	464000	-0.0388455055797044	1.67334015795406	0.297748167306144
464000	465000	0.164359124683738	1.86462867385436	0.743882303709155
465000	466000	0.451578519307107	1.54105255486222	1.05009643150516
466000	467000	0.767533557057439	1.94375404847037	0.855800786528116
467000	468000	0.992950314229393	1.65325855726356	0.497079491097933
468000	469000	1.35601600194612	2.06174813465227	0.63125229825141
469000	470000	1.46122463580736	1.54841479469415	0.86496768514015
470000	471000	1.7840130801568	1.89097865824444	1.14097150173631
471000	472000	1.72605190057871	1.39082466569534	1.36367564104031
472000	473000	1.64241373037298	1.74833322113794	1.66755643189798
473000	474000	1.15467229996116	1.64019957369641	1.53507441150327
474000	475000	0.978172843976401	2.11644353856701	1.60976393693173
475000	476000	0.599064198224862	2.18441460524927	1.32929613196454
476000	477000	0.879691652042714	2.46173787981769	1.01826228347565
477000	478000	0.543537262523063	2.71740319141442	0.809124590893849
478000	479000	0.39980705169456	2.77606574774251	0.339954108820578
479000	480000	0.0936074727595239	3.04795771145178	0.254037239778596
480000	481000	-0.225998232676083	3.10560193101904	0.0309448317358035
481000	482000	-0.618000211428454	3.27908353035962	-0.130441284044133
482000	483000	-0.734715338905844	3.12757473760532	0.262337137948067
483000	484000	-0.808241682536124	2.65019229681337	0.29200794315447
484000	485000	-1.05551552109398	2.41104861945142	0.500390150593618
485000	486000	-1.27524416582222	2.77706306653025	0.478150494101375
486000	487000	-1.61839216031945	3.1481427196431	0.689462513807565
487000	488000	-1.56846736542435	2.94540417186216	0.223463132535222
488000	489000	-1.86566535785544	2.63013926504059	0.346379819711451
489000	490000	-1.50862388595056	2.38688864936578	0.428722963162823
490000	491000	-1.7425898528219	2.53263879329555	0.823855023678893
491000	492000	-1.35400189700352	2.41710457412304	0.971643709083203
492000	493000	-1.18083943164253	2.80532008632361	0.963693200355166
493000	494000	-0.966613802802842	3.05939871279518	0.700577176745791
494000	495000	-1.13329271862143	3.2746083781677	0.297760024832302
495000	496000	-1.53976690358763	4.50961590079163	0.126589280438376
496000	497000	-1.42907564161135	3.28456400976478	-0.110528228142553
497000	498000	-1.22455562025884	2.94465881742121	-0.12489314076246
498000	499000	-1.32106292989662	2.61588386870079	-0.201757124830884
499000	5e+05	-1.5786959200898	2.88019814691268	-0.393719606844098
5e+05	501000	-1.69553861562693	2.51980100155257	-0.101631242702848
501000	502000	-1.94237641153512	2.88473145274816	-0.164433379187984
502000	503000	-2.04999153042184	2.57947735833478	-0.513380452091145
503000	504000	-1.96112902432318	2.36498529705456	-0.918951225030391
504000	505000	-2.00810707330914	1.94408840600774	-0.764326757471906
505000	506000	-2.47389553045271	1.70437601076895	-0.715440699236819
506000	507000	-2.27036249357649	1.17867272491292	-0.63795335621395
507000	508000	-2.49718782151039	1.26688214976361	-0.159539892850913
508000	509000	-1.97680339023712	1.39863771364436	-0.141739489420607
509000	510000	-2.25635062456915	1.88124932230138	-0.0544583136201658
510000	511000	-1.70665040495426	1.9088867059643	-0.333273469350628
511000	512000	-1.71629947552229	2.05101700946131	0.102143193542774
512000	513000	-1.1481193897512	2.10742279051468	-0.151866070712248
513000	514000	-1.2973937130042	1.80620170788826	0.270513336047698
514000	515000	-1.03723391571644	1.58352166781183	-0.177965233711884
515000	516000	-1.08019590811581	1.0768469333439	-0.10496612271466
516000	517000	-1.42362515019439	1.06295756354782	0.300377102138533
517000	518000	-1.75503985719154	1.41845487722384	0.462984401157948
518000	519000	-2.19205286394445	1.72089947006247	0.703176788182497
519000	520000	-1.92547866782716	1.72113413741263	1.16778359858152
520000	521000	-1.54453445384858	1.61865957738599	1.41486466257944
521000	522000	-1.16911730942733	1.82822358852906	1.66817009571864
522000	523000	-1.16285208772452	2.21946426769619	1.96575465479385
523000	524000	-1.22482042241864	2.94597978476115	2.96212259205835
524000	525000	-0.903180953724815	1.81784816567435	2.49462933700802
525000	526000	-0.838029211904388	1.50612156992658	2.2360799899552
526000	527000	-1.18483770171006	1.41156080844006	2.39064808645115
527000	528000	-1.28867555515757	1.52541530592208	2.74589743572314
528000	529000	-2.01031970889617	1.80023959909526	3.69295769593848
529000	530000	-1.46303006927257	1.08763926355837	2.69077620629278
530000	531000	-1.15261628140755	0.913749924568717	2.42653360413743
531000	532000	-1.06320587597748	0.561808899559776	2.6707326377817
532000	533000	-1.29199568339251	0.74459616122271	2.88138631228857
533000	534000	-2.35779563001072	0.92975334450033	3.59856263287126
534000	535000	-1.49230356381267	0.65455432375828	2.55203445270144
535000	536000	-1.35939254441472	0.287379011681345	2.40102667453705
536000	537000	-1.64446032883685	-0.0265831753297062	2.60416688995804
537000	538000	-2.04026542102149	-0.456449010793785	3.73736035908315
538000	539000	-1.21053965054465	-0.0867475102303392	2.88979814477891
539000	540000	-0.993239469771863	-0.0461114386840416	2.51502989108108
540000	541000	-0.829603040499278	0.134292365019134	3.02322348973596
541000	542000	-0.541239070756039	0.0636049256310075	2.59727430396097
542000	543000	-0.668234263730756	0.474948472544133	2.39549538147283
543000	544000	-0.633243055429801	0.207602618079426	2.04366559090986
544000	545000	-0.538086884063879	0.785780233078633	1.94617584103887
545000	546000	-0.748142367667906	0.508674741335618	1.53212163155161
546000	547000	-0.920808753896814	0.880020179639781	1.19290225615212
547000	548000	-0.828258983129046	1.33842384990934	1.02757450169646
548000	549000	-0.559573549896647	1.46973631673745	1.50144556785591
549000	550000	-0.323067820476629	2.03468617183919	2.18436377805342
550000	551000	0.11702053392394	2.53076900915288	3.08579369466549
551000	552000	0.043446172984916	1.37707179595173	2.32341686381254
552000	553000	0.0442923392884997	0.67150305828166	1.89993228812483
553000	554000	0.0525862384297662	0.102154439190082	1.97063565424042
554000	555000	0.0129381214253451	-0.435760990858877	2.04517287756046
555000	556000	0.0512292807809082	-0.574244955572396	1.51756119584507
556000	557000	0.241640863892569	-0.47368281630092	1.01398280174709
557000	558000	0.379659023971155	-0.448936000146922	0.479493604500532
558000	559000	0.153929184322389	-0.881795900786165	0.215119069687192
559000	560000	0.0408779562504649	-1.19328338463114	-0.188395104815555
560000	561000	0.57429891477619	-1.00631951795818	-0.437493707671027
561000	562000	0.965497745344307	-0.798253011004135	0.0306182532825009
562000	563000	1.44945157273651	-0.984113176778742	0.0726972009235851
563000	564000	1.52973764561077	-1.03717238436462	-0.496456338515312
564000	565000	1.52947913244917	-0.586584102842778	-0.732322476111288
565000	566000	1.46500385554536	-0.067874880765336	-0.66107498789209
566000	567000	0.967223050212013	-0.0507026522683578	-0.419467331071167
567000	568000	0.945902330199096	-0.0572229978226867	0.133853913496402
568000	569000	1.38823647599608	0.276798063681768	0.242602547436303
569000	570000	1.53448586373493	0.646770541551038	-0.152256573022098
570000	571000	1.1987879846346	0.986492759344726	-0.473170608162819
571000	572000	0.619949524213459	0.925558629794719	-0.502027772714119
572000	573000	0.115256684640273	0.581223693689733	-0.337025498685698
573000	574000	-0.208015915403454	0.0873848921203059	0.0392433805772576
574000	575000	-0.64997229225787	-0.831859425204043	1.1641288590264
575000	576000	-1.06772694822511	-1.87643559681994	2.35152281648459
576000	577000	-1.40705422515709	-1.74218896531586	1.6140792940634
577000	578000	-1.24478128535717	-1.25371179851447	1.10224085424848
578000	579000	-1.22602121707284	-1.49528263922246	0.645483652355962
579000	580000	-0.913140514118258	-1.8691688321682	0.441428796973938
580000	581000	-0.67756733036594	-1.274414816877	0.472527301428532
581000	582000	-0.612847887030355	-0.755222458525232	0.573261749907591
582000	583000	-0.441637316493223	-0.240667724475972	0.772583522783496
583000	584000	-0.216431429715449	0.358721754112921	0.82078503233463
584000	585000	-0.68630527443294	0.625675846371844	0.67693004680185
585000	586000	-1.0680750553373	0.197376450039082	0.648239883826472
586000	587000	-1.50881290692097	-0.0780735733161656	0.640292211245654
587000	588000	-1.86512157712958	0.292536400811903	0.878070573650497
588000	589000	-1.49674902992121	0.326199082378047	1.25067415015856
589000	590000	-1.14348303821408	0.0103330485911653	1.45513231527038
590000	591000	-0.961842888747673	-0.424379848788307	1.69407795047281
591000	592000	-1.1400832259107	-0.770121540727834	1.97337657450566
592000	593000	-1.38263603008853	-0.367527776202386	2.19392079046476
593000	594000	-1.80781441346541	-0.479056705316647	2.08648972379021
594000	595000	-1.69575519932704	-0.568621577596019	1.63947821032409
595000	596000	-2.15649312024184	-0.729537362627715	1.67335296737149
596000	597000	-2.11458528374018	-0.594482596187957	1.23774635292381
597000	598000	-2.14609191164953	-0.229511314672469	1.49916471592411
598000	599000	-2.19736496167112	0.040478480295912	1.90704718135222
599000	6e+05	-3.08247991205916	0.317700415906192	2.73320464205455
6e+05	601000	-2.00894279504403	0.575820153871355	2.27009850206518
601000	602000	-1.60285584009473	0.467995620868875	1.94268382040306
602000	603000	-1.20985116187828	0.71803503085376	1.9984377900449
603000	604000	-1.2628961571264	1.16599579064427	1.89322230577282
604000	605000	-1.76350796616326	1.12049497630392	1.82637590375984
605000	606000	-1.66023532626133	0.950614674381784	1.31074462712331
606000	607000	-2.17108765866665	0.956002563654773	1.1132030908467
607000	608000	-2.17141657849874	0.960089433609572	0.576627672471417
608000	609000	-2.50341657583206	0.65761204897766	0.376542797670806
609000	610000	-2.36224502457132	0.189824796869804	0.168308418231565
610000	611000	-2.3609115240986	-0.225174572555178	0.368942095820758
611000	612000	-2.81172232269012	-0.277186388260164	0.214541872712126
612000	613000	-3.18513049292719	-0.4335276408445	-0.119588787080196
613000	614000	-2.54528506327922	-0.55626491253434	-0.310833723786921
614000	615000	-2.7779032601634	-0.860343929160307	-0.0295202532834997
615000	616000	-2.28909366536799	-0.890952585711234	0.160598881976393
616000	617000	-2.76837040377632	-0.81016764571862	0.469952082298965
617000	618000	-2.29041076181116	-0.646156303531616	0.659574697614425
618000	619000	-2.65083159712988	-0.801938906516132	0.960884061643773
619000	620000	-2.3175557971747	-1.06029472404459	0.826394619040345
620000	621000	-2.56037591444835	-1.2938368180264	0.578195945287394
621000	622000	-2.22748320270142	-1.45946232629192	0.733089926962536
622000	623000	-2.41649326213984	-1.8260361184994	1.00473473371398
623000	624000	-1.94220063384011	-1.79595945978163	0.794548068448292
624000	625000	-1.90292785213263	-2.04761758303116	0.439708448617469
625000	626000	-2.10573001720293	-2.49113214406207	0.265621216257935
