0	1000	-3.09890433847118	1.19424194460115	-0.0135090344414906
1000	2000	-3.18009613893548	1.3727884938682	-0.0626185042987633
2000	3000	-3.337941591907	1.55110944097593	-0.240031287642441
3000	4000	-2.97623642456804	1.40320316282276	-0.150486571956505
4000	5000	-2.97915353255515	1.40772885843808	-0.350870752351952
5000	6000	-2.91502332453674	1.74390957087316	-0.23706268343395
6000	7000	-2.84780495540848	1.5285786967446	-0.487758360923894
7000	8000	-2.67179529496531	1.47839082575844	-0.38207631508034
8000	9000	-2.63768190999644	1.38692302917265	-0.592555086155433
9000	10000	-2.47437863022792	1.57155957688848	-0.568569042913832
10000	11000	-2.61035749237848	1.59476232075272	-0.766019316239277
11000	12000	-2.54917393685004	1.9311471405346	-0.799159270143688
12000	13000	-2.47687357319224	1.6600318711155	-0.985295102077964
13000	14000	-2.26117998223262	1.62431494078111	-0.876883036843134
14000	15000	-2.28496523012919	1.44221014746664	-1.03228777047871
15000	16000	-2.09209919721993	1.6006263721432	-1.07957677794628
16000	17000	-2.28203262449705	1.52710324283969	-1.26930479163745
17000	18000	-2.1664909678684	1.74579505639144	-1.32634126298178
18000	19000	-2.1556944709041	1.55616649901049	-1.47359291311123
19000	20000	-2.00455843964145	1.41489538981153	-1.34525508008314
20000	21000	-1.94813436487869	1.48134133010925	-1.54650917645079
21000	22000	-1.82480307827411	1.5604205808946	-1.40273144377116
22000	23000	-1.87704811268808	1.70422049547489	-1.54891587064036
23000	24000	-1.67140768276965	1.6622859847469	-1.52094186865399
24000	25000	-1.73322356559276	1.79136429880962	-1.74267533039642
25000	26000	-1.50884921932386	1.84482412159416	-1.59622411564871
26000	27000	-1.65112725535343	2.00714605127231	-1.53337649288648
27000	28000	-1.67211443644428	2.18752666636768	-1.71940489598896
28000	29000	-1.89845710183093	2.92084394319929	-2.28352365546827
29000	30000	-1.51482607451556	2.560137258869	-1.71461142094665
30000	31000	-1.45477372667392	2.28130154733177	-1.41084714899862
31000	32000	-1.30359396385575	2.19341240743022	-1.2964733242116
32000	33000	-1.33454607427768	2.20092759191428	-1.07849751230853
33000	34000	-1.13260949121427	2.36027733888916	-1.06964461572356
34000	35000	-1.30151619329067	2.44908850882926	-0.930478911948444
35000	36000	-1.2009962498769	2.64622022725866	-1.06895266107803
36000	37000	-1.43493688085418	2.82908726497434	-0.934567024241027
37000	38000	-1.1273763929977	2.72300694407127	-0.787558208023019
38000	39000	-1.29709308324667	2.67043112990131	-0.539308285373269
39000	40000	-1.11971756842082	2.86936308562626	-0.551840618887223
40000	41000	-1.24246165719757	3.08414702677901	-0.588237420454193
41000	42000	-1.43361886220111	3.94929101548169	-0.797484554840693
42000	43000	-1.20016720919578	3.28367828132011	-0.346329633613209
43000	44000	-1.08131382316689	3.06254235723828	-0.219360640066679
44000	45000	-1.14637331949242	3.07807285701957	0.0137177645096174
45000	46000	-1.11059684982849	3.33399472092603	0.0307754308433122
46000	47000	-1.63724438356862	4.07221400195534	0.158132886258414
47000	48000	-1.04619740587557	3.43890716688738	0.318977902763012
48000	49000	-1.24029036645589	3.28078840953025	0.427223731472654
49000	50000	-0.932664835799638	3.16740122539754	0.407493705240295
50000	51000	-1.00552791596676	2.98619002037817	0.504385573931185
51000	52000	-0.825567071677521	3.05861500479605	0.589261833620807
52000	53000	-0.910346906622574	2.91117207051665	0.720982843598438
53000	54000	-0.859045436724448	3.16025798869564	0.801318872129647
54000	55000	-0.944773708813252	2.97079958074291	0.92609782214072
55000	56000	-1.02696337621257	3.16560191521439	0.984364361645567
56000	57000	-1.0865950281556	3.05166874578164	1.17727043002019
57000	58000	-0.851756146886739	3.16913566558658	1.14121823618515
58000	59000	-0.860188186204789	2.94747631444777	1.20668810483287
59000	60000	-0.797055051746737	3.12532778774003	1.37024130717096
60000	61000	-0.68981475792087	2.93370142948194	1.36186116368826
61000	62000	-0.58439452000648	3.12351808434349	1.30405873960799
62000	63000	-0.511087982778762	2.95518327820916	1.21060853242881
63000	64000	-0.435856969639628	3.03349369253607	1.41929688393186
64000	65000	-0.407089214446655	2.83060278989502	1.39419574386665
65000	66000	-0.21675714013829	2.88794549398123	1.37199402066196
66000	67000	-0.236803204693177	2.96729267769157	1.18323871721345
67000	68000	-0.194466079806958	3.12160216061229	1.29753645395163
68000	69000	0.00479681956985199	3.26901135445058	1.46786139610958
69000	70000	-0.142801996155174	3.27690264082848	1.16020354545629
70000	71000	-0.00815443620141859	3.16610490390133	1.07005142954479
71000	72000	-0.205893027677387	3.27600072612527	0.948847789621451
72000	73000	-0.0751977941185381	3.13261473968539	0.869353257884453
73000	74000	-0.155924255759477	3.25700544647129	0.717172603064928
74000	75000	0.0521841730247274	3.26947401406709	0.793971199929689
75000	76000	-0.0416736785509748	3.41938237361523	0.787473968039693
76000	77000	-0.0475857165176459	3.57861421463855	0.948434552909483
77000	78000	0.0644921108645844	3.61364177232593	0.736619138168932
78000	79000	0.184613282806651	3.48545318767282	0.915638156536769
79000	80000	0.37671489586018	3.72830176033081	0.820678531474915
80000	81000	0.445283000339465	3.41916215170419	0.974787196472034
81000	82000	0.41419089945142	3.41507282391897	0.729734574022055
82000	83000	0.406452850948856	3.16877633790928	0.798294661575123
83000	84000	0.379717456996699	3.20816058387773	0.544496981169839
84000	85000	0.600735413151029	3.07447703752058	0.663351500780657
85000	86000	0.656738464502621	3.30271827372103	0.497426186866176
86000	87000	0.890973690240765	3.07115626347433	0.498302384307215
87000	88000	0.58009126718944	3.09797399148128	0.358325081863601
88000	89000	0.5283764824699	2.92115153382219	0.320600931686954
89000	90000	0.503664514268398	3.03258526087871	0.138178859959408
90000	91000	0.679447051113185	3.13926924028714	0.109259994261533
91000	92000	1.01435523846132	3.90561385580679	-0.290973395819956
92000	93000	0.827064291736351	3.08596703165789	-0.0964542095282009
93000	94000	0.714730730477384	2.97815216875829	-0.297989194827395
94000	95000	0.668537920768144	2.71705568066501	-0.109157573340123
95000	96000	0.417282027820791	2.71097220698436	-0.203517854374937
96000	97000	0.563365753188786	2.48073722840305	-0.15577743205908
97000	98000	0.564392668307961	2.55897973121751	-0.410595959951138
98000	99000	0.748026370150246	2.36140406018393	-0.398509731847135
99000	1e+05	0.504082831630621	2.33469797412332	-0.494197629888452
1e+05	101000	0.524692485430696	2.20502359463895	-0.315808029125389
101000	102000	0.262749049813756	2.3113739915685	-0.403435338128612
102000	103000	0.319521020535732	2.06148522294571	-0.272282563130387
103000	104000	0.262542907830028	2.08478131020069	-0.562965586633839
104000	105000	0.451720242507815	1.80576684266385	-0.569594525554822
105000	106000	0.10590109327604	1.86918999445213	-0.55782300044092
106000	107000	0.12945829292698	1.76153897711962	-0.306014039185283
107000	108000	-0.145476543007025	1.83556945501066	-0.377550682480156
108000	109000	-0.0838072043079131	1.69720151185879	-0.141646938438529
109000	110000	-0.267420017145879	1.94798911513049	-0.0933490197983562
110000	111000	-0.285661429336918	1.65515713314655	0.0490952876596033
111000	112000	-0.479663000057956	1.72459845651238	-0.170662508213914
112000	113000	-0.532311215803889	1.45350508908303	-0.127348549011123
113000	114000	-0.768813135016327	1.60180428849397	-0.0582014310631376
114000	115000	-0.747961340507131	1.36849511248203	0.227886667936742
115000	116000	-1.06168508243349	1.48560719464911	0.11864626473819
116000	117000	-1.16847928830581	1.20563712702929	0.0424386742995449
117000	118000	-1.42032881890239	1.32921528349169	0.124628304725979
118000	119000	-1.63382234158169	1.46566025524538	0.431847283401071
119000	120000	-2.00362116572586	1.48870700985846	0.95511089028992
120000	121000	-1.64486672750553	1.01484575722639	0.420275690578274
121000	122000	-1.52568968173343	0.866920186151835	0.174952178183097
122000	123000	-1.50476997531779	0.612530278784972	0.115493208814478
123000	124000	-1.64570300150941	0.542157704215029	0.319781067775703
124000	125000	-2.04315656690895	0.422186835135185	0.90024561162842
125000	126000	-1.7934405528016	0.211053365718758	0.341637462315848
126000	127000	-1.65971378067777	0.0823853261240833	0.132979016519948
127000	128000	-1.80862692427819	-0.105898443486915	0.26438956682025
128000	129000	-2.26586980425107	-0.438352034060235	0.861645108971193
129000	130000	-1.99817997575088	-0.429189103098974	0.265050276001442
130000	131000	-1.75976248848051	-0.466407104951693	0.102552286186513
131000	132000	-1.87143697466038	-0.511460422424585	-0.158189194934745
132000	133000	-1.89093387815846	-0.747270234273759	0.0188082778660153
133000	134000	-2.20449939970421	-0.71694334830179	-0.0785497438606916
134000	135000	-2.1106497803975	-0.970128812058547	-0.0474540753668173
135000	136000	-2.35810861694816	-1.04084168526269	-0.00877398792357143
136000	137000	-2.92471924408374	-1.5154485086666	0.365132708122943
137000	138000	-2.70061573339562	-1.40219643818701	-0.129085906220687
138000	139000	-3.07148608717034	-1.91225630892089	-0.26326178904891
139000	140000	-2.47391676359681	-1.3555819829	-0.397094377006911
140000	141000	-2.22315966042526	-1.30477305002142	-0.383242949970397
141000	142000	-2.29052798713458	-1.22943620565278	-0.602107034404667
142000	143000	-2.33540847827202	-1.59075811981734	-0.669091719930889
143000	144000	-2.25193747637768	-1.30845236505506	-0.86668510510836
144000	145000	-2.02815108274464	-1.38177580516795	-0.676307585312637
145000	146000	-1.91788103311267	-1.183645712776	-0.815689800772792
146000	147000	-1.91825529028139	-1.37209306949461	-0.921033686643908
147000	148000	-1.94659149378693	-1.37009959216486	-1.19819621204396
148000	149000	-1.72720129382065	-1.47721421768246	-0.903683652666659
149000	150000	-1.60121969534972	-1.3089005930882	-0.965624126740363
150000	151000	-1.44755916089808	-1.40328365518593	-0.820977910711896
151000	152000	-1.45885916087943	-1.56445473270281	-0.994526829638274
152000	153000	-1.35677654614915	-1.65260578421933	-0.804252944264861
153000	154000	-1.53249216831418	-1.86383696635772	-0.827659980009739
154000	155000	-1.24926634326768	-1.95211583893023	-0.793638556015626
155000	156000	-1.35829905975271	-1.93079003490491	-1.03245027570942
156000	157000	-1.10445706104639	-1.89441379786149	-1.04958786391972
157000	158000	-1.26058077239295	-1.98866280552777	-1.21388869397197
158000	159000	-1.12597681879965	-2.12978904158977	-1.15269469013084
159000	160000	-1.24449298280795	-2.19011691352868	-1.33140102084187
160000	161000	-1.1012282410956	-2.36552911199344	-1.25521104929344
161000	162000	-1.33403597773219	-2.55823348371254	-1.39031659402341
162000	163000	-1.02605381213117	-2.7028805103086	-1.41228378367218
163000	164000	-1.09882501993395	-2.48145944219657	-1.61384785546176
164000	165000	-0.853251369390485	-2.37887870269379	-1.54687973934835
165000	166000	-0.969509740066881	-2.30200943772382	-1.7244852930394
166000	167000	-0.796259276182657	-2.42079216020641	-1.78350868074655
167000	168000	-0.827762654245141	-2.64878404667467	-1.97219234738705
168000	169000	-0.820737511981681	-2.31403882820336	-1.95928977301757
169000	170000	-0.96383574821178	-2.17290469610985	-1.95451382428538
170000	171000	-1.06413568009254	-2.33466714662309	-2.07683929779635
171000	172000	-1.11754298050504	-2.41721335658031	-2.33261059557304
172000	173000	-0.862382596048269	-2.26089136566061	-2.20857982043965
173000	174000	-0.930667011408583	-2.06957508325668	-2.21164203599046
174000	175000	-0.709966294309816	-2.01790281217992	-2.12021982079671
175000	176000	-0.771320130469183	-1.95001871192209	-2.33499210469014
176000	177000	-0.583710001965219	-2.08958999758781	-2.31589409696284
177000	178000	-0.69828441918505	-2.13721599707327	-2.54652721547248
178000	179000	-0.407704036436483	-2.29016922726857	-2.61334249097097
179000	180000	-0.512944361520699	-1.96807218335565	-2.6466087619434
180000	181000	-0.388290403486321	-1.87985598729149	-2.49199368757517
181000	182000	-0.487777678355272	-1.72676046835372	-2.57999369565523
182000	183000	-0.24733171693055	-1.71617233759955	-2.55937374179555
183000	184000	-0.374042291415493	-1.55189117802131	-2.69475566582144
184000	185000	-0.173412533564429	-1.62907956877973	-2.78537883464478
185000	186000	-0.373163948661774	-1.64010175911464	-2.9585841878355
186000	187000	-0.120128592665114	-1.71608105308797	-3.05409392047526
187000	188000	-0.34369882059739	-1.70880027021843	-3.2346008639587
188000	189000	-0.118536215884699	-1.67424817518276	-3.45652153208831
189000	190000	-0.247388444323767	-1.44611598561473	-3.29455432928822
190000	191000	-0.317589288595856	-1.30364278211428	-3.20873683095902
191000	192000	-0.447477877054361	-1.31807192306295	-3.36323668627459
192000	193000	-0.466637973504261	-1.41571026530825	-3.64620790086092
193000	194000	-0.498653299761137	-1.10979857580571	-3.72675212658883
194000	195000	-0.273481928304275	-1.0840930077407	-3.53830628375519
195000	196000	-0.287434141736358	-0.990264737168151	-3.29235342614635
196000	197000	-0.0944217879427301	-1.07848166749611	-3.32515455405875
197000	198000	-0.0740673673071049	-0.829915283121624	-3.40096396281388
198000	199000	0.114701305358813	-1.02174324482221	-3.46920366458572
199000	2e+05	0.14032086012025	-0.887601907580562	-3.2611659058064
2e+05	201000	0.177264474536504	-1.13438778292174	-3.24270381052916
201000	202000	0.248787903872047	-0.9992404558796	-3.08183827505387
202000	203000	0.397444434393604	-1.17341233205342	-3.11577976775188
203000	204000	0.466819741882339	-0.949746966232932	-3.20363620982408
204000	205000	0.561627229385363	-1.13306338087498	-3.30299010716764
205000	206000	0.640678707543924	-0.974953943340346	-3.43646320376396
206000	207000	0.755150524998006	-1.08660953552792	-3.61945875516629
207000	208000	1.0366552299699	-1.35253778238642	-4.46446764990967
208000	209000	1.0588136159183	-0.912823449558351	-3.7100773925067
209000	210000	1.09069743454806	-0.950454299150773	-3.48732918735511
210000	211000	1.08790244349662	-0.710842881718947	-3.42700656389286
211000	212000	1.12706064239908	-0.798329374899801	-3.21861348274896
212000	213000	1.23962872241741	-0.602874351991869	-3.30976096142355
213000	214000	1.35321013066836	-0.786728503043002	-3.29581258967661
214000	215000	1.43013510643183	-0.661388973202274	-3.49045829145421
215000	216000	1.58778601343328	-0.811091059297077	-3.36863961150674
216000	217000	1.57295002701313	-0.583975143369499	-3.29871096109958
217000	218000	1.58938766532514	-0.700753462599932	-3.10223177081883
218000	219000	1.6850896591861	-0.485990441758241	-3.13978139115828
219000	220000	1.8040485431336	-0.687784661984035	-3.1651582589735
220000	221000	1.87533650409694	-0.558837655568566	-3.28433435503139
221000	222000	2.1051816331862	-0.559975306665137	-3.51137777180985
222000	223000	2.03943129957904	-0.454324378656106	-3.20275646831951
223000	224000	1.95985523627705	-0.522776550335493	-3.02251371314162
224000	225000	2.1419175075571	-0.522850105644312	-2.96548873092444
225000	226000	2.10100689843675	-0.715172524835091	-3.0852964226747
226000	227000	2.32099164223388	-0.645987473366531	-3.15902789752306
227000	228000	2.20586206343293	-0.931260042317438	-3.17399047090558
228000	229000	2.36711565342021	-0.870706794019223	-3.01486282481983
229000	230000	2.10667987636938	-0.859750540559253	-2.88218805138857
230000	231000	2.23390481880306	-0.958584923627501	-2.82443443260295
231000	232000	2.32032908509167	-1.23305382068984	-2.78250383438389
232000	233000	2.3124837993757	-0.965700712802089	-2.62062569387023
233000	234000	2.29032064064222	-0.761208595190079	-2.63804456148707
234000	235000	2.67982520473862	-0.733036276985573	-2.68010725909337
235000	236000	2.45217551840397	-0.768645410895392	-2.47584590742932
236000	237000	2.23655720604422	-0.714381321670938	-2.40786599168657
237000	238000	2.35602610319948	-0.551376226034844	-2.36388033578213
238000	239000	2.59815534971858	-0.468423867497934	-2.21098401473906
239000	240000	2.46365888026953	-0.707471327924916	-2.10365562706601
240000	241000	2.43613958596024	-1.00636539494978	-2.02090446459776
241000	242000	2.3348976757096	-0.727822386324273	-1.88738212528615
242000	243000	2.11912872689895	-0.705316691866895	-1.84889153943694
243000	244000	2.1992919464885	-0.591933147514721	-1.68123724394567
244000	245000	2.16676626703991	-0.815514246054584	-1.59726621606394
245000	246000	2.40312275985742	-0.733961131489802	-1.37686484534422
246000	247000	2.06517564304206	-0.775792388804592	-1.37196126339014
247000	248000	2.06335891315717	-0.544066809991633	-1.38131690782182
248000	249000	1.88024191888415	-0.654212071749955	-1.28506963765084
249000	250000	1.80530449858632	-0.590214584504406	-1.47774888237682
250000	251000	1.68289032304353	-0.553655410796001	-1.29001461644374
251000	252000	1.53240245351089	-0.566905688610274	-1.46524274643767
252000	253000	1.61727780722999	-0.347432518225403	-1.34751593299953
253000	254000	1.79776536269337	-0.200137863338003	-1.56956403788041
254000	255000	1.53809853947004	-0.139668831438269	-1.45161237821598
255000	256000	1.49079798927391	-0.230802170391637	-1.68408926171218
256000	257000	1.33320808973702	-0.185241646600442	-1.51521212325048
257000	258000	1.23295714227589	-0.297702116669731	-1.67860032406462
258000	259000	1.11126911583683	-0.136064255896907	-1.49968949116686
259000	260000	1.01939689843959	-0.148543741251969	-1.72629320932776
260000	261000	1.15331696335921	0.0526519397308057	-1.70415453767536
261000	262000	1.3155689445223	0.131699081547278	-1.96882025439893
262000	263000	1.05404715665257	0.0661641322819073	-2.03950073231925
263000	264000	0.797053738056322	-0.00962862313502876	-2.14864227242982
264000	265000	0.730298825682757	0.146778930205968	-1.88820971602452
265000	266000	0.896303361315407	0.296512938924212	-1.79507256618734
266000	267000	0.752627206612875	0.528333417071209	-1.64364844790525
267000	268000	0.88728836255026	0.519751193464109	-1.92913223348187
268000	269000	0.657276015108735	0.518918105572333	-2.07300765655373
269000	270000	0.855449285041574	0.649704979266742	-2.12992099714545
270000	271000	0.706023929318984	0.788757193493804	-2.04834887159826
271000	272000	0.745845996477976	1.01314003340646	-2.01598439338452
272000	273000	0.870295975392805	0.888912869316803	-2.20183508822023
273000	274000	0.698359597094723	0.857577093580425	-2.34400801610962
274000	275000	0.916637821181459	0.861892489039404	-2.48065278660892
275000	276000	0.770531113757078	1.05584064354466	-2.39338521059803
276000	277000	0.893774396401959	1.16739083700303	-2.26945459826679
277000	278000	0.928499566960369	1.15619686523272	-2.50147217140468
278000	279000	1.06672784993441	1.24881485405668	-2.37990895911266
279000	280000	1.13358549945574	1.20892311567184	-2.64125490137856
280000	281000	1.29171871123343	1.47208057145004	-2.63247095660207
281000	282000	1.33863934366896	1.13993382715901	-2.4968476404518
282000	283000	1.3033302476923	1.19367124322528	-2.29431878351017
283000	284000	1.45125733735741	1.04651123613258	-2.30056389843193
284000	285000	1.46393760265195	1.23055181665496	-2.13847099754439
285000	286000	1.61412274949348	1.2669494463638	-2.33530284493533
286000	287000	1.67874373290163	1.5765118299054	-2.22573821272582
287000	288000	1.84404170780388	1.28402368478875	-2.21137546782874
288000	289000	1.83998075149728	1.31096683078958	-1.94252891389109
289000	290000	2.03980289411545	1.1863300031108	-2.04214279984916
290000	291000	2.15961014881648	1.46145838812731	-1.96745471535558
291000	292000	2.35044031214687	1.41522159728175	-2.09601093202366
292000	293000	2.85737677054163	2.09938080627486	-2.47720310849047
293000	294000	2.72525180097819	1.6143198506793	-1.99406931633097
294000	295000	2.53952220337439	1.39567581312238	-1.77192182670468
295000	296000	2.4088653377551	1.31378765685095	-1.5516370580755
296000	297000	2.61727418520534	1.1764958987596	-1.49601448819484
297000	298000	2.61842047571273	1.41346787196841	-1.34275679052384
298000	299000	2.9335728833887	1.3541400312325	-1.37741670373439
299000	3e+05	2.62630112205844	1.23840985547505	-1.17113654906215
3e+05	301000	2.71595020885052	1.06480761139444	-1.16391861275696
301000	302000	2.62194206496887	1.13827827191889	-0.98178039667194
302000	303000	2.82259442202086	1.25127777723675	-1.0023375174192
303000	304000	2.76897640196586	1.41471482048613	-0.75926023922051
304000	305000	2.81771661020113	1.12108094227115	-0.804947505915558
305000	306000	2.8047174065559	0.930835113765811	-0.861140349728633
306000	307000	3.01541267859299	0.998228804271733	-0.924500293615232
307000	308000	3.29426989809213	1.13240148390013	-0.929252072859158
308000	309000	3.1100676705266	1.05226087852286	-0.711022650726972
309000	310000	3.11413760029791	1.17257862692008	-0.467720225828518
310000	311000	2.99520971610848	0.880566887460822	-0.60417434850747
311000	312000	3.14604882974621	0.790621968877314	-0.666273637139425
312000	313000	3.3910125391244	0.632083108841692	-0.713270474454571
313000	314000	3.18775065468709	0.724208370348762	-0.462486714850115
314000	315000	3.09178907815256	0.528820101903884	-0.548925905460057
315000	316000	2.97467578181774	0.705417858261106	-0.349818270084687
316000	317000	2.88916669094043	0.489146898741037	-0.375146249872114
317000	318000	2.94549354622449	0.548443825889123	-0.180702726170943
318000	319000	3.10750971901647	0.366862028189758	-0.208876939438014
319000	320000	3.11287579377665	0.509448966776532	0.0166627894416737
320000	321000	3.01029519952298	0.243512541920238	0.0368324900374452
321000	322000	3.01777556757319	0.371715878406336	0.231329100187604
322000	323000	3.33248576964598	0.185897539529312	0.197753322632095
323000	324000	3.22080605258553	0.410341046832753	0.418398199399506
324000	325000	3.42438554305772	0.283491353520058	0.480667586496071
325000	326000	4.09750421325226	0.581730100898751	0.95619214945623
326000	327000	3.33400050527913	0.197045232741548	0.770363580216032
327000	328000	3.08814379525841	0.15180828956192	0.717861876085956
328000	329000	2.92363436337528	0.0442811145214083	0.630005473404537
329000	330000	2.86426144836407	0.216071649570997	0.834357391108062
330000	331000	2.68693997651876	0.0777265675599165	0.752052419072713
331000	332000	2.73581711888157	0.0794807329079131	1.00663606882541
332000	333000	2.60754264123653	-0.0807143615993127	0.912141097429737
333000	334000	2.8501197769113	-0.137359654697818	0.872912088819437
334000	335000	2.72099991746425	-0.300076120345322	0.92574680023307
335000	336000	2.93171135537875	-0.159188251523291	1.11752401993469
336000	337000	2.71801724169782	-0.270566556975515	1.2397656987438
337000	338000	2.96792491610385	-0.312873517425853	1.35616439789754
338000	339000	2.89077315303883	-0.462031565645745	1.12598549423204
339000	340000	3.19749516571534	-0.452456367407601	1.15466927851896
340000	341000	3.07441621840309	-0.63404585686598	1.02067407765772
341000	342000	3.04915656064174	-0.651536844567924	1.25806660250796
342000	343000	2.87848852820031	-0.748265368315794	1.22442840273075
343000	344000	3.05974980372682	-0.869316346147759	1.24335501329113
344000	345000	2.93737743227716	-0.890785281002776	1.47474842403669
345000	346000	3.00135635959894	-1.09817706113144	1.29401532925497
346000	347000	2.75696056625997	-1.03991321278673	1.28957648029251
347000	348000	2.69469432564249	-0.925941381922432	1.12106982518482
348000	349000	2.5508808854813	-1.12560847955303	1.12680351698212
349000	350000	2.61799607408053	-0.991421093317104	0.903642841326696
350000	351000	2.80003503037469	-1.12635447621951	0.959876143649044
351000	352000	2.8343312316328	-1.02015574893194	0.779190530481485
352000	353000	3.0263557803672	-1.14806913190797	0.686737785249821
353000	354000	2.77581151747061	-1.26224317173671	0.631727849663868
354000	355000	2.79347901379268	-1.40938098815374	0.822123130171538
355000	356000	3.0090400990725	-1.43961370695618	0.825511178363659
356000	357000	3.22340243982441	-1.44131106530313	0.78269186044537
357000	358000	4.02772349215837	-1.74967450332533	0.585193254918068
358000	359000	3.20266415850737	-1.73348123485878	0.713179401421176
359000	360000	3.10107409635102	-1.86771106194749	0.859761688075341
360000	361000	3.70906892669197	-2.45099185210093	1.16020343489725
361000	362000	3.47699384696347	-2.49436506538862	0.770761225283854
362000	363000	3.62525458481631	-2.85598876095441	0.444139940061611
363000	364000	2.9518254025778	-2.34765792684398	0.502771851437602
364000	365000	2.71360693737602	-2.20263309985797	0.510463662780438
365000	366000	2.5207655834928	-2.0431128020421	0.390514371435766
366000	367000	2.43997484553819	-2.2912442193339	0.406840045513086
367000	368000	2.52881383284555	-2.52801896728283	0.388240851997227
368000	369000	2.85421157215077	-3.35389972065937	0.286903286376303
369000	370000	2.37695928605409	-2.8545111899282	0.564302186700794
370000	371000	2.20281675988669	-2.48833803227224	0.660111037101382
371000	372000	2.09154629396114	-2.29973605033926	0.735227103658391
372000	373000	1.94099043617269	-2.16815734876708	0.710492571362441
373000	374000	1.85602790891282	-2.29627038948812	0.524401004002083
374000	375000	1.78375584973392	-2.61267331255696	0.495573831066426
375000	376000	1.71328158376558	-2.41819621798612	0.748200209609067
376000	377000	1.63329625851946	-2.29298529630203	0.868234865065191
377000	378000	1.41594000999353	-2.21478228290403	0.686172407902066
378000	379000	1.36502295425887	-2.35977829169258	0.916254752539633
379000	380000	1.43117009257125	-2.56096001360287	0.805323107774698
380000	381000	1.2641528217823	-2.65221977416504	0.967613035284348
381000	382000	1.52200870043905	-2.85277851174784	1.03101274714842
382000	383000	1.40914179661267	-2.55532308633185	1.16951493449797
383000	384000	1.54598800392587	-2.40121516923262	1.23183255690914
384000	385000	1.36195918415611	-2.42462315012328	1.39194588857353
385000	386000	1.56281742590915	-2.43812147433731	1.46092451894194
386000	387000	1.48695414620814	-2.6452027782617	1.4808772594505
387000	388000	1.71150211790105	-2.59483325310859	1.5728129028311
388000	389000	1.44112241684369	-2.57156823597659	1.65444152133084
389000	390000	1.57211950664672	-2.52105118178097	1.73605109547737
390000	391000	1.58120353913604	-2.74342345928809	1.74147904475924
391000	392000	1.80761601367364	-2.74203801636704	1.92562708577226
392000	393000	1.48351568951774	-2.65845870879533	1.88676608961684
393000	394000	1.52500435405283	-2.51262972380246	1.99099527794236
394000	395000	1.34017363119184	-2.64365300624632	2.01648267673941
395000	396000	1.47526868154492	-2.62602773449341	2.15987531702735
396000	397000	1.46866558884445	-2.81931314794198	2.22044122965074
397000	398000	1.84109419800338	-3.5586324034824	2.72904769013658
398000	399000	1.38886822171707	-2.71320136088475	2.39859482808257
399000	4e+05	1.21460009440381	-2.64199563029042	2.33594604592397
4e+05	401000	1.33392511820099	-2.55617623414247	2.48954162318406
401000	402000	1.19942902550387	-2.83260095867134	2.61950499526512
402000	403000	1.19244637586827	-2.5403853591818	2.57363063553913
403000	404000	1.06224863520062	-2.55256637003065	2.50223937793622
404000	405000	1.06742060653036	-2.39810374134965	2.56447894139756
405000	406000	0.981031079317249	-2.49986732061729	2.64003748844173
406000	407000	1.07453390475237	-2.46338938587383	2.7765595624425
407000	408000	1.01517847794025	-2.5848901667011	2.98230329736682
408000	409000	0.919091561484002	-2.37285224997136	2.77716309715877
409000	410000	0.806119980927977	-2.35606154049209	2.66922041125896
410000	411000	0.756729118234788	-2.49639469127919	2.77400364600331
411000	412000	0.53622548988702	-2.61396594635214	2.80361588749578
412000	413000	0.647873338991034	-2.35698914309634	2.87577106353168
413000	414000	0.733464201547363	-2.2132313965399	2.98587568263763
414000	415000	0.606156864237739	-2.39218185367771	3.22647344722873
415000	416000	0.519062612895469	-2.17288087165165	3.03687837569627
416000	417000	0.371025849274325	-2.20568809262207	2.85890125562148
417000	418000	0.366891397152462	-2.03147878608119	3.00141308146645
418000	419000	0.247254150708667	-2.17365391658822	3.04768058710047
419000	420000	0.207456140693755	-2.27171667860116	3.34557713525294
420000	421000	0.0467511237777715	-2.12698894350197	3.08511138805327
421000	422000	0.128236190477951	-1.99111297508849	3.21767831923586
422000	423000	0.0792676420919494	-1.83759895896611	3.05959827478789
423000	424000	-0.0148263516087832	-1.84828456969943	3.2774477107814
424000	425000	-0.131550491653996	-1.91174405941831	3.08074234717188
425000	426000	-0.21653031713738	-1.92625147850577	3.26577111530841
426000	427000	-0.247599958775954	-1.76486967705165	3.18019621004648
427000	428000	-0.422078403667652	-1.89576165316825	3.13022493756031
428000	429000	-0.407180068465034	-1.68536470280078	3.23873082396493
429000	430000	-0.451028642196841	-1.81727733009985	3.36418385229545
430000	431000	-0.5034241322075	-1.75404887548898	3.62338388490645
431000	432000	-0.672242456878553	-1.76512903008503	3.37641347072231
432000	433000	-0.806659429901902	-1.79030374004169	3.13491430026353
433000	434000	-0.867876048808701	-1.65144682447134	3.33150172101978
434000	435000	-0.755685287821517	-1.5105397735785	3.42122840437008
435000	436000	-0.994123726269375	-1.67068040549614	3.62498148019954
436000	437000	-0.928485238854765	-1.41748466061861	3.48060326853936
437000	438000	-1.02130041993597	-1.43754728069899	3.33017446975512
438000	439000	-0.943211743668138	-1.26018274423897	3.37485713583583
439000	440000	-1.11297344571309	-1.26575129669012	3.27713029092764
440000	441000	-1.09825677673963	-1.17586174687151	3.48650686128878
441000	442000	-1.2329630024396	-1.26664162968708	3.4378826788305
442000	443000	-1.28064395863081	-1.2995811435947	3.73872076652742
443000	444000	-1.39679786129699	-1.18912211077366	3.44288103954366
444000	445000	-1.32018909979454	-1.03012223582089	3.54007185885059
445000	446000	-1.53068077148296	-1.11673711593455	3.62835475568144
446000	447000	-2.05132259794479	-1.26149981136933	4.38185963091884
447000	448000	-1.57339557949793	-0.904743119263542	3.55081522075007
448000	449000	-1.42898541860363	-0.785944089373596	3.50137433738313
449000	450000	-1.44940915175615	-0.787436043267015	3.29640495300755
450000	451000	-1.3765922376407	-0.585248739432981	3.38894202107426
451000	452000	-1.56149596731892	-0.618575614482633	3.3314365289092
452000	453000	-1.57296964892676	-0.537618781958073	3.53224829037156
453000	454000	-1.7602512322126	-0.567593755812618	3.40990420786397
454000	455000	-1.63791991932355	-0.371354692369803	3.41648406292747
455000	456000	-1.68710471812025	-0.436200323157229	3.22872201804158
456000	457000	-1.69293513425843	-0.257045387823869	3.25250185369795
457000	458000	-1.85573398156114	-0.365765876260629	3.26339566313076
458000	459000	-1.91794076172155	-0.278066750319119	3.47044451717434
459000	460000	-1.99215348086849	-0.221332490784395	3.20893632339323
460000	461000	-1.95695676395791	-0.0683102501510695	3.35109785048926
461000	462000	-2.29962725827796	-0.0986404719014456	3.29664499928501
462000	463000	-2.08919062314822	0.150793313985366	3.31167816489445
463000	464000	-2.04616527531708	0.0687406160516356	3.07519275768033
464000	465000	-1.84276183121736	0.145977437720889	3.14189837568
465000	466000	-1.89911998278661	0.124780954980613	2.91440394334451
466000	467000	-1.90131485074808	0.320061213720501	3.04440548345542
467000	468000	-1.89939690606265	0.327774789238734	2.86568190975748
468000	469000	-1.97878870463288	0.497480839863179	2.96844705918026
469000	470000	-1.97369844004605	0.464581910790104	2.76024013419024
470000	471000	-2.18835038611789	0.520674013094573	2.85821646012533
471000	472000	-2.15699011082307	0.557206492844236	2.60976415499226
472000	473000	-2.05789888530647	0.708653574888334	2.79017539288677
473000	474000	-1.89800048275629	0.681194649428925	2.60012561336969
474000	475000	-1.96072224152009	0.889052870035713	2.6937288350677
475000	476000	-1.74244456221022	0.81327874910052	2.7033415903123
476000	477000	-1.7992616394825	0.956985057088872	2.82366942092579
477000	478000	-1.74750980061265	1.22974485072856	2.84895703233806
478000	479000	-1.7173851617681	0.965722358034264	3.02349345689504
479000	480000	-1.52886416416493	0.858843532170443	2.88538311410263
480000	481000	-1.59665952385939	0.76400257570267	3.06953198546201
481000	482000	-1.42292010610551	0.975526072720108	3.10684627276689
482000	483000	-1.49205956035261	0.811230666965744	3.30301688051215
483000	484000	-1.31541462933498	0.733359060415723	3.09314092493991
484000	485000	-1.32709847766022	0.530802235725091	3.20433041148057
485000	486000	-1.20464485185153	0.690646236331279	3.27953049378658
486000	487000	-1.24613989456209	0.702251551927462	3.60973783909904
487000	488000	-1.02541380622288	0.719714087796279	3.39392975790453
488000	489000	-1.03748723441289	0.506217926866142	3.40882365268055
489000	490000	-0.914317441768754	0.589375115090867	3.24475017199399
490000	491000	-0.873542163020341	0.3879271399578	3.27300434697538
491000	492000	-0.739840759130264	0.530348425307821	3.32706040016335
492000	493000	-0.717462464667983	0.390059430432978	3.4607402158905
493000	494000	-0.631634288272632	0.620613801999748	3.52090104836583
494000	495000	-0.570879336920365	0.461536166101278	3.64808538224862
495000	496000	-0.29476373348831	0.918609847859122	4.47834656807703
496000	497000	-0.338581512735496	0.481349431084766	3.62993821861451
497000	498000	-0.376952466244943	0.473430466426991	3.42909882868925
498000	499000	-0.410611003323357	0.352148891656597	3.33673697314088
499000	5e+05	-0.326702536947628	0.448753530321642	3.22521269379847
5e+05	501000	-0.238682155853354	0.287456117069268	3.33541224172942
501000	502000	-0.142274286616272	0.480779855123715	3.31584526143675
502000	503000	0.065342934120101	0.394702566663365	3.52465664116693
503000	504000	0.01788773087152	0.370785492044323	3.21841990955873
504000	505000	-0.0573653494587955	0.184081401637182	3.16630492937642
505000	506000	-0.0246690871937759	0.313779420381218	2.98524242994544
506000	507000	0.177730701491072	0.133975276637174	3.20013164165917
507000	508000	0.151280876108908	0.186208279407292	2.97689155086679
508000	509000	0.0706779462377344	-0.00474041969461101	2.96323220958686
509000	510000	0.16377232585811	0.0543909282917756	2.78512144587946
510000	511000	0.244336660846202	-0.0849269135209657	2.87525657988192
511000	512000	0.371057872473252	0.0656893107339059	2.87773992430228
512000	513000	0.462456645881915	-0.123769284908494	2.9770792073525
513000	514000	0.578333325206724	0.0461574670715832	2.80736403335287
514000	515000	0.443430306244281	-0.145433582623144	2.71186901427759
515000	516000	0.421598151487089	0.040268968491453	2.52877108688437
516000	517000	0.467789018905323	-0.17977504577704	2.51036382239794
517000	518000	0.617654305079801	-0.0973288242232221	2.55626372229788
518000	519000	0.858680505723734	-0.176027639733403	2.74256798072136
519000	520000	0.790783440561446	-0.102344558710144	2.45644607210536
520000	521000	0.687071453660862	-0.361852857429048	2.44761620240758
521000	522000	0.823316093278802	-0.259401883285374	2.32566142458265
522000	523000	0.948059686362008	-0.350883225310269	2.45605409282364
523000	524000	1.7334371189272	-0.228482414005169	2.88308393472927
524000	525000	0.985361450722847	-0.449679981594198	2.24664996601098
525000	526000	0.889549908045617	-0.393624942802663	2.0820891511207
526000	527000	0.891954771281101	-0.572242973118923	2.0109470070035
527000	528000	1.1173796474736	-0.554829854828618	2.03839471611234
528000	529000	1.78300883170442	-0.802929825246714	2.26025374903454
529000	530000	1.06698272650603	-0.594340303476096	1.77594127436913
530000	531000	0.915919529420574	-0.65122753498324	1.67810142362626
531000	532000	0.850365756975653	-0.617802409406429	1.50451142262541
532000	533000	1.00289461024189	-0.496153349109358	1.4914526113117
533000	534000	1.35559235517468	0.133324034002688	1.47874631100917
534000	535000	0.927329111386881	-0.520971291809381	1.29844607548778
535000	536000	0.835097649118336	-0.611030933445432	1.19161221802587
536000	537000	0.873526959215448	-0.4904058516789	1.03366300527739
537000	538000	0.939658630922025	0.0523751803435218	0.772144940695237
538000	539000	0.806447230821418	-0.583156089541057	0.753020829407461
539000	540000	0.647447684822345	-0.685082061054054	0.703289124999387
540000	541000	0.669035497571583	-0.927703064326697	0.595478117463052
541000	542000	0.524907051189905	-0.724502962434186	0.433033522681827
542000	543000	0.7012510345989	-0.819409250262389	0.272991512045421
543000	544000	0.486891205908251	-0.776782627534534	0.171589071574069
544000	545000	0.55658104721103	-1.00808544188529	0.0618461891163006
545000	546000	0.3457666853682	-0.873523286835132	-0.00805944861901108
546000	547000	0.484301889451736	-0.902264259756447	-0.193386389735737
547000	548000	0.263239911876052	-0.822757346959977	-0.271716272854901
548000	549000	0.335935411911386	-0.918521472845201	-0.464383196411662
549000	550000	0.237764897068806	-1.09872033662467	-0.611959117614829
550000	551000	0.210076322975627	-1.47026909511059	-1.00588370283721
551000	552000	-0.0541121286839757	-0.89225713626405	-1.21628994761885
552000	553000	-0.206980552510784	-0.718932476150819	-1.39900660232502
553000	554000	-0.361897963982013	-0.544932799650593	-1.58295280112482
554000	555000	-0.354974283521051	-0.611022703776752	-1.807265909802
555000	556000	-0.524526314460273	-0.467084839225395	-1.85550752214159
556000	557000	-0.49462000933309	-0.591170587524653	-2.06492061518186
557000	558000	-0.709840660814978	-0.493882933501943	-2.06559523740425
558000	559000	-0.771958118450974	-0.672094322479273	-2.1596225131473
559000	560000	-1.01577645613587	-0.798522005118286	-2.25036813600571
560000	561000	-1.6393112042523	-1.33229770953637	-2.78190922937824
561000	562000	-1.06203432818306	-0.707992416813381	-2.4893906553617
562000	563000	-0.910938801841424	-0.59137661140672	-2.44529721875815
563000	564000	-0.941949711972369	-0.404148034806669	-2.39720701759391
564000	565000	-0.780318656478157	-0.441713606350629	-2.60071505669173
565000	566000	-0.875373002665629	-0.229316686547329	-2.61060533715734
566000	567000	-1.00370073514194	-0.436200978686292	-2.66436518196594
567000	568000	-1.02207809805944	-0.310772581260095	-2.8266836285398
568000	569000	-1.19540545148881	-0.444526145958584	-2.75966516577908
569000	570000	-1.14847074042679	-0.255031697926882	-2.65237416694975
570000	571000	-1.30194925663143	-0.336809424327613	-2.5581172182954
571000	572000	-1.32355108399379	-0.145119020926251	-2.62790776193648
572000	573000	-1.47462581480972	-0.305056222519794	-2.70835231386775
573000	574000	-1.38373725365838	-0.144230027076231	-2.82929065121456
574000	575000	-1.51355649770174	-0.218976731988874	-2.93336274933123
575000	576000	-1.88732573093063	-0.193151770315697	-3.93195387367156
576000	577000	-1.8548233124522	-0.0825763854807176	-3.20977967523946
577000	578000	-1.74121785477532	-0.0130262626300569	-2.89685078077175
578000	579000	-1.7027504788946	0.0379060575729002	-2.6787047766247
579000	580000	-1.6463397194233	0.241808751669021	-2.73006566150825
580000	581000	-1.77934988916317	0.419451363342766	-2.91310728495219
581000	582000	-2.04889842077893	0.287641851864181	-2.95397171147582
582000	583000	-2.18059834220243	0.216579481630743	-2.69663314065226
583000	584000	-1.99884198798851	0.128992657493174	-2.46763582515974
584000	585000	-1.93912348774228	0.310215531892111	-2.38405338058765
585000	586000	-1.83714395984005	0.318853251873352	-2.20893568197742
586000	587000	-2.04817338439786	0.480295062215974	-2.2437582381078
587000	588000	-2.08417854700234	0.285941567564006	-2.05910198141805
588000	589000	-2.251870839856	0.445955838936759	-2.04657937434943
589000	590000	-2.38312061075391	0.221896807345049	-2.00147737431797
590000	591000	-2.6060658366722	0.466839011811292	-2.01488979330845
591000	592000	-2.43683640460455	0.326806940587049	-1.76261153848056
592000	593000	-2.38641705226112	0.501927734186796	-1.63715052814548
593000	594000	-2.53836654843807	0.346358488648461	-1.55053347369419
594000	595000	-2.67987790101986	0.56024607236563	-1.62822771887271
595000	596000	-2.7524543798567	0.397594885128738	-1.4531600230221
596000	597000	-2.69338729379199	0.593653702804584	-1.35630625663999
597000	598000	-2.83490223867533	0.513366187573854	-1.22231416571749
598000	599000	-2.99926680407736	0.60593454238978	-1.30403564675644
599000	6e+05	-3.90685402220257	0.452712094102279	-1.71535853051827
6e+05	601000	-3.27787640482846	0.633318073493625	-1.15064823870316
601000	602000	-3.10408684997115	0.551066953182135	-1.00650885346049
602000	603000	-3.01571798242358	0.69938261440513	-0.899537808590541
603000	604000	-2.95055169983354	0.55226022790439	-0.74260606367098
604000	605000	-3.12960327405329	0.696548990533952	-0.714557001671687
605000	606000	-3.16510473568302	0.472896189081448	-0.646284373773974
606000	607000	-3.34124445158363	0.618097646196902	-0.617304536520521
607000	608000	-3.20301348704779	0.519486319095008	-0.428960111566153
608000	609000	-3.22694950176906	0.745090110157531	-0.442414653287241
609000	610000	-3.21490913750844	0.665467240928505	-0.26824325691366
610000	611000	-3.36623481601806	0.761642615726227	-0.286589296404169
611000	612000	-3.52853818646881	0.615565144470286	-0.243492177867107
612000	613000	-3.74102386699175	0.845363011685871	-0.215370077967141
613000	614000	-3.44095939142804	0.824476986632644	-0.0970177241008453
614000	615000	-3.44016488818232	0.670018337617234	0.0098410148412699
615000	616000	-3.68904155733328	0.677014735478889	0.223404110410998
616000	617000	-3.47823960223197	0.843900414584626	0.129947637800868
617000	618000	-3.29104139241041	0.853861994328424	0.100424116921734
618000	619000	-3.29762205217937	0.780186072101202	0.275849926018404
619000	620000	-3.22384668398974	0.935679274246506	0.367206758453859
620000	621000	-3.23017352553074	1.01874508886351	0.205572924997313
621000	622000	-3.39468515663572	1.07213536240911	0.284643461886347
622000	623000	-3.47020673871233	1.24335208195346	0.505714263033902
623000	624000	-3.27778422361784	1.29820829669322	0.281047701443245
624000	625000	-3.32137163118745	1.21708485133392	0.0715804183136444
625000	626000	-3.58114397171384	1.4543196237809	0.10571415311438
