0	1000	1.05453431923594	1.57998985465004	1.4031547813479
1000	2000	1.42937253562495	1.81552404706944	1.23249792217057
2000	3000	1.78120510396544	2.1999512748223	1.17901999875921
3000	4000	1.86474644301212	2.17392139535821	0.702989205495269
4000	5000	1.63382274839027	2.46607556056199	0.693193172973067
5000	6000	1.36246702657977	2.54822316266281	0.909695104744503
6000	7000	1.46015268366041	1.96004587393087	0.462675802517848
7000	8000	1.40354095176767	2.08582867521483	0.901834288829767
8000	9000	1.03195827329048	2.04248881206002	1.22042665067736
9000	10000	0.724517977890707	1.92675383146477	1.42111217647667
10000	11000	0.577773562512159	1.76633405197905	0.982001360723453
11000	12000	0.164486052687248	1.68648900286042	0.734505618424301
12000	13000	0.147593681469674	1.58466387063002	0.371735847161011
13000	14000	0.0795647854364629	1.99756563041807	0.116175919751394
14000	15000	0.216008579764809	1.72150511823507	-0.288919237960401
15000	16000	-0.120262499273763	2.04353874873876	-0.409508737272305
16000	17000	-0.352112036481754	1.48037104485711	-0.863715215551098
17000	18000	-0.672996402071862	1.57306753943263	-1.1259823174623
18000	19000	-0.971514440400703	1.796125993699	-0.891635701922972
19000	20000	-1.12850484683306	2.20673199032415	-0.661399183707675
20000	21000	-1.07999108599134	2.23144261964343	-0.303540229334546
21000	22000	-0.601865202305561	1.62480146190602	-0.539005545802961
22000	23000	-0.614600087729085	1.47796155978102	-0.108936460616755
23000	24000	-0.372672003647962	0.878834795915813	-0.0814262725016732
24000	25000	-0.667599159338512	0.629692052855123	-0.219902655693208
25000	26000	-0.922388368574159	0.40426573368102	-0.793895259292839
26000	27000	-1.42797825103907	0.410111843619698	-1.51201222629734
27000	28000	-2.06041306183395	0.572974835362135	-2.05264331016238
28000	29000	-2.98087171230837	1.01716920778876	-3.08744291708243
29000	30000	-2.09693641247281	1.14442982133159	-2.52838635947206
30000	31000	-1.54890564080459	1.3877875053432	-2.17275795654714
31000	32000	-1.23613246442121	1.7288232655971	-2.20914440858449
32000	33000	-0.969512894557937	2.02400440227943	-1.71581154780521
33000	34000	-0.805338167439546	2.32850721443187	-1.4531212971467
34000	35000	-0.345585768085751	2.34900020932937	-1.03556171053831
35000	36000	-0.228691398549542	2.69660968833863	-0.927942443352449
36000	37000	0.0634958629689464	2.90270497551934	-0.938674282887548
37000	38000	0.331245608602829	2.56015724759723	-0.431022298134819
38000	39000	0.665821700891814	2.74205517822499	-0.224421942525008
39000	40000	0.884840573523485	2.79946595663301	-0.361788868387914
40000	41000	1.07021546384173	3.22702587209182	-0.377492417447938
41000	42000	1.7499090760595	4.24179682547813	-0.412281313343691
42000	43000	1.44635573395105	2.97891308302248	-0.224365256246153
43000	44000	1.45328788768104	2.78379037783791	-0.0589627738179162
44000	45000	1.57630274034444	2.50318568067807	0.134680389680082
45000	46000	1.8199995763581	2.6516703738993	0.117188938542293
46000	47000	2.44293401501994	3.70173218070408	0.311921379114469
47000	48000	1.87272844670304	2.98755466836487	0.280148594754436
48000	49000	1.46060246505198	2.93930562950427	0.449433256061637
49000	50000	1.19351675754372	2.40944752038533	0.0196479117361183
50000	51000	1.29998124464509	2.40788056207602	-0.300690642989482
51000	52000	1.11674917442543	2.68252632991772	-0.445181116838538
52000	53000	0.955281091671829	2.46136083907617	-0.7710688955887
53000	54000	0.73199564042061	2.59146503918862	-0.854906104998172
54000	55000	0.58397952850589	2.28714620988694	-0.768027246439734
55000	56000	0.363475544494204	2.47823762083405	-1.06069192763759
56000	57000	0.160940217560736	2.14429280894775	-1.2812888653639
57000	58000	-0.213839856445077	2.064855182898	-1.43404096097796
58000	59000	-0.351284047680643	2.54816572347588	-1.5698325913675
59000	60000	-0.000660064139264477	2.55219133473489	-1.43088242651535
60000	61000	0.374396471413032	2.47051256993147	-1.52596841788248
61000	62000	0.508916644497917	2.00339033300245	-1.72075449534652
62000	63000	0.0383520937544414	2.09104463475119	-1.86587271238173
63000	64000	-0.169207186027107	1.73299065260632	-1.74021140804983
64000	65000	-0.267621902933528	1.4327096749056	-1.81717765070943
65000	66000	-0.425514004147446	1.0777654353864	-2.03699723187721
66000	67000	-0.758948892623643	0.917395536182653	-2.05348525712015
67000	68000	-0.574543375742301	1.37120881446046	-2.26622138683021
68000	69000	-0.738353127861741	1.82170920913193	-2.24898328782527
69000	70000	-0.548542559950969	1.50677121175737	-1.73579408213298
70000	71000	-0.981639469208936	1.42083029855858	-1.70907246870087
71000	72000	-1.26401193517047	1.56328375751869	-1.47180824529503
72000	73000	-1.46690300036149	1.47196441600415	-1.57466745722167
73000	74000	-1.49403631119467	1.50299189126614	-1.11479177070095
74000	75000	-1.80314015690644	1.58492577486738	-1.29786076916473
75000	76000	-2.06377192175208	1.34464990023379	-1.11602956789113
76000	77000	-2.32314148807249	1.52166187103316	-1.24644740046183
77000	78000	-2.04544393450812	1.76304287912713	-1.08962156877613
78000	79000	-1.72332153820629	2.15787406744154	-1.18174419510282
79000	80000	-1.87429734644515	2.16481170065754	-1.73801690675826
80000	81000	-1.97556106401112	1.65974895686667	-1.6744664813183
81000	82000	-2.13576815991535	1.34000309712905	-1.77114225106671
82000	83000	-1.80593511414496	1.06916053555385	-1.68485791255279
83000	84000	-1.50824728883895	0.706164715585002	-1.76861888958563
84000	85000	-1.47881962130083	0.760626569099301	-2.05343505844872
85000	86000	-1.27345605786531	0.453368914234336	-2.25828517981201
86000	87000	-1.24230517208887	0.772224501671876	-2.83632998459443
87000	88000	-0.715051431840578	0.367467072612587	-2.67877921249434
88000	89000	-0.911591646423447	0.0185396179525157	-2.27014057062532
89000	90000	-1.34056117823351	-0.0473086505290149	-2.73485771449223
90000	91000	-1.63551911267313	0.0173173068968723	-2.94262860220928
91000	92000	-2.42945647109002	-0.268009001498539	-3.5893980176404
92000	93000	-1.72254226251931	-0.263525379316771	-2.4911180398651
93000	94000	-1.60496257979175	-0.577333894786183	-2.36816985658561
94000	95000	-1.04349940945463	-0.545920988111073	-2.41816797558264
95000	96000	-0.935707995661013	-0.949837923589815	-2.45398084259362
96000	97000	-0.839615615056037	-1.1529286977509	-2.3928276256893
97000	98000	-1.03208307339869	-1.56366222943949	-2.13478554736004
98000	99000	-1.36457906684533	-1.6023538758673	-2.17609327286697
99000	1e+05	-1.53605363370552	-1.12111181319871	-1.95253997298201
1e+05	101000	-1.24746058697281	-0.97500161777123	-1.65397621594945
101000	102000	-0.834249695305882	-1.04393443360171	-1.50708329793427
102000	103000	-0.877888256936213	-1.49486102131569	-1.60913294750469
103000	104000	-0.621090236183358	-1.74936695712691	-1.87027463901701
104000	105000	-0.344572771900654	-2.02030366524099	-2.11000714901871
105000	106000	-0.199683988547725	-1.34795573531465	-2.18861676095953
106000	107000	0.00596288449487768	-0.873210107311804	-2.15682015708778
107000	108000	-0.26918450820991	-0.332053749168676	-2.42183815619927
108000	109000	0.137951279597796	-0.52295507171621	-2.71943221769899
109000	110000	-0.368550729453697	-0.474429715253367	-2.84512525371748
110000	111000	-0.700594827838834	-0.338698453131663	-2.50942242848731
111000	112000	-0.533440989429435	-0.424844929344388	-2.02854007491516
112000	113000	-0.445682090256606	-0.367010265818414	-1.67197907474795
113000	114000	-0.298001616265283	-0.0115998548526746	-1.53908428991445
114000	115000	0.0506510257827449	0.256300312878362	-1.51938291487284
115000	116000	0.358807282007868	0.525910351780691	-1.48625856037647
116000	117000	0.345939063734278	0.943125297079989	-1.71316840047465
117000	118000	0.170663075559445	1.19504980745542	-2.19170763965363
118000	119000	0.111970827654557	1.37570426143221	-3.10339932273103
119000	120000	-0.132025376948207	1.773713854828	-4.2801456794751
120000	121000	-0.430652937730301	1.15577666438305	-3.36102030951856
121000	122000	-0.561806484455395	1.25403834669598	-2.78911997429715
122000	123000	-0.173480436264602	1.61422273602434	-2.56824690904056
123000	124000	-0.425521704389967	2.3165993652264	-2.87456559839098
124000	125000	0.417356157832377	2.99427328799152	-3.42179269464083
125000	126000	0.28986069613637	2.35031172056204	-2.66647055863446
126000	127000	0.906146932686586	2.30317836644354	-2.24986510548059
127000	128000	1.30727589965829	2.25382858581732	-2.12970464579612
128000	129000	2.00850534238936	3.02522664505418	-2.33960629312845
129000	130000	1.5526461533816	2.44668296817601	-1.50440465023321
130000	131000	1.07576869901858	2.12620645906336	-1.07490881502734
131000	132000	1.00423286098294	1.91062297286642	-0.517369757427819
132000	133000	1.13849334605302	1.66895274385493	-0.208831621228411
133000	134000	1.0699825190175	1.43973766011204	0.221509185192145
134000	135000	0.966750686427276	2.12843355853329	0.710925449385573
135000	136000	0.837130881607885	2.74321512631509	1.10326124861995
136000	137000	1.32242557372369	4.04803265249741	2.14141438390133
137000	138000	1.05888542463485	3.17746535810324	2.10407429263882
138000	139000	1.09880872733843	3.64610269570928	2.78768945434937
139000	140000	0.538205997861949	2.5737862004475	1.9261121330696
140000	141000	0.151429514480666	2.40370032051496	1.7810017487272
141000	142000	-0.177620448909259	2.32504213206267	1.37279375558893
142000	143000	-0.545530403600636	2.3138140676557	1.54197711273003
143000	144000	-0.564865484495119	2.45239216577502	0.949083726032997
144000	145000	-0.181566048933165	2.34261698123486	0.978755141066645
145000	146000	0.118864773819615	2.24635589883185	0.757943205782403
146000	147000	0.456404558525457	2.32776905884872	0.969378186089251
147000	148000	0.781239870000832	2.63145095469728	0.355229718817225
148000	149000	0.319806708693571	2.66788609213789	0.366905003637182
149000	150000	-0.128237791822334	2.61650432567659	-0.0320528906262661
150000	151000	-0.395586529764892	2.42944709694854	0.242665947318697
151000	152000	-0.725763915023182	2.35887441902224	0.335036897704284
152000	153000	-1.07058084476447	2.06914061434693	0.531613626278155
153000	154000	-1.13219648973488	1.91257562877361	0.963642072843158
154000	155000	-1.41067667234863	1.84099709587153	1.21559761339578
155000	156000	-1.03084158628315	1.68068713748013	1.40809736144711
156000	157000	-0.682284105823164	1.99498746825842	1.52834882103833
157000	158000	-0.407665346820005	1.54557557441691	1.63830875862829
158000	159000	0.0378176315128563	1.6757261907361	1.82068289184461
159000	160000	0.0767073512323739	1.42865386284188	2.0413646417108
160000	161000	0.119218574243001	1.79655636354189	2.17653811094396
161000	162000	0.249567604974023	1.77085455709629	2.6887173987642
162000	163000	0.713841648510019	1.50907180815625	2.45824725377491
163000	164000	0.25169844374888	1.32146643435301	2.64930884390034
164000	165000	0.564385682657714	0.900184741059164	2.59446596951078
165000	166000	0.523137106400663	0.562777810995	2.60387791410101
166000	167000	0.785560155900564	0.247888525663587	2.81311056756503
167000	168000	0.609232563731632	-0.161628131650518	2.55344130303635
168000	169000	0.512623468405051	-0.531583935951611	2.61917164098706
169000	170000	0.577126547830485	-1.00134823761843	2.37814409153456
170000	171000	0.995965326463934	-0.9392481568838	2.23731953490179
171000	172000	1.37447020598115	-1.34646870620872	2.35194098575414
172000	173000	1.31318637110565	-1.40877827424537	1.61484189717072
173000	174000	1.02175348407161	-1.1379558696728	1.44514958098021
174000	175000	0.468453614130513	-0.824849134909869	1.56874997672872
175000	176000	0.818155030277606	-0.425617133997884	1.51660431010343
176000	177000	1.19671625678622	-0.60842150143278	1.89810508472965
177000	178000	1.3914910716099	-0.429807609473894	2.08985163637437
178000	179000	1.66311509454655	-0.106251930875573	2.36206175480902
179000	180000	1.66235785842377	-0.0755266380540521	1.83954951844621
180000	181000	1.25171362966005	0.236163004726969	1.82944187555915
181000	182000	1.53039133120557	0.601251965171973	1.73222028708974
182000	183000	0.899850817657391	0.534771151844343	1.97098761246941
183000	184000	1.24342039172893	0.913078296697156	2.2871621205549
184000	185000	0.930853723383767	1.03421709090939	2.34675498381006
185000	186000	0.909115555110922	1.39300685661181	1.92251963367292
186000	187000	0.383314122224226	1.08031172777892	1.89402240016925
187000	188000	0.179182123463051	0.759591130412249	2.06241105029902
188000	189000	-0.0218545376821765	0.783334977143096	2.55779677348624
189000	190000	-0.158868692641575	1.08845055996718	2.18495590531371
190000	191000	-0.316124621005836	1.38340413832739	2.22476401575145
191000	192000	-0.590068698474434	1.05820500585635	1.91990336948081
192000	193000	-0.750325540513976	0.697582527583055	1.75755828188467
193000	194000	-1.0663030331128	0.422870739790621	2.00360421559578
194000	195000	-1.40866432987089	0.494951589179908	2.26478305319681
195000	196000	-1.58771541894654	0.881358322450056	2.44453004604392
196000	197000	-1.34848845733995	0.914464275520461	1.99157865405357
197000	198000	-1.74562769094454	0.878906942404898	1.91943283337753
198000	199000	-1.66786291966514	0.684394520099194	1.61594296448362
199000	2e+05	-2.03018459263589	0.398860569809396	1.49831699398271
2e+05	201000	-1.74576574050799	0.469414776173428	1.00875982728115
201000	202000	-1.79462195295009	0.366258161915653	0.618576376508092
202000	203000	-1.67953497015552	0.222841235350832	0.198967924034127
203000	204000	-2.04966795611415	0.570244297776919	0.089710634740818
204000	205000	-2.10061163754587	0.830886459630793	-0.245494766770073
205000	206000	-2.42684294964738	0.973638406302078	-0.586706408091623
206000	207000	-2.82541208800495	1.17906164333444	-0.620692006079586
207000	208000	-4.26038246313562	1.54233327606469	-1.21364031525588
208000	209000	-2.94312245543504	1.02441773285895	-0.890247764871665
209000	210000	-2.63641407592651	0.830317618562375	-1.09866866815889
210000	211000	-2.27572093714922	0.802369798119785	-1.04117100291572
211000	212000	-1.80121400070113	0.605716734919849	-1.25728381521074
212000	213000	-1.78040277956988	0.0992680004508742	-1.09012077407118
213000	214000	-2.16515639563314	0.319508822889533	-0.818583269874865
214000	215000	-2.4893794789166	0.0892212516906401	-0.783502463666175
215000	216000	-2.55476507640542	0.256816554933393	-1.47194749422876
216000	217000	-2.21663439601727	0.0522137250858004	-1.46209918729627
217000	218000	-2.14938205492119	-0.21707169326857	-1.53649494543381
218000	219000	-2.20057240343961	-0.240163355474412	-1.09090560804227
219000	220000	-2.40766743151062	-0.339470569237436	-0.735110244053161
220000	221000	-2.63459897830172	-0.532709323611831	-0.88010605799244
221000	222000	-2.88288867178318	-0.509692055147273	-1.25643529293557
222000	223000	-2.93170353528004	-0.155272957296962	-1.27880883882279
223000	224000	-3.02331569245809	0.286813501358771	-0.964444049647096
224000	225000	-2.70814867324835	0.405267068755358	-0.613009063445485
225000	226000	-3.40366511184302	0.35826359325672	-0.344228498359377
226000	227000	-3.2169253029824	-0.10682868975896	-0.50774629095223
227000	228000	-2.8492526271804	0.0437346417840399	-0.421809893620707
228000	229000	-2.42651792798901	0.0162608823223976	-0.25755190707396
229000	230000	-2.493074882198	0.127065232160735	0.0767054824338262
230000	231000	-2.66564244830385	0.191718400953094	0.399556867072917
231000	232000	-3.0246759595021	0.286886225262269	0.623533690866021
232000	233000	-2.78639979975853	0.970272773562274	0.525617826651505
233000	234000	-2.4123663766725	0.674945471048893	0.728684389530991
234000	235000	-2.79468622632434	0.16657869131332	1.10272104189775
235000	236000	-2.15764104075624	-0.0820073484741739	0.819649124173177
236000	237000	-2.27460002830534	-0.419438095249981	1.01218077933613
237000	238000	-1.74186204190809	-0.522119166363218	1.18001599327754
238000	239000	-1.85372831589756	-0.483627761765965	1.97919706557594
239000	240000	-1.46137200613858	-0.566617159116456	1.6709925477196
240000	241000	-1.3990751086072	-0.859236476583959	1.91163009504231
241000	242000	-1.18962109682936	-1.32568700801241	1.76025312655841
242000	243000	-1.01305180495114	-1.54011108660967	1.06324677077018
243000	244000	-0.932161849410318	-1.6264674134415	0.747141071407798
244000	245000	-0.60941252957764	-1.74713022452255	1.06227171094502
245000	246000	-0.714114441471531	-2.01504313160651	1.75278063264413
246000	247000	-0.444984701924189	-2.04411547090791	1.97563398794469
247000	248000	-0.327396544661436	-1.88620073785608	2.20333566659689
248000	249000	-0.245200514305531	-2.10441140947624	2.5592760178461
249000	250000	-0.180595808347994	-1.67319274274928	2.51731519966713
250000	251000	0.0911731835289947	-1.57061855636216	2.5505854623209
251000	252000	0.0751051759100139	-1.23614786278702	2.92297328448688
252000	253000	-0.273397566995807	-1.05597522182024	2.44171108856422
253000	254000	-0.619596620241847	-0.834550253275661	2.56111113977424
254000	255000	-0.744918001882914	-0.735483791269851	2.16416517221206
255000	256000	-0.791569916214719	-0.411446228622802	2.56510989582642
256000	257000	-0.614344953930195	-0.175846844595748	2.74032793084378
257000	258000	-0.108021389714373	-0.302299254310138	2.66272300019693
258000	259000	-0.262351642366467	-0.251443360686765	2.13762301279664
259000	260000	-0.182213814493851	0.126091767561856	1.96636395505469
260000	261000	0.178240389946551	0.0653350157852328	2.54269501123704
261000	262000	0.0205547589390682	0.328522098296457	2.84598633497352
262000	263000	0.119143499264794	0.457090402243283	3.00670865504094
263000	264000	-0.0245155114048375	1.09136479509455	3.06532689581451
264000	265000	-0.187840903154134	0.795513102264302	2.83604254682848
265000	266000	-0.471925527053403	0.694018220472082	2.48696055817743
266000	267000	-0.336732181832572	0.580187994222448	3.04359274018839
267000	268000	-0.630718903893701	0.948641800962136	2.95025096632119
268000	269000	-0.510220331018824	0.966371897778998	2.57481414289092
269000	270000	-0.642569085088789	1.15968103037486	2.70324788950184
270000	271000	-0.774303644504513	1.08120391057923	2.77250847754088
271000	272000	-0.67999934972482	1.09796437903175	3.03073546257464
272000	273000	-0.427652566198799	1.13023453960076	2.81143319583396
273000	274000	-0.431406431581683	1.16945291322053	2.55812660286226
274000	275000	-0.670282191985587	1.4945823757793	2.83908382220082
275000	276000	-0.861724971841167	1.43841751053331	2.52952957214006
276000	277000	-0.574752086662655	1.15116294429058	2.28062171396541
277000	278000	-0.757290629214376	0.946176078096136	2.40486422485323
278000	279000	-0.856353462071117	0.641507012524498	2.43407587026776
279000	280000	-1.1458712760169	0.899945088669691	2.76682172642397
280000	281000	-1.11270826458901	1.38790006544563	2.84337593991596
281000	282000	-0.947012818788236	1.12069598967751	2.57977336164333
282000	283000	-1.12902331391779	1.32340908991291	2.33628021120611
283000	284000	-1.00854676871298	1.1735209534756	1.98832599818791
284000	285000	-0.782840177836113	1.4906095774516	2.05053942527194
285000	286000	-0.803304534306531	1.88139763432533	2.30529014195408
286000	287000	-1.25592427405883	1.66384719548863	2.42361915563597
287000	288000	-1.03968937817953	1.61737783681494	2.08723700532771
288000	289000	-1.44683440815317	1.73450181351137	1.99260802117686
289000	290000	-1.56646659822043	1.32393774285164	1.58574328330918
290000	291000	-2.0967581802202	1.64164965679727	1.68647791364272
291000	292000	-2.42513648689727	1.41330595617322	1.84869792857291
292000	293000	-3.3625256078673	2.07779760216767	2.3143704345755
293000	294000	-2.7565201160781	1.36996827139425	1.4132585536032
294000	295000	-2.46459193837352	1.48189591215014	1.0405167147033
295000	296000	-2.03650716121222	1.17603618313865	1.06304575230429
296000	297000	-1.76456251854168	1.10210190492796	0.695164925919735
297000	298000	-2.0776761417856	1.1741054077107	0.392444997766882
298000	299000	-2.18682233333225	1.83791472318476	0.490927266014179
299000	3e+05	-1.64750580846763	1.63079319180524	0.297162692933317
3e+05	301000	-1.45965012131678	1.45904126150295	0.258713287215611
301000	302000	-1.72993135637522	1.49063077183622	-0.101267822674755
302000	303000	-1.89770156136334	1.88108483867236	-0.258857504172435
303000	304000	-1.96412035581248	1.97689166085562	-0.692929654907317
304000	305000	-2.43024119727153	1.7714478443337	-0.670894056162085
305000	306000	-2.22245124831156	1.33105298934017	-0.437258320188169
306000	307000	-2.31401429904287	1.42437706616969	0.117623164467671
307000	308000	-2.37178874523315	1.89609953954519	-0.0609931651152812
308000	309000	-2.74653579876543	1.26181876742457	0.107178697978713
309000	310000	-3.01189423667047	1.37967926500108	-0.0495026421993733
310000	311000	-2.57659344597779	1.08658766700045	-0.0921747976097567
311000	312000	-2.81177060736565	0.89792796322058	-0.319505320795904
312000	313000	-3.10608828513437	0.915379576038089	-0.0664309415367178
313000	314000	-2.93480815515361	0.863980555962224	-0.0909032096725533
314000	315000	-2.69656147516837	0.589525689884977	-0.14234196863062
315000	316000	-3.06883488600481	0.469031765990727	0.0108260721086166
316000	317000	-2.87982023085496	0.317592476227632	-0.129934637796144
317000	318000	-2.8923891037498	0.182631128801183	0.149713701931223
318000	319000	-2.90089629185685	-0.0673748260181917	-0.0465509479989016
319000	320000	-2.72552342063621	-0.149462396676855	0.193175489960693
320000	321000	-2.82768136040381	-0.543106293835455	0.202977854758842
321000	322000	-2.52802712892902	-0.332650368093039	-0.386062125615306
322000	323000	-2.89047133686599	-0.906262737260056	-0.475700149197957
323000	324000	-3.14988867663627	-0.65517026203534	-0.229650468582733
324000	325000	-2.96338153253403	-0.973363376117723	0.121510174290228
325000	326000	-3.95545462013121	-1.58811939605699	0.653192990188833
326000	327000	-3.04097568406828	-1.28863951917741	0.43013153526736
327000	328000	-2.38619839213716	-1.359812956466	0.516562180668523
328000	329000	-2.00480843150139	-1.52182901573645	0.654668910932824
329000	330000	-2.07598447129552	-1.93837537412117	0.547514428214459
330000	331000	-1.71041464080372	-1.84062177764451	0.331756421077703
331000	332000	-1.63301845852003	-2.06151214546543	0.962459387429803
332000	333000	-1.65551990600712	-1.5881570645809	1.02612575274822
333000	334000	-1.8356358246571	-1.33424916422048	1.35010940377704
334000	335000	-1.32610620096466	-1.79466844769367	1.47015512866923
335000	336000	-1.28949488809433	-2.08447236188683	1.45002780191045
336000	337000	-0.988055294893516	-2.18103772959059	1.44176652212896
337000	338000	-0.702412903991939	-2.50706613411708	1.53921856578726
338000	339000	-0.927031058326229	-2.39446122090855	1.06765880822748
339000	340000	-0.852774081256383	-2.69453965998194	1.14410537452843
340000	341000	-0.949019143706463	-2.52464123155868	0.71113144897062
341000	342000	-0.544507280688669	-2.87674406070584	0.728956776415405
342000	343000	-0.599992012863674	-2.56657833043765	0.597600793206778
343000	344000	-0.645485327326042	-2.71677501544409	0.133494906924771
344000	345000	-0.661218442681372	-2.86572246510548	-0.383387863830197
345000	346000	-0.930833674335297	-2.58322859068999	-0.412048583955227
346000	347000	-1.2876364346316	-2.28020114934571	-0.660602871881815
347000	348000	-1.3044455416639	-1.99592405742217	-0.802237868454811
348000	349000	-1.27653016340839	-2.04718922422023	-1.16762405716537
349000	350000	-1.75215701261322	-1.99680193504677	-1.0191051972754
350000	351000	-1.72589378340668	-1.74561681425216	-1.32577357672197
351000	352000	-1.82697030963169	-1.52632804680289	-1.07608334374271
352000	353000	-1.8509905378589	-1.51384968134302	-1.54880138117238
353000	354000	-1.87927693330526	-1.23590867799617	-1.28839904712535
354000	355000	-2.05409815404446	-0.861302234483911	-1.06502169935317
355000	356000	-2.43562412234899	-1.4051060278911	-0.851517327986491
356000	357000	-2.65835012698981	-1.31428380396909	-1.09019394653133
357000	358000	-3.87926280861103	-1.54251336622795	-1.1666790728647
358000	359000	-3.32696559759926	-0.906917394464422	-0.700009219055731
359000	360000	-3.44981702919136	-0.908975309196402	-0.284109904366489
360000	361000	-4.72545238554318	-1.12690483539852	0.101968099269712
361000	362000	-3.86630573682682	-1.03405035560444	0.104575685756631
362000	363000	-4.09656466755323	-1.96281294169985	0.17426982558682
363000	364000	-2.64459437920224	-1.64150969546263	0.00194785641620658
364000	365000	-2.21548290623808	-1.30366398973973	-0.066226254147045
365000	366000	-1.82593014406923	-1.43971517893645	-0.205043492775874
366000	367000	-1.81729815521762	-1.83562029662894	-0.502373329826389
367000	368000	-2.01790573834297	-2.41488750060007	-0.487573968178254
368000	369000	-2.45293970198655	-3.51353731464704	-0.476112751689548
369000	370000	-1.57616727517394	-2.63859625748919	-0.248066281204221
370000	371000	-1.01861357195974	-1.99983665948569	-0.133158781843159
371000	372000	-0.383815690896016	-1.6725302351363	-0.177271403147121
372000	373000	0.00605120364111406	-1.34880370791062	-0.488810563884576
373000	374000	0.216300478277623	-1.10378859114066	-0.336870572928957
374000	375000	0.370400127221959	-1.18590491736356	-0.0831553786317012
375000	376000	0.435607357623949	-1.2849162800399	0.415113762230278
376000	377000	-0.0191043812162034	-1.66836195253192	0.679586002887967
377000	378000	-0.268359336316021	-1.425179111148	1.08584481407674
378000	379000	-0.18816068597347	-1.18353278928752	1.46875246451596
379000	380000	-0.395695137511032	-1.25796398065645	1.6422885781675
380000	381000	0.166287835498197	-1.47364181239762	2.10755623003424
381000	382000	0.46434441180666	-1.46778437079762	1.77919031883316
382000	383000	0.727263617611603	-1.57864065851879	1.93163092506429
383000	384000	0.775452071092613	-1.75108771137174	2.23553516752852
384000	385000	0.799104577945152	-2.20489963610493	2.20040025590635
385000	386000	0.727593749722689	-2.11381582762196	1.76891447581427
386000	387000	0.716314368802549	-2.40462630939495	1.91740528067568
387000	388000	0.931426813762796	-2.63816829086613	2.06009661031164
388000	389000	0.704983374065871	-2.69692178981977	1.63338866613181
389000	390000	0.334226821687154	-2.51041306250117	1.76623629841654
390000	391000	0.314637628458599	-2.45758233546729	2.02148594206572
391000	392000	0.540067782302966	-2.39359481543563	2.43225191712098
392000	393000	0.260871864116456	-2.19502277102366	2.10706490788089
393000	394000	0.0109613353073489	-2.01465660407132	2.18355637898389
394000	395000	-0.082737435664326	-2.32809421431251	2.08949270069794
395000	396000	0.114071522123966	-2.34241465197508	2.34970770873132
396000	397000	-0.286266883849325	-2.60736260742537	2.27741094455846
397000	398000	-0.267036329492066	-3.78928209466909	3.25115868664567
398000	399000	0.20308819923569	-2.84342681253063	2.29901282097829
399000	4e+05	0.0703190087970865	-2.88184804152932	1.959980337273
4e+05	401000	0.0482188155687815	-2.58286569532299	1.76642414874683
401000	402000	0.287521599168034	-3.01013416386137	1.64171030803136
402000	403000	0.251460758330692	-2.62169938356077	1.53063294919361
403000	404000	0.199451155440833	-2.15493095656277	1.38911139555907
404000	405000	0.00318159181352234	-1.98363397829323	1.30187184203844
405000	406000	-0.0981859861372084	-2.19488872134134	1.66815462131023
406000	407000	-0.146578895680296	-2.55591527366902	1.58489683821727
407000	408000	-0.244699058398447	-2.98797470828743	1.4508133959336
408000	409000	0.0117701297091278	-2.55536018212758	1.11454559162374
409000	410000	0.407865622585536	-2.74550329673637	1.12408557423177
410000	411000	0.813489275621931	-2.60461250190169	1.29694985430649
411000	412000	1.13511995680746	-2.94558695498332	1.36154347093974
412000	413000	0.711478360231926	-3.0789564624399	1.27215160736168
413000	414000	0.511177877501561	-3.11260580144016	1.01878357022011
414000	415000	0.21783867674914	-3.06050367700198	0.759017942948893
415000	416000	0.252761873403836	-2.83272759340553	0.396364122439889
416000	417000	0.350026842137768	-2.89564291013519	0.0466790733832857
417000	418000	0.0520704379987933	-2.6532752052253	0.140546316789611
418000	419000	0.454264715827063	-2.41859075846176	0.183481488206823
419000	420000	0.374301940744151	-2.07822897616881	0.207122100389274
420000	421000	0.782214948747872	-1.82528561713114	0.28983189389876
421000	422000	0.940858348065932	-1.80013428683353	0.811610467347208
422000	423000	1.22215738861254	-2.12566114880422	0.583421819526584
423000	424000	1.1520782192838	-2.73738752718694	0.607080052993827
424000	425000	0.775716777759489	-2.55441689244598	0.727715085164416
425000	426000	0.588313533271136	-2.20799434665252	0.92000489490135
426000	427000	0.684037146625443	-2.07825571623141	1.25659555693097
427000	428000	0.985951308486045	-1.90901286670886	1.2861790986771
428000	429000	1.11127088786954	-2.2945721551426	1.54965165779833
429000	430000	1.28408150332689	-2.32943346273313	1.90226084365974
430000	431000	1.3069380785817	-2.66404352335766	1.73299766694648
431000	432000	1.467340263975	-2.19414693774875	1.59617244437414
432000	433000	1.60435041750847	-2.5200371647851	1.42654147477221
433000	434000	1.55870157023569	-2.29463215867563	1.08966601462133
434000	435000	1.77591938863127	-2.20459919740338	0.589821144111445
435000	436000	2.09989888082498	-2.15869027929091	0.544319509519072
436000	437000	2.04660602192156	-1.94167634499008	0.280087034262811
437000	438000	2.29401404581012	-1.91253617644644	0.000166913173866628
438000	439000	1.95017295109273	-1.8878794854347	-0.217843097017408
439000	440000	2.24263169359528	-1.71900730068982	-0.225302788799401
440000	441000	2.23995991856148	-1.52994849296768	-0.735831848474888
441000	442000	2.53730424300644	-1.60615796075921	-0.39101531449017
442000	443000	2.77579084887984	-1.9316670775719	-0.651611666445247
443000	444000	2.45632972492012	-1.43995072677198	-0.996752273539681
444000	445000	2.42380576029045	-1.89053016767283	-1.03504992547008
445000	446000	2.52373913723319	-2.33737278347057	-0.935730637594842
446000	447000	2.88728467656889	-3.47372828159659	-1.15027924273384
447000	448000	1.92142834594839	-2.66330292451399	-0.308606173602033
448000	449000	1.55115281475388	-2.68191430375229	-0.49871162455686
449000	450000	1.28477348273347	-2.34336553414339	0.0018605647978038
450000	451000	0.993402830903442	-2.40166830211808	-0.366970949918817
451000	452000	1.29319505175737	-1.83456495980404	-0.542041305871884
452000	453000	1.51189807221688	-1.9705547044155	-0.776759612019258
453000	454000	1.37434196449165	-1.70043571399506	-1.16384355868422
454000	455000	1.58123508859923	-2.02969192364213	-1.23794087178485
455000	456000	1.23806529751385	-1.80464998081495	-1.342990265249
456000	457000	1.03806065370479	-2.07919810836313	-1.74516970761833
457000	458000	0.897181939181036	-1.57102604828028	-1.90347967238871
458000	459000	1.19064570504144	-1.75929561841917	-2.23465998369037
459000	460000	1.21169339362491	-1.41076419398958	-2.14579801549743
460000	461000	1.49057761228301	-1.1528727989591	-2.08509126556431
461000	462000	1.2252998331303	-0.901634762575649	-1.9196481738148
462000	463000	0.611299795530673	-1.02308895514792	-1.93261292512276
463000	464000	0.645377269278635	-0.759066585357722	-1.48436983152876
464000	465000	0.717364564016482	-1.28261655316634	-1.25753684369159
465000	466000	0.667775475571406	-1.4460501825301	-1.0037413303967
466000	467000	-0.00394633629293343	-1.52488320119933	-1.04032447645597
467000	468000	-0.0138264080357349	-1.85447553803597	-1.11502562653538
468000	469000	-0.274675252237605	-2.16749035452515	-1.22982087135462
469000	470000	-0.269772379720962	-2.12869574327614	-0.683483807039199
470000	471000	-0.579987245977619	-2.30429662971469	-0.806031582849725
471000	472000	-0.279692783086764	-2.66040969416575	-0.437954890135289
472000	473000	0.243383966331586	-2.68189085177254	-0.480336211156138
473000	474000	0.370916625977835	-2.42909246753588	-0.620366765725359
474000	475000	0.681884233052371	-2.35477220206891	-0.941171042148099
475000	476000	0.40290026253083	-2.32269047022811	-1.17734615526689
476000	477000	0.382319840131164	-2.33960823133229	-1.82233322044965
477000	478000	0.215269365071386	-1.82967692357956	-1.83132355263922
478000	479000	0.138515243079821	-1.94833027657263	-2.3442299379524
479000	480000	-0.0654015014692356	-1.53001149256607	-2.310635033298
480000	481000	-0.00243913525898348	-1.24166657143293	-2.61096732549578
481000	482000	0.102915608154693	-0.886695506323807	-3.00800604711439
482000	483000	0.453366378839645	-1.19508772221827	-2.95922684858401
483000	484000	0.652196312615514	-0.968899055444092	-2.51874651871322
484000	485000	0.999432963269861	-1.13033067616105	-2.76963684118591
485000	486000	1.39900237178068	-0.415957978875799	-2.73613183768629
486000	487000	1.28158924750643	-0.388613352705448	-3.04481819062587
487000	488000	1.0330409424497	-0.106312108732429	-3.04260403276801
488000	489000	0.834361112287137	-0.0254611124898308	-2.63495859293027
489000	490000	1.14634199488913	-0.116281235337764	-2.53031276386517
490000	491000	1.6987541561928	-0.275327116705144	-2.34351045258284
491000	492000	1.47116178785114	-0.547431827622614	-2.25901056936546
492000	493000	1.01871565088292	-0.664879754466036	-2.37935250501883
493000	494000	0.749223540639745	-0.532563278124682	-2.918027152188
494000	495000	0.652646745730201	-0.872026213460267	-3.24968486295282
495000	496000	0.941515655486673	-0.950585666724921	-4.25170352569547
496000	497000	0.551815319377599	-0.379774397936272	-3.49052302126145
497000	498000	0.319020024458112	-0.331183781286886	-2.98100235048726
498000	499000	0.218920800216296	-0.0680528150144544	-2.85882424638421
499000	5e+05	0.265697658965726	0.0659296683020561	-2.63756857836915
5e+05	501000	0.234857898311695	0.207181536406276	-3.0919365938132
501000	502000	0.707538919972774	0.338432731803367	-2.9206828432818
502000	503000	0.345328206397043	0.639673608270806	-2.78978738284838
503000	504000	0.284522740809025	0.960687058505842	-2.57201661271487
504000	505000	0.513347831562961	0.92257871741145	-2.30383183579411
505000	506000	0.848288480220945	1.44927342056007	-2.23482885251243
506000	507000	1.01492628619709	1.14049121862145	-1.93068435381845
507000	508000	1.36289151099073	1.05517814113936	-1.87793457109974
508000	509000	1.47016468811921	0.729318956638006	-1.90226588577604
509000	510000	1.28267602827783	0.581730717347545	-2.48050625636559
510000	511000	1.15386688314381	0.674092899505773	-2.16899588883395
511000	512000	0.562517476336872	0.348221782526198	-2.17931652326156
512000	513000	0.558366238908425	-0.199222223214855	-2.04523157515957
513000	514000	0.976462036044661	-0.0621097565199925	-2.00093597101403
514000	515000	0.824973384367173	0.140861916351264	-1.51634439345365
515000	516000	1.0501272741071	0.204907479080191	-1.02264777266501
516000	517000	1.32194633473915	0.19999437617247	-1.38215799545328
517000	518000	1.59874675103038	0.166661363342248	-2.00193989654887
518000	519000	2.08660321312802	0.043325265020179	-1.98532719183747
519000	520000	2.09347287388859	-0.284768295725309	-1.82437504656028
520000	521000	2.08114852003391	-0.726014944692691	-1.86527156406875
521000	522000	2.05072232179617	-1.03424918926514	-1.87203434833241
522000	523000	1.81698814771317	-1.59131192214133	-2.12526443803621
523000	524000	2.69436523141382	-2.5006752605941	-2.52962680588016
524000	525000	2.03255422065218	-1.99378400006183	-1.45748563783034
525000	526000	2.14368692361066	-1.65899847333114	-1.33211765524528
526000	527000	2.29172001383483	-1.37476532113973	-1.33578268153728
527000	528000	2.60520617845388	-1.36834576345196	-1.62323442880453
528000	529000	3.65103904098258	-2.04878551988011	-2.06636907416394
529000	530000	2.99858780802333	-1.38750793241577	-1.28637676290176
530000	531000	2.55918072312006	-1.25455231474016	-1.14696866570982
531000	532000	2.53920062511911	-1.32147596804252	-0.676721844586944
532000	533000	3.12156163809099	-1.28152528922436	-0.760996833003181
533000	534000	4.14157237437877	-1.38879555080943	-1.21986493506914
534000	535000	2.89493860999345	-0.986458464938898	-0.824107488337673
535000	536000	2.92462688799738	-0.779429577763747	-0.457258641283247
536000	537000	3.36039723902766	-0.592316654697197	-0.0954297006884707
537000	538000	4.46557746095447	-0.80923947976711	0.296358497131725
538000	539000	3.22837936391659	-0.617117247606143	0.356973542935664
539000	540000	2.96293423615186	-0.883747721254962	0.302792014186549
540000	541000	2.73260843157131	-1.01467852812505	0.012068050436502
541000	542000	2.5816842867594	-1.62086771248036	0.00693993745562365
542000	543000	2.3736465758238	-1.45062924859682	0.461635185653587
543000	544000	2.04248824450023	-1.36215156283959	0.14117659730909
544000	545000	1.9255265624747	-0.953393968366449	0.114759899506585
545000	546000	1.75394718947442	-1.14870421180599	-0.241698391616454
546000	547000	1.3905518763095	-0.757038743501441	-0.570139441137907
547000	548000	1.27373145417327	-0.989566987734266	0.0175521959754033
548000	549000	1.70149213049369	-1.47889751639376	0.229086390179745
549000	550000	2.50220244150354	-1.819694036115	0.950313938913795
550000	551000	3.62484061025562	-2.19703612464315	1.49687143730894
551000	552000	2.59239123507821	-1.56647091541391	1.40239528294805
552000	553000	2.18193409784394	-1.31529046212607	1.24681051144065
553000	554000	1.92066155170316	-1.06426265387626	1.16365105428429
554000	555000	1.764583553319	-0.715481829906703	1.04114764560363
555000	556000	1.42873473173463	-0.607148814759239	1.23360142558857
556000	557000	1.10701289568041	-0.0293179646892776	1.0474104089425
557000	558000	0.823020114840423	0.407366482095806	0.976276032517495
558000	559000	1.08949422609922	0.823081903824866	1.51662692282732
559000	560000	1.80997700089986	0.893961016004649	2.32952955416725
560000	561000	2.18811228308566	0.851555752478094	3.49061661355866
561000	562000	1.29667224190584	0.48232076201973	2.49894253872316
562000	563000	0.425314833432987	0.48505709880466	1.64216481982094
563000	564000	-0.00680895528387953	0.579755345212364	1.41205756939602
564000	565000	-0.578514521143612	0.666222746693042	1.05268871183919
565000	566000	-0.633272740618394	0.44186874793328	0.765296801030862
566000	567000	-0.186044432300893	0.281778128105315	0.773817222058062
567000	568000	-0.0947041316769661	-0.179837139958935	0.973205825287001
568000	569000	-0.327819513510872	-0.562982188738089	0.793746483730655
569000	570000	-0.728136267134379	-0.542942448601174	0.662680761853041
570000	571000	-0.772404569568205	-0.5414406212233	-0.19177359045346
571000	572000	-0.270269090981647	-0.11536894053832	-0.33266426795282
572000	573000	0.0913386814142708	0.193842043890328	-0.169508756815338
573000	574000	1.23879553223988	0.769507839418637	-0.0473258850014526
574000	575000	2.70156601495941	0.77762080722052	0.067679952076147
575000	576000	4.10645450192805	1.22330935529923	0.216364489606486
576000	577000	2.98823492819991	1.25661913814997	0.581621247299393
577000	578000	2.39771991965395	1.17046011999078	0.908581910272815
578000	579000	1.68951585984705	1.3032948679311	0.59597928062856
579000	580000	1.66408444082687	1.14365672585882	1.06902490394154
580000	581000	2.01858983677906	0.815857902255651	1.29271631376319
581000	582000	1.94389181846736	0.604958679542004	1.06670977409262
582000	583000	1.43391582650286	0.324503787671654	0.506050165092022
583000	584000	1.34761952097838	-0.177128262725848	0.323767828849011
584000	585000	1.32404901124695	0.131164390689873	0.00173223352299351
585000	586000	1.40575603233375	-0.0275933974446774	-0.331001205615886
586000	587000	1.69569611631159	0.452139636057827	-0.530793737844318
587000	588000	2.04069406684952	0.179481538306527	-0.333469260058952
588000	589000	2.23207297339423	-0.108230655847941	0.114043412345325
589000	590000	2.55610330983528	-0.218208801997026	0.343499501810272
590000	591000	2.58402856370442	0.140613329602456	0.805394174080574
591000	592000	2.28045878372788	0.692860359918447	0.603152587109287
592000	593000	2.21826375775601	0.913813880602876	0.24691686559858
593000	594000	2.05945743546753	1.06472015599349	0.0113478048353965
594000	595000	2.33927283955972	1.34424036926117	0.0517645791367347
595000	596000	2.19345773261564	1.22187051034267	-0.220492075110968
596000	597000	2.32909631252084	1.14146841190542	-0.574219820844504
597000	598000	2.59667430593415	0.754434291806126	-0.65354388296991
598000	599000	2.80216779666158	0.484365244324426	-0.721221863035817
599000	6e+05	4.24595971922064	0.321805352430726	-1.16934154015841
6e+05	601000	3.11708678028882	-0.201892984474038	-0.751355187627341
601000	602000	2.77786935054676	-0.419793254349204	-0.92047993736868
602000	603000	2.52827954345577	-0.466125722524821	-0.543884171436418
603000	604000	2.0823036119246	-0.545218288460573	-0.906754650331686
604000	605000	1.88271030659871	-0.066320340451592	-1.22186630342285
605000	606000	2.30626667668536	0.167469879442835	-1.23462440057374
606000	607000	2.14884776690599	0.456631895032955	-1.64075008904682
607000	608000	1.84558222273137	0.9030709146251	-1.44246541528161
608000	609000	1.80023495448185	1.55349678487512	-1.43335382075951
609000	610000	1.60884703155234	1.11960552199307	-1.05892769438935
610000	611000	1.98476802179894	1.66224277220201	-0.926376916111973
611000	612000	1.46880390547529	1.87366213690888	-0.794620982974146
612000	613000	1.6806392073244	2.34111215786898	-0.813248157658995
613000	614000	1.45223856000321	2.14726860059024	-0.504309875552699
614000	615000	1.8666158264099	2.75269149275298	-0.513906633278235
615000	616000	2.18727695301475	2.53597943806556	-0.354224803565939
616000	617000	1.99389645431796	2.09056264088366	-0.308809043704377
617000	618000	1.87664161177454	1.73855418339664	-0.10284012241849
618000	619000	1.66313153426584	2.02028788980056	0.178420790674553
619000	620000	1.85004117225293	2.21194925929347	0.250320935431376
620000	621000	1.8822225634031	1.86230389524022	0.352935461994245
621000	622000	1.87818451939261	1.66915673219557	0.714539758528913
622000	623000	2.22380122830121	1.45328698671859	1.01471208179963
623000	624000	2.01991364180397	1.54678917235546	1.30904213172578
624000	625000	1.5070554468866	1.54078692766966	1.70538142350532
625000	626000	1.13568736972783	1.77987227318452	1.87886639204084
