0	1000	-0.99232760734669	-2.02841722770257	-0.771372075343349
1000	2000	-0.706605502783861	-2.23022183279034	-1.18505989999163
2000	3000	-0.785561462802348	-2.64446428849035	-1.20701848702057
3000	4000	-0.625123623888656	-2.49296495664008	-0.930765980536851
4000	5000	-0.651686642991339	-2.53932451756097	-0.483658759292136
5000	6000	-0.966731293383114	-2.67374869326655	-0.303383166335897
6000	7000	-1.16349343260403	-2.77650404254051	-0.725371668753232
7000	8000	-0.919064701374097	-2.42557220346584	-0.581192882681983
8000	9000	-1.11573873279829	-2.41735883463007	-0.815541344345657
9000	10000	-1.22130222102594	-2.03712032486998	-0.853143701305793
10000	11000	-1.48270831495519	-2.27719651063602	-0.860444705501795
11000	12000	-1.8816352599341	-2.00257206450265	-0.952249536298434
12000	13000	-1.60022631750976	-1.73393599911277	-0.813911130779748
13000	14000	-1.5585092715569	-1.43584011984055	-0.508786205345349
14000	15000	-1.39789493389898	-1.51251184791355	-0.0824189281483649
15000	16000	-1.37576641259888	-1.6500013476291	0.0960957413639118
16000	17000	-1.85724789164711	-1.43105447048001	0.235429055285403
17000	18000	-2.06972604533659	-1.74831568155413	0.107364116301019
18000	19000	-2.23593399508174	-1.75951839187012	-0.238146494056878
19000	20000	-1.90621544394657	-1.4685724058951	-0.407259305609809
20000	21000	-2.15695859361495	-1.28030645869999	-0.121640749628563
21000	22000	-1.77893546151067	-0.7877148221406	-0.309702083923392
22000	23000	-2.30646481362508	-1.12225168205935	-0.717165929766869
23000	24000	-1.94697628691612	-1.14162930001003	-1.13227073184084
24000	25000	-2.20656180190306	-0.676759844588474	-1.03779875207486
25000	26000	-2.05616659806056	-0.333608403274941	-0.799819994884438
26000	27000	-2.45617167742587	0.151476498601084	-0.683442425539543
27000	28000	-3.07719257126075	0.408604233005379	-0.792484631701268
28000	29000	-4.38079516654946	0.528721085912818	-0.634136177854716
29000	30000	-3.23953679520846	0.362505758014928	0.0151001831983988
30000	31000	-2.25843172135929	0.048460702236705	0.184360686506284
31000	32000	-1.43976005230746	-0.0984239407973268	0.189400437001971
32000	33000	-1.42884529855703	-0.271358637456441	0.692253145415983
33000	34000	-1.13753095419097	-0.652325767416635	0.71856059808215
34000	35000	-1.36873969636217	-1.05738795755842	1.03414788140724
35000	36000	-1.82070963539598	-1.17163311371637	0.870523580383142
36000	37000	-1.99488838245389	-1.55594647954945	1.1874864331655
37000	38000	-2.18222262131088	-1.75025071949088	0.886762618415005
38000	39000	-1.77003253284571	-1.92971421091871	0.697025805343788
39000	40000	-1.80023836166813	-2.00647114183921	0.413993739638112
40000	41000	-1.92013591376852	-2.40762780171788	0.145118588015159
41000	42000	-2.72701647934266	-3.51431764952189	0.295482810022819
42000	43000	-1.72988258105625	-2.77778464924562	-0.109879419149001
43000	44000	-1.54823767282994	-2.45960546549763	-0.019554575951338
44000	45000	-1.27426706654587	-2.58951396768933	-0.299501937612717
45000	46000	-1.1995113725544	-2.94070036947179	-0.4680420408167
46000	47000	-1.64395122768756	-4.30041111212862	-0.306627800610484
47000	48000	-1.19447175255868	-2.95524139436156	-0.00310219908285641
48000	49000	-1.20984324398219	-2.64060819295446	0.374193485362127
49000	50000	-1.16381298017349	-2.37069024074719	0.434058176475594
50000	51000	-1.03306970612996	-2.08226398771314	0.82648500918249
51000	52000	-0.998713183489339	-1.86653099353798	1.15437920307169
52000	53000	-1.23579068304721	-1.873466572535	1.60088409628537
53000	54000	-1.13559505771006	-1.53051268974333	1.14918527847195
54000	55000	-1.5296252488505	-1.58292336593384	1.481307640048
55000	56000	-1.34601351401588	-1.11767506598264	1.42558875854356
56000	57000	-1.66344563030982	-0.740502806702225	1.66714848649571
57000	58000	-1.48703688885383	-0.579974338131491	1.6720761108597
58000	59000	-1.68777841614027	-0.2303043757481	1.6567614607727
59000	60000	-1.83494894776078	-0.428027590377541	1.16904336549418
60000	61000	-2.07177154976511	-0.308741385399919	1.26457317801305
61000	62000	-2.10108908641576	-0.190208951665259	1.76538106051423
62000	63000	-2.26236442025451	-0.218577652283157	1.56699339346954
63000	64000	-1.82816057413674	0.131042854770389	1.73026156686753
64000	65000	-2.11724696445852	0.248321679111082	1.49332122764444
65000	66000	-1.69455144597239	0.328756377353591	1.49992848575894
66000	67000	-1.8482919207041	0.750988446772853	1.32515453189578
67000	68000	-2.0942506730499	0.555249870120106	1.71545479006142
68000	69000	-2.44678051593627	0.507810236240402	2.04418431616983
69000	70000	-2.34691159896829	0.584559269805284	1.65180544166626
70000	71000	-2.53052541333678	0.305587576437964	1.40993133720598
71000	72000	-2.18739287803427	0.761568171342102	1.26167158293792
72000	73000	-2.21105020276604	0.682856218896817	0.84894063212324
73000	74000	-1.8871681058096	0.468595859707774	0.805137746943956
74000	75000	-2.06005552527145	0.331362720699828	0.721417822830165
75000	76000	-2.22779628992198	0.310741766722762	1.05540216832312
76000	77000	-2.48534049054219	0.263769222637209	0.742665723448021
77000	78000	-2.5347307232825	0.634733406033048	0.84964101290158
78000	79000	-2.29068005376982	0.517811257084956	0.356099122057431
79000	80000	-2.74236228353744	0.956226155473932	0.523751482999357
80000	81000	-2.39327554182872	1.00888071685436	0.18685015265234
81000	82000	-2.33561175984139	1.3814765258888	0.383899407428277
82000	83000	-1.93753260964823	1.04816815654616	0.236463641770598
83000	84000	-1.93136025677718	1.62995780602039	0.171200290414542
84000	85000	-2.03274065033129	1.44669174840154	0.594128163776792
85000	86000	-2.44510304917812	1.45256243086855	0.919930803692283
86000	87000	-2.39614405750578	1.44401483289777	1.35716178926758
87000	88000	-1.74481305682112	1.29198837624936	1.57038030628425
88000	89000	-1.30340578403581	1.03666167730384	1.23369400403596
89000	90000	-1.57139091900691	1.46267511075849	1.16959878728298
90000	91000	-2.08815634030596	2.16100982573511	1.59205659595937
91000	92000	-2.72301736359333	2.67805373797294	2.12154996593617
92000	93000	-1.83943184417887	2.56703806658857	1.9878278794994
93000	94000	-1.2140707609	2.01149345536084	1.4881304181444
94000	95000	-0.744876624683021	1.89162085066732	1.64691548777406
95000	96000	-0.437313091966015	1.75102031602636	2.02048639835129
96000	97000	-0.0170388425901604	1.45295320066275	1.82940040948717
97000	98000	-0.303016084148411	1.40708084314373	1.4899825688247
98000	99000	-0.213344009249491	1.35003489622572	0.864469712574602
99000	1e+05	-0.866502099796299	1.12782673145242	1.00643167423208
1e+05	101000	-0.618731718564509	0.634046764876607	0.975619460217927
101000	102000	-0.368499412600764	0.924082663956134	1.58247880866725
102000	103000	-0.037352422107473	0.95721500780923	1.87627750554456
103000	104000	-0.0206420489333737	1.01768655483616	2.26432484277782
104000	105000	-0.0747173122562198	1.5189957046182	2.38772658952251
105000	106000	-0.591948016935273	1.17535594166428	2.48871044640545
106000	107000	-0.826183846021329	0.974995663248101	2.5680807184405
107000	108000	-1.17884291680834	0.882098757557125	2.18872710861999
108000	109000	-1.37398073210377	1.02214634410746	2.4504044993322
109000	110000	-1.04417310259451	1.30449776004248	1.87311375705408
110000	111000	-0.834071135398531	1.13723124531873	2.22245538101904
111000	112000	-0.788355849320869	0.76033678777112	1.88511807190904
112000	113000	-0.817777214770528	0.431122150352272	1.74965451628315
113000	114000	-1.25672195427098	0.423225389257977	1.94344631308893
114000	115000	-1.61727340526339	0.779054208825725	2.40412812154442
115000	116000	-2.10397456150684	0.237686759475413	2.49155574085894
116000	117000	-1.92734070842959	-0.297759850060748	2.45978827360752
117000	118000	-1.97777629073178	-0.649873059583767	2.10829143463003
118000	119000	-2.45894870007082	-1.122008588285	2.68816725710271
119000	120000	-3.27280357725043	-1.64835332483724	3.07172210191187
120000	121000	-2.67479874957073	-1.05722938558879	2.10063308799575
121000	122000	-2.47945082788535	-0.992740918121388	1.23294889914903
122000	123000	-2.23425949246962	-0.740617109965818	0.966710363514108
123000	124000	-3.09022187143252	-0.520576447983951	1.33741639748888
124000	125000	-4.2717336453732	-0.419545903169855	1.87037655349766
125000	126000	-3.37653670115505	-0.154636918348097	1.10540248996639
126000	127000	-2.51418840104403	-0.260367138604919	0.482461006228658
127000	128000	-3.2556320518832	-0.596294089048043	0.201430508826366
128000	129000	-4.19747551939556	-1.32143289032777	0.468245040190459
129000	130000	-2.97169646077378	-1.0844175929052	0.522309669261626
130000	131000	-2.13030709712006	-0.57991782479139	0.380044940062612
131000	132000	-1.46353749496669	-0.614717652382533	0.0675347050893847
132000	133000	-1.1278377521711	-0.2540811460978	0.0411463947924228
133000	134000	-1.33306100359009	0.0170317569241162	-0.506125810131451
134000	135000	-1.77669718761557	0.197339860005499	-0.663035888226715
135000	136000	-2.97273764573911	-0.183172765200634	-1.17910319567446
136000	137000	-3.8062540937661	-0.458007643654254	-2.01870844608677
137000	138000	-3.65530414118717	-0.33646440738995	-2.53192979374485
138000	139000	-3.38314645996126	-0.191120683834836	-3.13132326807983
139000	140000	-2.42298230329952	0.189130877548508	-2.52861088009898
140000	141000	-1.95570299321311	0.302282082790411	-2.12101434620098
141000	142000	-1.74661770882778	0.13705473335097	-1.73876300980847
142000	143000	-2.1633200019047	-0.0675230237690744	-1.84132280142398
143000	144000	-1.9556118443145	-0.645669927705717	-1.77873636462221
144000	145000	-1.67633341997094	-0.222506662943019	-1.51222585659844
145000	146000	-0.99436974347293	-0.280573710847004	-1.16257700164102
146000	147000	-1.14658775024238	-0.718400352434343	-1.24201926360643
147000	148000	-1.35862441812051	-1.03065249581851	-1.29146689369472
148000	149000	-1.49033701716915	-1.22956625775076	-1.61716987989057
149000	150000	-1.64375509732399	-0.952425754237198	-2.08918296632063
150000	151000	-1.35983677506503	-0.509426878906073	-1.87318977689002
151000	152000	-1.49775397821218	-0.538385461976435	-2.24664133765637
152000	153000	-1.23850235331086	-0.270345003422085	-2.11991500460982
153000	154000	-1.68327278899814	0.0914899032171859	-2.37902794285323
154000	155000	-1.14806023657784	0.16607017426367	-2.21966534832906
155000	156000	-1.356317805107	-0.0614258752341662	-2.45429955140538
156000	157000	-1.0417557822991	-0.446698073688258	-2.47277701962469
157000	158000	-1.0913429220815	-0.718415976094414	-2.86739963551473
158000	159000	-1.00337436280693	-0.70028976190728	-2.23006743978068
159000	160000	-0.973164698029144	-1.0517667448138	-2.48947430467802
160000	161000	-0.667536110784746	-1.26200802450799	-2.42048342440685
161000	162000	-1.02220214723824	-1.31042724478355	-2.60568754383984
162000	163000	-0.604491287346246	-1.42070293844299	-2.85639008136641
163000	164000	-0.442456870821087	-1.09145275636458	-2.8713114125131
164000	165000	-0.135940996580341	-0.926646489389695	-2.3501716057646
165000	166000	-0.119532554550313	-1.1443707999867	-2.12927445830013
166000	167000	0.481714205014402	-1.15205313384131	-2.40616941416499
167000	168000	0.669950844058633	-1.24840099881854	-2.42006649712386
168000	169000	1.06092073843633	-1.16846740341804	-1.91436628799726
169000	170000	1.30335597493594	-0.733903622818645	-1.81768907178553
170000	171000	1.72197034664857	-0.968996731401773	-1.9572951683375
171000	172000	1.83119625611802	-1.38958351431462	-1.60397216323682
172000	173000	1.38431503619717	-1.64579385259744	-1.9508960220487
173000	174000	0.982138123562228	-1.68843087622501	-1.74249424453132
174000	175000	0.975489208086147	-2.04732356086709	-1.34574069911404
175000	176000	0.710413492559492	-1.9648829549285	-0.985466789311222
176000	177000	0.303449599392262	-2.2675184022178	-0.943766058864614
177000	178000	0.212424260258835	-2.31991804613163	-1.37770786322365
178000	179000	0.327246925074288	-2.55854176211912	-1.78090028486438
179000	180000	0.461946544341576	-1.88217528293874	-1.91295302172734
180000	181000	0.216523112181881	-1.64727913644193	-1.51079506202337
181000	182000	-0.305766657390007	-1.28080790354268	-1.45548646099932
182000	183000	-0.268052218988544	-1.61825498069856	-1.89293002426025
183000	184000	-0.477885524865127	-1.91465102966542	-2.05121903645386
184000	185000	-0.0987108674305584	-1.68666956732108	-2.17406445461369
185000	186000	-0.0971556115482296	-1.58819520717404	-2.66662053695481
186000	187000	0.267656963978658	-1.24195258385048	-2.79619987002861
187000	188000	0.327902891396667	-0.751642580324008	-2.56761613077477
188000	189000	0.379632236803277	-0.501398689174016	-2.01384027731561
189000	190000	0.1400068008379	-0.133136891478829	-2.10314306088802
190000	191000	-0.0412093847661503	0.219578059091452	-2.23871626768494
191000	192000	0.131296137874185	0.691632866556838	-2.41839283945783
192000	193000	0.286507219687546	0.755864921699017	-2.81232911362231
193000	194000	0.171886917865939	1.17600555204233	-2.51823703843436
194000	195000	-0.00156254012371758	0.925657340888012	-2.006631628051
195000	196000	-0.261155885568222	0.771404509758721	-2.1173646801602
196000	197000	-0.327872667253969	0.889452080069148	-2.49205996542585
197000	198000	-0.788575598949108	1.03878992246477	-2.59831228150687
198000	199000	-0.823922568301168	1.3666322318309	-2.33003702337827
199000	2e+05	-0.882253774842006	0.996480098272988	-2.05021203432469
2e+05	201000	-0.608147721375496	1.57231654858762	-1.69390952317095
201000	202000	-0.53735163996179	1.35270535367746	-1.48061669338101
202000	203000	-0.312477292633217	1.5943508635281	-1.26852975590614
203000	204000	-0.351418908428576	1.47040925884725	-0.668342131753702
204000	205000	-0.558212660773693	1.55172903188907	-0.273760785971283
205000	206000	-0.962033288732223	1.70746806210709	0.344172458584774
206000	207000	-1.27368092269984	2.93016586251062	0.874912201832771
207000	208000	-1.80759607995664	4.10284281806922	1.18870860503469
208000	209000	-1.17389471834635	3.19993255002385	1.22563712588342
209000	210000	-0.656241372151886	2.6804720196175	1.18713689137397
210000	211000	-0.555043615999168	2.35025586332212	1.3461760035381
211000	212000	-0.0822013174736759	2.37220008240566	1.16541915882137
212000	213000	-0.000518475176164932	1.99730058705942	0.97631138675331
213000	214000	-0.0584112716697596	1.97964273084255	0.471426531163133
214000	215000	-0.224864790415992	2.67506747993577	0.513715584568617
215000	216000	-0.325457715233112	2.90565780793455	0.655842094774807
216000	217000	-0.207594887304912	2.49180318780408	0.756769404443522
217000	218000	-0.633318806063176	2.26037149990079	0.856246066659367
218000	219000	-0.692004104187942	2.4796940796641	0.456504244453233
219000	220000	-1.10775524601364	2.58401420987959	0.287540615534292
220000	221000	-0.596624907549605	2.9012005966164	0.282774568815548
221000	222000	-0.853168584827746	2.9465498144412	-0.200811479778742
222000	223000	-0.369775016765619	2.34850162678975	-0.0532146920819948
223000	224000	-0.396971521950045	1.94377467281387	-0.108782368556293
224000	225000	-0.393442340576181	2.11122102494898	-0.466890603349258
225000	226000	-0.741174273484916	1.97788260275102	-0.543074838328565
226000	227000	-0.914025006692203	2.16084906684056	-0.339772774668719
227000	228000	-1.27753165760973	2.34550824469241	-0.113522666322169
228000	229000	-1.73059194815389	2.43638684405992	0.0737216943669128
229000	230000	-1.53137727574308	1.9439559844571	-0.331640531373452
230000	231000	-1.27248769674492	1.54702715224733	-0.357529962592795
231000	232000	-1.24607177719313	1.51947758121191	-0.595317410313986
232000	233000	-1.11863857620994	1.62835465455175	-1.06562424846089
233000	234000	-1.55833470888577	1.92898370047502	-1.25969998376909
234000	235000	-1.38054947230241	2.38373384202479	-1.34221601899429
235000	236000	-0.89903890464783	2.3877744252453	-1.08817223778374
236000	237000	-0.574139950187633	2.17224636277664	-0.987610242077886
237000	238000	-0.444476615749155	2.21927550304636	-1.33111403484429
238000	239000	0.025681723395295	2.14038406406031	-1.53761484359076
239000	240000	0.355102691986911	2.11550842219716	-1.77052712207905
240000	241000	0.575683330891522	2.38007086929038	-1.54970351056332
241000	242000	0.542711486382813	2.04333315031543	-1.20860188333858
242000	243000	0.835868915199955	1.68664292030855	-1.05513005629412
243000	244000	0.967447792624271	1.55666468198994	-1.42836154268209
244000	245000	1.45848176724148	1.96588678637527	-1.51390771883673
245000	246000	1.80490048490647	1.97443469709522	-1.39864728296109
246000	247000	1.89245175852929	1.63439639581425	-1.31882592243897
247000	248000	1.95145725109152	1.29437650728585	-1.43581849230241
248000	249000	1.79334308529406	0.869748297837718	-1.51505944712448
249000	250000	2.17532338083502	0.98013879544489	-1.77329328382988
250000	251000	1.83673381518097	0.526609396289131	-1.44115017888865
251000	252000	1.86581351335188	0.485605683261192	-2.16742684461286
252000	253000	1.52875293267244	0.703043707945083	-2.08472222423922
253000	254000	1.31674096993714	0.951905996537402	-2.48098871036677
254000	255000	0.876097963711878	0.779559612465795	-2.23177777043694
255000	256000	0.862645428456454	0.484805359687049	-2.56108216340655
256000	257000	0.838439396359509	0.108735914590575	-2.33279639291579
257000	258000	1.28216404855884	0.050627944253395	-2.65524003544738
258000	259000	1.03106232696187	-0.138996020438671	-2.09424362202128
259000	260000	1.28840229785085	-0.403384563255619	-2.16156471260138
260000	261000	0.712014705971953	-0.65500871209657	-2.69396245045227
261000	262000	0.842901534970142	-0.317180322936939	-3.0129332460968
262000	263000	0.562806406158937	-0.469575489076354	-2.87014792587058
263000	264000	0.515887536391725	-0.0474027086122207	-3.03060006720792
264000	265000	0.255683226238181	-0.537219677910478	-3.00530210161556
265000	266000	0.0584743535124279	-0.0274261870103334	-2.72656735260518
266000	267000	0.120620503914581	-0.236690666479657	-3.35578583756948
267000	268000	-0.173186154028398	-0.0574381240917998	-3.03885732779889
268000	269000	-0.392146451198511	-0.159540266905022	-3.13409175046535
269000	270000	-0.420648619340529	-0.450982116288467	-2.89264089045597
270000	271000	-0.476650416382175	-0.0602492975309167	-2.88780640429166
271000	272000	-0.252536795527338	-0.217627968234611	-2.52189951266752
272000	273000	-0.185535756992269	-0.489166896985744	-2.69044775236034
273000	274000	-0.0285597381987464	-0.637189952423801	-3.08297559313081
274000	275000	-0.528879924520502	-0.447073301988257	-3.19599578275839
275000	276000	-0.250342147115925	-0.70427510025105	-2.74422363166294
276000	277000	-0.552238701604222	-0.455942612135993	-2.42598407736383
277000	278000	-0.422868634826672	-0.248784699744234	-2.1420012231552
278000	279000	-0.259265263983513	0.252135905360246	-2.44747457426029
279000	280000	-0.249012036682688	0.304380131058173	-2.82472179462153
280000	281000	-0.612912242124672	0.242844448432035	-3.47352786257862
281000	282000	-0.617148526981036	0.281636719231284	-2.87236998491202
282000	283000	-0.832969750414119	0.311276871010301	-2.62141799314336
283000	284000	-0.692015768025987	-0.0644606927039316	-2.69930876129309
284000	285000	-0.951052294945831	-0.346544603056106	-2.87383705551655
285000	286000	-1.10944162614663	0.151923444648695	-2.87244724105424
286000	287000	-1.06828708098899	0.360019201592894	-3.02045998076285
287000	288000	-1.09387963754155	0.594662806391765	-2.74048637924463
288000	289000	-1.01817472313543	0.716252912307265	-2.24647400826523
289000	290000	-1.29425828814942	0.579323323025668	-2.21031569250173
290000	291000	-1.46667114582588	0.972956028025255	-2.41390913867506
291000	292000	-1.39119444455456	1.23662441658372	-2.63065083680509
292000	293000	-1.90562387994392	2.2572902534817	-3.4308319706436
293000	294000	-1.72654875541246	1.89315447350747	-2.4718026584277
294000	295000	-1.45602489246759	1.72868112657916	-1.89396689336874
295000	296000	-1.1633346612171	1.45028290517344	-1.59192831292962
296000	297000	-1.6945567234074	1.44854341293091	-1.2167779780035
297000	298000	-2.09242660168044	1.70493468233102	-1.39433461872099
298000	299000	-1.90644844841283	1.33488947866593	-1.40422936568112
299000	3e+05	-2.09061392601599	1.24064642566727	-1.77314855000046
3e+05	301000	-1.4909446373509	1.0651009747257	-1.72200827066013
301000	302000	-1.61401836258716	0.840766960959823	-1.30302211457582
302000	303000	-1.45471435595383	1.0575562971001	-1.18274614032942
303000	304000	-1.8755463382369	0.816021151833061	-0.80927085910623
304000	305000	-1.84245105744404	1.04090163516596	-0.413290407503864
305000	306000	-2.22628829856617	0.912285677643984	-0.572391108913376
306000	307000	-2.2885107984665	1.08981497591848	-0.927504513300348
307000	308000	-2.35811594807178	1.1854194120891	-1.36432759518849
308000	309000	-2.05013405221392	1.67622333384973	-0.90396499984271
309000	310000	-2.32209877369787	1.83901670571481	-0.699403030313788
310000	311000	-1.71368420923303	1.73416572979027	-0.513808379319729
311000	312000	-1.86398799344631	2.07015285003345	-0.490132320448792
312000	313000	-1.83462026146749	1.87607092929011	-0.87470444147482
313000	314000	-1.73350841407494	2.19324021578717	-0.833336441868266
314000	315000	-1.66196443544021	2.03072192044382	-0.853638665515456
315000	316000	-1.57713419513053	2.34385570128353	-0.876441217198665
316000	317000	-1.61713592988254	2.39239141079179	-0.60508556461775
317000	318000	-1.18817624768729	2.24150050898973	-0.570628037229456
318000	319000	-1.34063034289958	2.60334531411754	-0.463913549024158
319000	320000	-1.16919749424446	2.73025084249852	-0.73978514935724
320000	321000	-0.892787738884641	2.73612925848425	-0.364626118609849
321000	322000	-0.663998507769369	2.69589974314905	-0.641859839353663
322000	323000	-0.556386555345639	2.87503763727292	-0.532116839801303
323000	324000	-0.182587182744736	2.96948905031604	-0.456527169231516
324000	325000	-0.173406366978339	3.4918486818968	-0.280184230169982
325000	326000	0.239808131367956	4.53100413731279	-0.612508622382884
326000	327000	0.403962575020206	3.22532032144222	-0.705454353510331
327000	328000	0.649199431535788	2.63751629662066	-0.553297560130743
328000	329000	0.811362215741491	2.19303475922735	-0.526073505474573
329000	330000	1.1833017827048	2.23918881694562	-1.01881542850996
330000	331000	1.45619715311978	2.1341797608641	-0.345575141908228
331000	332000	1.73670002647141	2.19390846048649	-0.648112889867468
332000	333000	1.38537453045906	1.73521958094354	-0.781946925488107
333000	334000	1.29584675354552	1.49256443804457	-1.03237932503724
334000	335000	1.2730357601872	1.47402054500554	-0.353978314494998
335000	336000	1.65130731868487	1.31034903477228	-0.456108106149234
336000	337000	1.84701587828095	1.62573071251173	-0.338806267285578
337000	338000	2.36712824928268	1.69148496202663	-0.540572727441618
338000	339000	1.98817053332846	2.01437583265076	-0.278864856131371
339000	340000	2.28031536030983	1.93256314438458	-0.0146999129907941
340000	341000	1.91018025952407	2.10707571122724	0.231950794155561
341000	342000	2.0748700206788	1.60764788285574	0.469436683919487
342000	343000	1.72598351648685	1.67810998926976	0.774807009634455
343000	344000	2.03139942634737	1.70755790781116	1.04003723784288
344000	345000	1.69264908997167	2.11277980158251	0.987625256494746
345000	346000	1.62320231821082	1.94446477290098	1.48314604120918
346000	347000	1.27469937699153	2.0821650353489	1.48848981114939
347000	348000	1.00321143923576	1.88261782879494	1.74300264547488
348000	349000	1.00873274750593	2.05333851718117	2.07026859648173
349000	350000	0.81030942017535	1.65706691344187	1.58450753276224
350000	351000	0.54270511973143	2.0702136796779	1.85620410114157
351000	352000	0.714867716879566	2.16918365072247	1.51679200548344
352000	353000	1.08918044106583	2.53275384739664	1.29518016719244
353000	354000	0.989590445790971	2.17881742679842	1.136253344197
354000	355000	0.654283016540994	2.06368066905237	0.934747429823531
355000	356000	0.486928295925235	2.43449696004121	0.986861055255593
356000	357000	0.662151162070826	3.02690384892171	1.27231163603997
357000	358000	0.709135209297945	4.49255144237639	1.3492847895378
358000	359000	0.592304392609809	3.31023087457616	0.76239580605165
359000	360000	0.588546443756046	3.31829176008266	0.177922360541768
360000	361000	1.17430877995811	4.15032829171985	-0.0408551991005842
361000	362000	1.46106141499484	4.27871403022594	0.232259247905167
362000	363000	1.8730547114814	4.5870261713159	0.671458823354269
363000	364000	1.22677089052459	3.06036628014351	0.520063032463315
364000	365000	1.24767898432112	2.46597370926857	0.342512159236958
365000	366000	0.998899946154493	2.321156156503	0.0234365420765758
366000	367000	1.28187179426368	2.5700890746105	-0.17259021167008
367000	368000	1.95246527993978	2.93132628852759	0.131759656798019
368000	369000	2.86849900345402	4.05383618297484	0.439259702123651
369000	370000	2.12674596173882	2.967386980988	0.539374556496352
370000	371000	1.10015666280912	1.95170567829455	0.393673880952762
371000	372000	1.13562453802599	1.53083480844178	0.355696269608403
372000	373000	0.819390375754411	1.414249892338	0.468270509344779
373000	374000	1.21999366683188	0.933363768144439	0.675537193786454
374000	375000	0.750379758734864	0.478428630412696	0.548976926222823
375000	376000	0.982470149676433	0.386087062667821	0.125627478200745
376000	377000	0.449016610584639	1.00885341445787	-0.0631844599694849
377000	378000	0.256037053222209	1.14084105919799	-0.407421335559943
378000	379000	0.0390758365362465	0.673425983703013	-0.571077739984982
379000	380000	0.0352529381812403	0.157918437099041	-0.752984709887103
380000	381000	0.159126084397226	0.403127347156199	-1.22740517767
381000	382000	0.547549005147003	0.351851777672607	-1.37359797313278
382000	383000	1.02548204333617	0.434054474793547	-1.26396381176451
383000	384000	1.03324654040594	0.00569767375261658	-1.12734980459074
384000	385000	1.43089391847211	-0.0980388094779016	-1.18692113664069
385000	386000	1.72173008556389	-0.0929839636750516	-1.63844500879495
386000	387000	2.13256993643504	-0.150682010510537	-1.53435421380033
387000	388000	2.23408226828927	-0.524366931116794	-1.25693408834736
388000	389000	1.94078823837921	-0.0252863294673057	-0.750757211177163
389000	390000	2.2938770734153	0.219802219856793	-0.874952281074256
390000	391000	2.73584770117187	0.0869576092553616	-0.980945681972629
391000	392000	2.903953747897	0.431436751425586	-1.38189352714323
392000	393000	2.52415694193345	0.484829974856031	-1.68351924007527
393000	394000	2.23368636825009	0.257148468137721	-1.33035149481883
394000	395000	2.20212416959677	0.664374842149158	-1.42690484907056
395000	396000	2.51580821543794	1.0532672262791	-1.39218230137645
396000	397000	2.79734015444402	1.14544692163393	-1.73472236164698
397000	398000	4.19137004025017	1.45724508578876	-1.78257435134815
398000	399000	2.90353081304365	0.983943282966572	-1.13053726868414
399000	4e+05	2.61687922779928	0.783299384546216	-1.09594954418295
4e+05	401000	2.90927679596794	0.794258296196838	-0.849514447246464
401000	402000	3.09242068570991	1.14512211949888	-0.679145291122853
402000	403000	2.53197064949239	0.926650111220215	-0.765960970389494
403000	404000	2.47409310576734	0.882782465261179	-0.563713086689658
404000	405000	2.16705627292276	0.725622361821123	-0.416962678204259
405000	406000	2.07648746441987	0.902870733831613	-0.795612333927248
406000	407000	2.27978700617369	1.29241492137222	-1.20728157675577
407000	408000	2.72433110169513	1.50174027939064	-1.09015458435883
408000	409000	2.45831036035993	1.24720869498282	-0.361081220031301
409000	410000	2.38801416529585	1.46640151603307	-0.0741687052515282
410000	411000	2.44198515747248	1.14014096547454	0.21336619434158
411000	412000	2.85509973321203	0.996207259448998	0.36197015394677
412000	413000	3.04915903922059	0.911655350333547	0.0992367543627089
413000	414000	3.03962497940384	0.612177423209661	-0.240710468628472
414000	415000	2.69691741186332	0.490188117822567	-0.367238329055761
415000	416000	2.46921966883074	0.43120542490007	0.0110680202776649
416000	417000	2.01365343697059	0.694431722624572	0.459757054004775
417000	418000	1.88477607750723	0.407828774429226	0.10477241283386
418000	419000	2.08026482187293	0.0475027576159548	-0.133125500449026
419000	420000	2.50588307381673	-0.17249860398574	-0.065094163269321
420000	421000	2.81033286574777	0.0267960889289698	-0.0228829037121407
421000	422000	2.83529129057098	0.0121952014984365	0.197484395080217
422000	423000	2.5264734730654	0.0404938690231191	0.411246070707574
423000	424000	2.77646869864278	-0.3296539288	0.942445123942755
424000	425000	2.33391074076276	-0.191474603879305	0.57860312082756
425000	426000	2.75230536179843	-0.453052381549216	0.608574306739026
426000	427000	2.35591429581973	-0.475297622154957	0.267577782135349
427000	428000	2.28544337879177	-0.855616234074218	-0.154795087281859
428000	429000	2.21891143955638	-0.629322049231136	-0.358156964091485
429000	430000	2.59759693661056	-0.46819062378116	-0.5991664181358
430000	431000	2.94372542235887	-0.368895907287969	-0.465262785195702
431000	432000	2.9417513171433	-0.516787922309394	-0.219968619169504
432000	433000	2.89067977243917	-1.00396892527012	-0.15255825287575
433000	434000	2.68803619615667	-0.817117559069419	0.126019095328416
434000	435000	2.44612575632045	-1.40105527786559	0.0811698879877624
435000	436000	2.79733367369846	-1.35548489999581	0.306622207752944
436000	437000	2.06235794704081	-1.41043326599536	0.414922953391953
437000	438000	2.41877749396012	-1.01532280211211	0.868339400991863
438000	439000	2.60886578473939	-1.16562667626483	0.987790583719749
439000	440000	2.58395618189515	-1.52521987739362	0.98243040164622
440000	441000	2.19992558045433	-1.24805907411048	0.771522743636968
441000	442000	2.25581562581967	-1.15580946895118	1.31720654193387
442000	443000	2.3955916441728	-1.20820904845895	1.58762356723969
443000	444000	2.08553520557395	-1.64089256288931	1.54698342180984
444000	445000	2.48913700830918	-1.74161715822967	1.23609657008748
445000	446000	2.85842999623664	-1.78734448782124	1.34149014541357
446000	447000	3.8097236909639	-1.60503821256086	2.1935108839163
447000	448000	2.91591231136587	-1.01239248828619	1.74975425413981
448000	449000	2.09172949272013	-0.783047220284325	1.25711807017777
449000	450000	1.91558055525754	-0.882985350801368	1.61055020334576
450000	451000	1.53464299183701	-0.613372873136747	1.6447834115962
451000	452000	1.83090702182067	-0.559678934648423	2.02320357996054
452000	453000	1.96839651404845	-0.391396286425734	1.6068158014723
453000	454000	2.33310139372555	-0.162804957700763	1.54653714541576
454000	455000	2.27521178186975	0.337386357844923	1.30695359861704
455000	456000	1.89532878004076	0.396737126420704	1.71360968791911
456000	457000	1.43180773868642	0.308484048735372	1.6855438285799
457000	458000	1.60174188206367	0.507015312789853	2.28748101623266
458000	459000	1.82777921575309	-0.0835495824059456	2.33266372209719
459000	460000	1.48480306565694	-0.195168859563596	2.54303973187627
460000	461000	1.31258279522324	-0.430724587600653	2.68546876768162
461000	462000	1.33613357340199	-0.243555013061111	2.98910588759287
462000	463000	0.933807230648536	-0.202562746381861	2.62851709431234
463000	464000	1.07842995597836	0.319125278883296	2.47107300951824
464000	465000	1.03553100762424	-0.18185663845378	1.92887606804623
465000	466000	0.894636034548999	0.469806436236217	2.15991392111408
466000	467000	0.847420984844043	0.167248748707483	1.92836251946933
467000	468000	0.564230756122469	0.423296007673856	1.77792567678676
468000	469000	0.787282912066818	0.472086242340205	1.28480302699974
469000	470000	0.589172332454225	0.695349049895308	1.48751040429372
470000	471000	0.949635988813264	0.916101698189675	1.64071828946251
471000	472000	1.39846583098401	0.948174549396748	1.85743367444075
472000	473000	1.75348924069656	1.25670877849373	1.6216491842086
473000	474000	1.97625911568166	1.08325596441508	1.47032326683085
474000	475000	1.34067451181371	0.896620532677788	1.13239401486388
475000	476000	1.17790601203194	1.27756857487509	1.44458665102341
476000	477000	1.48152322716841	1.49768730308574	2.03288290636536
477000	478000	1.5464910119449	1.63948068097311	2.26132431871774
478000	479000	1.01368881734306	1.49150105242151	2.14681753785941
479000	480000	0.686991360018354	1.3333462226227	1.96039175138479
480000	481000	0.620377011048455	1.50415497494262	2.3143397919658
481000	482000	0.484281462554569	1.21715745296802	2.80753144600503
482000	483000	0.726393767506426	0.796550957683046	2.93857908497377
483000	484000	0.534965053529712	0.69434332955984	2.45036951840697
484000	485000	0.30995891676108	0.396618452668387	2.43540291279252
485000	486000	0.283281519292912	0.564663956997993	2.87710802482998
486000	487000	0.228694098832702	0.473269544442977	3.1886822117763
487000	488000	-0.012601167963559	0.330029602611434	2.87053048922117
488000	489000	0.0209637980475821	0.112282345149756	2.79409321010007
489000	490000	-0.00290727733073053	-0.186412151900411	2.60922716759344
490000	491000	0.486849921179402	-0.447609710232069	2.70793330004642
491000	492000	0.346379730447122	-0.230582672512055	2.23902449854385
492000	493000	0.480799952177805	-0.170442614295398	2.9705465552649
493000	494000	0.608417899888317	0.290646653373683	3.0675293574637
494000	495000	0.410981024962793	0.166894138575824	3.33613202399314
495000	496000	0.173081838595063	0.298693484030785	4.48577209554165
496000	497000	-0.176996010271106	0.610914288232151	3.54347914164895
497000	498000	-0.417065322611085	0.586812377681466	2.92748852729298
498000	499000	-0.548752431108732	0.618852072264458	2.62608093365711
499000	5e+05	-0.526318171348008	0.227779995953753	2.3469232880482
5e+05	501000	-0.619389894635513	0.190482575318314	2.66387996529074
501000	502000	-0.743504710900759	0.403617335709385	3.00763369900274
502000	503000	-1.05142733512195	0.392119229672402	2.95914629146429
503000	504000	-1.04769791943744	0.155441784636156	2.69252075844488
504000	505000	-1.2091397519317	-0.149561404539937	2.22170327985949
505000	506000	-1.32943566353268	-0.346722103178377	2.31858260933986
506000	507000	-1.02621613412287	-0.630699676682604	2.13423067326843
507000	508000	-1.26096116905121	-1.06451457460752	2.13628650787305
508000	509000	-0.816758776055797	-0.949000496490316	1.92273809547971
509000	510000	-0.816133005413654	-0.946053342667177	2.34566726852142
510000	511000	-0.795075992377974	-0.566260120540706	2.5653022299796
511000	512000	-0.817122954198293	-0.308279306033526	2.79581508976683
512000	513000	-0.577375821102643	-0.265051910978747	3.03427148661786
513000	514000	-0.224712064637018	-0.494729375074407	2.73940000779128
514000	515000	-0.373320498517724	-0.196979779678292	2.13460562894844
515000	516000	-0.449722590395752	-0.365239857475625	1.72959066435747
516000	517000	-0.405273119250268	-0.709250811860143	1.88986967381582
517000	518000	-0.0814894191217143	-0.809160484352855	2.2492437352135
518000	519000	0.120165867784785	-1.040472078746	2.75940598452121
519000	520000	0.401025135705444	-1.26705314238381	2.47007850090498
520000	521000	0.737152497191734	-1.26821178417037	2.14490273407625
521000	522000	1.14433095530678	-1.14237121677269	2.18608555253466
522000	523000	1.55751617173906	-1.29589722822878	2.60348596377647
523000	524000	2.41482838886557	-1.50117018826142	3.72066749577383
524000	525000	1.83871579223713	-1.33855328076831	2.43655009258344
525000	526000	1.79148688698916	-1.26713333227884	2.01674434624838
526000	527000	1.54607626829294	-1.42068314142105	1.95200977342298
527000	528000	1.85917188730694	-1.86310268168614	2.23839384185302
528000	529000	2.91537082729561	-2.46223433061782	2.81084031423614
529000	530000	2.10287608110645	-1.81368886535871	1.89803590752401
530000	531000	1.82351123792488	-1.47265066601056	1.30062931950469
531000	532000	1.44442277245157	-1.75428827298442	1.4532473864273
532000	533000	1.80688245026816	-2.10846397051662	1.75021814311775
533000	534000	2.6328073876059	-3.19476603152891	2.09296742891139
534000	535000	1.97472193799226	-2.23586267088418	1.54256100684316
535000	536000	1.69089725646416	-2.11022280776533	0.917143403633286
536000	537000	2.53379589202927	-2.37332535951821	1.0374616586307
537000	538000	3.15143552576366	-3.18170953669733	0.808605205410828
538000	539000	2.58884511026438	-2.18745464013053	0.377180809045347
539000	540000	2.00212181058024	-1.9285632690502	0.229746299852859
540000	541000	1.65451049108244	-1.72252034596999	0.411197129601086
541000	542000	1.66622213810765	-1.28703933217803	0.694265958614822
542000	543000	1.67180610902679	-1.08058565865785	0.357601567287796
543000	544000	1.56063943887859	-0.619878886986282	0.513896821435729
544000	545000	1.28263375795347	-0.620438918634134	0.644656615105046
545000	546000	0.821343478065004	-0.7510279568669	0.854093729047017
546000	547000	0.361332622985992	-0.62840712052556	0.603311557230753
547000	548000	0.690822506999979	-0.66393643928265	0.447750622434262
548000	549000	1.29650595169828	-1.27418667856455	-0.0143300972698612
549000	550000	2.27687009794075	-1.81174495241898	-0.636665580829661
550000	551000	3.34423774565449	-2.70663572914406	-1.16421420621862
551000	552000	2.76368182396321	-1.82154622344912	-1.04916806738938
552000	553000	2.09267784775415	-1.33899091546848	-0.794590892795794
553000	554000	1.69198696566284	-1.36728135127679	-0.93510760159036
554000	555000	1.15343649783993	-0.94894566135842	-1.20585191877071
555000	556000	1.2377878956424	-1.39591429201737	-0.912870722044577
556000	557000	0.991051297478785	-1.49974501177492	-0.395938865844966
557000	558000	1.01385428639575	-2.01441117492455	-0.560966555148988
558000	559000	0.870038412309425	-2.31845330334607	-0.878968206234141
559000	560000	1.27529043023621	-2.87903938821376	-1.48307497455257
560000	561000	1.24900100691887	-3.76358493263365	-2.42004724957414
561000	562000	0.835516062664065	-2.74431943556347	-1.64328043039579
562000	563000	0.0782707275090189	-1.55522821829183	-1.03426731852388
563000	564000	-0.165979204509138	-1.20336366753434	-0.756286212133395
564000	565000	-0.11109777968053	-0.70310158114504	-0.608770325404822
565000	566000	-0.0190324539076531	-0.556337038798886	-0.228663631104458
566000	567000	0.28734731687209	-0.953386887618019	-0.196127656911494
567000	568000	0.580370469420441	-1.08048805512938	-0.598586319576671
568000	569000	0.664976418721624	-0.946478791496981	-1.09181241574076
569000	570000	0.528412541574233	-0.418595879071648	-0.955028466265212
570000	571000	0.664456729720394	-0.361801156793397	-0.477501071536719
571000	572000	1.05523679134529	-0.453547859316379	-0.18893326815595
572000	573000	0.936318932034994	-1.04514862509518	0.157933893232773
573000	574000	0.7475547934352	-1.72920906905421	0.639710949433548
574000	575000	1.11274788278841	-2.898274875104	0.793058440411024
575000	576000	1.20251226394256	-4.41495456443659	1.06795897868937
576000	577000	0.466686851748732	-3.58244081035881	0.815053970674928
577000	578000	0.0884027752126935	-2.9665924094852	0.0635805600724648
578000	579000	-0.173745095212008	-2.87092122646107	-0.137954906555067
579000	580000	-0.101107872666429	-2.76488422734528	-0.835649085994614
580000	581000	0.378208519749481	-2.85888884551642	-0.454870143224637
581000	582000	0.799388805546649	-2.96229146506208	-0.567179733265197
582000	583000	1.07594852763301	-2.90488243568294	-0.231100788932937
583000	584000	1.37122703551158	-2.35175421294823	0.139147835931479
584000	585000	1.17285330577761	-2.18244332836147	0.555626076345074
585000	586000	0.755536123573597	-2.4559244898985	0.333840176521244
586000	587000	0.521677715948718	-2.17117902384713	0.306891248751092
587000	588000	0.658116131931579	-2.53520707576159	-0.179526908291277
588000	589000	0.426538194325313	-2.09187280704467	-0.273456332298714
589000	590000	0.450825659337356	-2.46154973993379	-0.144532898875491
590000	591000	-0.108362029352063	-2.35470893337794	-0.0637045840689864
591000	592000	0.0725194069227364	-2.56958201477031	0.274358168604602
592000	593000	-0.116290430606522	-2.26373001122561	0.462156475632732
593000	594000	-0.164935547600152	-2.70007039045158	0.582160222415176
594000	595000	0.0635277915197166	-2.27116143975952	0.778173654353743
595000	596000	0.378573453124167	-2.54650999541063	1.13290438581802
596000	597000	0.348678064882057	-1.99489197939154	1.04998001625652
597000	598000	0.755889966007242	-2.12300013736521	1.39527912627384
598000	599000	0.966776829694586	-2.37871213819161	1.78303500819514
599000	6e+05	1.23050588168829	-3.23886819386369	2.87513254274141
6e+05	601000	1.10785886507102	-2.17539438229173	2.35199719871319
601000	602000	0.862112432709775	-1.83085278011732	1.93981375957711
602000	603000	0.966672566643443	-1.21860705492523	1.62538588156245
603000	604000	0.484293170399704	-1.15305415991044	1.53433271804588
604000	605000	0.146749644841604	-0.982633232281706	1.69596208029881
605000	606000	0.0992919291079742	-1.36405854294659	1.72249857036834
606000	607000	-0.212882872642956	-1.56813608335192	1.61407353438507
607000	608000	-0.250964606280997	-1.96078123964392	1.09835002861068
608000	609000	-0.453300201053035	-1.58846254061567	0.804921014118569
609000	610000	-0.553348966439167	-1.82108314417012	0.213297447330161
610000	611000	-0.650526565549662	-2.05326836264254	-0.146987272193257
611000	612000	-1.30113047704336	-2.11311868966382	-0.0857320943207561
612000	613000	-1.71839388921561	-2.30239826522927	-0.501653521257154
613000	614000	-1.64447890956343	-2.57153835846411	-0.898414019041559
614000	615000	-1.28629844320746	-2.75196484253742	-1.36706505625739
615000	616000	-0.999975219844958	-2.63656271817294	-1.58318688398601
616000	617000	-0.719753635977583	-2.36378053247949	-1.76131987360829
617000	618000	-0.713073919177175	-2.05393174729623	-1.49460212516864
618000	619000	-0.518635976897074	-2.00545911962836	-1.34601462772132
619000	620000	-0.903382799044309	-1.76081838026615	-1.21811705333645
620000	621000	-1.04142454720314	-1.88456320196125	-1.50536492594111
621000	622000	-1.20112948833929	-1.59841991885408	-1.6708162593582
622000	623000	-1.41367083465905	-1.99600556175128	-1.83453683743757
623000	624000	-1.4759747899964	-1.75876943661839	-1.45572375579602
624000	625000	-1.46564366899991	-2.01273047797555	-1.19476079956528
625000	626000	-1.52059470153782	-2.43464043452072	-1.34353886875852
