0	1000	0.387049557253261	-0.936172936999993	-3.09472580783398
1000	2000	0.0752704749676075	-0.926712318910522	-2.93508546087487
2000	3000	-0.243438051817161	-1.34417096206473	-2.91661282436129
3000	4000	0.233299302758722	-1.35885368118825	-2.64832834341063
4000	5000	0.300289958020436	-1.71622730865818	-2.58538435527292
5000	6000	0.210070135777832	-2.19681664399636	-2.9151889870465
6000	7000	0.281881964391966	-1.73064390816842	-3.04210161694147
7000	8000	0.594378881154899	-1.73334628803688	-2.95758964142674
8000	9000	0.539841577375496	-1.50446403029293	-3.2673679863657
9000	10000	0.761177811279869	-1.29635804395322	-2.98356571939555
10000	11000	0.996253368294768	-1.11155243178316	-2.7002624181101
11000	12000	1.45426640698529	-0.856267882025569	-2.78041899843459
12000	13000	1.25284086174399	-0.828242671090309	-2.14726774856221
13000	14000	1.20619145351023	-1.23423893725541	-1.93126265001319
14000	15000	1.02919126137217	-1.01399195347194	-1.64301469413988
15000	16000	1.0139310261819	-1.42554129199505	-1.52496576453078
16000	17000	1.45457049297345	-1.25804072315106	-1.42958774158521
17000	18000	1.84733543900568	-1.36458054781843	-1.75006364721236
18000	19000	1.9868155498956	-1.01896538731629	-1.52426363918301
19000	20000	1.90912609770143	-0.954150187331382	-1.96984398901381
20000	21000	1.60180309270723	-0.820386451699351	-1.66637708052773
21000	22000	1.49613140591213	-0.50416050478352	-1.46413752621149
22000	23000	1.5922971801261	-0.38741880598933	-1.82500003487083
23000	24000	1.21565952537455	-0.268014530426789	-1.77117975461236
24000	25000	1.54683394325131	0.0535718264436927	-1.63883181932299
25000	26000	1.17194374968949	-0.0618457588198684	-1.27452084747092
26000	27000	0.826533360114915	0.141353998702926	-1.12571314284095
27000	28000	0.528441065896428	0.379912353203449	-0.929890230433479
28000	29000	0.081029034852751	-0.112925745134887	-0.378427433611236
29000	30000	0.675017941486619	-0.332181515580685	-0.807393869742349
30000	31000	1.49860307285775	-0.617826990160206	-0.7216632769806
31000	32000	1.33486256033347	-0.806679334229595	-0.475416435771917
32000	33000	0.946329480540933	-0.963623654657224	-0.55875614968874
33000	34000	1.20222183977726	-1.14202022326003	-0.255672032235865
34000	35000	1.3298403282652	-1.29688154224302	-0.579656561688829
35000	36000	1.51469409085088	-1.70900141106417	-0.542626238422529
36000	37000	1.15138972142501	-1.64441432058431	-0.959747351684611
37000	38000	1.52693562649304	-1.9676975876872	-0.993551248329087
38000	39000	1.90063786189055	-2.10965868035234	-1.40738787633926
39000	40000	1.53116558880672	-1.78978835592933	-1.57808284260464
40000	41000	1.34787967918081	-1.99229193886194	-1.81840995870097
41000	42000	2.3861927565545	-3.02023295526198	-2.37031929780967
42000	43000	1.56911749651924	-1.93395838031243	-2.21549415838614
43000	44000	1.16763235219086	-1.92195041930893	-2.37123112528071
44000	45000	1.21535185260366	-1.96052165773433	-2.8119164369069
45000	46000	0.922988270810542	-2.22118031777761	-2.70220599462356
46000	47000	0.446126137576384	-3.41059894769184	-3.11243061833138
47000	48000	0.760384159589888	-2.20539349044256	-2.29100212986654
48000	49000	0.767475709219873	-2.57096304551604	-1.6957868284671
49000	50000	0.788112106461919	-2.14886336081687	-1.36416678049007
50000	51000	0.718158280226108	-2.0886656011871	-0.968298874435224
51000	52000	0.630206583000036	-2.31479767672371	-0.707446489503418
52000	53000	1.00134077929996	-2.34226962010816	-0.751131279006596
53000	54000	0.946586309572608	-2.07911890598763	-0.409179748876713
54000	55000	1.34246679717561	-2.20101090580922	-0.455635963465001
55000	56000	1.59629425659883	-2.18168255184509	-0.127101635798335
56000	57000	1.98334242137349	-2.37508766510518	-0.142663634793945
57000	58000	2.04335405671968	-2.07056323555155	0.157318678059901
58000	59000	2.47680771808368	-2.2737800509501	0.11527825883042
59000	60000	2.47845864999243	-1.9638404868125	0.412823817410433
60000	61000	2.61257606551179	-1.80623006367483	0.0306802441921902
61000	62000	2.5099171018262	-1.56256434351859	0.325695012074142
62000	63000	2.88917977625059	-1.68814184083944	0.469062259566309
63000	64000	2.7436382624394	-1.36326121269288	0.651952476378639
64000	65000	2.98985339304421	-1.47256358061392	1.00494323895104
65000	66000	3.03768322908334	-1.19364792470021	1.35177387335693
66000	67000	3.04158324504055	-1.07331176572304	0.994506858089171
67000	68000	2.6797790480949	-1.05178459297677	1.05959318213273
68000	69000	2.33169045206168	-0.92197747590778	0.745003539865018
69000	70000	2.77553313423007	-0.753073440286702	0.81267711092948
70000	71000	3.12509864303376	-0.662165610549114	0.967802265010269
71000	72000	3.41368095515114	-0.875188454166359	0.747929350853023
72000	73000	3.15715852206025	-0.797430563388336	0.479188829751244
73000	74000	2.86048660112911	-0.739570630011176	0.247200620454994
74000	75000	3.08469956616482	-1.11052625532247	0.142599821906659
75000	76000	3.006214248109	-0.871323252420122	-0.0939628444667609
76000	77000	3.25878437008596	-0.865489943260312	-0.386095665122035
77000	78000	3.45906975872283	-0.807007726200514	0.0366543700132436
78000	79000	3.18955454176169	-0.4325049785207	0.00770508442175513
79000	80000	3.60834575581936	-0.0937080084723926	0.112648007907818
80000	81000	3.10540043653867	0.0805606039418521	0.390549703758486
81000	82000	2.81934727716088	0.424138859580941	0.114881103796263
82000	83000	2.93914575193863	0.613592006667697	0.485387909726006
83000	84000	2.58368701284613	0.408041590185035	0.6195331725943
84000	85000	2.9289756288604	0.458741992671355	0.984133893711497
85000	86000	2.87924511559581	-0.00703326195117872	1.07031425705331
86000	87000	3.09328308561271	0.0778333541176502	1.60191777159437
87000	88000	2.77655392100883	-0.280083134393039	1.45622005682809
88000	89000	2.53640568574648	-0.249535323171802	1.687537961014
89000	90000	2.43013254572525	-0.470202527810116	1.40585198919756
90000	91000	2.35217347702552	-0.0747508991137741	1.31237199527698
91000	92000	3.01919625175655	1.0252146205193	2.27667261700677
92000	93000	1.95661197708517	0.393535108458623	1.27144388385643
93000	94000	1.56133212990198	0.316856596006342	0.927510025337926
94000	95000	1.36993102694074	0.0146503454613644	1.52680230937231
95000	96000	1.19039637718238	-0.141836199252162	1.96624420370848
96000	97000	0.997092718915388	-0.321284625779928	1.59257184925809
97000	98000	0.606874469561522	-0.215502393868823	1.61040541269896
98000	99000	0.774338218455171	0.116355881397046	1.34420110476176
99000	1e+05	0.635478249756763	-0.239597368084538	1.20339239428562
1e+05	101000	0.974129863937662	-0.236819438190148	1.04788096933903
101000	102000	0.85532170925546	-0.625705723942996	1.21421320209236
102000	103000	0.670882674228805	-0.834537904029664	1.58489346899301
103000	104000	0.693828193592664	-0.715290667877877	2.01587048437717
104000	105000	1.02038158720033	-0.728460289775671	2.44789618190914
105000	106000	1.18053284426155	-0.893398978784936	1.9240532814468
106000	107000	1.53973605523978	-1.040324416595	1.70441388914786
107000	108000	1.99815659075831	-0.966146393427638	1.69265758720733
108000	109000	1.80754738459537	-1.05070422526763	2.00679155156476
109000	110000	1.80499562003459	-0.694885533080979	2.1782613557002
110000	111000	1.66635880012072	-0.636795781930923	1.7395103168216
111000	112000	1.40689883421272	-0.662020237660708	1.3810063310675
112000	113000	1.26702007312854	-0.997330670811677	1.28556872711827
113000	114000	1.66237824455819	-0.90310789877268	1.09836783413346
114000	115000	1.41699453676877	-1.09535617139611	0.671911931126747
115000	116000	1.69178211770523	-0.505355232656539	0.610381623763533
116000	117000	1.47557359131185	-0.71687234055475	0.159977645560285
117000	118000	1.83107633266965	-0.890912112347346	0.145456656118349
118000	119000	1.70060750474922	-1.37467884938252	0.0666344311739829
119000	120000	3.10217981453374	-2.43780143087727	-1.02166075958518
120000	121000	2.14374147590224	-1.34045447704259	-0.382252118444735
121000	122000	1.95807928705686	-1.05832336486373	-0.692388055137669
122000	123000	2.06190676826515	-0.867071361083169	-0.302826358269973
123000	124000	2.23668405233352	-0.614201031010252	-0.538038805337557
124000	125000	3.4453633085312	0.189089163057327	-1.05775909678428
125000	126000	2.15292347970401	-0.413532592284421	-0.056544612416367
126000	127000	1.73050916295989	-0.42251500143773	-0.154113694441707
127000	128000	1.61361211872779	-0.0717657267254122	-0.133045589594244
128000	129000	1.95419186376237	0.894571894980672	0.383507380108113
129000	130000	1.05066749710643	-0.117112012879858	-0.0411928629309577
130000	131000	1.17858280802667	-0.174863789734198	-0.471272357634386
131000	132000	1.6780629877993	0.0234049737191785	-0.746331976606437
132000	133000	1.14679271284775	0.271628583337763	-0.578246157132084
133000	134000	0.936759425464066	0.599984198225624	-0.211898915072875
134000	135000	1.40898159495374	0.481913985685893	-0.374706925752282
135000	136000	1.47535865448822	0.519477404670997	-0.77036172466543
136000	137000	2.79806095908854	0.23769642322086	-1.76833144419616
137000	138000	1.15008653224694	0.679060696886127	-1.01561190050804
138000	139000	2.57405679773802	1.11201468116453	-1.76746218958326
139000	140000	0.872036590295159	1.18785167231444	-1.23422697989308
140000	141000	0.665778091087142	1.20062075584952	-1.58930218293294
141000	142000	1.10138380039012	1.12908890248351	-1.70172562056042
142000	143000	1.55142818784378	1.36036972115488	-1.98249510290496
143000	144000	1.28386675705788	1.00634309386318	-2.22317561253277
144000	145000	1.22247543450769	0.634246634813551	-1.94078680595795
145000	146000	0.779017620429439	0.739012107049772	-1.79940690647024
146000	147000	0.824338107640637	0.402478877004374	-1.67281111623053
147000	148000	0.599208985039976	0.0201589738978634	-1.86496010014904
148000	149000	0.787303910240947	0.395580975060667	-2.14274477457504
149000	150000	0.92486228107108	0.630918978686028	-2.39334519390183
150000	151000	0.814980528826811	1.00564454907249	-2.45297168016648
151000	152000	0.837224105231101	1.35151320408006	-2.40023690549373
152000	153000	0.963471641757862	1.5865802845119	-2.66181386257462
153000	154000	1.05598275551893	1.82355905920483	-2.24756160973687
154000	155000	0.734341905476489	1.85782293960846	-1.87531475927558
155000	156000	0.517339544924509	1.77757637547234	-2.24879047398815
156000	157000	0.462825355441926	1.77879959893583	-2.77805915480081
157000	158000	0.413101401072806	1.38849854513154	-2.6806910605823
158000	159000	0.239230002372893	1.16064036097441	-2.43741200744199
159000	160000	0.231904456594923	0.904488186537872	-2.75808606986633
160000	161000	0.00027155526754339	1.15106245197978	-3.04991778985321
161000	162000	-0.00798224738341573	0.679383642225135	-3.36396237209796
162000	163000	-0.604969401390311	0.856180292771596	-3.40728665805713
163000	164000	-0.394972932668615	0.815885303354244	-2.8808162620471
164000	165000	-0.763801820672639	1.12283933237771	-2.88047791849875
165000	166000	-0.796397962323069	0.939300646223034	-2.43430260929531
166000	167000	-1.19189863379099	0.775924027226236	-2.17830745266301
167000	168000	-1.78917843071536	0.767777136961573	-2.24143019983225
168000	169000	-1.67304383592408	0.653905297956633	-1.72928470151011
169000	170000	-1.64237581096131	0.646173710842526	-1.33932531971703
170000	171000	-2.06699667968255	0.478547836746655	-1.34294453664494
171000	172000	-2.35307853697625	0.21705454641795	-1.79871986782656
172000	173000	-1.83425596483906	0.106718606150735	-1.63704116290768
173000	174000	-1.84272590839304	-0.00582873308610479	-2.02281838851947
174000	175000	-1.86589604122595	-0.439383525549477	-1.87080774830637
175000	176000	-1.4344448397751	-0.213233213694323	-1.76245958992334
176000	177000	-1.40933839587764	-0.490618741647656	-2.06656960423114
177000	178000	-1.55568018558181	-0.260360178617232	-2.42554509577875
178000	179000	-1.15356261517723	-0.588250737025418	-2.55171393747325
179000	180000	-1.2062321763467	0.00553850418483008	-2.20406458721559
180000	181000	-0.873440680036543	-0.163948899125351	-2.31386637129705
181000	182000	-0.749838941042977	0.147603236789849	-2.16530055900326
182000	183000	-0.519335449391487	0.0726879421895537	-2.50513889837229
183000	184000	-0.837124350544619	0.0973647934087914	-2.74592770786509
184000	185000	-0.707448803795864	0.444311784669213	-2.52174700576473
185000	186000	-1.11805211030098	0.543593626602212	-2.70251417034377
186000	187000	-1.23320347870961	1.22419461158778	-2.52590018260061
187000	188000	-1.04231352574169	1.38832846919595	-2.06116918068648
188000	189000	-1.04631737663857	1.97307387510117	-1.83175563441596
189000	190000	-0.633991422416697	1.7006223647381	-1.64046052206905
190000	191000	-0.267576684495581	1.83249694665902	-1.63284406540757
191000	192000	-0.470331390892102	2.01828841449142	-1.3319345289468
192000	193000	-0.517112000086875	1.93136206337957	-0.735531666981945
193000	194000	-0.478742188945375	2.527994933112	-0.871385941718666
194000	195000	-0.0369974910725396	1.86306805553372	-1.10690316400519
195000	196000	-0.0546538050329795	2.28641090951095	-1.28242312573768
196000	197000	0.180514244094572	2.25410938362797	-0.967999290980268
197000	198000	0.320929589542179	2.65994516275953	-1.10755659690882
198000	199000	0.58325104400186	2.2631626884752	-1.15939032357359
199000	2e+05	0.575387596457653	2.44046185101456	-0.767898447716366
2e+05	201000	0.526616780268772	2.02925841204725	-0.650698102945451
201000	202000	0.427860619689368	2.18995857111762	-0.304003357793411
202000	203000	0.43291580972701	2.06671689389647	0.0987058749186364
203000	204000	0.446218082102428	1.90102700703994	0.451336397808365
204000	205000	0.495546134077435	1.49704249068953	0.64827476344352
205000	206000	0.535583333827292	1.05965721292129	0.843460347803363
206000	207000	0.900334839276516	0.893640446224945	0.951752332406589
207000	208000	2.56122177563184	1.35671520378003	1.29622538106946
208000	209000	1.09183919072024	0.746976587005754	1.53338126796787
209000	210000	0.741501516078257	0.738602680741068	1.82926684345138
210000	211000	1.11454461734286	0.824129219863333	1.99317146368478
211000	212000	1.12031974673367	0.790494888278687	2.42088244586325
212000	213000	1.42443477308296	0.943026921208099	2.22082724443255
213000	214000	1.36514118912325	1.11819040097009	1.83171286700293
214000	215000	0.993569523299692	1.26728535651503	1.7930313213503
215000	216000	1.45262481661338	1.37240643250838	2.1451986842454
216000	217000	1.04581758846863	1.20855971820801	2.21139533038334
217000	218000	1.17966382390819	1.46016958540155	2.48918158972394
218000	219000	1.05063200015977	1.65145184697674	2.11997673534322
219000	220000	1.3134645271052	1.77786877182763	1.84507143308148
220000	221000	1.00088057548049	1.95897617555095	1.77058662828459
221000	222000	0.701585231972805	2.44797371601862	1.32663083492286
222000	223000	0.851689136721221	1.95816001490715	1.31219777933815
223000	224000	0.642709659456768	1.97925734022046	0.980233431455705
224000	225000	0.879863860656709	1.65749673622683	0.957829015030649
225000	226000	0.968487805380076	1.95964428738529	0.634691894636631
226000	227000	1.199538450825	2.19302368694446	0.953637769959146
227000	228000	1.37820155865543	1.68790250867	0.731521033653156
228000	229000	1.52349835446737	1.84099813762989	1.17289793530174
229000	230000	1.57215949785231	2.06060522380408	0.791757773839987
230000	231000	1.52570629493467	2.12517249843241	0.431874503435046
231000	232000	1.80411103688348	2.51145591609109	0.0831103078608132
232000	233000	1.58892174520554	2.05265414806295	-0.122651014697738
233000	234000	1.35891286894678	2.30265472860283	-0.0182995660281985
234000	235000	1.31201636060591	2.82328370746814	0.166124551311717
235000	236000	0.984806794904461	2.5012224536572	0.388266100508181
236000	237000	0.707003185083425	2.42157192325588	0.682858999584322
237000	238000	0.318033566631358	2.45720910957418	0.568657536206331
238000	239000	-0.102548523403716	2.64827181734004	0.228573282216236
239000	240000	-0.194647158742399	2.43505071243277	0.715677882863387
240000	241000	-0.338018972901662	2.93377653381382	0.88878863545693
241000	242000	-0.67723035851482	2.47901413099353	0.644356547993256
242000	243000	-0.862488135353457	2.36549298009483	0.985193759278479
243000	244000	-1.03108912725741	2.22994138902967	0.70445535529448
244000	245000	-1.25091022453405	2.45295117826306	0.956110121073593
245000	246000	-1.36297576961335	2.70417112947119	0.509474873561074
246000	247000	-1.51222456680743	2.17744265205653	0.657252686584203
247000	248000	-1.83302753654703	1.98769426932764	0.443536381240782
248000	249000	-1.87684998573749	2.19143096553393	0.111349030284395
249000	250000	-2.16854884359272	2.19297860693818	-0.118875114419548
250000	251000	-2.02487584111046	1.86513725035176	-0.0414054372611442
251000	252000	-1.60701052203241	1.79391961386968	-0.033174507546992
252000	253000	-1.7946675463111	2.02932587557748	-0.348400779529862
253000	254000	-1.89239856519337	2.38994696315448	-0.78382952467329
254000	255000	-1.52281348087896	2.01989093349106	-0.803721040340712
255000	256000	-1.36471875638914	2.16589160545483	-1.16817830117379
256000	257000	-1.57033026962165	1.77847594185644	-1.22365707855781
257000	258000	-1.32314069313673	1.50175583094707	-1.25693055676707
258000	259000	-1.71954806586274	1.33740233626786	-1.36768551886231
259000	260000	-1.35676123336957	1.15139298878761	-1.59299125044626
260000	261000	-1.53881650938594	1.49122100068463	-1.73889272863226
261000	262000	-2.0395630751487	1.52481817414254	-2.05474839624479
262000	263000	-1.68507167795706	1.88453103735515	-2.01609396849463
263000	264000	-1.80570011746547	1.9902210374575	-2.58305644498875
264000	265000	-1.4558485278521	2.36460236357656	-2.28350313360219
265000	266000	-1.19356477702791	2.15461198370122	-2.52242128006974
266000	267000	-1.37834840223424	2.58587526843194	-2.81195413984418
267000	268000	-0.820456273008973	2.57843834144059	-2.92037825208985
268000	269000	-0.584123339839241	2.50667924160341	-3.22938389062809
269000	270000	-0.263838432967621	2.43128445052293	-3.03295613300638
270000	271000	-0.376729039931053	2.62799455742755	-2.78476323827411
271000	272000	-0.654892740694244	2.49294765045046	-2.50063928442413
272000	273000	-0.526451374620408	2.2080711482142	-2.81841671887709
273000	274000	-0.840849616580325	2.04790332736708	-2.91004128457136
274000	275000	-0.499963116925435	1.762997400215	-2.91385035500769
275000	276000	-0.583886157771101	1.95367600322194	-2.50032929715604
276000	277000	-0.177943287514353	2.00912715931996	-2.53199916091051
277000	278000	-0.245867220576946	1.76225519133502	-2.21076430322071
278000	279000	-0.281080013294953	2.12558826719921	-2.04973180409218
279000	280000	-0.458577673443699	2.46335770516381	-1.85629953728018
280000	281000	-0.24388038919835	2.99438586962483	-2.16302205545177
281000	282000	-0.0679599902722278	2.54874607108824	-2.33270343643242
282000	283000	0.253977908454905	2.49112389810702	-2.15441259977084
283000	284000	0.326180472532467	2.22543038340462	-2.40847581204557
284000	285000	0.334737136644792	2.312158581261	-2.79228753047874
285000	286000	0.439937141052072	2.65085997167749	-2.57326079087033
286000	287000	0.959253698074948	2.7311750482355	-2.63805349258591
287000	288000	0.71984001025532	2.70721191302616	-2.11298354660574
288000	289000	1.09328758986357	2.44496481833803	-2.07859238996325
289000	290000	0.853944070141262	2.49628766379575	-1.76514921932754
290000	291000	1.39546508567872	2.86759080625415	-1.86444689838903
291000	292000	1.07318207441153	2.72643712745292	-1.56615241531748
292000	293000	1.18289459510247	4.22243286769471	-1.63465149747772
293000	294000	1.34182590831641	3.21420270848416	-1.08264996800073
294000	295000	1.40055745703881	2.86877962397236	-0.608428593528722
295000	296000	1.52809510380956	2.64549715649815	-1.00088926154032
296000	297000	1.38387636999911	2.37189824328211	-0.644168515374451
297000	298000	1.85602082737778	2.40769954328709	-0.605352230681999
298000	299000	2.14409929176831	2.33626045036508	-1.06218515364284
299000	3e+05	1.73410245978206	2.03119017587259	-0.972824695080063
3e+05	301000	1.69187677311113	1.9131235752008	-1.30672593077142
301000	302000	1.4109383605773	1.85985581265432	-1.05063979898816
302000	303000	1.45702578609758	1.75872895855445	-0.663123907360355
303000	304000	1.32931042306378	1.30875210310566	-0.396760519082137
304000	305000	1.69475809360026	1.37368478201772	-0.740427022827372
305000	306000	1.89805949755356	1.45620439557824	-0.41974415624132
306000	307000	2.02282213147097	1.66099972361475	-0.780595475217891
307000	308000	2.50548689661359	1.71699540475093	-0.943347463269408
308000	309000	2.25505941261474	1.91656958787478	-0.452853176792753
309000	310000	2.69855451776794	1.71172293491243	-0.138775139149715
310000	311000	2.42654420071192	2.05714918524894	0.0387639973460326
311000	312000	2.68123185603788	2.08762294713943	0.230626667981615
312000	313000	2.78492692878572	2.55777182209009	0.162083542218514
313000	314000	2.42129825940936	2.29613349836913	0.424445188966431
314000	315000	2.43645120877194	2.63917550616933	0.655460013737277
315000	316000	2.23597893792588	2.34432193443399	0.916730994082321
316000	317000	1.89860894065938	2.54264579689226	0.965041436619245
317000	318000	1.74364527224128	2.42857640972127	1.24756920070252
318000	319000	1.59298589574432	2.7404448102093	1.37289483910911
319000	320000	1.65424389685003	2.53205295787941	1.74261326154872
320000	321000	1.20658489281522	2.7288513165356	1.55380143693851
321000	322000	1.19135071970905	2.51835508992802	1.83763773997165
322000	323000	1.11399755114201	2.94184892554332	2.14238284992572
323000	324000	0.769153763217717	2.51767499593723	2.15757728242648
324000	325000	0.467958731035316	2.41286159141842	1.87870738134077
325000	326000	-0.147878461821468	3.8228266089457	1.80993085589638
326000	327000	0.0623783287183004	2.23182246365954	1.54059019596578
327000	328000	-0.267974566649545	1.94155376626094	1.05853062704068
328000	329000	-0.643191086062372	1.91682374093331	1.16290810087696
329000	330000	-0.685087655249515	1.69992891639261	0.7974733794614
330000	331000	-0.794053266479923	1.53016278449142	1.18279926416984
331000	332000	-1.06853900033237	1.78913255353911	1.36848251539798
332000	333000	-1.1625957734332	1.76432775764513	0.979091595953981
333000	334000	-1.05972251856955	1.3920356146012	0.841527486511463
334000	335000	-1.44483432049165	1.43357629069414	0.898815503270936
335000	336000	-1.34017633476312	1.2871493341638	1.30843690643264
336000	337000	-1.60920168740787	1.64640862034386	1.53379355110338
337000	338000	-1.71508984426904	1.18094886366122	1.66373722034683
338000	339000	-1.4306926870052	1.41380889294025	1.79026375129077
339000	340000	-1.718296645049	1.52642700903053	2.14084147103285
340000	341000	-1.30519906489354	1.42644472610684	2.27170176516326
341000	342000	-1.54985621310645	1.12828075525709	2.27108685802082
342000	343000	-1.25009999726655	0.958358432054369	2.19274372350673
343000	344000	-1.30092977115258	0.673871455283354	2.43321214474566
344000	345000	-0.910296144698926	0.586691312747777	2.56995477476341
345000	346000	-0.809899109491944	0.265539709414153	2.89756717460546
346000	347000	-0.356930537792394	0.116586337036824	2.91115458406992
347000	348000	-0.0637317776378049	-0.126523696264498	2.98303602976668
348000	349000	-0.0990962270825616	-0.116217006733987	3.42900490617197
349000	350000	0.272322210419751	-0.0585433834513196	3.23171849807663
350000	351000	0.0612576696385452	0.201747585025848	3.19190250401874
351000	352000	0.282766464569569	0.275334440155332	2.93652588085609
352000	353000	0.114318253730156	0.670323877746437	3.03590287646378
353000	354000	0.219168656355093	0.562914414779464	2.58458270254869
354000	355000	0.00887005429371167	0.907858234891905	2.52504089518758
355000	356000	0.354601235132472	0.927893865216727	2.36988404579008
356000	357000	0.274736354015268	1.26876463640671	2.54870248230476
357000	358000	0.950945676913027	1.88454198076804	3.74594082343423
358000	359000	0.240079583745288	1.52673825632383	2.21836944004866
359000	360000	0.141395562809365	1.87061302713546	2.23145075044818
360000	361000	-0.320068039517955	3.32933878326175	2.80716244968298
361000	362000	-0.0434136906547169	2.16092807131952	2.54925344544899
362000	363000	-0.237314988715211	2.16005537679829	3.89018043666941
363000	364000	-0.300650762174966	1.62572180618091	2.41551826392257
364000	365000	-0.684471217417999	1.49115179139224	2.12123941569421
365000	366000	-0.804250031532818	2.00627188881849	2.11593856676567
366000	367000	-0.5026069210068	1.62672066549662	1.72154700514848
367000	368000	-0.287272537557497	1.22524558588095	1.83412182981784
368000	369000	-0.994608092182076	1.32465395964441	3.64090278057634
369000	370000	-0.628025654041835	0.835240215165033	1.64945165090424
370000	371000	-0.152866561449381	1.02591137173365	1.34194940649047
371000	372000	-0.440944864709404	0.741326483909422	1.14779612502729
372000	373000	-0.562905537537505	0.378673405289423	1.15298061186438
373000	374000	-0.139492261978342	0.408155104879241	0.992923017091821
374000	375000	-0.21730448071698	0.141947263490795	0.539439491402478
375000	376000	-0.710657360321476	0.355657918563559	0.549323678336668
376000	377000	-0.570284760541172	0.669618807077968	0.456395550396229
377000	378000	-0.193592735499963	0.942913393234458	0.257149983273282
378000	379000	-0.506602903241281	0.583830240211855	-0.0111783118156842
379000	380000	-0.52683850534806	0.477438587582481	-0.450873206866503
380000	381000	-0.599292420816471	0.872771472503018	-0.760218109148191
381000	382000	-0.778217311238934	1.21686762782879	-0.331294375614815
382000	383000	-1.0465454706985	0.791574960258416	-0.177758636130484
383000	384000	-1.22456319906615	0.437985788355737	-0.0957047306079925
384000	385000	-1.41421888884967	0.699888305177387	-0.456972794644601
385000	386000	-1.58977231292223	0.662888512425503	-0.0604264720322687
386000	387000	-1.75585686045268	0.97273090247401	-0.220663187653976
387000	388000	-2.07998368603495	0.642756688708457	-0.158882088083354
388000	389000	-1.91625077162981	0.929278330381235	0.192210584917611
389000	390000	-2.21000565442449	0.828547698937314	0.360057416423623
390000	391000	-2.44699911812743	1.09568960126258	0.171065723985342
391000	392000	-2.9352035840528	1.10822091389136	-0.147376373281965
392000	393000	-2.64190958171545	1.56530146391814	-0.0326933987442938
393000	394000	-2.80261521590969	1.82303305508382	-0.229236806505371
394000	395000	-2.97701640999564	1.74437546678469	0.147509715070493
395000	396000	-2.65118211353199	2.00799173755416	0.221830474530645
396000	397000	-2.897782248218	2.23647657733202	0.520815857665916
397000	398000	-4.00375484807098	2.9183245269543	0.673297164649513
398000	399000	-3.22191166640749	1.83354178337628	0.630789896846451
399000	4e+05	-3.20275374744019	1.45309279436138	0.856145945161892
4e+05	401000	-2.82651923222494	1.68272724398409	0.763668155989064
401000	402000	-3.04421415460563	1.90888474551075	1.2542474356757
402000	403000	-2.67411793171509	1.59003899996878	1.18442364989736
403000	404000	-2.57338322882171	1.31049109336465	0.957276160852044
404000	405000	-2.20350759129312	1.14369154035573	0.953017134156052
405000	406000	-2.22275688683705	1.4514382314674	0.719311544094661
406000	407000	-2.32675483849518	1.8175965093944	0.810546519330509
407000	408000	-2.34248299796972	2.0972770708686	1.23815567285747
408000	409000	-2.15524934616401	1.5339310373911	1.17781541647342
409000	410000	-2.31778998587951	1.30907161771007	1.44679520354248
410000	411000	-2.53710894867763	1.08052194849661	1.73432488379917
411000	412000	-2.55556434500542	0.566439185255482	1.92791662139778
412000	413000	-2.32617204220136	0.831323101076113	1.44694291549548
413000	414000	-2.75463668391781	0.918365916493008	1.27124827970825
414000	415000	-2.59790665581585	0.578350207339132	0.937898770512214
415000	416000	-2.03908339101254	0.572246280714985	1.13688376323544
416000	417000	-1.53742089481545	0.456180879693143	1.12517339766138
417000	418000	-1.68243929060354	0.367151987376295	0.688159097005884
418000	419000	-1.87154566939865	0.128511047767961	0.974146626887446
419000	420000	-2.07377754613778	-0.173396575810758	1.44220242814912
420000	421000	-2.43319574881997	-0.301469526529439	1.10029365979167
421000	422000	-2.68906481270594	-0.1773516378776	0.827387385983005
422000	423000	-2.28355681629468	-0.032334660814469	0.694062954555361
423000	424000	-2.00807128010502	-0.386467833329043	0.901461698388694
424000	425000	-2.29059798682683	-0.71485143052742	0.948365792478815
425000	426000	-2.36614321360782	-0.491614621303094	0.584791185579567
426000	427000	-2.67549188359181	-0.677790376815873	0.70358514584016
427000	428000	-2.58568367950997	-0.77969011260621	0.252771275889649
428000	429000	-2.93762003530027	-0.546547969978826	0.389752848526823
429000	430000	-2.8258284644336	-0.244206604342869	0.136197329423511
430000	431000	-3.29895823932548	-0.0217080208761738	0.384110321615951
431000	432000	-3.24414424194871	-0.432027870814494	0.115696241249578
432000	433000	-3.52217680674296	-0.693088301835268	0.46574567432926
433000	434000	-3.14167603448447	-0.856313878664989	0.0620101864734687
434000	435000	-2.99805165707969	-1.20225595992257	0.259481415563985
435000	436000	-3.03879424532997	-1.4412691913386	-0.197524500625949
436000	437000	-2.74039288880311	-1.614447306302	0.246917028713332
437000	438000	-2.55298305500715	-1.63097365969626	0.566039353178421
438000	439000	-2.90944729652472	-1.5076091260651	0.627160671529799
439000	440000	-3.07405123049655	-1.84318520520832	0.470798315450431
440000	441000	-2.84125067977269	-1.84714622922953	0.894826175895655
441000	442000	-2.75258513305216	-2.04000716905447	0.595093439631497
442000	443000	-3.10499299649906	-2.34327665999387	0.977529919550503
443000	444000	-2.73777347922682	-2.4392157403339	0.653083946550414
444000	445000	-2.47452590836945	-2.18460386294914	0.848644251918232
445000	446000	-2.42621868354273	-2.1804083275542	0.31195368306752
446000	447000	-2.85835013480434	-2.49886916829489	-0.799269219484205
447000	448000	-1.74579124468425	-1.38438700244426	1.10440866751441
448000	449000	-1.40702212347633	-1.62337056178959	1.19352524487045
449000	450000	-1.20030824862056	-1.28105706108488	1.06006438766371
450000	451000	-1.06354514924784	-1.50528863886004	1.42692601788909
451000	452000	-1.35600321371329	-1.25107676642067	1.44698246787322
452000	453000	-1.57784182786769	-1.46638019096678	1.70042018079623
453000	454000	-1.55919620059762	-0.979022162297209	1.72139785175133
454000	455000	-1.54919973967083	-1.18564558921586	2.0870800851752
455000	456000	-1.19345437015275	-1.1687120654454	1.89903381976314
456000	457000	-1.06741795903411	-1.16152030197634	2.29407993066753
457000	458000	-0.913897496717703	-1.50674178591164	2.14697516975067
458000	459000	-1.17655043884031	-1.83843806076332	2.06762018020861
459000	460000	-1.13586059118722	-1.75961716702561	2.51009290712239
460000	461000	-0.8800406956192	-2.04901551202903	2.35815647966931
461000	462000	-0.636268380544806	-1.89837971834252	2.87940971469676
462000	463000	-0.392248252000816	-1.8169589209569	2.35969253191422
463000	464000	-0.469793661887	-1.39397607988389	2.26482044854993
464000	465000	-0.515169285494477	-1.53862855058969	1.85098928801276
465000	466000	-0.570649303863138	-1.10072275536761	1.9222493083171
466000	467000	-0.19440415232587	-1.2139388581057	1.94541079980797
467000	468000	-0.186777754139222	-1.20120780774216	1.57206764296033
468000	469000	-0.397993913734643	-0.967229545019932	1.34379772027087
469000	470000	-0.189444079579341	-0.79337627383996	1.64822255419283
470000	471000	-0.0919101944790327	-0.554946341767328	1.29638709559202
471000	472000	-0.0786241614318026	-0.290945829773722	1.7149952550203
472000	473000	-0.461668905095333	-0.345368403334982	1.4676769859835
473000	474000	-0.823884858662552	-0.392031817915221	1.68143550804011
474000	475000	-0.667013915915476	-0.00880235945834204	1.8793851350641
475000	476000	-0.580903973897058	-0.335896433880613	2.06697799752145
476000	477000	-0.460690371505054	-0.0692897625800998	2.29749593769924
477000	478000	-0.740192498666404	-0.390619667671691	2.58152153076049
478000	479000	0.0601242666674949	-0.311111060990358	2.41203863230479
479000	480000	0.0582388877763124	-0.627260714259633	2.66596960297212
480000	481000	0.393819253947262	-0.862935441501926	2.77616383451382
481000	482000	0.074082604534862	-1.14060520989341	2.96128433994767
482000	483000	0.484149836747914	-1.35574190562444	2.92943928319129
483000	484000	0.212017637534737	-1.49128289823876	2.59617175777915
484000	485000	0.605254996459416	-1.59116416639893	2.41703849858231
485000	486000	0.305227616861486	-1.92458472351282	2.43367167257941
486000	487000	0.488609881041353	-2.07396932557819	2.90353633400351
487000	488000	0.690438836161512	-2.19152529847527	2.34533812531074
488000	489000	0.683353754239928	-2.50330158600908	2.06230325042751
489000	490000	0.451957339621369	-2.19748713966987	1.97578607201257
490000	491000	0.143777662143151	-2.35121927501516	1.77343329895885
491000	492000	0.0652335133768575	-2.17695461026536	2.10189951162469
492000	493000	0.130390058371523	-2.52367080359075	2.19405871000077
493000	494000	0.0518957541488221	-2.46617088211825	2.61652520342943
494000	495000	0.516383928258033	-2.57962044893904	2.63023462870314
495000	496000	1.24805100814438	-3.1350014622307	3.58739431149639
496000	497000	1.19616427256257	-2.24554933772997	2.58843756464994
497000	498000	1.40511814038996	-1.90234731114525	2.51100989412661
498000	499000	1.46238026084118	-1.65272128363063	2.31432235804076
499000	5e+05	1.73702930218018	-1.85532595211563	2.32236768756076
5e+05	501000	1.43876346167325	-1.97596516517907	2.06318756981343
501000	502000	1.6742631251352	-2.24187609237052	2.20947651926337
502000	503000	2.14676132581038	-2.15036870959956	1.92450092221899
503000	504000	1.91295950917582	-1.79425182351848	1.56172212097324
504000	505000	1.97489338255376	-1.93190062986701	1.20969214434074
505000	506000	1.62765935870609	-1.71412202686722	0.988934399660165
506000	507000	1.64034364506649	-2.15170472926387	0.815855372002652
507000	508000	1.21616274485101	-1.95274352343307	0.730033731645538
508000	509000	1.31968129291354	-2.31172841871517	0.533996660122502
509000	510000	0.978142189778534	-2.36363446734178	0.70921444662882
510000	511000	1.2316942169616	-2.43328390547556	1.00245601427548
511000	512000	1.31272687324625	-2.20206031361855	1.33553743347535
512000	513000	1.37670931699845	-2.63028678406101	1.44134758148901
513000	514000	0.900820828770097	-2.55297964608349	1.32122242242678
514000	515000	0.949910306507188	-2.16440024055703	1.12632098665069
515000	516000	0.877652496576179	-1.75780396604166	1.18016147619459
516000	517000	0.698221196359803	-1.96951573664561	0.824193828266935
517000	518000	0.555732864215148	-2.2459271125255	1.05647432476872
518000	519000	0.320164587057128	-2.75442603461979	0.93473056873177
519000	520000	-0.129905593929447	-2.43320132738483	1.05514150570482
520000	521000	-0.526346331105083	-2.6724540543285	0.991953576882342
521000	522000	-0.86041265608511	-2.56028405331436	1.29276518506251
522000	523000	-1.11078278685213	-2.53161078919683	1.61042368876933
523000	524000	-1.96937819612153	-2.97004092727545	2.77233986945101
524000	525000	-1.50734410064754	-2.52020413290739	1.40347110908821
525000	526000	-1.33038398624044	-2.74031218819156	1.1157492058715
526000	527000	-1.39782461418118	-2.95215101944429	1.42555901374531
527000	528000	-1.75054420074114	-2.93866944266825	1.14050847815073
528000	529000	-2.75518465210347	-3.77816740083979	1.29219532701968
529000	530000	-2.00080968504776	-2.55045758300249	0.894719709895712
530000	531000	-1.70895438123107	-2.56060107049269	0.60354917910697
531000	532000	-1.49045566847555	-2.25474089418348	0.794409652912764
532000	533000	-1.81445552420525	-2.16414613286883	1.03631780716089
533000	534000	-2.93134430069765	-2.38002634341909	2.20938022137133
534000	535000	-1.87764061616898	-2.16139623210193	0.695728346623808
535000	536000	-1.65716439941276	-1.94065543791996	0.451098254951036
536000	537000	-1.49364285133307	-2.01492233622766	0.00443060535089388
537000	538000	-2.2543122515371	-3.39133595209032	-0.643346966483141
538000	539000	-1.85289870177994	-1.71302755307186	-0.155707989441677
539000	540000	-1.58042734818631	-1.44044830931344	-0.0661910698127851
540000	541000	-1.90297718334085	-1.3310625053711	0.308919806803101
541000	542000	-1.9564274275644	-1.0885069964582	-0.173687843377794
542000	543000	-1.86636604834403	-0.747787762232713	0.129301392555333
543000	544000	-1.49878588187841	-0.908029280498571	0.0349057140911388
544000	545000	-1.42384750341834	-0.785694326587634	0.474759512005071
545000	546000	-1.07736863245135	-0.759402663196025	0.159709880989936
546000	547000	-0.824491545700494	-0.819489685529797	0.496059104782369
547000	548000	-0.503800359195645	-0.699167150459328	0.252979246953375
548000	549000	-0.79090605022911	-0.396323073291037	0.34822519795248
549000	550000	-1.15196565718514	-0.205495933520518	0.178262538881779
550000	551000	-2.9630121385055	-0.188130352423784	-0.906180721932724
551000	552000	-1.41068608994397	-0.359816665053932	-0.287386171608069
552000	553000	-1.76966113143099	-0.0693865270349754	-0.29757665826449
553000	554000	-1.50905522391616	0.0700875903425582	-0.768225588483757
554000	555000	-1.66365855772283	-0.153943633341159	-1.06555364249008
555000	556000	-1.25925852840477	-0.140747901756766	-1.22999117379989
556000	557000	-0.79609867163912	-0.333501790718171	-1.31023968167469
557000	558000	-0.540244326749181	-0.751796459694553	-1.1506200851845
558000	559000	-0.578321604961507	-1.08430978818098	-1.3725177821413
559000	560000	-0.477710714156259	-0.707920761255899	-1.60917816563774
560000	561000	-1.38555271844445	-1.50287668341906	-3.31015075929191
561000	562000	-0.938218669367981	-0.915766722539827	-1.79592089465662
562000	563000	-1.13023400423922	-0.702128752203444	-1.52651855780756
563000	564000	-1.31267287184652	-1.07687080543831	-1.47287278719001
564000	565000	-1.45047086826832	-1.14101622439122	-1.02475252990653
565000	566000	-1.27219445019268	-0.900178344077064	-0.659392397394371
566000	567000	-0.838021005781967	-0.819829744475744	-0.771232205276518
567000	568000	-1.00724063071964	-0.916005545561328	-1.11765597183127
568000	569000	-1.39857257499725	-0.674027893959559	-1.11620006993073
569000	570000	-1.10998275381942	-0.485873500538868	-0.915242530397
570000	571000	-0.950809399812766	-0.306241097263169	-0.577702860528301
571000	572000	-0.712470243016587	-0.612757628118698	-0.413309046407895
572000	573000	-0.782544616578319	-1.09739647953879	-0.349209557253515
573000	574000	-0.493795501398686	-1.23862200234745	-0.646194354596146
574000	575000	-0.749598054887985	-1.51236010615938	-0.821634078224097
575000	576000	-2.57883235458373	-2.44821974026302	-1.94926863171654
576000	577000	-1.20223813444169	-2.28985482377106	-1.92322121624613
577000	578000	-0.850808892237781	-1.93041859364144	-1.58618863031115
578000	579000	-0.428647554479289	-1.8317272998736	-1.55573293873013
579000	580000	-0.172442018034239	-1.8761336338001	-1.89427358887467
580000	581000	-0.640333105785022	-1.97646611503367	-2.13505403759412
581000	582000	-1.16982029886643	-1.62823768266481	-1.98968045699365
582000	583000	-1.55828054120559	-1.79257591059659	-1.4413328652884
583000	584000	-1.61719982712257	-1.84199132628321	-0.85464180569636
584000	585000	-1.23913651228519	-1.91940542329748	-0.824183793347806
585000	586000	-0.923168372405242	-2.07137665076512	-1.04864008571212
586000	587000	-1.16557277584505	-2.49202972472738	-0.903322491215961
587000	588000	-1.25359911936408	-2.26955208588482	-1.22596576492616
588000	589000	-1.4530288554382	-2.63254504506539	-1.32266687869328
589000	590000	-0.946636415969464	-2.62898435482789	-1.37158309900127
590000	591000	-0.52820316825631	-2.70029550042419	-1.70436167533172
591000	592000	-0.4737931116062	-2.34262998233268	-1.28918628959585
592000	593000	-0.0672598525401991	-2.53836581815656	-1.19898091049017
593000	594000	-0.257576162098014	-2.27979712690308	-0.927354007942873
594000	595000	-0.401998307618648	-2.68347609768097	-0.8345658556351
595000	596000	-0.304315171270814	-2.41117291126158	-0.484946252138941
596000	597000	-0.475541473372567	-2.56284426048075	-0.178972536778673
597000	598000	-0.672910622968641	-2.23959351086986	-0.192556551226141
598000	599000	-0.68404402321479	-2.33513663795932	0.203831493084347
599000	6e+05	-0.88443122824247	-3.87910480079882	0.438885158648362
6e+05	601000	-0.856563818554769	-2.07926672077513	0.644138560591816
601000	602000	-0.584764553239582	-1.71146095737162	0.572371967051717
602000	603000	-0.41124841151582	-2.08074750821733	0.655765297635577
603000	604000	-0.441151817928087	-1.8631811625484	0.993361671325833
604000	605000	-0.0568977831086649	-1.84375508227657	0.791056516553733
605000	606000	0.00152445077611657	-1.5831483357667	0.460205573443839
606000	607000	0.144112282920323	-1.82720331256808	0.106610461240369
607000	608000	0.204447815405176	-1.61191469967482	-0.30329780847072
608000	609000	0.214266691151578	-1.61859460874811	-0.723533250735272
609000	610000	0.221879199559993	-1.54718952914337	-1.15986936861883
610000	611000	0.28795296306551	-1.48988434943845	-1.52951916511241
611000	612000	0.172192826854568	-1.20927257487822	-1.85171138893141
612000	613000	0.594709586499032	-1.43624996625033	-2.09216126313239
613000	614000	0.542737124910563	-0.958041534951536	-2.12454239646886
614000	615000	0.202022512653871	-0.811247710575276	-2.2853747465441
615000	616000	0.0862916511341701	-0.368513218233326	-1.97482637031633
616000	617000	0.0918838028065376	-0.361572155810939	-2.44159895373439
617000	618000	-0.127631590534986	-0.439169578188072	-2.76565201944913
618000	619000	-0.167828722650026	-0.472267204216461	-3.14301884359624
619000	620000	0.222901119517035	-0.355302829823513	-3.26267637150313
620000	621000	0.267958183843704	-0.42271832248806	-2.89228943468657
621000	622000	0.223659059162988	-0.0599294063234944	-2.82919822957179
622000	623000	0.742368533364564	-0.00398413342296932	-3.03804807211484
623000	624000	0.777033087056371	-0.390620265719159	-2.57827872557254
624000	625000	0.670885605693549	-0.711413187161628	-2.85889174797631
625000	626000	0.786779403021025	-0.778389282843892	-3.39969526485944
