0	1000	0.753882391692278	-1.27105383114931	-0.190331167548905
1000	2000	0.908337857944961	-1.38962839380222	-0.265356104658866
2000	3000	0.95002760541192	-1.56367573830723	-0.32466281399094
3000	4000	1.0467014066684	-1.55257929033348	-0.456319455598547
4000	5000	0.926772160084315	-1.68293677758884	-0.540583331529456
5000	6000	1.05225882515391	-1.55643806461688	-0.683588130621092
6000	7000	0.857773893375267	-1.46527583564355	-0.646577661273635
7000	8000	0.82192557168715	-1.29524993871877	-0.541969757728522
8000	9000	0.759373200872684	-1.12670154800168	-0.554642663456796
9000	10000	0.875044306038014	-1.1232511212534	-0.665047323797175
10000	11000	0.961002350589008	-1.22522592050348	-0.817537398752933
11000	12000	1.05627553845624	-1.35123992986045	-0.970635661538697
12000	13000	0.859553025032482	-1.47127848725277	-1.03837703388972
13000	14000	0.741036299449241	-1.31535816986979	-0.956918388434105
14000	15000	0.580048704579913	-1.27689906729988	-0.876472179714332
15000	16000	0.61687193102168	-1.16325260957114	-1.03281564951462
16000	17000	0.545496234371424	-1.35221192988495	-1.12389035319588
17000	18000	0.61129938302704	-1.31560152623072	-1.2921696169607
18000	19000	0.452314549163673	-1.24727280409534	-1.35098013319733
19000	20000	0.449908276007167	-1.11275332166152	-1.27622712981835
20000	21000	0.372586638788342	-1.01023684852995	-1.13374311302432
21000	22000	0.48647396862776	-0.908904280998726	-1.10295690675663
22000	23000	0.498745646577063	-0.833163587579605	-1.25624167246422
23000	24000	0.641886926170935	-0.899379778033863	-1.29863909632443
24000	25000	0.638599966081088	-0.94987154611449	-1.46671314009998
25000	26000	0.821147175558248	-1.05589359676554	-1.455997758912
26000	27000	0.980545061737698	-1.12896125863589	-1.54721116787216
27000	28000	1.35627285942749	-1.28469457654773	-1.79475811206203
28000	29000	1.86734955694922	-1.52630446002361	-2.26382590052559
29000	30000	1.59156495618068	-1.17273311360468	-1.85462980606796
30000	31000	1.27296343076305	-0.973038306901139	-1.5031363022202
31000	32000	1.13732123836145	-0.88577185700242	-1.35143602878104
32000	33000	1.04604104600056	-0.784678157066139	-1.19325584051876
33000	34000	1.07881221327152	-0.593469200863119	-1.10170203495608
34000	35000	1.19784456468835	-0.69684836265514	-1.00425940993275
35000	36000	1.36558694017951	-0.583050226912462	-1.11790664255557
36000	37000	1.46964659288132	-0.8036105775592	-1.03121526440555
37000	38000	1.56915945012743	-0.606904265248988	-1.01310672598034
38000	39000	1.72809951142333	-0.757115586562752	-0.97116657064788
39000	40000	1.84672968747132	-0.712400404259878	-1.07044481346007
40000	41000	2.20380427457319	-0.839927867107815	-1.24848102473497
41000	42000	2.79396427029046	-0.874084974547038	-1.48467036983334
42000	43000	2.34217611012613	-0.62788179031422	-1.10868159673161
43000	44000	2.01793711704243	-0.467667333959967	-0.908786377891944
44000	45000	2.07277738201893	-0.329633039309933	-0.81973171119018
45000	46000	2.43911797282611	-0.301919521960593	-0.880885209747557
46000	47000	3.14985700951862	-0.287327514410202	-0.961348205035645
47000	48000	2.59685708121785	-0.281693843103999	-0.637540058876418
48000	49000	2.24446195911443	-0.231539624422199	-0.542248139154857
49000	50000	1.96581837585861	-0.274735483014516	-0.490793473943145
50000	51000	1.82303036923185	-0.202749684263102	-0.461972046114031
51000	52000	1.65483547517583	-0.278002140011362	-0.416093421964072
52000	53000	1.63548425673741	-0.190594046602704	-0.278524675085664
53000	54000	1.61096449121855	-0.390949923084241	-0.197580605570249
54000	55000	1.74335813668826	-0.280249374010311	-0.0921177922633916
55000	56000	1.81139135598805	-0.394910689361971	0.0176912732488646
56000	57000	1.93193238371926	-0.264944109804434	-0.109605976095144
57000	58000	1.99279450357981	-0.273208028236112	0.0329571344296785
58000	59000	2.09249775548322	-0.0799206101905213	-0.0223334981439061
59000	60000	2.01681781019684	-0.149958797789462	0.162341552860657
60000	61000	1.93142045545893	-0.00114738273385832	0.216995387725736
61000	62000	1.82725671634379	-0.142240740727049	0.246724889719339
62000	63000	1.74730430560337	0.00790311545163444	0.244700936920532
63000	64000	1.63957400748669	-0.121919461545477	0.203314061952199
64000	65000	1.53270977225027	-0.0151348234034226	0.140802314430796
65000	66000	1.60466312022269	-0.0320474609275265	0.0233561237153133
66000	67000	1.73947089001707	0.0810263630345757	-0.0348546606630229
67000	68000	1.89217251534934	0.12746538114344	-0.0218535026447914
68000	69000	2.06023732155618	0.257245386514254	0.0574046100636216
69000	70000	1.84827225392604	0.245114790281663	0.131607146919057
70000	71000	1.71122037263958	0.301488634591808	0.0574336494940976
71000	72000	1.5832573636753	0.267539629005736	0.0941245643084483
72000	73000	1.47951614274663	0.322191503918022	-0.0451430121971301
73000	74000	1.4784233037712	0.192700814606829	-0.164218642819211
74000	75000	1.57012575948812	0.272441873157594	-0.241686902710341
75000	76000	1.71716831710875	0.223810498561289	-0.258575773678511
76000	77000	1.78292031993633	0.384880240225263	-0.315750820201884
77000	78000	1.92029855746433	0.36335826290229	-0.263727706073146
78000	79000	1.91307969585758	0.512203099358616	-0.168285653449647
79000	80000	1.9614525261492	0.572419842689899	-0.00148150312966191
80000	81000	1.79281628892808	0.630821998269257	0.0267769996824021
81000	82000	1.66739994676762	0.586579791348826	0.064088089617092
82000	83000	1.48084156730474	0.608934050575064	0.0366771131029041
83000	84000	1.47670382232721	0.591449936660511	-0.13607719169797
84000	85000	1.5325759300756	0.770986271132639	-0.138994910842046
85000	86000	1.69118622954145	0.779814740750858	-0.220844820563501
86000	87000	1.58159254864676	0.85772689267659	-0.39232954270845
87000	88000	1.53419820927344	0.679186340134968	-0.411532574124333
88000	89000	1.56934055396611	0.569846892692258	-0.534984676637784
89000	90000	1.75678820344751	0.633843947669939	-0.588682189841253
90000	91000	2.08322247537881	0.848799056392416	-0.700301392419766
91000	92000	2.61525512802311	1.23253325682076	-0.997403600316934
92000	93000	2.00419166361415	1.01130064249893	-0.857834030616639
93000	94000	1.69616837594528	0.857901047316416	-0.833836551356026
94000	95000	1.43975799191039	0.776640789399049	-0.766236282987104
95000	96000	1.35187655703127	0.614464804996398	-0.797471020978937
96000	97000	1.16579484455797	0.636048933464754	-0.696486686519942
97000	98000	1.1152354915806	0.520746107581715	-0.590604593746109
98000	99000	1.03261707924169	0.639813110173995	-0.503737349493167
99000	1e+05	0.874165382867277	0.488636097742519	-0.581360277490491
1e+05	101000	0.808648004869978	0.609570347263123	-0.70226733870561
101000	102000	0.810088994453275	0.534931831666017	-0.856228346781144
102000	103000	0.975002291453572	0.525940023125486	-0.993540883510072
103000	104000	1.01023580320492	0.372421232709658	-1.06896213159727
104000	105000	1.1101392360615	0.233951142504784	-0.98900939845424
105000	106000	0.905474081164869	0.124944798052655	-0.884410216615363
106000	107000	0.84244243147707	0.141485755619382	-0.710376981653755
107000	108000	0.678483582140611	0.136237502290742	-0.641559455016442
108000	109000	0.688753307559813	0.128417408469661	-0.442261148236505
109000	110000	0.600243912120974	-0.0391492633853161	-0.33034846199545
110000	111000	0.784369271293692	-0.130375342904347	-0.287985776716696
111000	112000	0.699369423950188	-0.297893819061505	-0.39798622412523
112000	113000	0.873192549640957	-0.332554562799685	-0.55354598782257
113000	114000	0.784662991124137	-0.33573317806221	-0.760867577502986
114000	115000	0.876783539490631	-0.263851172588085	-1.00814659125768
115000	116000	0.874893032784845	-0.291239724252974	-1.28625248421951
116000	117000	0.876577071807949	-0.492339708600744	-1.49277267225351
117000	118000	0.966678716375975	-0.79901892734772	-1.80590054734104
118000	119000	1.14495617760369	-1.31208268426746	-2.24332868598907
119000	120000	1.29658311988176	-1.77727888822055	-2.71886531324055
120000	121000	1.07617069306181	-1.74384600495691	-2.16545021501128
121000	122000	0.841886791932047	-1.73256738959434	-1.75981643105621
122000	123000	0.731868456406083	-1.92624283469924	-1.58799374690578
123000	124000	0.783200199104076	-2.33623132954391	-1.73490107877093
124000	125000	0.777701226371653	-2.89039412696545	-2.06812975961424
125000	126000	0.499762665652622	-2.57446706552709	-1.69689493865256
126000	127000	0.261172724516656	-2.42065504583433	-1.42956501857423
127000	128000	0.0816010259428126	-2.74900386697901	-1.4050743802557
128000	129000	-0.10914721546227	-3.30084650490302	-1.52728601875421
129000	130000	-0.235172764349519	-2.79387681205662	-1.18854618143584
130000	131000	-0.337381923714662	-2.37173205138016	-0.954768722040561
131000	132000	-0.395623765556138	-2.21285832579843	-0.733509250118192
132000	133000	-0.49338335526487	-2.05501130533065	-0.558673733260603
133000	134000	-0.66690917487183	-2.14563343980302	-0.452568185800839
134000	135000	-0.817274727596173	-2.32440369117039	-0.490675076778448
135000	136000	-1.01843377207953	-2.83304627361491	-0.563653892671851
136000	137000	-1.39822610569273	-3.56531093425036	-0.580711565176668
137000	138000	-1.61684131966599	-3.50477947911717	-0.498074429402462
138000	139000	-1.72544444231497	-3.37049899284427	-0.355905805940438
139000	140000	-1.34221659873675	-2.53041944880707	-0.322778674073947
140000	141000	-1.05563471132178	-2.01504393147694	-0.337481340335616
141000	142000	-0.949737755071702	-1.74146791484063	-0.229741221064446
142000	143000	-0.895753378356286	-1.70600917867309	-0.0686011562295009
143000	144000	-0.844546393667862	-1.53065828266081	-0.0222786729994511
144000	145000	-0.675428883536449	-1.44766345693001	-0.130823913804973
145000	146000	-0.619091307869324	-1.29043947912732	-0.158282760396055
146000	147000	-0.64773586527922	-1.23680839677007	-0.0010896623500597
147000	148000	-0.698648107976884	-1.17488162189839	0.15614551502706
148000	149000	-0.75770841371107	-0.961698159507018	0.0603999225140604
149000	150000	-0.629648043776813	-0.875259272941776	-0.0359414435749881
150000	151000	-0.696839043472712	-0.82756481893858	-0.2050967231969
151000	152000	-0.642034621256081	-0.953273881925097	-0.311866308497736
152000	153000	-0.825989618722315	-1.07150151591658	-0.326922801763696
153000	154000	-0.934475360370046	-1.16834813614805	-0.251435748662478
154000	155000	-1.10368580947735	-1.14488193346088	-0.158035026768813
155000	156000	-1.14014163756229	-0.939949574639699	-0.142077797058289
156000	157000	-1.08802300666773	-0.800299805369117	-0.209607332838845
157000	158000	-1.01035771045601	-0.857321113471807	-0.361845938976505
158000	159000	-1.06044021338979	-0.957578975443961	-0.515744762029218
159000	160000	-1.230926810015	-1.05384711125395	-0.477999094656148
160000	161000	-1.38990673697338	-1.08389760548716	-0.467078343585201
161000	162000	-1.54868585876837	-1.22183767660415	-0.484368853247356
162000	163000	-1.56530326232084	-1.23045574157236	-0.672283936422472
163000	164000	-1.32107435891924	-1.26347340699502	-0.74703484393787
164000	165000	-1.25508533436229	-1.12095241561568	-0.760841867384525
165000	166000	-1.21893448456573	-0.977275647072144	-0.79665778391908
166000	167000	-1.32399820963939	-0.884292336580905	-0.761918961690238
167000	168000	-1.54762542913918	-0.822871840127934	-0.770116685866978
168000	169000	-1.52820132593323	-0.971278613395257	-0.871856110378512
169000	170000	-1.54587302704994	-1.01393073698224	-0.96752616630112
170000	171000	-1.48506355538932	-1.19892323482597	-1.04011757350151
171000	172000	-1.56571772552582	-1.1670319862759	-1.19783394251437
172000	173000	-1.3532086657658	-1.08971689450817	-1.18074627974485
173000	174000	-1.39603325788574	-0.9327208339109	-1.12653499431391
174000	175000	-1.26687121970012	-0.822743811612764	-1.13257104468675
175000	176000	-1.42563648430357	-0.733229884039947	-1.18706645891097
176000	177000	-1.3736423338093	-0.856209209854424	-1.3277952499118
177000	178000	-1.53166365287481	-0.838211763619388	-1.42474844988289
178000	179000	-1.44889396667237	-0.862882322254436	-1.61557880244683
179000	180000	-1.45019950305029	-0.627513015584068	-1.56431889138994
180000	181000	-1.26262480506295	-0.615278051393332	-1.52544358585262
181000	182000	-1.29757555684605	-0.514235135942068	-1.37810923336066
182000	183000	-1.12775356135495	-0.45402875608989	-1.42871443764094
183000	184000	-1.20237591636214	-0.326212938752376	-1.37910924287699
184000	185000	-1.18693852613485	-0.307878566577224	-1.57496213469554
185000	186000	-1.37033828787094	-0.2605910799073	-1.65133843943459
186000	187000	-1.31197209006174	-0.415504612241234	-1.78599862993371
187000	188000	-1.27702002864705	-0.278109460838102	-1.94370214034022
188000	189000	-1.09613311316299	-0.338951928391481	-2.00221574459159
189000	190000	-1.01544408045544	-0.306976459523605	-1.78515169352426
190000	191000	-0.904962119570739	-0.410200659556991	-1.72791231135182
191000	192000	-0.866048548626756	-0.516420655260826	-1.85509823435082
192000	193000	-0.889388367754143	-0.498407934016877	-2.02336436896995
193000	194000	-0.757414091926948	-0.388262188923122	-2.09851272340074
194000	195000	-0.67587226738673	-0.34645189141733	-1.90942002347615
195000	196000	-0.615346523337655	-0.279211394747196	-1.74122125131408
196000	197000	-0.716727044428558	-0.19541050082499	-1.6438536526663
197000	198000	-0.713345503851253	-0.0277999686017812	-1.77783539857846
198000	199000	-0.844110429098512	-0.0146700871305433	-1.89949569106188
199000	2e+05	-0.872962229043819	0.10688917773381	-1.79139586364124
2e+05	201000	-0.950723029586224	-0.00360093704396625	-1.69840916014702
201000	202000	-0.947019397287681	0.0682176032356459	-1.52065313204921
202000	203000	-1.14742095256688	0.0819803521785323	-1.51084931571065
203000	204000	-1.14154877125054	0.246527931838967	-1.60529648044395
204000	205000	-1.20915505824333	0.236517634817671	-1.78717855249303
205000	206000	-1.24898989320147	0.30657796576295	-1.9792617301851
206000	207000	-1.45742484649916	0.46309732577851	-2.29969656901632
207000	208000	-1.74860744372884	0.779322138987268	-2.86830868443877
208000	209000	-1.41926737817171	0.720044565544152	-2.29311328401574
209000	210000	-1.1905006666854	0.690550195152239	-1.99518162631555
210000	211000	-1.04347569706153	0.664975558562637	-1.86558271400697
211000	212000	-0.904008928999102	0.64678156825002	-1.74708585177987
212000	213000	-0.94163028925545	0.663347659460939	-1.59437403269758
213000	214000	-1.06610753206208	0.628014604089537	-1.51314686003137
214000	215000	-1.21675038944408	0.686288353714315	-1.60948466823606
215000	216000	-1.30353772080502	0.82275180157389	-1.50467316025848
216000	217000	-1.23789215310284	0.942940803027348	-1.63382228780505
217000	218000	-1.13723806058907	0.950970879178751	-1.48240213083824
218000	219000	-0.988243629182688	0.935380647944127	-1.59391990781139
219000	220000	-0.960150426526955	1.03478144906932	-1.47399602657709
220000	221000	-0.971108754574894	1.16395980293205	-1.68139612648688
221000	222000	-0.950392519096636	1.34708900680689	-1.6336800872328
222000	223000	-0.79642057691523	1.23664849282745	-1.47864643793051
223000	224000	-0.826083761385092	1.10080211242078	-1.34911289179939
224000	225000	-0.948339707424079	1.06459598991652	-1.27023417250721
225000	226000	-1.12650745755196	1.1115313420656	-1.30171872084238
226000	227000	-1.22575166171074	1.21181040237705	-1.38775815113825
227000	228000	-1.19879951153446	1.36901826603007	-1.45514963282496
228000	229000	-1.06162008666819	1.40394265729468	-1.364764717867
229000	230000	-0.927778303050326	1.29248609138947	-1.22811595965612
230000	231000	-0.868064556604953	1.36007491598116	-1.15779001694802
231000	232000	-0.950423264357884	1.56478308195528	-1.1179241749867
232000	233000	-1.09599280745927	1.44033074029021	-1.10143105230288
233000	234000	-1.21112005572092	1.33764256190349	-1.10271680155775
234000	235000	-1.3840861521659	1.26612323213377	-1.08750347374993
235000	236000	-1.25534226038897	1.14476563861162	-0.99578982100674
236000	237000	-1.06691946115264	1.15605386261236	-0.952446706159046
237000	238000	-1.10720489264416	1.27706194327264	-0.834321546122551
238000	239000	-1.21546685110896	1.46824173294822	-0.818087215571104
239000	240000	-1.21411364259122	1.46569768255786	-0.646563994843233
240000	241000	-1.04543777810376	1.48540489728601	-0.574317140277963
241000	242000	-0.989740223408167	1.32903989220042	-0.574768561529937
242000	243000	-0.941729555172375	1.14650940660497	-0.582525103626674
243000	244000	-1.09043323669611	1.02968061084298	-0.555081953625049
244000	245000	-1.27907104320739	1.08165454779272	-0.555670886507889
245000	246000	-1.45478846950105	1.13223241160121	-0.391579223495867
246000	247000	-1.30125717713263	1.0992633225466	-0.261568786909481
247000	248000	-1.1395672092581	1.04606026825235	-0.24905202554941
248000	249000	-0.967301318676686	0.983956710822607	-0.20539339176213
249000	250000	-0.907978233240326	0.844165376940955	-0.269936100186993
250000	251000	-1.00100264813729	0.720428729290172	-0.190641188723363
251000	252000	-1.14931967373577	0.71079353516479	-0.191948624104791
252000	253000	-1.29408542844098	0.729802324361903	-0.292519039372543
253000	254000	-1.43353815339752	0.715544798301255	-0.432790923710776
254000	255000	-1.25683507491806	0.620942527953023	-0.516164878474009
255000	256000	-1.09154758804524	0.626069225304339	-0.494246907055607
256000	257000	-0.913168570897899	0.638506275650756	-0.437512139709035
257000	258000	-0.846684312183845	0.690649672183802	-0.588985900428941
258000	259000	-0.911172101190906	0.604205508017381	-0.737410659405885
259000	260000	-1.03880150059527	0.507914408725729	-0.715413028845565
260000	261000	-0.962372440657589	0.339633663297296	-0.651226110354999
261000	262000	-0.924901633394017	0.300994426559516	-0.482676053832835
262000	263000	-0.744245329950352	0.24095001104185	-0.473187565489467
263000	264000	-0.632326810486057	0.386754357692888	-0.473264769463911
264000	265000	-0.51999136938254	0.350074641460647	-0.628623271686939
265000	266000	-0.567479554348641	0.509028211412276	-0.726113375369168
266000	267000	-0.703884592135876	0.38797914153709	-0.850515687905594
267000	268000	-0.615437815470354	0.396497731376432	-1.02470381221476
268000	269000	-0.563502639533483	0.197475859164271	-0.991565736717541
269000	270000	-0.373502053788502	0.193255156006527	-0.971692787912343
270000	271000	-0.224193583843041	0.254189635959845	-0.934231608426138
271000	272000	-0.192323273923947	0.429078841965558	-0.866560897601532
272000	273000	-0.226733432570119	0.524345446221939	-1.01510640111719
273000	274000	-0.334871201005676	0.533361446814921	-1.09983822167928
274000	275000	-0.345271797647588	0.454309474477429	-1.30048360282879
275000	276000	-0.249151577498021	0.279776374134471	-1.31416863361292
276000	277000	-0.114087995528765	0.350049665506658	-1.25072999247602
277000	278000	-0.083955355659053	0.389083223894809	-1.3702513970892
278000	279000	-0.123452297247496	0.552888057309019	-1.45294630073724
279000	280000	-0.135689902325652	0.60767255016555	-1.58894318980952
280000	281000	-0.0960888152867766	0.804459087931658	-1.64128826630981
281000	282000	-0.236411704136	0.803015193535653	-1.44671242239341
282000	283000	-0.253165887445066	0.82418144305029	-1.25596835160219
283000	284000	-0.14654199931562	0.791525524181011	-1.15957677325529
284000	285000	0.0423634537384766	0.794434607177945	-1.19005906606742
285000	286000	0.0975878820974066	0.794309384249594	-1.3614761111805
286000	287000	0.209712579841605	0.981845906861626	-1.39572614845277
287000	288000	0.0434935330990844	1.0555440337096	-1.3008252294193
288000	289000	0.0151242412682765	1.13006961673354	-1.14491089585799
289000	290000	-0.0058409415861299	1.31048112449391	-1.25625903087021
290000	291000	0.0639418923337226	1.47519915136545	-1.42503778406016
291000	292000	0.12977584694338	1.83366349468849	-1.60190883709918
292000	293000	0.245486781113099	2.42284446013812	-1.94408761002727
293000	294000	0.178000986791744	2.05783600747415	-1.50761961764741
294000	295000	0.0998282600960789	1.75286458312929	-1.19786610498811
295000	296000	0.040863867913383	1.57634959257827	-1.07502008710492
296000	297000	0.0468164253650298	1.51028789081618	-0.88369504860817
297000	298000	0.219760892089053	1.47617786153949	-0.924577470363823
298000	299000	0.359412797985059	1.4801840865017	-0.802708146907907
299000	3e+05	0.256752627539987	1.33758262210762	-0.687586288420795
3e+05	301000	0.137051905662209	1.28538763552522	-0.616640743514072
301000	302000	-0.000876522483139792	1.33070209929723	-0.560116712488728
302000	303000	-0.0865290492546118	1.50056472912378	-0.594792109891412
303000	304000	-0.0337733566410982	1.68476505860834	-0.639478550235511
304000	305000	0.105766582135205	1.55729181958443	-0.509616960404169
305000	306000	0.232529581575631	1.52262612235361	-0.454480405852637
306000	307000	0.40235818612752	1.62300231908644	-0.442392381691803
307000	308000	0.408500474858434	1.79858074305806	-0.509545822186866
308000	309000	0.23649979417776	1.85393370777284	-0.464051365256771
309000	310000	0.0406411734805891	1.91080151785199	-0.487913016457234
310000	311000	-0.0519540063126807	1.75536634333265	-0.358376542051404
311000	312000	0.0131800490828675	1.80477399896167	-0.240557478972249
312000	313000	0.17770964569515	1.93498575834553	-0.206650971653278
313000	314000	0.254944166563923	1.738396161844	-0.187091788444988
314000	315000	0.25278572034987	1.57643451271055	-0.139223017599679
315000	316000	0.21061848387482	1.43681792555602	-0.0869012842448646
316000	317000	0.0633734732636268	1.42797851411112	-0.147683919693002
317000	318000	-0.0754119948360562	1.49153602629521	-0.0302100382320593
318000	319000	-0.0811709864308684	1.66341637882409	0.0078451741293046
319000	320000	-0.0324442405982209	1.6608372217221	0.180842451236988
320000	321000	0.105552291716923	1.7308294122641	0.19643082107661
321000	322000	0.262399043620756	1.70618222719311	0.265892396844774
322000	323000	0.273739316803122	1.91553414619236	0.313328162157145
323000	324000	0.28626400487907	2.11180418785972	0.419043511025734
324000	325000	0.317971159019109	2.44320616367957	0.508515471589327
325000	326000	0.507944023305312	3.02753815424979	0.757121164698728
326000	327000	0.345453135297296	2.42155075607121	0.806435464347
327000	328000	0.317492798217647	1.98065520389784	0.709303569310783
328000	329000	0.269309743667269	1.76460977283164	0.67697983054886
329000	330000	0.361645592399976	1.58299149635479	0.683934606334271
330000	331000	0.225949002751208	1.50045018199533	0.64096346527197
331000	332000	0.280052741204305	1.33625076811936	0.618553091266903
332000	333000	0.107069176400059	1.24034886541478	0.70181261943636
333000	334000	0.224754271311947	1.181523312957	0.815985750944263
334000	335000	0.257792033530839	1.3600423317964	0.941684928353402
335000	336000	0.320790505191941	1.5434069376599	0.961307300057075
336000	337000	0.242710613434922	1.65024839877359	1.04860660449929
337000	338000	0.076573927252778	1.72626803884168	1.11899881164547
338000	339000	-0.0349510327436317	1.51873808954005	1.11805306973485
339000	340000	-0.0513352343693724	1.3521780445612	1.02556948844642
340000	341000	-0.115517416281133	1.34607062336528	0.884247800093188
341000	342000	-0.117270294221517	1.51761336288629	0.784863175332878
342000	343000	-0.136695391101405	1.66856512092511	0.81901813270563
343000	344000	-0.152339227168325	1.78887292372359	0.927249408628006
344000	345000	-0.250497451826718	1.72564235791301	1.08058900742267
345000	346000	-0.321692737659808	1.56880931551607	1.04977973325162
346000	347000	-0.363352838582206	1.45708062556786	0.904610257914261
347000	348000	-0.437265476834145	1.37925471498353	0.739647989480525
348000	349000	-0.366722795327204	1.43969344825072	0.582102760000014
349000	350000	-0.513063461289574	1.57025663492182	0.599296837581641
350000	351000	-0.458170445550254	1.70550639385271	0.685873274574874
351000	352000	-0.602420817782524	1.62612603070187	0.817447257626558
352000	353000	-0.622739271291974	1.80152887448622	0.891031258722208
353000	354000	-0.614721834054644	1.73680973749103	1.1000203995558
354000	355000	-0.553461475365722	1.8912563704975	1.21270829929748
355000	356000	-0.609917626961311	2.054879351408	1.33654212458178
356000	357000	-0.771579167805528	2.51651120873351	1.57926250044917
357000	358000	-1.03074613191162	3.16885984614541	2.05785586242534
358000	359000	-1.16824624239228	3.06850119140827	2.1542345294396
359000	360000	-1.37879665229835	3.18367206039491	2.43348847186255
360000	361000	-1.76432555327279	3.64713905249998	2.93010786043759
361000	362000	-1.92630717950479	3.45657117156938	3.01984976022035
362000	363000	-1.92604456670858	3.17996564020951	2.89393191612209
363000	364000	-1.50164887775642	2.45479178010404	2.30758884379361
364000	365000	-1.16602087084397	1.98539848158645	1.89256853470575
365000	366000	-1.1029753568034	1.76672186162512	1.71015912597025
366000	367000	-1.27726832932296	1.64217726142659	1.68280976224783
367000	368000	-1.57771981794388	1.81039916281799	1.9059888451332
368000	369000	-1.9905457770374	1.96358356420889	2.25818135517229
369000	370000	-1.60437962641591	1.57862078389445	1.95305396375177
370000	371000	-1.25940774396238	1.34731395814945	1.66057961228124
371000	372000	-1.07216845226738	1.28006731370633	1.4362496349784
372000	373000	-0.972675072799158	1.21343574359733	1.30240753405815
373000	374000	-1.10098233152936	1.13510985201451	1.16147235006027
374000	375000	-1.18438659800641	0.977118751009499	1.2304433337128
375000	376000	-1.00166116565705	0.902056564236425	1.11356542187747
376000	377000	-0.826033334256497	0.918192128465582	1.14955546101014
377000	378000	-0.783306213779943	0.744708019368331	1.09650955754997
378000	379000	-0.823065952185324	0.648558746713842	1.24974206544515
379000	380000	-0.944487389124857	0.638339343546835	1.28978295138517
380000	381000	-1.00714368254757	0.69612604798148	1.45266522656107
381000	382000	-1.12185746455749	0.80204057700365	1.61576112381891
382000	383000	-0.953539414731447	0.896975567249801	1.59817232660016
383000	384000	-0.831266746089465	0.974792505284897	1.51514452255705
384000	385000	-0.692836764318631	0.961847149978999	1.4820407224216
385000	386000	-0.661785359448416	0.789599447194121	1.4467321144927
386000	387000	-0.609372199998155	0.694187513263788	1.55933641464574
387000	388000	-0.73551538256087	0.598989913499394	1.65264830871731
388000	389000	-0.665539665775435	0.712130225375697	1.74050182049905
389000	390000	-0.768423379266522	0.793821861879987	1.788171927147
390000	391000	-0.76533773539603	0.909928860213902	1.88502527236167
391000	392000	-0.720491052692868	1.08003957541999	1.96825322960275
392000	393000	-0.592621700804061	1.04318782316412	1.80958228964737
393000	394000	-0.504310608360532	0.947867091022366	1.79304874395826
394000	395000	-0.529966462514772	0.833820563890736	1.90784330142032
395000	396000	-0.523582282055519	0.931082850023881	2.03170880850174
396000	397000	-0.582173992678905	1.03601073714449	2.34139457382696
397000	398000	-0.627444110816841	1.32462385872948	3.01141236971913
398000	399000	-0.418181281604905	1.11733076850017	2.33599740535369
399000	4e+05	-0.378640912284275	1.00630485449493	2.15792903718521
4e+05	401000	-0.304649307802669	1.05421014365131	2.03670727825758
401000	402000	-0.232316640386185	0.902804526601878	2.11349844975674
402000	403000	-0.230672262914206	0.963998717848186	1.93062902870004
403000	404000	-0.231916046986032	0.848054178621436	1.89905237832855
404000	405000	-0.115191570005691	0.84221898921147	1.84267850263616
405000	406000	-0.115541211004603	0.735877441772197	1.88783482856933
406000	407000	-0.0564773586150632	0.745392237151951	2.02631862577266
407000	408000	-0.0102043022174256	0.873664640099245	2.16949106911847
408000	409000	-0.0136613327272202	0.908659502538805	1.98753328628876
409000	410000	-0.034054785047533	0.950137275605146	1.88143879004343
410000	411000	0.0730548055192995	0.990253159100855	1.80935423419457
411000	412000	0.0872775563396793	1.16447475805317	1.94595927405771
412000	413000	0.171585738828139	0.970138505057258	1.9305238585882
413000	414000	0.236817744674739	0.958336789059199	2.08366793840946
414000	415000	0.267435909158776	0.75040064830549	2.07880722451787
415000	416000	0.301916326787194	0.761819622845709	1.92829526787461
416000	417000	0.223473306744941	0.786078947470299	1.76558711694673
417000	418000	0.278425659097484	0.924321512128483	1.68569408860662
418000	419000	0.346660192562988	0.992699649793184	1.64305880002204
419000	420000	0.421669218563777	1.15954692550646	1.78421222384963
420000	421000	0.572224010706894	1.00676677873073	1.7357249026052
421000	422000	0.555442475839683	0.938210727088301	1.86466196041356
422000	423000	0.486846157549414	0.804539033695967	1.80636290927967
423000	424000	0.59976586484797	0.722106009162406	1.81187606555585
424000	425000	0.553120008210088	0.655850314031716	1.66403444124092
425000	426000	0.638175249391243	0.775664319565766	1.61315805186967
426000	427000	0.583217726939706	0.760297096178719	1.46209044099616
427000	428000	0.73857325305574	0.851234301784767	1.46373697844796
428000	429000	0.844876875399819	0.734772514960022	1.48028107519266
429000	430000	0.867082963245721	0.783209182664664	1.64737038691132
430000	431000	1.01349565801886	0.875474142492683	1.66734862845449
431000	432000	0.924805264869479	0.819410806297176	1.83447968063943
432000	433000	1.07598336206136	0.696611070980364	1.81159871996882
433000	434000	0.904028645577664	0.588760897959275	1.80715736243474
434000	435000	1.02094116834375	0.45268443348163	1.76076069599407
435000	436000	0.920545239282209	0.366624008862792	1.86004316095404
436000	437000	0.941912363143551	0.300423670466279	1.65132528571953
437000	438000	0.889533826898063	0.42873149228473	1.55565347956066
438000	439000	0.974144683741795	0.395744795945524	1.46157111730469
439000	440000	1.11439906111958	0.501802960198753	1.45548921439665
440000	441000	1.12258145679228	0.351133970766283	1.48583652662634
441000	442000	1.22745624621573	0.485795041149517	1.58142366349853
442000	443000	1.21767075650429	0.335070389856073	1.69013111823553
443000	444000	1.36070884250828	0.363933957829585	1.66631742893852
444000	445000	1.3666673576549	0.276987610848146	1.76486457796026
445000	446000	1.60982799988386	0.364536833835382	1.94679311424166
446000	447000	2.15286926608681	0.340727243691969	2.41733797172605
447000	448000	1.65766365209822	0.204407099443545	1.84981285017216
448000	449000	1.43724698127107	0.149587909767022	1.62734446493204
449000	450000	1.27779393398394	0.0474261961459403	1.5575361768775
450000	451000	1.19241958967733	-0.0237802627030166	1.46608350242335
451000	452000	1.17896246597023	0.0524891785039277	1.34620979693492
452000	453000	1.31884080965918	0.173619616129789	1.30317230160569
453000	454000	1.45776165622158	0.174357695972637	1.30432209354206
454000	455000	1.52345977602573	0.0400428384102946	1.39296424352336
455000	456000	1.47079912282284	-0.0426796118998842	1.40412742681731
456000	457000	1.31596495613169	-0.119872085650171	1.31764694781274
457000	458000	1.35854064458002	-0.081966104833205	1.16336635254838
458000	459000	1.42145027979508	0.0120319235436259	1.07038257721765
459000	460000	1.56242388157118	-0.0458733755482919	1.14700154585448
460000	461000	1.6947026120061	-0.115291138402856	1.18451816446295
461000	462000	1.72058556657021	-0.278058035474836	1.35488744331567
462000	463000	1.72856649076552	-0.352471245610487	1.15969707354965
463000	464000	1.52016100601485	-0.349001145034108	1.18572412274667
464000	465000	1.50624045740526	-0.303153125430899	0.983583171483762
465000	466000	1.38267587793832	-0.294015263149839	1.07853792543771
466000	467000	1.28323909288523	-0.314108584509224	0.947988941817707
467000	468000	1.23425193071812	-0.430347035504966	1.06935701819544
468000	469000	1.38100148024528	-0.518544613414257	0.991430809288203
469000	470000	1.41846741198019	-0.600672945870099	1.09479096263834
470000	471000	1.5931529590786	-0.622102729052479	0.975407572418776
471000	472000	1.50404982162066	-0.765985790514456	0.937775101814706
472000	473000	1.40755449827372	-0.653598623651287	0.813606974644364
473000	474000	1.27167468817315	-0.590915238404913	0.81138831975818
474000	475000	1.08770379985006	-0.634665005143315	0.772979757092084
475000	476000	1.11469557015819	-0.778576237393629	0.869121765335056
476000	477000	1.25843651306838	-0.878904733497041	0.853986270913079
477000	478000	1.35501112947195	-1.02754642915897	1.03195601466174
478000	479000	1.16960267427984	-0.975212547890835	1.05524449551193
479000	480000	1.06831154460034	-0.80837926017713	1.06721238163771
480000	481000	1.23734944510477	-0.790823738259496	1.19076556135321
481000	482000	1.29085271695241	-0.789274989800843	1.34708131629358
482000	483000	1.18186779480523	-0.639172764931569	1.32081648122886
483000	484000	1.04535970808209	-0.623889589044814	1.23202850313023
484000	485000	0.923158790055183	-0.738877294806692	1.23614518185493
485000	486000	0.974765684776183	-0.846281755537014	1.39325632491062
486000	487000	1.04410724331316	-0.889246269383565	1.57149762470394
487000	488000	1.01079498843835	-0.700161036555128	1.59766202938969
488000	489000	0.922230859246809	-0.637370849189111	1.51043001131846
489000	490000	0.815578066279683	-0.484779718583704	1.43486810210031
490000	491000	0.723391387892612	-0.629255390633821	1.42729544299776
491000	492000	0.679281048462077	-0.589313060355672	1.58332022135584
492000	493000	0.716278997396148	-0.716352641387674	1.65939727955155
493000	494000	0.718573817175817	-0.751629697998882	1.8409611038956
494000	495000	0.741388075962748	-0.940996682144125	2.10619783674318
495000	496000	0.796304366624854	-1.35360066873686	2.65016569268537
496000	497000	0.573387447223052	-1.05079443146155	2.08315619223968
497000	498000	0.528631154064135	-0.855222396770238	1.7426239004361
498000	499000	0.439819456455796	-0.82242857263539	1.58851941688991
499000	5e+05	0.419507185411462	-0.685346408241126	1.54222127561075
5e+05	501000	0.288780078113602	-0.737533734332431	1.6424924088972
501000	502000	0.377461646601242	-0.681646721148567	1.73737629749628
502000	503000	0.254250991187155	-0.754566424367174	1.86508416793718
503000	504000	0.270574003985333	-0.546304171739011	1.85152617288512
504000	505000	0.140656019676502	-0.598392077067955	1.75370499888116
505000	506000	0.231374135210969	-0.492886077961314	1.68627994505004
506000	507000	0.0992547341540362	-0.566329561666867	1.54659395251162
507000	508000	0.15166348623901	-0.386188380589299	1.5323464479055
508000	509000	-0.0210203332890575	-0.394086294443592	1.60548128187573
509000	510000	0.0417979480592655	-0.301022121450991	1.73069067661653
510000	511000	-0.115690933201823	-0.308647316563697	1.72955362831872
511000	512000	-0.0741910788278389	-0.336871439275113	1.8698430836065
512000	513000	-0.221152748854352	-0.456517667720792	1.90440787207303
513000	514000	-0.197047458919919	-0.590131209191977	1.84782443933287
514000	515000	-0.265026848398495	-0.573111858583684	1.6836247419182
515000	516000	-0.314215991115914	-0.570862601579248	1.54628505740761
516000	517000	-0.29555127888883	-0.385454180567628	1.54953881327788
517000	518000	-0.465507441469379	-0.380705597998024	1.52448222844257
518000	519000	-0.502061499298558	-0.308783027861661	1.68770178325278
519000	520000	-0.590372471088753	-0.483770000310314	1.69009831789554
520000	521000	-0.584311493594934	-0.371964207237021	1.82238568143423
521000	522000	-0.646981242096778	-0.5149420736292	1.92651215240031
522000	523000	-0.758471004363822	-0.610389414099014	2.19957634040259
523000	524000	-1.0824799323782	-0.868033475572768	2.72726499959253
524000	525000	-0.934734471856555	-0.59188797314436	2.10858792834268
525000	526000	-0.869897631811501	-0.457324201339265	1.8309706466041
526000	527000	-1.01811448086543	-0.397837023020873	1.8606588951211
527000	528000	-1.2448684577388	-0.455804967467107	2.11345058853265
528000	529000	-1.69562153871173	-0.631130516083243	2.54050589542375
529000	530000	-1.40030486234694	-0.40293264334184	1.98739299635828
530000	531000	-1.22318664304812	-0.316917446352417	1.71635986139488
531000	532000	-1.32198976107867	-0.330889242203834	1.55477657097716
532000	533000	-1.56265655893603	-0.428068576264244	1.74056742730644
533000	534000	-2.1025610157525	-0.574117878701126	2.10064409030902
534000	535000	-1.75845709976074	-0.366020277213566	1.61552163452506
535000	536000	-1.64124804724352	-0.288583382845945	1.42981704002511
536000	537000	-1.93208952517322	-0.274698165534313	1.5295245627615
537000	538000	-2.51677221720609	-0.346188629318201	1.62016153128293
538000	539000	-2.00439317811858	-0.231430162425876	1.27717346356337
539000	540000	-1.6676572181569	-0.201612197347471	1.05695917753432
540000	541000	-1.6142736956762	-0.131352562539308	0.914188230021352
541000	542000	-1.44611750394496	-0.190429978139397	0.825205060457041
542000	543000	-1.36700660175681	-0.00965462745128479	0.717265908476709
543000	544000	-1.24885821329125	-0.156256644538541	0.623723480623556
544000	545000	-1.32331599879932	0.0152677321022669	0.498433110040285
545000	546000	-1.32422654921869	-0.13284871770266	0.357788512648659
546000	547000	-1.43427193114307	-0.0460120184168036	0.263952347923841
547000	548000	-1.60707905602996	-0.124484013227376	0.176466179994868
548000	549000	-1.86222565271277	-0.0664269010561714	0.145065245025799
549000	550000	-2.31376298367632	-0.162187705204588	0.0408631792034636
550000	551000	-2.90875541035065	-0.209528892844115	-0.076996421733309
551000	552000	-2.30726319454704	-0.203566114297765	-0.278093217475852
552000	553000	-1.96458643953145	-0.179756665297732	-0.384887314654166
553000	554000	-1.68780200735281	-0.152370008479379	-0.411747461251715
554000	555000	-1.4560062709264	-0.14557224312111	-0.417306537002681
555000	556000	-1.33067411070904	-0.16660350180413	-0.613632201432598
556000	557000	-1.40381194546874	-0.223289384344986	-0.782501574387872
557000	558000	-1.56417298106702	-0.25932259018988	-0.87864170743019
558000	559000	-1.78796256145257	-0.328723409484646	-1.04732636808374
559000	560000	-2.15510063060221	-0.442894723697824	-1.28120041063695
560000	561000	-2.68306209602033	-0.625245137972707	-1.61959240291288
561000	562000	-1.92802818628493	-0.564048245289202	-1.33214270116436
562000	563000	-1.36623946817306	-0.458489390396455	-1.06602214040398
563000	564000	-1.03834351634033	-0.505650236651386	-1.0068879990115
564000	565000	-0.832005427945884	-0.546013281040451	-1.05651165294625
565000	566000	-0.697598904795695	-0.640201187793051	-1.0414131432772
566000	567000	-0.615147560308252	-0.638880364561705	-1.23423910565489
567000	568000	-0.802900111845093	-0.750173065040479	-1.21717033267861
568000	569000	-0.679411477260031	-0.786761914207932	-1.37989005435066
569000	570000	-0.719698943802476	-0.895089934958699	-1.22504455821143
570000	571000	-0.596865081766767	-0.950446112438393	-1.36817410555084
571000	572000	-0.779843373992534	-1.0439904719543	-1.33439606863411
572000	573000	-0.785849784360051	-1.05720542921286	-1.46984282545406
573000	574000	-0.864783077058222	-1.21979029601934	-1.57895140916924
574000	575000	-0.990718176480521	-1.45186477822803	-1.87400104806897
575000	576000	-1.21023950666523	-1.92878684011067	-2.43884435480148
576000	577000	-0.898529372832695	-1.60923459486279	-1.99658636485753
577000	578000	-0.713392886737737	-1.34051424233172	-1.72721525215021
578000	579000	-0.565365878685569	-1.21613607402713	-1.59340715120006
579000	580000	-0.398626453493172	-1.23327165708447	-1.51328530378784
580000	581000	-0.462368933294226	-1.41689523211685	-1.53975723613112
581000	582000	-0.616186056755768	-1.53477043537984	-1.43807893711944
582000	583000	-0.627919728397602	-1.4388117433559	-1.25095831940249
583000	584000	-0.522789580097738	-1.29043739641843	-1.14212855570422
584000	585000	-0.379656843989462	-1.14972559196458	-1.18978234178311
585000	586000	-0.328519731191717	-1.05528397424301	-1.04952960683837
586000	587000	-0.129492393858279	-1.16497053708008	-1.16318163876897
587000	588000	-0.197056738505174	-1.21453148323413	-0.999695295561422
588000	589000	-0.208578831372174	-1.37921513682959	-1.13959384814276
589000	590000	-0.28571418779014	-1.54346421289248	-1.01604807001703
590000	591000	-0.0778108399777156	-1.59006286158492	-1.02487496323873
591000	592000	-0.133538888581961	-1.52870846624626	-0.827785787224309
592000	593000	-0.0177690530858205	-1.33938358476061	-0.826500769726097
593000	594000	-0.0846307912581664	-1.36677975681173	-0.632847620084458
594000	595000	0.104271346441408	-1.41517468614007	-0.634054227712064
595000	596000	0.0742358083822686	-1.57780213399673	-0.609004628045192
596000	597000	0.178219135529394	-1.68586416100282	-0.669416462285893
597000	598000	0.261174646656495	-1.86608880039774	-0.606395248265644
598000	599000	0.370812043275656	-2.241353200836	-0.611740658544187
599000	6e+05	0.531823818266745	-2.94985450571761	-0.562569594780356
6e+05	601000	0.489237067104855	-2.33005706676756	-0.436721484390083
601000	602000	0.412129861154782	-1.97032164036713	-0.41165217777217
602000	603000	0.39636668174324	-1.75916555311222	-0.416220261034074
603000	604000	0.418371677644357	-1.63325174179021	-0.398430997982084
604000	605000	0.332473358150731	-1.53796655261718	-0.277459099128251
605000	606000	0.273328063148059	-1.64257920978044	-0.204479759799973
606000	607000	0.299476375349066	-1.67807219572268	-0.022237981644505
607000	608000	0.424056946548863	-1.75951006887487	-0.149433715249292
608000	609000	0.478172632652782	-1.5454054794928	-0.078007024024377
609000	610000	0.614776236812221	-1.59856458198876	-0.0982226989812796
610000	611000	0.589421788047576	-1.65855113682501	0.0444902402223367
611000	612000	0.575201259720676	-1.7847976018563	0.0763798857101318
612000	613000	0.707346576683791	-1.94651937974272	-0.00914597885562564
613000	614000	0.721564819089896	-1.78613212769711	-0.0698924536166974
614000	615000	0.840125423616308	-1.74032778269176	0.0202506500072192
615000	616000	0.880936998502908	-1.79748935020441	0.179528831219292
616000	617000	0.836391075019043	-1.62671722645185	0.159483352720043
617000	618000	0.77532420665831	-1.50175393312379	0.164349319036568
618000	619000	0.798853929430763	-1.44927872207052	0.00507308474468502
619000	620000	0.914981894134226	-1.34756161045929	0.096445350470351
620000	621000	1.01905256799712	-1.39004515597584	-0.00722130374390375
621000	622000	1.08357311432719	-1.50191973190411	0.115079626286252
622000	623000	1.22749329434084	-1.55336825342414	-0.0182212841513263
623000	624000	1.0735087293232	-1.67744844639632	-0.0569338559175481
624000	625000	1.08450983845366	-1.71070037460742	-0.202058828304715
625000	626000	1.19836902424579	-1.89625188505975	-0.263396785694271
