0	1000	-0.796826962785913	-2.59255660971912	1.62626552398708
1000	2000	-1.05078003119822	-2.66224652149628	1.34853407239292
2000	3000	-1.43463671927165	-2.960309061719	1.16042697251079
3000	4000	-1.01577145240726	-2.71979629069939	0.853860517441082
4000	5000	-0.473256107242357	-2.67995159221771	0.810733811544875
5000	6000	-0.174507870522207	-3.15861009345559	1.29365039014927
6000	7000	-0.592901945152693	-2.74459670798895	1.20051981220865
7000	8000	-0.783804550277932	-2.31244548584262	0.967723500614891
8000	9000	-0.489480890379974	-2.29386048668917	1.31763414383352
9000	10000	-0.324427183838191	-2.57495096395984	1.65573379427624
10000	11000	-0.0251307681793884	-2.19447285374736	1.38670766505329
11000	12000	0.26637273065092	-1.77155635214849	1.29154222794585
12000	13000	0.629564777442701	-1.78961133596004	0.904948349346475
13000	14000	0.32544969981388	-1.82919502595859	0.460973145893518
14000	15000	0.782565935474247	-1.89403544262052	0.239932875523723
15000	16000	0.410343023313118	-1.87812628751302	-0.150493958866192
16000	17000	0.890559715638216	-1.92680524257032	-0.435898260636283
17000	18000	1.13127129775957	-1.66288583368485	-0.772660022430768
18000	19000	1.58626666390133	-1.99091957421199	-0.919627104681531
19000	20000	1.7557501902259	-2.02665574652253	-0.432554294811139
20000	21000	1.41238281892304	-1.71600173725568	-0.144218479089352
21000	22000	1.16516016094032	-1.27172385116458	-0.0235610949353713
22000	23000	0.680424083682229	-1.16669466568832	0.181119516312788
23000	24000	0.844644999853502	-0.677892710425086	0.379085306756138
24000	25000	1.36543215354724	-0.470681594589131	0.499271024302854
25000	26000	1.29474019007769	-0.482633155266213	-0.160791977550312
26000	27000	1.52492323636058	-0.484766902094481	-0.669761192452452
27000	28000	2.14868219377216	-0.423649820837986	-1.13231812907708
28000	29000	3.43604023496566	-0.380619880079047	-1.95955803385013
29000	30000	2.65327700494551	-0.764362400892463	-1.75724392426725
30000	31000	1.46493429671226	-1.35851454722266	-1.47126654401536
31000	32000	1.09682267555593	-1.72014154838178	-1.27759028500313
32000	33000	0.960824833717795	-2.26350732161112	-1.2921857021483
33000	34000	1.14617593536099	-2.48587648742152	-0.879678328881603
34000	35000	0.651606749866111	-2.30824215676832	-0.676716074845854
35000	36000	0.894566618071858	-2.65777072147428	-0.276387458245349
36000	37000	0.403522035096065	-2.560215725693	-0.0199498434709647
37000	38000	0.492609956083036	-2.98879757980707	0.317667731289433
38000	39000	0.0834806377819157	-2.73374897034487	0.452974981609096
39000	40000	-0.0786210371198806	-2.98194386638737	0.792268838127785
40000	41000	-0.141432959398278	-3.39185532758822	0.723181577765446
41000	42000	-0.0871197503676082	-4.68563922226633	0.715183826364368
42000	43000	-0.533352548627101	-3.62941078982874	0.843359744441183
43000	44000	-0.610350193968583	-3.25769871124378	1.01463332706158
44000	45000	-0.593536414200273	-3.45096178815837	1.41246886867347
45000	46000	-0.900896441559569	-3.47481624124626	1.20601522682233
46000	47000	-1.29821448925583	-3.67941934595422	2.38417036850586
47000	48000	-0.872895566236967	-3.1082253942571	1.32269547027784
48000	49000	-1.14428185754103	-3.38592474400813	0.798059358403695
49000	50000	-0.734618206519465	-3.0705022912698	0.694811157749893
50000	51000	-0.623931420011778	-3.42169063877577	0.469870228927812
51000	52000	-0.391158067872043	-3.14695757700051	0.419047546426552
52000	53000	-0.230464323602328	-3.4256407885129	0.200616216031444
53000	54000	-0.290361465674661	-3.08264734622192	-0.0455273006036514
54000	55000	0.0631794584581781	-3.23450490069224	-0.21951725139082
55000	56000	0.0857098870868945	-2.94792120872784	-0.531668484690836
56000	57000	-0.0783062904103413	-3.22483036598741	-0.834986203941368
57000	58000	0.195858012663912	-2.99971165779267	-1.05633289685233
58000	59000	0.499518018186162	-3.28118791005359	-1.0611143482746
59000	60000	0.386122486230193	-3.23366188523578	-0.66173416347593
60000	61000	0.536491074519167	-2.85194329008133	-0.755638066331606
61000	62000	0.192943860163945	-2.59465066966985	-0.964919171569226
62000	63000	0.583774112915001	-2.77628688075839	-1.2955340717074
63000	64000	0.238756859150579	-2.53271687116095	-1.48566217627921
64000	65000	0.544077157677059	-2.40023468984232	-1.89049901380703
65000	66000	0.453721639731129	-2.13471195762089	-2.35682591600073
66000	67000	0.538119256514627	-1.66850553613864	-2.23485507255022
67000	68000	0.339838360692581	-1.86269468046206	-1.83339038425738
68000	69000	0.491163541210151	-1.93580733359003	-1.31474024516377
69000	70000	0.959364825402295	-1.89004400647624	-1.75884414761783
70000	71000	1.45306282962473	-2.04851082308127	-1.64895154080603
71000	72000	1.71371696592887	-1.66177877403341	-1.88206359902717
72000	73000	1.86271562093221	-1.7858529157678	-1.42549147069682
73000	74000	2.15319329063368	-2.03141721141197	-1.59134240350578
74000	75000	2.0800175553136	-1.49876982024363	-1.56181817321869
75000	76000	2.17590941786306	-1.72445857894886	-1.79747481348898
76000	77000	2.29175673908063	-1.37533723973073	-1.90617783387568
77000	78000	2.57984581073854	-1.63677900278537	-1.64698267970652
78000	79000	2.32906976982294	-1.66387152052765	-1.25610093039055
79000	80000	2.72897073572226	-1.53651905121309	-0.998016226541607
80000	81000	2.17897896478883	-1.26251356746229	-1.00101728837029
81000	82000	2.37093456812918	-1.00175339737824	-1.35457563436174
82000	83000	1.8033896996374	-0.858900140906711	-1.35313225366321
83000	84000	2.04887296263966	-0.760815828651602	-1.84454947769283
84000	85000	1.58766602965531	-0.665133745431104	-1.97466378015712
85000	86000	1.72855999362652	-0.900140590265637	-2.43501612986561
86000	87000	1.42283877007086	-0.642398023036621	-2.81365433356971
87000	88000	0.870068124379959	-0.758258489924126	-2.88191160330153
88000	89000	0.75326705494865	-0.473736874013855	-2.58664115994798
89000	90000	0.909538268091494	-0.476591056358606	-2.15916035911856
90000	91000	1.29535380519904	-0.203036617744431	-2.39025894149126
91000	92000	2.21036822379824	0.194785398645059	-3.23217607747702
92000	93000	1.48977140843331	0.44218002680087	-2.361240925122
93000	94000	1.01773325577898	0.417066449356295	-2.13011190200384
94000	95000	0.6659338882141	0.231947440026577	-2.60568009605868
95000	96000	0.421722845937108	0.178500321572077	-3.11307738715577
96000	97000	0.138957993398166	0.31236766436164	-2.75069932836057
97000	98000	0.0612212131379011	0.534229845325253	-2.36180079687548
98000	99000	0.232064671968118	1.00528135711108	-2.2564978470936
99000	1e+05	0.526331741866621	0.671339729933059	-2.28733291546873
1e+05	101000	0.788222658823744	0.779753647312913	-2.63387241262374
101000	102000	0.352516526494623	0.749306679936177	-2.87875128430095
102000	103000	-0.0292110826387352	1.03360761362423	-2.68258590062944
103000	104000	-0.399460291754752	0.76975681040512	-2.35866985286572
104000	105000	-0.821432517183876	0.582739644287071	-2.6973145750503
105000	106000	-0.356006896308529	0.19944874785244	-2.61526274786864
106000	107000	-0.142401411212523	-0.245294934259742	-2.67704253677987
107000	108000	-0.0943145433295547	-0.392203942692871	-3.1282057453377
108000	109000	0.0955678432609331	-0.816774901153267	-2.93737968117738
109000	110000	0.301544979709225	-0.561209635539039	-3.36942381774573
110000	111000	0.365914361327642	-0.384197560435127	-2.87757102955975
111000	112000	0.352941268172194	-0.159212359507704	-2.40479864563049
112000	113000	0.321093574855046	-0.0971228760131163	-1.93728847605151
113000	114000	0.381226536679538	-0.662398597185053	-2.09672131536303
114000	115000	0.572462191473138	-1.14591569382469	-2.46156408698883
115000	116000	0.146620929918215	-1.22482666550036	-1.97247754671267
116000	117000	0.12920607765017	-1.38016900888952	-1.36649971360289
117000	118000	0.628659488741834	-1.34630328058239	-1.59353930295825
118000	119000	1.06938943179953	-1.81649962756293	-2.43538546867303
119000	120000	1.71793652246047	-2.03397232419228	-3.30725264640473
120000	121000	1.29472274453963	-1.25302505712004	-2.25158351604778
121000	122000	1.09412904547481	-0.947782392054021	-1.82686640708825
122000	123000	1.08522726093242	-1.03425046176312	-1.27293762371256
123000	124000	1.62755651035803	-1.33784658713942	-0.822409656397021
124000	125000	2.49074427133736	-1.71141724541128	-0.0558891904097297
125000	126000	1.11598370692445	-1.01283856987314	-0.724156384555032
126000	127000	0.525942395368717	-1.07851820866463	-0.669062174395238
127000	128000	0.119446044811486	-1.22237697706492	-0.282004429392986
128000	129000	-0.466433505537235	-1.36039034275685	-0.517304127748295
129000	130000	-0.262604871378911	-1.97395453751186	-0.715019596357614
130000	131000	-0.152326282183793	-2.35085199215823	-0.351500105198006
131000	132000	-0.0912363251083234	-2.21314494354866	0.144969991219695
132000	133000	-0.35356552708757	-1.98184536098895	0.512526281682591
133000	134000	-0.793493597531981	-1.67822301743741	0.701458596278905
134000	135000	-0.217176349431167	-1.68669523853345	0.936560664320212
135000	136000	-0.246893315824385	-1.65660757183562	1.4908033022293
136000	137000	-0.990543796688906	-1.63352848964322	2.65053371133476
137000	138000	-0.245830109075799	-1.90508604196771	2.05838199261943
138000	139000	-0.024552876107126	-2.06245300899154	3.1765941931572
139000	140000	0.453310408405789	-1.77498665719949	2.26037293874594
140000	141000	0.251440045082771	-1.82125097046508	1.84389991153487
141000	142000	0.610835656613499	-2.11444790229112	1.83289339121574
142000	143000	0.981949692722219	-1.83091393947949	1.55132931339368
143000	144000	1.01982236081081	-2.38294228448029	1.39670276444176
144000	145000	0.601592848729121	-2.18116996211898	1.25759085401427
145000	146000	0.442506967592815	-2.48622859519523	1.52053166000082
146000	147000	0.104214177570799	-2.46630675994674	1.76734937106467
147000	148000	0.0658294113776973	-3.0247708268404	1.75442999937996
148000	149000	-0.0178293724251102	-2.66705058021426	1.25407762675292
149000	150000	0.271825682958136	-2.52655790909263	0.953683572338333
150000	151000	0.564130206828697	-2.43713290193522	0.657154167206948
151000	152000	0.979657831657623	-2.34071430772913	0.486493605855083
152000	153000	1.33113475282706	-1.96390270947481	0.456955499597902
153000	154000	1.5109904778764	-1.46475146134308	0.544517487952317
154000	155000	1.19318400446678	-1.10992385501314	0.830221355066646
155000	156000	1.06036370894949	-0.922248018959816	1.32149142745016
156000	157000	1.17505653333281	-1.26430292845134	1.74293759273833
157000	158000	0.892909212282887	-1.48137224779895	2.09747409342178
158000	159000	0.496050442535472	-1.30849201782412	1.84790159050397
159000	160000	0.702132784148295	-0.907203465655551	2.02911402394911
160000	161000	0.367066636472277	-0.900268967312745	2.38412041833244
161000	162000	0.572358967060975	-1.16801690343625	2.84456735821132
162000	163000	-0.00953299662952988	-0.949327779576145	2.90647464638656
163000	164000	0.391669946449917	-0.602941001383314	3.00119980131769
164000	165000	0.0223610554695154	-0.3474298505975	2.86742211031149
165000	166000	-0.295721384359157	-0.0268331945974979	2.79859618783605
166000	167000	-0.664855296175544	0.221844462714952	2.64957398506333
167000	168000	-1.11530556125943	0.549621700900995	2.66830775821343
168000	169000	-0.759600651662342	0.854254018380656	2.35900531756276
169000	170000	-0.687209617953665	1.21011150129821	2.05107011858861
170000	171000	-1.16148131396594	1.22220643245554	1.78349963202292
171000	172000	-1.6466616106088	0.83062029859577	1.64440990734317
172000	173000	-1.36449528602605	0.927029328451558	1.05836250833381
173000	174000	-0.86982780670618	1.14143805472895	1.10342842081828
174000	175000	-0.466240760272342	1.06661725615756	1.53440685683618
175000	176000	-0.466424123314403	0.572085840930071	1.35822871121926
176000	177000	-0.913318724624843	0.615925600302391	1.64354493078109
177000	178000	-1.32979133754842	0.259373715109937	1.37400333362982
178000	179000	-1.33163015157304	0.233960576452183	1.9510367262671
179000	180000	-0.815948105430371	0.0894772262641402	1.42607785333508
180000	181000	-0.566741345209172	-0.202764437599335	1.68530274071552
181000	182000	-1.09182226497589	-0.359137905630412	1.69001151677933
182000	183000	-1.04132496417143	-0.198329699741746	2.24013079541178
183000	184000	-0.648960797905097	0.0362566166954349	2.17457786488243
184000	185000	-0.574302487983547	-0.357653647111891	2.49721132393168
185000	186000	-0.400571097716933	-0.631953623425232	2.11153391410837
186000	187000	-0.0149511853007326	-0.351337291453978	2.33025892224791
187000	188000	0.0325472973683607	0.095929954957745	2.41488005537963
188000	189000	0.335511954345923	0.249017805022744	2.74681594502647
189000	190000	0.550590249877773	-0.185612311869402	2.65129857204612
190000	191000	0.841674270289129	-0.579268956771434	2.7358201936968
191000	192000	0.880533283805434	-0.351485291947095	2.35974541436975
192000	193000	0.842272566397437	-0.16064812893723	1.86451741907292
193000	194000	0.718580204624347	0.390912659045607	2.04643856652576
194000	195000	1.08306146171199	0.672681272427355	2.43693438219147
195000	196000	1.23291056561913	0.337275916130166	2.0735646857649
196000	197000	1.69734697992248	0.434273184526363	2.17222015890924
197000	198000	1.67602219837901	0.248718262259626	1.71167396224326
198000	199000	2.00754964554352	0.62537845066804	1.66926328167242
199000	2e+05	1.80527931017792	0.44139429384557	1.18797279141458
2e+05	201000	1.87209026528578	0.759035956049853	0.729542703851656
201000	202000	1.53897429713531	0.45624478787006	0.380163417089309
202000	203000	1.60511108832536	0.753910316728833	-0.0981143128003451
203000	204000	1.9736502076885	0.316192987552046	0.0140769501784167
204000	205000	2.40989905454754	0.467594499709315	0.169242824340226
205000	206000	2.72460929615091	0.236356549145418	-0.140566619942933
206000	207000	3.15582072197716	0.351899768207876	-0.293450854119268
207000	208000	4.4070891731369	0.371248197744424	-0.824856991072442
208000	209000	3.17044378259407	0.652964722316589	-0.6715776233706
209000	210000	2.82423332941338	0.360697139712023	-0.821226095849306
210000	211000	2.52617773583422	0.269569358494263	-1.15598369060484
211000	212000	2.25183780625671	0.0222662506396937	-0.817433063143923
212000	213000	1.86252835998685	0.190340165417323	-1.12300415318389
213000	214000	2.09023931535676	0.668782568869563	-0.992946828193557
214000	215000	2.25224231734811	0.891446409422091	-1.43448838708581
215000	216000	2.17928146048724	0.445108502845737	-1.66797972384979
216000	217000	2.05810502892183	-0.038446808501422	-1.60873657981505
217000	218000	1.5200048913618	-0.0570362698459767	-1.55333339130619
218000	219000	1.59397268340389	0.376183382347691	-1.81072324902016
219000	220000	1.73499264157093	0.859793853059286	-1.86704557460167
220000	221000	1.57640628485641	0.769767257565539	-1.38917188642908
221000	222000	1.34238061054698	0.656393229305552	-0.881152787247704
222000	223000	1.63073986084771	0.311233663792256	-0.561221565012604
223000	224000	2.12184789836699	0.47876680441339	-0.487537242406102
224000	225000	2.55745146491199	0.665781607278235	-0.441902664349162
225000	226000	2.20153376778614	0.936971773649868	-0.12313793659972
226000	227000	1.92824658517156	1.24660087843515	-0.518788462686433
227000	228000	2.27132183340228	1.19655603008656	-0.858753364785524
228000	229000	2.76606478964432	1.15164650654624	-0.925876607983785
229000	230000	2.57323047050314	1.16395274329068	-0.406195963056185
230000	231000	2.60247612145585	1.15862341680088	0.102982764665617
231000	232000	3.06591187742693	1.33544125748219	0.552534035287385
232000	233000	2.89493812287651	0.866060220032306	0.685361150689344
233000	234000	2.47931436739731	0.934582122672122	0.514486965915363
234000	235000	2.39290190934335	1.42044636178232	0.74228060055512
235000	236000	2.0911736378587	1.52170942889624	0.305974849576515
236000	237000	1.6363395813558	1.50559147540808	0.0191961865359019
237000	238000	1.51553604929036	1.41039423116682	0.489306597022491
238000	239000	1.51409307720293	1.21441878824013	1.0097685173437
239000	240000	1.30589933230691	1.67385733554245	1.01816699106119
240000	241000	1.0355711625267	2.1153543038641	1.15676427481102
241000	242000	0.495111628639472	2.0379450718036	0.958730680525425
242000	243000	0.590745178616808	2.09525407639928	0.492052201952447
243000	244000	0.301448199738489	2.03975094066275	0.102098367802366
244000	245000	-0.0774705061041047	2.21350369717492	0.374997686760787
245000	246000	-0.313633040072267	2.39824220669012	0.750654668406329
246000	247000	-0.153033767338267	2.49199143495247	1.23259954220654
247000	248000	-0.251303766302585	2.43426402795237	1.73491261970401
248000	249000	-0.322178391805131	2.32110464870496	2.20480957311735
249000	250000	-0.341152048702678	1.93148447770986	2.32071444085531
250000	251000	-0.395993879734137	1.8254233331638	2.70166854589029
251000	252000	-0.38814056087039	1.44525210681507	2.47222927235198
252000	253000	-0.0643508925293194	1.45306788213591	2.74399225672084
253000	254000	0.296485853492114	1.7838026411842	2.45343824988496
254000	255000	0.389691993032667	1.3841361162308	2.74779826078342
255000	256000	0.540358235099202	1.12127562185949	2.42055164840422
256000	257000	0.335335052564012	0.828126478600458	2.75925575785923
257000	258000	-0.0928123131339325	0.936926564783576	2.6754722711916
258000	259000	0.0854234558161187	0.958456181233532	2.18879061538194
259000	260000	-0.071263636750579	0.526883000812528	1.94573866644247
260000	261000	-0.263634926249557	0.517523417950341	2.40911533564705
261000	262000	-0.474293269714809	0.620921049967798	3.03393822042865
262000	263000	-0.0495871382820142	0.362920468873626	3.0743069770025
263000	264000	-0.0442109401410116	-0.0408932032599891	3.37664508223685
264000	265000	0.451260244170619	-0.103301648417484	3.28859024936632
265000	266000	0.615473567031067	0.235892860150579	3.1058393514473
266000	267000	0.748313454552524	0.447505909208394	3.53715510358143
267000	268000	0.925234233700873	0.0283043777924965	3.3476733524143
268000	269000	0.972905142483312	-0.330809637752725	3.39300295984647
269000	270000	1.2693690772772	-0.144059535503736	3.36869518451706
270000	271000	1.28837763736221	0.130844671897292	3.21296178743513
271000	272000	1.07530549067241	0.256162310794182	2.93833466746049
272000	273000	1.06042623480537	-0.156942089751453	2.99628427763155
273000	274000	1.26139842388841	-0.446509424991529	3.08569973175318
274000	275000	1.67830518361877	-0.383176565868696	3.11924864744063
275000	276000	1.46552764322884	-0.11593397731578	2.86103561916017
276000	277000	1.27891306013134	-0.0118580217411847	2.53533032931137
277000	278000	1.36503802604297	-0.436649823597235	2.59356942641896
278000	279000	1.74270619117923	-0.31801306396731	2.58532428700319
279000	280000	2.11856317021007	-0.107437276297243	2.70416620314617
280000	281000	1.94091638677717	0.229730070926337	3.06636943874943
281000	282000	1.68980143689842	0.161722413229471	2.65991499272846
282000	283000	1.89241873474724	0.00541180676914874	2.35788238666638
283000	284000	1.55505810875988	-0.138830998069286	2.18669919110963
284000	285000	1.31778592032363	-0.491246247101246	2.06883718248562
285000	286000	1.32158845188131	-0.850366824881979	2.37394435786583
286000	287000	1.76140664522403	-1.02321466748346	2.09822881363863
287000	288000	1.8927694832338	-0.549248049465715	2.14776809433063
288000	289000	1.77155719342611	-0.400685912535852	1.67677224769919
289000	290000	2.11844156363351	-0.188010950183329	1.8944201353833
290000	291000	2.34436527016004	-0.111296532802544	1.42663326555579
291000	292000	2.38066805014611	0.146627765288716	1.83721175773089
292000	293000	3.30591072571435	0.795145955595828	2.22318046201877
293000	294000	2.92286519176363	0.407888527021257	1.27405413916986
294000	295000	2.65275104066759	0.39353251338882	0.724735586346459
295000	296000	2.81334890576039	-0.0679328163582104	0.856024049693459
296000	297000	2.21262128103789	0.0792339649202167	0.767027792310219
297000	298000	2.41721630225386	-0.414038488865117	0.752776440828351
298000	299000	2.01188368206909	-0.28526342710009	0.300901282347682
299000	3e+05	2.13313501557774	-0.840839321133581	0.366257459157333
3e+05	301000	1.67937200875303	-0.94372661762809	0.108989774943057
301000	302000	2.04157236257354	-0.766996585800023	-0.219821899590345
302000	303000	2.15475506628484	-0.430871000466367	-0.561144943158225
303000	304000	2.84072227770758	-0.33407191383201	-0.968177194334898
304000	305000	2.66352498460774	-0.812300692261762	-0.636530224557877
305000	306000	2.65893413342198	-0.436629348281826	-0.34626748842854
306000	307000	2.9420838759857	-0.559757557035626	0.00303427743581219
307000	308000	2.62892592975682	-0.200888525874965	0.20196926706831
308000	309000	3.08765968549711	-0.0967272656606734	0.383881817734304
309000	310000	3.34833646683143	-0.162024688085716	-0.113990786467411
310000	311000	3.23693349400242	0.253345117165459	0.0825808738205388
311000	312000	3.15504314721856	0.431351091472335	0.384634037659609
312000	313000	3.63067396586189	0.374878247285535	0.656974639043381
313000	314000	3.51229248630053	0.470524073881384	0.269216430496778
314000	315000	3.59697228456789	0.677497641926074	-0.0178449441711281
315000	316000	3.38392890487303	0.855099704818109	0.289733585475797
316000	317000	3.02049881987835	0.799914255328913	0.117935930455758
317000	318000	3.03155571534756	1.0533865721919	-0.166360880899241
318000	319000	2.96974337922537	1.47717857063506	-0.256794035182341
319000	320000	2.78724700975553	1.72455373677724	0.128561282349197
320000	321000	2.45130608699565	1.57095843264773	-0.119637380897775
321000	322000	2.56707085784986	1.63778111728264	-0.529044744492725
322000	323000	2.63224772316104	1.82770719925478	-1.01603148080341
323000	324000	1.97031923462205	1.91101683612316	-0.809551445788809
324000	325000	2.26986292172472	2.13201201288155	-0.545616130448208
325000	326000	2.72134969426215	3.31491644335433	-0.451347948496408
326000	327000	1.73140922360921	2.33766745483624	-0.00428669316518278
327000	328000	1.24195114132249	2.22816246044388	0.236983762694762
328000	329000	0.937444969571243	2.58212577786883	0.42708957657429
329000	330000	0.872966682206085	2.50243603205554	-0.0243581663163046
330000	331000	0.674355102085067	2.84892905443545	0.151779648252072
331000	332000	0.314000616655573	2.60007254984365	0.318999170846999
332000	333000	0.412412936173533	2.92360903366178	0.645187586011086
333000	334000	0.351744658027892	2.5360745742442	0.858593405970682
334000	335000	0.144864098953027	2.87084692197835	1.08601751096755
335000	336000	-0.190125262060227	3.06107936987207	0.80697382205246
336000	337000	-0.606657427839761	3.14100243453611	0.525337494688812
337000	338000	-0.17678175749955	2.94938802032417	0.315916355812626
338000	339000	-0.599275390232591	2.78764727105074	0.247685359873331
339000	340000	-0.293350627207927	3.15811825840788	-0.119732858829156
340000	341000	-0.761204782656494	3.0725089639361	-0.121834520669519
341000	342000	-0.387272493005546	2.63805350969448	-0.1205777684844
342000	343000	-0.761974837142711	2.67115186798443	-0.361671472964974
343000	344000	-0.519781437920191	2.23629324404137	-0.530838920576323
344000	345000	-0.411239048063965	2.60265224560681	-0.994437305598806
345000	346000	-0.0677024678547573	2.14382191451894	-1.02187146791066
346000	347000	-0.0161111703130792	2.27566495967815	-1.51764186320065
347000	348000	0.243662786605897	1.92788529943678	-1.51957218993195
348000	349000	0.264849544548382	2.12985061015888	-1.94149031013205
349000	350000	0.599847642712257	2.10977311449082	-1.72380662818277
350000	351000	0.564228773199638	1.8002874498924	-1.83987162426249
351000	352000	0.812574270790414	1.74029162367424	-1.59040700993104
352000	353000	0.95713120892805	1.61596872192029	-2.00509432786141
353000	354000	1.26101172869475	1.78257210335756	-1.64186845744236
354000	355000	1.30335590163557	1.32319198945207	-1.68347485324883
355000	356000	1.44363562822064	1.39215676332246	-1.25131381000407
356000	357000	1.8093189450838	1.58167390293962	-1.48999636966921
357000	358000	2.43559010602298	2.5303702164712	-1.92017524389921
358000	359000	2.03922047834466	1.600873623707	-1.08113128592095
359000	360000	2.07621209778708	1.70923285069751	-0.345439465147124
360000	361000	2.82255194240674	2.62972402964747	0.70831290569373
361000	362000	2.27925506882185	2.15604869109407	0.0134794058289743
362000	363000	1.96540180497827	3.15264667307683	-0.721951321327533
363000	364000	1.57753012126524	2.140694122566	-0.494625970634922
364000	365000	1.26695305750574	1.80886637461036	-0.225438087035504
365000	366000	0.883344427255858	1.7228759155419	-0.635527155109076
366000	367000	0.722700378494094	2.00559148843504	-0.952507911845113
367000	368000	0.55954060152657	2.48846506666853	-1.01516594606083
368000	369000	0.429462316641558	3.65304328066048	-1.197548029692
369000	370000	0.115410559181036	2.61695115556134	-0.571427249063842
370000	371000	0.00593241741573596	1.82965780138361	-0.386338454005169
371000	372000	-0.34194410160739	1.41635352550037	-0.500884706365174
372000	373000	-0.532532279363566	0.952460615710029	-0.798822283295004
373000	374000	-0.245515472969742	0.567591693612014	-0.507970336109631
374000	375000	-0.545700298360477	0.809165642341299	-0.0395828935468648
375000	376000	-0.922068857666898	1.24080126466767	0.00519087074600182
376000	377000	-0.820479878669079	1.78966297420218	0.0663775342971076
377000	378000	-0.469106817228284	1.73906724714885	0.486622186045362
378000	379000	-0.0914194851731539	1.69731668887237	0.867731266483089
379000	380000	0.14463264231092	1.74581372792971	1.34241165372621
380000	381000	-0.301306710724189	1.80140777464364	1.61593698382533
381000	382000	-0.766870122354879	1.75234471467408	1.38279058088935
382000	383000	-0.743448495106594	1.70619615817892	1.97801344616753
383000	384000	-0.931723522982799	1.73253711534884	2.45428332832475
384000	385000	-1.3427253889341	1.54907246662442	2.3291919496879
385000	386000	-1.53384979030439	1.98837680408009	2.14235746756668
386000	387000	-1.51641919148338	1.65486710587904	1.78319909905945
387000	388000	-1.26195695356536	2.06042437215816	1.73636531497448
388000	389000	-1.62623339400643	2.11204838133354	1.45761517743043
389000	390000	-1.74080550000139	2.37842423110667	1.72607730912232
390000	391000	-1.69425307748798	2.58993237058417	2.07983028021042
391000	392000	-1.26803585306028	2.50490021664868	2.23734310572921
392000	393000	-0.867778624996303	2.27087986781646	2.35908931851863
393000	394000	-0.73201893166733	2.25530211813707	1.91858637314634
394000	395000	-0.611339383460174	2.75588967495626	2.08048384613096
395000	396000	-0.955313757811134	2.64736563656524	1.77990762616594
396000	397000	-1.41727210761777	3.02846689153788	1.82253674802302
397000	398000	-1.90837116774604	3.79075108613813	2.6435441530374
398000	399000	-1.05225685027365	3.00443160275085	2.1181318547302
399000	4e+05	-0.887638394479159	3.17140866790527	1.71998621370954
4e+05	401000	-1.21517827304455	3.09244879987706	1.37533543755894
401000	402000	-1.75171321869336	3.20787218205747	1.32464495369782
402000	403000	-1.43480661575146	2.70467756067936	1.4408102619396
403000	404000	-1.08432666021754	2.46061334065998	1.29028731361329
404000	405000	-0.666150421101793	2.63365068072662	1.36023490041393
405000	406000	-0.743239010880028	2.7983641956765	0.969905314944486
406000	407000	-0.750081224673709	3.19874943509886	1.19741161817044
407000	408000	-1.17269524346599	3.42182368831166	0.886655191062368
408000	409000	-1.27286164097883	2.84635175901628	0.866937029042127
409000	410000	-1.50759227574117	2.49336049424768	1.00314092419281
410000	411000	-1.94527814893862	2.56320796740071	1.25711911830932
411000	412000	-2.42727552969023	2.22042609177693	1.3070576037509
412000	413000	-2.02860267696955	2.09702423540722	1.00620556425328
413000	414000	-1.89821324193788	2.53745228896115	0.723031123687253
414000	415000	-1.9005212006752	2.88541125949597	0.345546788006315
415000	416000	-1.44174043400879	2.39872545306949	0.273228361335166
416000	417000	-1.66105776283476	2.52639447067683	-0.180319400656862
417000	418000	-1.08304992187183	2.25166283063044	-0.261550851054187
418000	419000	-1.40215281425047	2.23736457622655	-0.602790450747502
419000	420000	-1.62892131910332	1.86780348861242	-0.214567173236263
420000	421000	-1.4673574230235	1.66584375183978	0.218013445568644
421000	422000	-1.0726317651098	1.56928104969258	0.641151620780057
422000	423000	-1.61396424276514	1.35506396356019	0.690347230231793
423000	424000	-2.09811467432205	1.61297321007764	0.65090244580755
424000	425000	-1.66462642696722	1.94870335192611	0.713996950000007
425000	426000	-1.2098215674715	1.99866684681056	0.9630098684779
426000	427000	-1.49052580331817	1.65826462938695	1.22404044081426
427000	428000	-1.82416341194464	1.33137193494429	1.41235555765724
428000	429000	-1.96026248796882	1.79137840550742	1.59429988627809
429000	430000	-1.92948077943407	1.76972082800467	2.08498451588742
430000	431000	-2.3340877872381	2.07857914710961	2.02514002342758
431000	432000	-2.16589909865738	1.45683308662048	1.84509038702977
432000	433000	-2.62311414208145	1.60742049719765	1.62932690613167
433000	434000	-2.33988859993317	1.32543061752952	1.24511512058798
434000	435000	-2.46578919454208	1.03869064420705	0.801429874306396
435000	436000	-2.86701129535156	0.915373029958906	0.545197098671592
436000	437000	-2.96307352969513	0.435660154779287	0.304859501812404
437000	438000	-2.63564126581099	0.53591063884022	0.108689817714382
438000	439000	-3.07887029669308	0.477632881384647	-0.107590623385975
439000	440000	-2.66855823153123	0.573088910326488	-0.328114769382741
440000	441000	-3.008260028715	0.522129920532092	-0.599230337345296
441000	442000	-3.03132008936908	0.157022227683319	-0.426101046028195
442000	443000	-3.54745859643147	0.155676517860753	-0.61242899411514
443000	444000	-3.11684437971538	0.0190875470850854	-0.830990430017404
444000	445000	-2.67550612208168	0.0849895926855466	-0.8840187636331
445000	446000	-2.76547452963768	0.547006138941772	-1.08133708348441
446000	447000	-3.26551728514596	1.55036429942155	-1.56706846870092
447000	448000	-2.2035901199659	1.33806298378582	-0.946181230476287
448000	449000	-1.88797845255655	1.40795780337829	-0.49625248633731
449000	450000	-1.91574031624829	1.91480288939886	-0.722440489019499
450000	451000	-1.61714259505785	1.66966520397751	-1.07047239715667
451000	452000	-1.37066616787662	1.40058549487116	-0.707139944411509
452000	453000	-1.14996922575322	0.914438965458432	-0.648160169333367
453000	454000	-1.46687618036866	0.928749965034895	-1.07830983306402
454000	455000	-1.82305489963133	1.03119728277422	-1.4329649032478
455000	456000	-1.59436300829697	1.09214605747165	-1.86722029993499
456000	457000	-1.36432047098405	0.630326744829822	-1.73287500227056
457000	458000	-1.19156652078437	0.762316603544209	-2.23837890279139
458000	459000	-1.1042159809059	0.237449846828903	-2.14845050867445
459000	460000	-1.56105008466447	-0.0340766817876698	-2.20823787407815
460000	461000	-1.37670446230509	-0.46927936154016	-1.93872161998795
461000	462000	-0.845670041009657	-0.266584804704357	-1.81356953293294
462000	463000	-0.363000543738707	-0.0487738737151534	-1.94818230678913
463000	464000	-0.413590618930483	0.360092573207959	-1.55574455460701
464000	465000	-0.775843123173075	0.741398310502767	-1.62670878667614
465000	466000	-0.976080917318743	1.08342357310197	-1.25190322367621
466000	467000	-0.637721350589946	1.27271590984703	-1.63630596193106
467000	468000	-0.454266384263391	1.40737316990415	-1.17139235077758
468000	469000	-0.331286174941848	1.72631083697898	-1.59444055557653
469000	470000	-0.546340432838241	1.90593817061193	-1.14701778293044
470000	471000	-0.600106103718159	2.29015149377161	-1.48142598414936
471000	472000	-0.879370899729699	2.3433102879494	-0.997445851664836
472000	473000	-1.11234883451504	2.22017260909657	-1.3713600815129
473000	474000	-1.06300356037013	1.74561360273783	-1.259081243725
474000	475000	-1.40920408940059	1.77518752914738	-1.69384210174316
475000	476000	-1.14950985638225	1.38195142335107	-1.70686659259689
476000	477000	-0.935346576928965	1.65633005885946	-2.01847482429726
477000	478000	-0.619635334666514	1.50108389081734	-2.36170410174328
478000	479000	-0.554518832182683	1.10680526599775	-2.70796828425744
479000	480000	-0.553884996372216	0.806531481938134	-3.03432570487211
480000	481000	-0.218117007056254	0.583963047991194	-2.96465404049175
481000	482000	-0.25921600582011	0.293921199437673	-3.32905707588871
482000	483000	-0.559123201544796	0.0552106627371143	-3.07930273409511
483000	484000	-0.912206845953715	0.0172754284690345	-2.77101937345284
484000	485000	-0.936940578055106	-0.325783693281268	-2.4586086541093
485000	486000	-1.17027674967257	-0.419954953560332	-2.85272864917003
486000	487000	-1.55455303053481	-0.629733089362858	-3.27803802133838
487000	488000	-1.07336636122885	-0.734634710487009	-3.17293921273929
488000	489000	-0.83195621512244	-0.731418189615965	-2.6894384035757
489000	490000	-1.19422034652202	-0.925906248564502	-2.77190645433319
490000	491000	-1.60119659433054	-0.84960528374131	-2.67383642369313
491000	492000	-1.54579686673581	-0.461564397157675	-2.51250398781017
492000	493000	-1.53206134608538	-0.150168073768612	-2.79491494468241
493000	494000	-1.29565448946803	-0.0350917863515386	-3.17873926463947
494000	495000	-0.874330136092561	-0.22346383639976	-3.30717703324304
495000	496000	-0.959253271206954	-0.286778801345858	-4.61798422151517
496000	497000	-0.657617513764607	-0.651489809750509	-3.53408968831026
497000	498000	-0.565080657810064	-0.613097234071793	-3.07883947851821
498000	499000	-0.311841224030758	-0.862222307204786	-3.25631007671103
499000	5e+05	-0.408807423751304	-0.984357136667762	-2.87430227597601
5e+05	501000	-0.746716786234848	-1.08156314749608	-3.21473746197604
501000	502000	-0.766245302874821	-1.31262151784164	-2.84768502639667
502000	503000	-0.302637293975121	-1.52223733468252	-3.21434933601922
503000	504000	-0.0884976303618116	-1.51098032760124	-2.69346228504446
504000	505000	-0.0731438159852201	-1.81265241869446	-2.31806753731772
505000	506000	-0.246724251870284	-2.21141450765831	-2.02645804461494
506000	507000	-0.20113099214	-1.99049089730612	-1.498695080737
507000	508000	-0.714637706614599	-1.91606639563809	-1.58185958099846
508000	509000	-0.446044256452155	-1.46624469940834	-1.67505410906593
509000	510000	-0.72290293503077	-1.70699190002529	-2.10622320315334
510000	511000	-0.381495075621313	-1.22566021903183	-2.21798306414372
511000	512000	-0.868216861930169	-1.1952556740881	-2.30769082136422
512000	513000	-0.380281488531189	-0.611596880883162	-2.31694971222488
513000	514000	-0.892344977764939	-0.793454800649376	-2.01095503317048
514000	515000	-0.364630123301327	-0.795726034665378	-1.79099915541732
515000	516000	-0.267715307024027	-0.807659291243583	-1.26033864664278
516000	517000	-0.824320106266734	-0.790534806485842	-1.22014616501127
517000	518000	-0.97412928516198	-1.18533772732957	-1.55475050618444
518000	519000	-1.48959796714926	-1.46994520366295	-1.91671094983489
519000	520000	-1.59144692282081	-0.974546174469684	-1.58030957537493
520000	521000	-1.99463130806795	-0.681379011653675	-1.60677686553445
521000	522000	-1.98955998139487	-0.15660262679748	-1.56534089544656
522000	523000	-2.33883056245186	-0.049179987286953	-1.89386017656144
523000	524000	-3.21615661536445	0.520142713565659	-2.51611784067568
524000	525000	-2.93659775590765	0.207138659898881	-1.4075894087903
525000	526000	-2.57481844169644	0.0495475834113021	-1.30354197024756
526000	527000	-2.85055272024675	-0.235542917222764	-1.2921369529587
527000	528000	-3.26401513029219	-0.160730005104462	-1.23382996171517
528000	529000	-4.19352986013104	-0.714788502066666	-1.51840512682924
529000	530000	-2.97845560892475	-0.503393751011049	-0.91297889796395
530000	531000	-2.80566924856469	-0.213445607206298	-0.596866980469223
531000	532000	-3.16015581553884	-0.237276818307613	-0.26755595388874
532000	533000	-3.27515853671722	-0.37912309219735	-0.613165927482574
533000	534000	-3.96381278180311	-1.38481099586241	-0.910260602215093
534000	535000	-2.95744399141391	-0.580492362454405	-0.499979562835682
535000	536000	-2.73319109158193	-0.652646766960478	-0.186486250808933
536000	537000	-2.86969919594012	-0.892216404948987	0.18291924337128
537000	538000	-3.73751113300106	-1.05394259793326	1.0615474393412
538000	539000	-2.95602082029516	-0.447049447450758	0.41328944749948
539000	540000	-2.77089319324752	-0.289674975616516	0.110160336362286
540000	541000	-3.23397086596867	-0.0273483194183454	0.311032422694364
541000	542000	-2.69162272116657	0.0479438090565027	-0.141709789191273
542000	543000	-2.41249319850325	0.0169639715462457	0.229849443298466
543000	544000	-2.29502212640721	0.180532196786655	-0.403567689462874
544000	545000	-1.97438829406179	-0.0277817681446756	-0.0498140571715855
545000	546000	-1.78239094306439	0.0306439088930578	-0.534633821633293
546000	547000	-1.37947953919113	-0.296468291917156	-0.623476706661945
547000	548000	-1.16617683633165	-0.204036430135868	-1.12559098444905
548000	549000	-1.47555836740568	0.227552015614627	-1.03768103951129
549000	550000	-1.96550546082251	0.560242864125546	-0.982468099280875
550000	551000	-3.05779175899054	1.53510269099924	-0.668871823215353
551000	552000	-1.88029460710199	0.70126431718601	-0.29036873142429
552000	553000	-1.44596752165264	0.450142655339833	-0.139390472114068
553000	554000	-1.89763520411198	0.512262417157863	0.302400174206176
554000	555000	-1.81318785150501	0.408887054889058	0.824553307557989
555000	556000	-1.24694634441789	0.283776196157119	0.765190377894723
556000	557000	-0.709130297107981	0.395753834031631	0.781338681150658
557000	558000	-0.202722299608014	0.203744104085046	0.755412992532394
558000	559000	-0.0515225926897287	-0.125412426142977	1.19600509665085
559000	560000	0.198886213840936	0.213183893919724	1.50744272244043
560000	561000	1.17790946870553	1.52287039074425	2.10562544542865
561000	562000	0.449432329585776	1.0615751325137	1.43171098086024
562000	563000	0.243833275467659	0.712883474091557	1.13649657366118
563000	564000	0.810577251486038	0.358291704542883	1.15690722896147
564000	565000	1.17705176441967	0.761041876454832	1.12313171626354
565000	566000	1.05966497638691	0.949332013540395	0.559898395119479
566000	567000	0.685935059129594	0.544550789240716	0.532564643673939
567000	568000	0.152385413417543	0.645662921905554	0.446645458568915
568000	569000	0.143408001275606	1.20157970728864	0.32287221320704
569000	570000	0.641442423962012	1.34402688947526	0.130294989904856
570000	571000	0.908633574893341	1.1094002025808	-0.327716893794717
571000	572000	0.781151878813657	0.559204907052774	-0.331026357769033
572000	573000	0.402038017645777	0.147319501545277	-0.24421937422
573000	574000	-0.0431806632450097	-0.181763709997219	-0.136407776372232
574000	575000	-0.1813928957312	-0.359212551352586	0.383484446196327
575000	576000	0.41776014027614	-0.569312721521222	0.878145804828749
576000	577000	-0.090666426409892	-0.991202817183554	0.648123407915053
577000	578000	-0.667001051964353	-0.956971212367543	0.648479372326974
578000	579000	-0.637703069002109	-1.09403143782492	1.21450322929345
579000	580000	-0.939793641907074	-1.3138753457507	1.6143355221908
580000	581000	-1.34055086150678	-0.889537044009195	1.32079123479712
581000	582000	-1.03995105991375	-0.506162315895903	0.982003717532333
582000	583000	-0.894710829943724	-0.236933278674003	0.478527319885304
583000	584000	-0.8392756331763	0.0744989433847128	-0.0905741754409875
584000	585000	-0.752302768311363	-0.321298427860272	-0.528150633851863
585000	586000	-0.940139208697617	-0.653938922680708	-0.0691067287402563
586000	587000	-1.064463475914	-1.20012474306419	0.0355207172277198
587000	588000	-1.26674383869503	-1.29250714603618	-0.502831522389008
588000	589000	-1.48741788914503	-0.841006890622031	-0.374013077993121
589000	590000	-1.63927661846599	-0.53337245140854	0.0492175031724984
590000	591000	-1.75743021647419	-0.643370164319426	0.651180759067221
591000	592000	-2.21894358357327	-0.79512201525426	0.601343579397113
592000	593000	-2.31092079380772	-0.987792673563078	0.166578526949663
593000	594000	-2.45485053489096	-1.20125030366462	0.554098987572505
594000	595000	-2.54643606367027	-1.50837752422974	0.231359019805193
595000	596000	-2.13430851313745	-1.54784038070046	0.54242423509943
596000	597000	-2.13703988194423	-1.85338213316301	0.227951423172972
597000	598000	-1.88024460247916	-1.52152876037138	0.157247034990236
598000	599000	-2.21259715203148	-1.39549063177183	-0.207327713649821
599000	6e+05	-3.13593726603757	-2.10393817333977	-0.770462350045924
6e+05	601000	-2.48732939396659	-1.04681150009575	-0.619297360453823
601000	602000	-2.15309925329043	-0.672866805683931	-0.379757427678458
602000	603000	-2.29212227015672	-0.341556988147027	-0.687985488280087
603000	604000	-2.42811324754957	-0.664701052507463	-1.03465744478669
604000	605000	-1.87714426701797	-0.576860964389106	-1.0110451036386
605000	606000	-1.92955570493214	-1.14623786344804	-1.00055903013265
606000	607000	-1.37511595180134	-1.2476994312257	-1.06101921374235
607000	608000	-1.34542307703458	-1.7372314195558	-1.31549676658823
608000	609000	-0.978313507510715	-1.96057206706494	-1.05963612253112
609000	610000	-0.95392950951429	-2.22235112376777	-0.637866319847754
610000	611000	-0.923304770101008	-2.08488098407772	-0.179373792509197
611000	612000	-1.20362261002913	-2.54731844899246	-0.250003978760605
612000	613000	-0.785747694650387	-2.84487424115774	-0.501979322971455
613000	614000	-0.57182975608005	-2.58241869351733	-0.0456830982170824
614000	615000	-0.663877616304603	-2.42137160372945	0.378698082220775
615000	616000	-1.15256310338136	-2.80675876126238	0.295455443599234
616000	617000	-1.10103846224636	-2.13583205777108	0.330005812908256
617000	618000	-1.52546507522591	-2.27651646862358	0.142873501983026
618000	619000	-1.67213987988338	-1.98361747109064	0.417991356596295
619000	620000	-1.71971261626155	-2.42937550642231	0.580102876090718
620000	621000	-1.36437749423596	-2.19089451007606	0.747623659776152
621000	622000	-1.48878784131743	-2.38642264983708	1.07097768286508
622000	623000	-1.89155831650563	-2.10858813311187	1.26906090763894
623000	624000	-1.41797263126146	-2.09136247018426	1.47670601438269
624000	625000	-0.981418413685908	-2.13875275744616	1.56268547210377
625000	626000	-0.980116336225142	-2.40028397743762	2.05959348648301
