0	1000	-1.1763639094443	-0.00857385064111281	-1.29514561221553
1000	2000	-1.40778455403842	0.219566348294136	-1.19477780130076
2000	3000	-1.36637328179606	0.566634643078394	-0.946255702692826
3000	4000	-0.965755620178594	0.269491598313677	-1.06215040438015
4000	5000	-0.740324459514526	0.0888242720546819	-0.876939769991438
5000	6000	-0.737182033136867	0.276125349034996	-0.496997925361326
6000	7000	-1.07615494400228	0.245831903614678	-0.670265719373575
7000	8000	-1.07607921641662	-0.0122945663980826	-0.701135530872924
8000	9000	-1.36162734309965	0.0594425864488814	-0.778603126476107
9000	10000	-1.10895954339209	-0.155195208755392	-0.964885491264551
10000	11000	-1.15430175019764	-0.460961435935848	-0.884399063532691
11000	12000	-1.28117688484492	-0.847914664222421	-0.886122711060919
12000	13000	-0.841002499662114	-0.820892249764279	-1.13249029769024
13000	14000	-0.454400196893736	-0.731960645180228	-0.942327093142278
14000	15000	-0.184314020832068	-0.851305205321123	-1.20585553812151
15000	16000	0.0712475077802982	-0.856129618878438	-0.893723931195484
16000	17000	0.0361721615965028	-1.25677421980693	-0.778533944471155
17000	18000	-0.266224456773609	-1.24825730265375	-0.512478388471886
18000	19000	-0.639724048915857	-1.23166101608718	-0.414018718688736
19000	20000	-0.629824757915855	-1.121274236407	-0.775612168867608
20000	21000	-0.508433870179891	-1.51832540462699	-0.793820925729859
21000	22000	-0.309138297065789	-1.47869603491553	-1.1619665114932
22000	23000	-0.675909050773123	-1.30818668709342	-1.20951536433887
23000	24000	-0.790893330774158	-1.53236112435792	-1.50071604907342
24000	25000	-1.10373429912218	-1.64086165705	-1.16693161484567
25000	26000	-0.732784126966318	-1.94970619514676	-1.10219776092398
26000	27000	-0.846509788857732	-2.24077810309275	-0.805460651714577
27000	28000	-0.83694526518332	-2.74293620240431	-1.01397427916513
28000	29000	-0.740731111033357	-3.66318631202714	-1.11887046756058
29000	30000	-0.291272792296467	-3.05714183760866	-0.643099169705661
30000	31000	-0.0713349596826109	-2.41167891801392	-0.28084783150617
31000	32000	0.148944023577357	-2.05932720118159	-0.444427687092915
32000	33000	0.242686094108887	-1.75875575516001	-0.071919404633646
33000	34000	0.517932697472711	-1.69709545193538	-0.47974395592957
34000	35000	0.726073446975116	-1.48528124783063	-0.165587154792173
35000	36000	0.992397809086007	-1.41111296749767	-0.542206338950345
36000	37000	0.834376391248509	-1.02268300447801	-0.746978441516482
37000	38000	0.489300473786393	-1.07566286822685	-0.411226970769527
38000	39000	0.105433315220512	-0.996894385442488	-0.173836633432029
39000	40000	-0.197782367657284	-0.762455240560285	-0.457379173236736
40000	41000	-0.494692783527513	-0.681753038089782	-0.318386511958122
41000	42000	-1.31474278581657	-0.61066606234104	0.422076821215087
42000	43000	-0.892454224195206	-0.565264314884601	-0.300738690042963
43000	44000	-0.676531835108103	-0.43720866691466	-0.563458199627878
44000	45000	-0.851347209692779	-0.219434468009724	-0.487272935699481
45000	46000	-1.07166438754441	-0.110864854706221	-0.335358121424578
46000	47000	-1.54709144239659	0.629541565183358	0.196423840027207
47000	48000	-0.702771406493149	-0.068036006630207	-0.229476048291182
48000	49000	-0.200623757283871	-0.220514094478601	-0.293909050703425
49000	50000	0.165092369970439	-0.405817604291374	-0.362105922687238
50000	51000	0.557753103659776	-0.472740747947767	-0.466173733780429
51000	52000	0.723273235883473	-0.438282790396846	-0.134775409027955
52000	53000	1.02041770288426	-0.651454323199985	-0.319854284222933
53000	54000	0.846683739032013	-0.852539256868217	-0.0022378265361652
54000	55000	1.15285727336652	-1.09700975379951	-0.13391808259415
55000	56000	1.09061810124141	-1.30490754492715	0.212794852627809
56000	57000	1.39288461429149	-1.53997940889596	0.17703581660677
57000	58000	1.22521440522322	-1.69340862597089	0.485140173874681
58000	59000	1.38245160529897	-2.03425407451599	0.381663078830431
59000	60000	0.997102367575651	-2.00981014825486	0.54222374890779
60000	61000	0.921941067708778	-2.08314220367966	0.22322843894102
61000	62000	1.14399732960848	-2.30434648894098	0.353866147515277
62000	63000	1.05506123678576	-2.60622644772501	0.399718576686641
63000	64000	1.22219528169561	-2.46471590960211	0.679878733962559
64000	65000	0.880085049391541	-2.39652113190187	0.737135118792867
65000	66000	1.08945589565907	-2.40341725974278	1.05973280704668
66000	67000	0.803441922951924	-2.54496087402838	1.00055092063061
67000	68000	1.10707697352504	-2.73832491560378	0.968399813768177
68000	69000	1.4109941332137	-2.98291835757748	0.744918577103653
69000	70000	0.974732813756355	-2.91225826260046	0.691156360645996
70000	71000	0.735637970297632	-2.84303277419713	0.922743538704217
71000	72000	0.505823001856629	-3.02816457027971	0.813767784716285
72000	73000	0.483429085164051	-2.67624172227208	0.708894051152156
73000	74000	0.64068752012097	-2.94482079591256	0.44498260516524
74000	75000	0.534648525243476	-2.50708198770078	0.404335346939216
75000	76000	0.540310286432057	-2.74149221498519	0.185220813487179
76000	77000	0.180057778773435	-2.60677277129136	0.233081221722692
77000	78000	0.274048786923295	-3.02523291575402	0.150744290526352
78000	79000	0.219493076087288	-2.90225809387086	0.502478467215485
79000	80000	0.0890630485941364	-3.40147074967779	0.518495732800403
80000	81000	-0.157571467347623	-2.99905730614589	0.558564922158435
81000	82000	-0.546644044973107	-2.93066188526401	0.599916705445751
82000	83000	-0.336974274754861	-2.59235059822278	0.763282576763164
83000	84000	-0.362481092744327	-2.93268554174812	1.05989575101374
84000	85000	-0.0264727690224918	-2.60682786035303	1.12003025641526
85000	86000	0.0887921155384111	-2.98775256020693	1.24772076272724
86000	87000	0.406216638746869	-3.11431110723221	1.51345363560921
87000	88000	0.474077991739532	-2.66014661761092	1.3730632222116
88000	89000	0.773394476538268	-2.48407044616821	1.5270683816803
89000	90000	0.428512647698361	-2.36177312407103	1.60826992670171
90000	91000	0.540921375023545	-2.73110278399761	1.81125310179507
91000	92000	0.17745200815376	-3.27555234368494	2.5422902017721
92000	93000	0.248320995564923	-2.36885398410876	2.13391002263908
93000	94000	0.343080454859575	-1.86563671033819	1.98125612962054
94000	95000	0.708662660075835	-1.49931895403763	2.14137613267303
95000	96000	1.01666554661064	-1.27503985162097	2.41872078667698
96000	97000	1.11685659595996	-0.880456343760409	2.23609792453352
97000	98000	0.767645820286961	-0.771792875091954	2.05241070012252
98000	99000	0.605139504796812	-0.616218510922317	1.67637602381396
99000	1e+05	0.578628109629781	-1.11273986266547	1.75890949956018
1e+05	101000	0.775848655530806	-1.033849351019	1.34158194990237
101000	102000	1.11045208264743	-1.02533346135385	1.62775354295539
102000	103000	1.39274292878509	-0.724544108998793	1.74857792135277
103000	104000	1.5850599065921	-0.742055461612882	2.13921074965698
104000	105000	1.79430105280727	-1.01547599154891	2.5512667639951
105000	106000	1.65625537823927	-1.28164221200193	2.17252308421652
106000	107000	1.38129494947874	-1.4584608721943	1.92580763457807
107000	108000	1.19290656556579	-1.78198830738458	1.70732552193222
108000	109000	1.45100794748538	-1.95503492217695	1.89965754205255
109000	110000	1.81173970245085	-1.85578762455832	2.0433758504882
110000	111000	1.72821630757526	-1.58351139800837	1.72063739534922
111000	112000	1.4873028194211	-1.29396283519031	1.5013215000408
112000	113000	1.26114161655913	-1.52486626982813	1.25873704434023
113000	114000	1.51332178175209	-1.92706673297944	1.2795241916954
114000	115000	1.83962950369162	-2.33490346735532	1.03729165939437
115000	116000	2.00290246125788	-2.28358585754988	0.457678042123122
116000	117000	1.75048890924904	-1.94562662416899	0.0378001024222419
117000	118000	1.68429365689755	-1.71345986924106	-0.382362715465503
118000	119000	2.12001404354678	-2.06900839903928	-0.499479101362854
119000	120000	2.46322260946567	-2.81361085540833	-0.731106324116772
120000	121000	1.56143931092385	-2.34432961185405	-0.432316909681595
121000	122000	1.20981774716084	-2.03642796650947	-0.321542843659418
122000	123000	0.792535984406748	-2.21819434047185	-0.252734947303844
123000	124000	1.00147115702259	-2.63787139933056	-0.285882160994029
124000	125000	1.48852318648702	-3.45548125829524	-0.807250355089788
125000	126000	1.06615360041155	-2.67870519540183	-0.764927304454072
126000	127000	0.72392878400256	-2.24291991391212	-0.755330100956269
127000	128000	0.759974049527851	-2.29214994091841	-1.20226144490395
128000	129000	1.3718602363953	-2.45487703051183	-1.93683650471917
129000	130000	1.08163861933473	-1.8119726671024	-1.39407895696854
130000	131000	0.735439612675717	-1.57950852861828	-1.15141926618419
131000	132000	0.358583644104011	-1.54666159297076	-1.46365560558292
132000	133000	0.174996493868707	-1.96264422703063	-1.49012661331451
133000	134000	0.0155178008228256	-2.32225818044032	-1.15202298449744
134000	135000	-0.327391388002641	-2.19616682161005	-1.46242173953852
135000	136000	-0.186749958672219	-2.12125390143274	-1.88509526774047
136000	137000	-0.213798741366361	-2.20995518819213	-2.69946215650659
137000	138000	-0.726443734750164	-2.35682357232337	-2.36885247880227
138000	139000	-1.24123788685754	-2.75662376280659	-2.38894665106942
139000	140000	-1.51897271622012	-1.96786253003716	-2.30691005307332
140000	141000	-1.55721834968626	-1.56920567114948	-2.21939444036259
141000	142000	-1.89834311776179	-1.50107202464717	-1.98244920942306
142000	143000	-2.33627478761993	-1.37714194638027	-1.68344113421162
143000	144000	-1.94187725085287	-1.42078197465672	-1.45918976749155
144000	145000	-1.5735016634702	-1.36976075565205	-1.64895153193709
145000	146000	-1.24586081108688	-1.39026223287649	-1.89921843933103
146000	147000	-0.848991566493856	-1.25440551510831	-1.9431064205042
147000	148000	-0.790400794783289	-0.885015737797041	-2.20477226100758
148000	149000	-1.25421579640697	-0.897908639006694	-1.86216188901827
149000	150000	-1.63685997522003	-0.908124424866879	-1.97375823059713
150000	151000	-2.01414871459003	-0.930969561233938	-1.82416280825393
151000	152000	-2.1833407084788	-0.859606196894553	-2.1282160819275
152000	153000	-2.56125160808096	-0.885033037606364	-2.02994945593545
153000	154000	-2.49043961464808	-1.256143321938	-2.15706738267054
154000	155000	-2.14440372026152	-1.23654896279964	-2.44482049342562
155000	156000	-2.34405475498308	-0.906909341495359	-2.5458189944742
156000	157000	-2.70290188840791	-0.634066503692317	-2.36015148722844
157000	158000	-2.36160922934976	-0.44548899438264	-2.38404049089366
158000	159000	-1.95591806357549	-0.496274504797067	-2.33705520724605
159000	160000	-1.99537990607153	-0.10451310857995	-2.35476329066219
160000	161000	-2.31243337403644	-0.0254451640610234	-2.13566631947826
161000	162000	-2.67650225641903	0.262482674403011	-2.1435060140594
162000	163000	-2.23037967837138	0.524167971122604	-2.09233121680943
163000	164000	-2.38238285537041	0.454292354620221	-2.50086811177882
164000	165000	-2.00648549622817	0.36454866881125	-2.64468537528157
165000	166000	-1.9762304325392	0.752926971150074	-2.68261168647769
166000	167000	-1.68082222792406	0.99980014400916	-2.58010153421376
167000	168000	-1.39820395144779	1.32683479736893	-2.5078489939901
168000	169000	-1.07977984046778	1.59266707845097	-2.42701016463151
169000	170000	-0.794056826848502	1.86128838292559	-2.52765252271005
170000	171000	-0.575174163016282	2.20559167073126	-2.35306420494312
171000	172000	-0.755596149372097	2.30632082525438	-1.94282390722828
172000	173000	-0.824773586537571	1.8703959518465	-1.77137526282107
173000	174000	-0.625011124919069	1.66882521555904	-2.1028806092914
174000	175000	-0.444847480152069	1.65438834160648	-1.72893898943116
175000	176000	-0.386916135586511	1.29284850121373	-2.03883249330696
176000	177000	-0.582235316024476	1.18474916302307	-1.68128504681516
177000	178000	-0.903576110685393	1.3565519779134	-1.85367501709797
178000	179000	-1.38065316225226	1.37256886256237	-1.75395767206015
179000	180000	-1.10811189041007	1.07432054606135	-2.07563167426267
180000	181000	-0.809076164253385	0.80928368093269	-2.0801187228701
181000	182000	-1.03517495183999	0.515693093975585	-2.27102323938601
182000	183000	-1.34097906629568	0.661495978553051	-1.99944568675073
183000	184000	-1.73507823869064	0.726069499372906	-1.9958743694865
184000	185000	-1.59794418956512	0.55126161241051	-2.33126539442841
185000	186000	-1.42925297386247	0.252450739881314	-2.5591246410839
186000	187000	-1.43388911512418	0.569833013622995	-2.87010779508779
187000	188000	-1.72160675178531	0.643820371995504	-3.15542896405131
188000	189000	-1.55132379599632	0.369186684626628	-3.56328061537482
189000	190000	-1.6774064908125	0.0398745179793505	-3.22676155832141
190000	191000	-1.74453714728387	-0.317172680421306	-3.00073581957
191000	192000	-1.44217954584214	-0.544418068336199	-3.07605124501855
192000	193000	-1.3082906466508	-0.575897409141338	-3.63418463472105
193000	194000	-1.28892531093452	-1.03986665320429	-3.28750319623353
194000	195000	-1.83424586364607	-1.01174023114102	-3.40734826623885
195000	196000	-1.84532249212165	-1.07129865140667	-2.96051816739597
196000	197000	-2.15833457237532	-1.34603431286108	-3.0547279606781
197000	198000	-2.18465762325919	-1.71467573796253	-2.81694678116251
198000	199000	-2.29971075139028	-1.83956229850036	-2.39035482413551
199000	2e+05	-2.37832373778862	-1.93970312294541	-1.76091960869028
2e+05	201000	-2.26111813212449	-1.74640338037431	-0.780790705301596
201000	202000	-2.07545644558748	-1.55061506232594	0.139645378317133
202000	203000	-1.86523804889748	-1.38412868964788	0.725374996345117
203000	204000	-1.50612245815737	-1.28316534554626	1.03663555699649
204000	205000	-0.996037442420615	-1.38805744008263	1.29494923117889
205000	206000	-0.609409585809229	-1.63716243494038	1.61499164839862
206000	207000	-0.505371817666999	-2.10024714019751	2.15642939107614
207000	208000	-0.429472240083017	-2.64941406994386	3.02990324196117
208000	209000	-0.127608309475543	-1.81833336633796	2.81886585020431
209000	210000	-0.0116309125050254	-1.61130236976229	2.43815454012248
210000	211000	0.00792813981974584	-1.29437468014502	2.73664930929362
211000	212000	-0.00104019278452571	-0.993129198253254	2.48221373955541
212000	213000	-0.320061992869141	-0.979666842744762	2.74255263361731
213000	214000	-0.443264063105815	-0.927935025564793	2.34610826865909
214000	215000	-0.639090395983804	-1.21581149543707	2.18622334155062
215000	216000	-0.38109461337328	-1.37406219459432	2.40831088615019
216000	217000	-0.422055292656693	-1.38282744716585	2.80468811076156
217000	218000	-0.75288522434812	-1.18228926798415	2.73416540581023
218000	219000	-0.745623714831811	-1.56919386326382	2.5637006991807
219000	220000	-1.0375348154598	-1.40107284326215	2.35841154424267
220000	221000	-1.05285250680527	-1.78175677289441	2.34370435497466
221000	222000	-1.44585996573822	-1.77660939424461	2.478994781925
222000	223000	-1.24898758375423	-1.60957316969743	1.97379271012912
223000	224000	-1.20005732063969	-1.2193568418791	1.89107256440255
224000	225000	-1.45302067593825	-1.32614681558359	1.61851999139689
225000	226000	-1.4634690208302	-1.6828700300249	1.3092183899932
226000	227000	-1.43511644515119	-1.87402476223762	1.63924908547844
227000	228000	-1.06634941627308	-2.0023519583821	1.72238882349887
228000	229000	-1.25590129298317	-2.3540195852127	1.87971209095091
229000	230000	-1.31331279289485	-2.24112710201156	1.42605999665367
230000	231000	-1.5419904894411	-2.16960552519424	1.1389859896276
231000	232000	-1.42343154751103	-2.09471057220492	0.736811601503605
232000	233000	-1.69813579708403	-2.28238991973465	0.497950752584466
233000	234000	-1.9143361171127	-2.20144988267997	0.776763119741319
234000	235000	-2.25909796098636	-2.07928461456235	1.03843625463683
235000	236000	-1.9903771730094	-1.85417126952906	1.29433174209777
236000	237000	-1.90153185228917	-1.52756325123059	1.51627487366868
237000	238000	-1.98953427044878	-1.09953000921525	1.49606217088181
238000	239000	-1.98370777069206	-0.598978494240517	1.45673357917609
239000	240000	-1.94266068585466	-0.194905021080728	1.63459422669873
240000	241000	-1.7684377245523	0.178322108883448	1.60655081135389
241000	242000	-1.66801402843497	0.641044833396763	1.64692052479947
242000	243000	-1.38971611999037	0.885895418473103	1.39679428381412
243000	244000	-1.40972541320657	1.27043144455322	1.35811492615505
244000	245000	-1.42605113174263	1.61663416303366	1.13748353129128
245000	246000	-1.37885674565398	2.13778933438177	0.998825448310142
246000	247000	-1.11978994849989	2.52687807305525	0.610427395917672
247000	248000	-1.11075596448488	2.88356591243826	0.142915690877104
248000	249000	-0.989831562240201	3.02396537396065	-0.230939833600618
249000	250000	-1.11921061193509	3.30530057255572	-0.421633988666423
250000	251000	-0.833356613940355	3.08639241970402	-0.594002970663507
251000	252000	-1.18749640433607	3.19505975872554	-0.791782990651347
252000	253000	-1.15604394939431	2.89766260468443	-1.04876682259598
253000	254000	-1.57577011787354	2.71891136223015	-1.62861644758483
254000	255000	-1.75161324794249	2.20513408500781	-2.28273015778676
255000	256000	-1.91757435220133	1.8925458929742	-2.62898883736995
256000	257000	-1.83219123115694	1.63648467563163	-2.98959615072626
257000	258000	-1.45993946878301	1.71167668909367	-2.91523053598805
258000	259000	-1.12668390474557	1.55132273745894	-3.11403190041512
259000	260000	-1.26560450176702	1.15751235635417	-3.03798644165501
260000	261000	-1.66462352602409	1.13356527922094	-3.15519730736136
261000	262000	-2.09965912101128	1.27975747721475	-3.17953914040791
262000	263000	-1.97070514957794	1.0231772088297	-3.51838358111271
263000	264000	-2.43067437156129	0.953302349347317	-3.36710197125348
264000	265000	-2.15290807896245	0.545698728058011	-3.45914628248605
265000	266000	-2.479615989882	0.449517481513483	-3.35468648853803
266000	267000	-2.4242003244142	0.293581123132101	-3.78820828426573
267000	268000	-2.6346708109824	0.0569428839876041	-3.46015004682585
268000	269000	-2.86622336376361	-0.137671100466398	-3.37121939525143
269000	270000	-2.76997791593458	-0.200377436246296	-3.07846389599317
270000	271000	-2.54421271030881	-0.28647050157784	-3.23142624247812
271000	272000	-2.31702938626003	-0.129071981615881	-3.46922340543806
272000	273000	-2.46177302721647	0.0309469026132266	-3.16146448718454
273000	274000	-2.76664819673635	0.157374049760901	-3.0635032345875
274000	275000	-2.45559778431602	0.349599963172339	-2.97177554434074
275000	276000	-2.50975243612804	-0.0438142491248698	-2.81338661997887
276000	277000	-2.14162149526489	-0.0186685525718602	-2.98160781386546
277000	278000	-2.24153999565271	-0.357240290229857	-2.82977950391224
278000	279000	-2.11358208174811	-0.468316170729459	-3.1480922277987
279000	280000	-2.19046944409897	-0.603173387539843	-3.49960980259509
280000	281000	-2.6505116390042	-0.617308082098949	-3.66522688376062
281000	282000	-2.71516970042986	-0.639945004119121	-3.21697062495529
282000	283000	-2.48535507964794	-0.860709330245167	-3.06746646293019
283000	284000	-2.55353489596354	-0.66575357807243	-2.81045691568226
284000	285000	-2.87153780608966	-0.532299264013615	-2.76590201306589
285000	286000	-2.89479038960486	-0.852491458757819	-2.90649014283199
286000	287000	-2.89263684197197	-1.24650115564154	-3.10577377801481
287000	288000	-2.90429675419441	-1.15545092382158	-2.64092044540282
288000	289000	-2.60678013634308	-1.39684929016491	-2.71160672124047
289000	290000	-2.80515475262228	-1.41551976643941	-2.37914319106076
290000	291000	-2.82445665119669	-1.84963855748471	-2.46247190979199
291000	292000	-2.88616770970334	-1.741271667312	-2.1070216684445
292000	293000	-3.2446367984227	-2.51292022622637	-1.45673320616051
293000	294000	-2.7569524646531	-2.51864015995023	-0.576364492612788
294000	295000	-2.38344776170461	-2.33902488590684	-0.123799837400893
295000	296000	-2.38322691751889	-2.28387979774116	0.26576575790822
296000	297000	-1.99068154983782	-2.2994384375825	0.169516803554105
297000	298000	-2.10729256683161	-2.66862371565348	0.373762763399616
298000	299000	-2.10360178397827	-2.79090711810454	-0.0577060367947465
299000	3e+05	-1.94566681927294	-2.52651277752329	-0.338981257364952
3e+05	301000	-1.96554490511451	-2.1335609872969	-0.41523442378857
301000	302000	-1.66227190029707	-2.39448368561912	-0.547200524428639
302000	303000	-1.55848083780266	-2.25042737989928	-0.136589035431298
303000	304000	-1.20744606566798	-2.686132554322	-0.361636488824994
304000	305000	-1.19572011843401	-2.36603634569344	0.0463105855155902
305000	306000	-1.25505434058449	-2.70060189773489	0.223884951540137
306000	307000	-1.58377512186469	-2.73953496590814	0.00756510285614376
307000	308000	-1.79543350256802	-3.16811838112276	0.0267453135594887
308000	309000	-1.6770653526218	-2.90231672922959	0.400754460561397
309000	310000	-1.37121382930481	-2.94967164791551	0.667403522643439
310000	311000	-1.56393838553375	-2.71529119213395	0.894896454264923
311000	312000	-1.82886347249183	-2.75535597045041	0.832003288125581
312000	313000	-1.84351138855573	-3.08653815544706	1.10186720320007
313000	314000	-1.87874431740694	-2.69450877925587	1.1011800056521
314000	315000	-1.67031481750119	-2.70650239981612	1.30618757796429
315000	316000	-1.9393306058525	-2.5222067433456	1.37755232065652
316000	317000	-1.74992053265319	-2.44497981528332	1.59286186364528
317000	318000	-1.82403670369072	-2.17818093057485	1.64071860461683
318000	319000	-1.76350168390142	-2.21051507432147	1.94630327378046
319000	320000	-2.00722250301477	-1.9360603936444	1.9108912326224
320000	321000	-1.66501475347307	-1.91965743921485	2.10570396407569
321000	322000	-1.77950543074542	-1.63832703995341	2.08518389396768
322000	323000	-1.91225592284004	-1.53694707754818	2.47179887500196
323000	324000	-1.56565800894035	-1.17838368901587	2.30710521379362
324000	325000	-1.68284787784969	-1.15009979464408	2.62685406717955
325000	326000	-2.05388685393496	-0.746092525791439	3.22541071193111
326000	327000	-1.60356007037238	-0.497400124239646	2.48094857216939
327000	328000	-1.35247663199263	0.19565810726961	2.05905991561693
328000	329000	-1.18654639670123	0.706515132554351	1.90929110885009
329000	330000	-1.26217074245584	1.15487214310423	1.9565155156274
330000	331000	-0.850962551399856	1.19128580198774	1.81192177147239
331000	332000	-1.07170795477481	1.60106080669448	1.92012854618307
332000	333000	-0.809648822680433	1.50330708492814	1.50181924449795
333000	334000	-1.08131526941067	1.85265704758844	1.48742836517223
334000	335000	-0.654807301949347	1.87099029219519	1.21834144970271
335000	336000	-0.765494245507054	2.27981411730293	1.50166536245706
336000	337000	-0.313927466375026	2.12259654519667	1.6032337168606
337000	338000	-0.600405891377388	2.16190059763461	1.97360717972963
338000	339000	-0.467709038519235	1.73344404769035	1.86811630126498
339000	340000	-0.479094793695018	1.82293583659963	2.31934211184806
340000	341000	-0.421673591083205	1.43919372222943	2.4436565227087
341000	342000	-0.102167370308328	1.52494167169923	2.25039370383809
342000	343000	-0.0215024110531799	1.24017581326982	2.49273733738234
343000	344000	0.273817624892029	0.982534115213882	2.49784922683722
344000	345000	0.419094210657092	0.784222408672317	2.84473228216058
345000	346000	0.545069335762741	0.394378083571788	2.7408314564051
346000	347000	0.81966437846474	0.245894338014817	2.97305081851088
347000	348000	0.908358777220434	0.00155850354306399	2.77489608696855
348000	349000	0.98852436970595	-0.0261523110823341	3.21247147962004
349000	350000	0.979080753498211	-0.260721486812719	2.99418274498259
350000	351000	0.716268278547194	-0.19621159025167	2.92591223035363
351000	352000	0.551095529852426	-0.0475325194656706	3.1288293202063
352000	353000	0.445869947269451	-0.418325223299727	3.0412742669233
353000	354000	0.217972526624052	-0.042209403588898	2.92203447742401
354000	355000	0.193312836889391	-0.322018905863173	2.61911009806067
355000	356000	-0.142000055504336	-0.284381518475475	2.80973367224352
356000	357000	-0.158595899718686	-0.507455391318327	3.11346206364746
357000	358000	-0.449730534829426	-0.662206441726649	4.04355599519774
358000	359000	-0.571379492693713	-0.379797217426673	3.05091449917305
359000	360000	-0.862158482716674	-0.233432636888816	2.90215751618383
360000	361000	-1.68084908873561	-0.0532353561012456	3.41619427641218
361000	362000	-1.18020790719043	0.026431056291925	3.60215458199963
362000	363000	-0.784088971209834	0.212301545865498	3.97632089314537
363000	364000	-0.612913944153947	0.344060423815233	3.16602580768671
364000	365000	-0.525062729940692	0.463886040072951	2.78191118675296
365000	366000	-0.456701406657765	0.614203247426991	2.42972475114602
366000	367000	-0.824543426874206	0.249419749933979	2.39013040578194
367000	368000	-1.04075376899526	0.539335011315635	2.7458810193649
368000	369000	-1.54592098887965	1.11272679088601	3.41140166085945
369000	370000	-1.00867189427986	1.06808770761712	2.68954127080851
370000	371000	-0.536240258442632	0.678352323887608	1.95830616084952
371000	372000	-0.0823750241844511	0.530088775685928	1.91834846174254
372000	373000	0.139897355602997	0.607744680660916	1.52981143583595
373000	374000	0.270430943523534	1.0938451253465	1.56937310250775
374000	375000	0.264985576878072	1.10108952941826	1.05847790107847
375000	376000	0.6942530445812	0.967852444805129	0.592003641311909
376000	377000	1.31412674682929	0.578173243031473	-0.927942712492224
377000	378000	1.51667584355692	0.54859453538846	-1.83713552459773
378000	379000	1.13740905471381	0.810898820055128	-2.33420845186816
379000	380000	0.655958738314654	1.01634740242677	-2.65859654746619
380000	381000	0.267459283069494	1.42423701402443	-2.81411359555488
381000	382000	0.325901208727911	1.9696926582365	-2.63939758414273
382000	383000	0.197540210227909	2.31830298698919	-2.24893847351022
383000	384000	0.300872278001087	2.66428216259386	-1.92979034319622
384000	385000	-0.165588282981401	2.71433448588312	-1.72649481517196
385000	386000	0.25162098549599	2.86638292831302	-1.4303845103808
386000	387000	-0.172669151909164	2.88685188480656	-1.18022080967114
387000	388000	0.241780433395171	3.14921893516837	-1.00790259127297
388000	389000	-0.0916130764396652	2.96323616721447	-0.660021199429804
389000	390000	0.150981835278159	3.20684535650914	-0.371913269059824
390000	391000	-0.104669782477107	3.46479481012269	-0.545800641927896
391000	392000	-0.132113768774154	3.92045502371938	-0.657892513515885
392000	393000	-0.527290559818387	3.53727991015644	-0.719859129429013
393000	394000	-0.599332114667942	3.73372270411827	-0.483128498037565
394000	395000	-0.562356506972855	3.40822128523768	-0.319446069316807
395000	396000	-0.841002283465407	3.58042091843022	-0.195095820459584
396000	397000	-0.940589097305921	3.92066705735041	-0.273313403159477
397000	398000	-1.11498874735282	4.85963593449876	-0.375151539254367
398000	399000	-0.604267251067538	4.0160591106903	-0.098398343727261
399000	4e+05	-0.308165309586135	3.86487688449846	-0.0670654881028877
4e+05	401000	-0.620591850194698	3.73360975069572	0.136545282040672
401000	402000	-0.80426193234687	3.83447162321259	0.5145116421168
402000	403000	-0.677372294565145	3.42498794142997	0.335278242785618
403000	404000	-0.328161099068534	3.3379732764861	0.421322035107244
404000	405000	-0.533189473499033	3.00363490754139	0.270754327737893
405000	406000	-0.294862404134371	3.16295575917705	0.0075750311627624
406000	407000	-0.183339592909108	3.54465636163759	0.132936057338206
407000	408000	-0.222710608842813	3.86321825313681	0.530889727566133
408000	409000	-0.47044611446996	3.42385845925362	0.785022428654165
409000	410000	-0.363089763951947	3.04824535717206	0.839054859179432
410000	411000	0.0281571450068771	3.2552829310652	0.922220634328292
411000	412000	0.402623757745502	3.58077077573707	0.946929933098681
412000	413000	0.312557053757097	3.35239944787653	0.533578212250384
413000	414000	0.0761721364644832	3.10288933801783	0.355273883719452
414000	415000	-0.135768915287301	2.70784163267893	0.528822057189607
415000	416000	0.202896397726598	2.76706471794545	0.87858206537997
416000	417000	0.623641863059215	2.60649577059846	0.828484001327191
417000	418000	0.492446564819009	2.62934987926695	0.390897900885978
418000	419000	0.373402254458451	2.6045834233699	0.00589541083596616
419000	420000	0.641342513996005	2.86658956691394	-0.204576486853371
420000	421000	0.98321889334624	3.01932972629767	-0.0387942026526338
421000	422000	0.809298276766665	3.29199181378861	0.129219956176819
422000	423000	1.08297922471287	3.26504105036568	0.453761732673302
423000	424000	1.02242054822058	2.78253014798425	0.406345901449428
424000	425000	1.42060963042558	2.95637935797021	0.279911252447605
425000	426000	1.2533128837203	2.69798970962713	-0.0429051833994965
426000	427000	1.40323152548082	3.07711101050807	-0.134286985777247
427000	428000	1.31354718282696	2.73656396063883	-0.518199825098785
428000	429000	1.14332924805624	3.083605175246	-0.46478860685176
429000	430000	0.956631121276764	3.25118039906461	-0.737903036287322
430000	431000	1.02110918865292	3.65018838635034	-0.410490027827257
431000	432000	1.35269721946048	3.38771952778885	-0.592901340572934
432000	433000	1.64702940858745	3.53731248407973	-0.312128759264234
433000	434000	1.59045408102777	3.0843751251741	-0.577871240176845
434000	435000	1.85262491442518	2.98113513025978	-0.316976459262983
435000	436000	1.99146948155176	2.83335482459655	-0.752566357875465
436000	437000	2.02780317368085	2.60039958997327	-0.360258503130973
437000	438000	1.92559154862673	2.49677238302926	-0.0490765901671614
438000	439000	2.13363695858982	2.77521012195535	-0.00735359578295226
439000	440000	2.40690894201765	2.64110821831829	-0.22739643587749
440000	441000	2.25264421822107	2.32364139765012	-0.217426522378963
441000	442000	2.29270275185316	2.44055817017515	0.102183406456187
442000	443000	2.67472352200598	2.73055237342986	0.220959003800555
443000	444000	2.61070509493117	2.36799379161327	0.108933077937925
444000	445000	2.435512428025	2.10390632747222	-0.0275990487080714
445000	446000	2.75283890397972	2.15769321899355	-0.224968595752548
446000	447000	3.44486319988372	1.63102719143003	-0.685363680721119
447000	448000	2.59054941043306	1.50240207968204	-0.0300858024587185
448000	449000	2.11559914748662	1.58410809354781	0.707113321676133
449000	450000	1.88590169450004	1.55236128763579	1.01398441438447
450000	451000	2.21412944901365	1.81368521317633	1.12090860631159
451000	452000	2.27205981440121	1.35229248166903	1.158387202165
452000	453000	2.44859282327847	1.66147429866333	1.42687000005392
453000	454000	2.11124165498968	1.63474195633022	1.6771171172083
454000	455000	1.74949587936089	1.57512590840578	1.46642669808369
455000	456000	1.8047103215742	1.24223011400587	1.68459161730022
456000	457000	2.14059405583934	1.07025849573985	1.66921348459006
457000	458000	2.19327636862986	0.960088634403715	2.0484679974542
458000	459000	2.53210726051065	0.885240317117899	1.87635416395637
459000	460000	2.59326630959596	1.05886268754278	1.53273442511609
460000	461000	2.75785077556381	0.719796317964322	1.51735770379308
461000	462000	2.97163532742878	0.592192596642378	1.96110940453586
462000	463000	2.52490736305058	0.40130787334629	1.88698120994767
463000	464000	2.35451875054834	0.418721674645907	1.48098765481958
464000	465000	2.04136236724925	0.674599384085238	1.53933371546776
465000	466000	1.9633401625408	0.569664594990494	1.99961888339811
466000	467000	1.94429976361471	0.193988211078247	1.80897349934751
467000	468000	1.80295875545161	0.306676448861326	1.41379038417798
468000	469000	1.39072203924478	0.201272636159041	1.41401353502468
469000	470000	1.48551193534046	0.464826750207888	1.79084530199234
470000	471000	1.20403272731854	0.0638382199688569	1.93669266912299
471000	472000	1.06133571093029	0.432292894937714	2.04052014143074
472000	473000	0.897032536849297	0.745748224976957	1.84026238005349
473000	474000	1.22974844440576	1.02388668763892	2.04031385766157
474000	475000	0.979364967850411	0.967340313780981	2.41226066229321
475000	476000	1.26062467260434	0.62846994541991	2.38787059427362
476000	477000	1.04339529414582	0.592808615978886	2.69741127850421
477000	478000	1.43770095172226	0.619325199313889	2.97404494937753
478000	479000	1.38515439602613	0.181190467932889	2.68938448830236
479000	480000	1.36479271903373	-0.188679444290355	2.58007753500674
480000	481000	1.72858681690509	-0.17703425185676	2.43815195499222
481000	482000	2.02633833746012	-0.337219935551477	2.65753617968848
482000	483000	2.22690655110269	-0.0307049603953324	2.38587314643079
483000	484000	2.11039865243195	-0.398005820628089	2.20017131037244
484000	485000	2.24020170775113	-0.282873968480364	1.84739392835408
485000	486000	2.46428001583479	-0.538595527813269	2.02627328969651
486000	487000	2.76087134894501	-0.286853649660815	2.16778786058522
487000	488000	2.78895652960792	-0.672088491842834	1.74345917833345
488000	489000	2.50826735021888	-0.62690723287124	1.5352261912289
489000	490000	2.80670573795727	-0.459847128389472	1.4091762963455
490000	491000	2.4960287685191	-0.205974495691652	1.3797091464543
491000	492000	2.83000554243682	-0.0588257501254301	1.40386120267593
492000	493000	2.71594680349804	-0.120924538466488	1.7291661744638
493000	494000	3.08043606922704	-0.239536681711651	1.7562920617214
494000	495000	3.0256463865821	-0.549346865244465	2.02983602193291
495000	496000	3.73791678162271	-1.07111138320627	2.42751401773362
496000	497000	2.80778141649873	-1.04455707802422	1.9972970969797
497000	498000	2.48897500268708	-1.01237823932903	1.84586756916394
498000	499000	2.20257600706723	-1.12057028069589	1.82013325169487
499000	5e+05	2.42762714969676	-1.36405706390334	1.79804740016507
5e+05	501000	2.38078837592415	-1.15570077796503	1.49531658668987
501000	502000	2.64898333928862	-1.37465844937581	1.50512350362706
502000	503000	2.5256042477763	-1.83222475099058	1.4593085488313
503000	504000	2.11773043448409	-1.69240470885521	1.27110681763514
504000	505000	2.16553224588865	-1.72205855261221	0.909492983828798
505000	506000	1.77841352103284	-1.60535402807706	0.820987667214154
506000	507000	2.06300553139163	-1.55399202275574	0.477329256416399
507000	508000	1.64673510248013	-1.20145898754765	0.578055629988472
508000	509000	2.01887364296854	-1.17148781134202	0.326928705644664
509000	510000	1.94556722807587	-1.08128567231461	0.749623460093902
510000	511000	2.29964463702722	-1.23780756671175	0.784852210683598
511000	512000	2.12830892761394	-1.08271823912942	1.11799902637505
512000	513000	2.64983620592228	-1.15899765009599	1.0559802534189
513000	514000	2.41016040692453	-0.779047140743617	1.01126451759048
514000	515000	2.4904552755185	-0.945475733673728	0.600570315891496
515000	516000	2.1279462932367	-0.787138674491739	0.440201250150541
516000	517000	1.88547143586064	-0.568780830406221	0.725890885850407
517000	518000	2.29425177739994	-0.470287672955101	0.739203118434129
518000	519000	2.62806534774168	-0.179814367544488	0.587399221264578
519000	520000	2.64426275381788	0.281390245344602	0.632260154298859
520000	521000	2.58001382669837	0.705371913598944	0.61979083715771
521000	522000	2.68629394513635	1.06540958533518	0.71278388805993
522000	523000	2.93259703987793	1.23810935287249	0.936430104231972
523000	524000	3.78346606018595	1.68107884831026	1.36140630410522
524000	525000	2.88667932289735	1.65281434139003	0.831149909906851
525000	526000	2.65948444198534	1.5005503922732	0.672575576590181
526000	527000	2.8747969032234	1.47619656125171	0.442459900282347
527000	528000	3.10495495307496	1.75168857057092	0.499509739673464
528000	529000	3.83991549212961	2.3506871265155	0.290586099742137
529000	530000	2.79430532222836	1.96253739919767	0.300127347600825
530000	531000	2.46461851100419	1.74916095509532	0.242486232811869
531000	532000	2.41559169162376	1.87029573252622	0.546412543539123
532000	533000	2.67114758699905	2.0966388293516	0.647719810886274
533000	534000	3.02761950140757	3.0154802374933	0.994763257068842
534000	535000	2.36856541672847	2.17875996801584	0.469423309707876
535000	536000	2.01115722899275	1.97626275460277	0.291925772844236
536000	537000	1.92181047307521	2.40797348726834	0.687853878852822
537000	538000	1.65571748628171	3.05068329720934	1.18987640885531
538000	539000	1.58455433643466	2.25180479851697	0.301535990495781
539000	540000	1.70694569943535	1.90719948013248	-0.192669421590369
540000	541000	2.07502437192962	1.72806709493354	-0.57924609030842
541000	542000	1.80314042161237	2.05893581731709	-0.780163588412441
542000	543000	1.38728666256366	2.10713715068649	-0.643691898571233
543000	544000	1.18402237033575	2.06874182901019	-0.259980268170328
544000	545000	1.22029404143885	1.66609508847477	-0.144686518666482
545000	546000	1.43458702686906	1.40530172356612	-0.437658521750971
546000	547000	1.65214086084144	1.11292755546938	-0.714738990423998
547000	548000	1.68233182063301	1.16438310188345	-1.18929128663861
548000	549000	1.34823656004901	1.64288807141667	-1.13143693498996
549000	550000	0.788915343466002	1.9366664480555	-0.950524676796311
550000	551000	0.0175833626804684	2.30307038458145	-0.660649989186346
551000	552000	0.430441044343951	2.24797815741162	-1.13682767507575
552000	553000	0.902252823083666	2.29584563022801	-1.41458860888952
553000	554000	0.452474148526036	2.08122530562048	-1.70971893158642
554000	555000	-0.0166365677716208	2.06180914547943	-1.57122308583154
555000	556000	0.0326368295523347	1.63945983036305	-1.71935780424569
556000	557000	0.241245944446445	1.52810107584674	-1.36366427171925
557000	558000	0.248601758917444	1.07281440933059	-1.47732293357205
558000	559000	-0.181001448227561	1.06168696170044	-1.42864487895915
559000	560000	-0.848482158913654	1.53278076824924	-1.17930697471209
560000	561000	-1.7861235404142	1.79531868884648	-1.12732370601662
561000	562000	-0.95941796256771	1.07919804120026	-1.41314033165366
562000	563000	-0.274125867292347	0.653805275806182	-1.8837536230339
563000	564000	0.0308434800034853	0.456653971784323	-2.16579240020768
564000	565000	0.407504737574764	0.237193677615502	-1.98022122980502
565000	566000	0.787244462631463	0.512185183283889	-1.89841435551729
566000	567000	0.7379526789705	0.843351968869917	-1.53409378521414
567000	568000	0.43179200122187	0.922530276840642	-1.88449843248997
568000	569000	0.102771387289212	1.10715044242275	-2.14292496240869
569000	570000	0.497972934887209	1.36689831976055	-2.0931596574492
570000	571000	0.804686028029966	1.6000002953357	-1.82171883760415
571000	572000	1.14128072841348	1.39588156104192	-1.61277712305369
572000	573000	1.00204811678525	1.19571807707884	-1.23100804778081
573000	574000	1.07162823201234	1.05937283257487	-0.803925652568153
574000	575000	0.818454339232174	1.23479202640879	-0.213974738973851
575000	576000	0.346236416055345	1.60105064140953	0.557042590218825
576000	577000	0.285429570839566	1.06324405864633	-0.0135116681949775
577000	578000	0.3892131529365	0.622173979798251	-0.885858302639198
578000	579000	0.0189927964547966	0.513713734929371	-1.05707072528939
579000	580000	-0.382386678862039	0.549163841953485	-1.03742451333525
580000	581000	-0.572265452831035	0.958395743935795	-0.865954389635597
581000	582000	-0.411954889076681	1.42080779653156	-0.836975793037592
582000	583000	0.0587089136563475	1.5870516552735	-0.793531284862252
583000	584000	0.501904260648948	1.59127752528985	-0.513638883574852
584000	585000	0.694361674058636	1.29306862035902	-0.705064254256998
585000	586000	0.515461958750294	0.966803565071156	-0.5297047512342
586000	587000	0.281021476427734	1.08344241642933	-0.8776246045744
587000	588000	0.171325862239533	1.16598659672814	-0.498683852749825
588000	589000	-0.106557370860562	1.05010698679699	-0.73067116946547
589000	590000	-0.194299729029088	1.04296269501472	-0.314076652109681
590000	591000	-0.263057316644122	0.650637495465845	-0.444300530118387
591000	592000	0.147704111379312	0.581611258354421	-0.504063581486855
592000	593000	0.355642719256565	0.301213344543416	-0.288128860677836
593000	594000	0.660779018033847	0.409338426273683	-0.525639131604004
594000	595000	0.647963457218431	0.612797761016603	-0.147930807619197
595000	596000	1.0289791319671	0.524621650871629	-0.293131099679695
596000	597000	1.27642091353451	0.591596284599083	-0.0319467632963948
597000	598000	1.58611156370026	0.801200315783573	-0.0820891122042941
598000	599000	1.53057431945564	1.07452924256975	0.246618386051102
599000	6e+05	1.16412336858885	1.64683544447397	1.13530120099615
6e+05	601000	1.81027478162107	1.14110276283214	0.594512643043671
601000	602000	2.05206997835025	1.06935962683362	0.217610286755806
602000	603000	2.13342555283847	0.701682653583116	0.226011071645598
603000	604000	2.28738544849981	0.354036995707089	0.26131241450561
604000	605000	1.86559877741237	0.233431380154746	0.46939799343981
605000	606000	2.00092926214105	-0.028691334903259	0.0354336535465756
606000	607000	1.56395648796384	-0.101130887232848	-0.081454817180958
607000	608000	1.39373832152047	-0.127510851201543	-0.51016333833547
608000	609000	0.946704246740097	-0.111931359556965	-0.705876379303025
609000	610000	0.438120469054615	-0.121897870094107	-0.877483265171837
610000	611000	0.0406497459147209	-0.208171961423827	-0.957765356062975
611000	612000	-0.261217757072611	-0.021372749573626	-1.16228448093232
612000	613000	-0.286375013895338	-0.388813725836476	-1.4596673188785
613000	614000	-0.672056973366968	-0.223644440887405	-1.22657947965242
614000	615000	-0.782732530194705	-0.361744427534894	-1.57801555222248
615000	616000	-0.701333858494825	-0.170168014262527	-2.02666411936504
616000	617000	-1.00655210719275	0.0662738556015607	-1.81365170809281
617000	618000	-1.18953072101688	0.337622761772509	-1.6053474791999
618000	619000	-1.56308943010496	0.423049844400719	-1.54736593066689
619000	620000	-1.76004331841773	0.122061595915952	-1.44683482318384
620000	621000	-1.41560612527234	0.0181194576471344	-1.64195592687076
621000	622000	-1.69714477502	-0.18275321161653	-1.70482274068535
622000	623000	-1.29670162304722	-0.392924094052722	-1.80777687647639
623000	624000	-1.43032007062553	-0.53682078742906	-1.35912942113941
624000	625000	-1.46540704383705	-0.214535776462437	-1.18453939373543
625000	626000	-1.8601057250852	-0.0615431944006082	-0.948481556507394
