0	1000	-0.548210527574848	-2.1421882259105	1.50147008983583
1000	2000	-0.36617093262127	-2.25887841880015	1.8649956878678
2000	3000	0.0205264224474895	-2.56135514422047	2.10915176600585
3000	4000	0.0856490754496041	-2.00401444360329	2.08779114196326
4000	5000	-0.416315894628945	-1.82192793711075	2.2441308180303
5000	6000	-0.794306950797032	-2.11280510469253	2.40787096236685
6000	7000	-0.175323115200969	-1.59397003821833	1.9999649560602
7000	8000	-0.111044052900096	-1.84979999502742	1.65588275441878
8000	9000	-0.577455007054979	-1.73169679728167	1.78833039096504
9000	10000	-1.00162445509254	-1.89489584080032	1.79594456496033
10000	11000	-0.86234271165782	-1.32771148511204	1.74905414824775
11000	12000	-1.13411638827303	-0.992530645818651	1.41193238805341
12000	13000	-0.718533747943141	-0.662593692981777	1.48177708956075
13000	14000	-0.729558474506804	-0.224161213798284	1.73574628506393
14000	15000	-0.228141422611316	-0.344933788906308	1.5365070917038
15000	16000	-0.220986396994163	0.0180408025322969	1.90002034257134
16000	17000	0.259598959465465	0.285946735952657	1.78201367467159
17000	18000	-0.0674843978531162	0.692845099106445	1.88319502972502
18000	19000	-0.24748455433107	1.15890928367355	2.08199860384544
19000	20000	-0.550148123173679	0.808516285485277	2.31646076732513
20000	21000	-0.59336010959163	0.760165688652142	1.71940220927669
21000	22000	-0.515165221227216	0.366889122849239	1.3831066866387
22000	23000	-0.206491896831739	0.111393959620599	1.05287177108708
23000	24000	-0.603466446255206	0.0302247001040937	0.704491811371243
24000	25000	-0.898905169076308	0.51548933246695	0.628191399881787
25000	26000	-0.535334516446188	0.833115459592051	0.935106114992898
26000	27000	-0.289855673477443	1.2244764116799	0.656035288236823
27000	28000	-0.462178634020974	1.56977493285009	1.01163893838591
28000	29000	-2.02014496767304	2.28946991618224	2.77857999366971
29000	30000	-0.787986866102965	1.53983979058901	1.70009501429338
30000	31000	0.173575173556465	1.4124400819031	1.7489776139339
31000	32000	0.358146205101209	0.973023500696079	2.00109877335916
32000	33000	0.48055330509562	0.931632750993374	2.62017551315453
33000	34000	0.0339897865156403	0.754737843142167	2.49483353128094
34000	35000	0.181612186447492	0.301781082610166	2.31144024409249
35000	36000	-0.16598449679244	0.154395227548493	2.6846726480083
36000	37000	-0.0208744472070926	-0.329354326340374	2.39177881773131
37000	38000	-0.324040013296308	-0.59184299970989	2.76433037781964
38000	39000	-0.103743506083638	-0.880596876262908	2.46296710263697
39000	40000	-0.203250243326158	-1.29399788659289	2.4209768385213
40000	41000	-0.329609057093569	-1.39005815378065	2.82460465414588
41000	42000	-0.342757597315636	-1.7453881231498	4.59926441203507
42000	43000	-0.0126645170681848	-1.73112688376087	3.03099830390652
43000	44000	-0.168825425660449	-1.8287587529352	2.65421607435533
44000	45000	-0.341211918261703	-2.14163687285676	2.85710759403406
45000	46000	0.00619574470419279	-2.18431445803134	2.7095049410517
46000	47000	-0.688310004161138	-3.74128906622116	3.03480432645162
47000	48000	-0.223353464775019	-2.19710282855944	2.40665470790669
48000	49000	0.451049733934017	-2.07386928764109	2.59805497580776
49000	50000	0.118507475452215	-1.65535607312211	2.45802320717914
50000	51000	0.329893729412787	-1.56064458439915	2.80417485023474
51000	52000	0.0822860073486428	-1.30105980337406	2.87041643529346
52000	53000	0.393954795885495	-1.11034690606526	2.77021720806436
53000	54000	0.22756048929175	-0.909771758427792	3.11538571972845
54000	55000	0.424840916100496	-0.661591562275932	2.78337725364479
55000	56000	0.460172540056362	-0.412444112083911	3.09145269572478
56000	57000	0.85912024490936	-0.40456235618715	2.92017776971694
57000	58000	0.795524427268078	-0.0151187213147111	2.92196001122265
58000	59000	0.672284372119744	0.00510785386612105	3.28405504198124
59000	60000	0.353700654496459	-0.0196924264233782	3.01543893418112
60000	61000	0.514243059378911	-0.134906917478673	2.63808006763821
61000	62000	0.564587672382428	0.306731966173707	2.77340885804728
62000	63000	0.997910170377848	0.153550309105396	2.55173970781146
63000	64000	0.957081990503898	0.577264037681362	2.68507870926445
64000	65000	1.29680726126981	0.866815064338163	2.46587837005141
65000	66000	1.68415145086288	1.14896646093283	2.18746969319739
66000	67000	1.32973517620025	1.22526160572883	1.88763279851472
67000	68000	1.25988697014284	0.758564137585368	1.96567156227573
68000	69000	0.788331450000302	0.563820080916977	2.12073588328983
69000	70000	0.807961730599527	1.12875974719542	2.17113508809584
70000	71000	0.432288000287309	1.3916838823689	2.36505934582244
71000	72000	0.417169989912848	1.7380519168601	2.022454538542
72000	73000	0.319301801393709	1.88358665111614	2.38304392110604
73000	74000	-0.0346906668522236	1.67093240558847	2.38017957213547
74000	75000	-0.0252640541681182	2.04752291364786	2.46478085263388
75000	76000	0.0372713006811404	1.97426291674354	2.1217724111413
76000	77000	0.202390525591034	2.31168947750182	2.17096579493839
77000	78000	-0.23218989577762	2.29544364960915	2.18206612466241
78000	79000	-0.387912881041522	1.84070138825262	2.17927481597091
79000	80000	-0.733966557679282	2.17536440554841	2.05808430857406
80000	81000	-0.269651676803571	1.7637486949305	1.74907514407682
81000	82000	-0.306609712325684	2.23308919047674	1.61942834836554
82000	83000	0.0177827530023796	1.86435837338506	1.34515409394648
83000	84000	0.198125245776643	2.39978657829594	1.35319341511947
84000	85000	0.4992333861459	2.02486087039582	1.50751036218319
85000	86000	0.937519192483024	2.24243295128189	1.54541744527313
86000	87000	1.36470953742977	2.50718346546867	1.41250404271461
87000	88000	1.59707658059978	2.14544019483337	1.09027419435354
88000	89000	1.67544955202455	1.75200641445047	1.2847590050841
89000	90000	1.30935029729524	1.77195161431991	0.954399165069703
90000	91000	0.918423087608315	2.05345160334069	0.955796763497973
91000	92000	0.927581697091511	3.98156142715595	1.19760274681901
92000	93000	0.636871713323313	2.30586139596851	0.527642320450174
93000	94000	0.99078084821119	2.40400974503062	0.164370240367209
94000	95000	1.51189949173434	2.13396700436416	0.41768545789007
95000	96000	2.07564547120908	2.25592260927581	0.273469808122771
96000	97000	1.92067965763011	1.85692699306449	0.0795025621594166
97000	98000	1.76372044581863	1.87595185820791	-0.346278003427505
98000	99000	1.8019590308781	2.33297902758121	-0.417694109072906
99000	1e+05	1.5615003448938	2.21076588010925	-0.0464065797178661
1e+05	101000	1.19597307444146	2.0638894858927	-0.257626369547781
101000	102000	1.42893872835409	1.69292682697963	0.0179923083938263
102000	103000	1.41226667712991	1.58351317758297	-0.522033349554798
103000	104000	1.88533330015658	1.38834460866315	-0.564639688152833
104000	105000	2.58535200075471	1.46937603970121	-0.733629917334176
105000	106000	1.97442611845888	1.34879759525187	-0.0359880421980196
106000	107000	2.14801375546824	1.52430232618786	0.404218965587501
107000	108000	1.99446617342261	1.3796839708757	0.875262351242793
108000	109000	2.2085743446097	1.73291311500663	1.10022269492339
109000	110000	2.32209578607692	2.13459298487909	0.853788266621669
110000	111000	1.89089872203656	1.8989998104132	0.71441768948974
111000	112000	1.55378435837568	1.52732851627711	0.554888861131068
112000	113000	1.3081450730784	1.20695439268337	0.309378099505239
113000	114000	1.22802848918546	1.20002669664734	0.842540076193995
114000	115000	1.37525186424714	1.2720639908832	1.36072580355928
115000	116000	1.35388232110383	0.723020009868016	1.22483952825238
116000	117000	1.02353451270837	0.298756269867025	1.43841360078273
117000	118000	0.852669239344772	0.776200307943758	1.53542235993396
118000	119000	1.25215460401983	1.69587960688062	2.19516966555834
119000	120000	1.74943552370268	2.85539835982676	3.09682070849496
120000	121000	0.927696469307632	1.65089927506979	1.61959426486758
121000	122000	0.667245541726602	1.49808774629179	1.12829878484222
122000	123000	0.466627679648271	1.1154845804447	1.46670994222143
123000	124000	-0.0513305697404236	1.05513958138055	1.33452454277617
124000	125000	0.457293713480088	1.291319057972	0.112473902778751
125000	126000	0.439520999719104	0.787107969864067	0.949758982601175
126000	127000	0.384972256281718	0.228534114683429	1.10581843097915
127000	128000	0.508207719804091	-0.294455914987238	1.27744725866578
128000	129000	2.61947735823782	-0.587472450946035	2.96306328567757
129000	130000	1.06646127784835	-0.304769385986265	1.96234059328486
130000	131000	0.60173993867493	-0.470784800724433	2.07915461698488
131000	132000	0.1310492326047	-0.642284627972222	1.93852270559166
132000	133000	0.265256528132666	-1.0231354454833	1.65669788286352
133000	134000	0.302934987874263	-1.37204410267962	1.27610218601588
134000	135000	-0.213366511823331	-1.12537021545068	1.54289521868497
135000	136000	-0.61788511139037	-1.17456114841006	1.30795102837857
136000	137000	-1.82385310444067	-3.41411744035303	1.25171868064994
137000	138000	-0.943554168534095	-1.58865505217809	1.22076085367605
138000	139000	-2.56698094507824	-2.7799398774181	2.13531668601688
139000	140000	-1.70664681772411	-1.41061113720382	1.39993559403569
140000	141000	-1.36556852980408	-1.483140003104	1.68071858705386
141000	142000	-1.51473915361878	-1.08426531957407	1.87363865865767
142000	143000	-1.56297436778206	-0.553154928711434	1.82167290443918
143000	144000	-1.27185883166371	-0.574141932988562	2.27973765080693
144000	145000	-1.02517523771455	-0.824365547585656	1.92254356809797
145000	146000	-1.14210730824433	-1.13336929637381	2.21757532977756
146000	147000	-1.00892444731132	-1.5444072865068	2.18207542894853
147000	148000	-0.943680664450899	-1.49086420246979	2.72682986972882
148000	149000	-0.644499262466731	-1.30877241465297	2.30151023367401
149000	150000	-0.530947802963936	-0.867475879737482	2.15587286776458
150000	151000	-0.711733513710005	-0.516268674547757	2.3934133042264
151000	152000	-0.606205189331681	-0.061428347989131	2.27211106153322
152000	153000	-0.884043313808845	0.292845535747273	2.04503478727431
153000	154000	-1.14721232146439	0.411303410964362	1.5938678299154
154000	155000	-1.16316150714743	0.111345069639924	1.13298403107136
155000	156000	-1.28312412199636	-0.366751690672201	0.92179122769833
156000	157000	-1.79342989294608	-0.410368730020036	1.22329656397533
157000	158000	-1.93505988642323	-0.8862347253697	1.38687363744134
158000	159000	-1.54939251972814	-0.939242754168843	1.13380382788666
159000	160000	-1.49687883658911	-1.20193189507961	0.748399621420397
160000	161000	-1.98956146047733	-1.26967215408018	0.923364450492873
161000	162000	-1.82030824636844	-1.84334380497405	1.00884783286838
162000	163000	-2.3844200347004	-1.88224095055288	0.883942076793759
163000	164000	-2.05347620035179	-1.68173779084444	0.54781735747238
164000	165000	-1.9112755460851	-1.51362020827206	0.146909359417877
165000	166000	-1.63322373682488	-1.69110703102437	-0.138627085372685
166000	167000	-1.46957538085115	-1.99972828160028	-0.413373640002334
167000	168000	-1.38452888204341	-2.3752425195667	-0.778200864205544
168000	169000	-1.266495763086	-1.80984511892941	-0.923978742351998
169000	170000	-1.38041802036845	-1.7172823887599	-1.39779919547934
170000	171000	-0.839477905083249	-1.83417379084654	-1.53871695184444
171000	172000	-0.408777991126322	-2.21675230162465	-1.46379574031457
172000	173000	-0.103035810147681	-1.65942603224044	-1.36632330417937
173000	174000	-0.456819586088758	-1.31404320374899	-1.42900795117704
174000	175000	-0.978812453941088	-1.29044430623552	-1.13611065214269
175000	176000	-0.550167207003443	-1.21235807291095	-0.843202000437469
176000	177000	-0.581138931212173	-1.77346330740293	-0.931905527627743
177000	178000	-0.221119718801861	-1.72671269599947	-0.518281747041493
178000	179000	-0.405078824160146	-2.2700072134801	-0.532301918306456
179000	180000	-0.820743494011926	-1.58967342496568	-0.454423146925009
180000	181000	-0.626867911136516	-1.66303080159964	-0.0215025480936319
181000	182000	-0.573319005729329	-2.12236576685528	0.130647766711621
182000	183000	-0.959248778887337	-2.06374373921245	-0.257926295194617
183000	184000	-1.24849980982587	-2.2768403258159	0.0164387205634426
184000	185000	-1.2369227566901	-1.80315936017338	0.105634978152455
185000	186000	-1.19061582298592	-1.88934536101063	0.572482890832802
186000	187000	-1.66194562327324	-1.94089551964346	0.339725536096914
187000	188000	-1.96905529714615	-2.0356504143477	-0.0366077912073697
188000	189000	-2.47862698104426	-1.8614430143055	0.189720802605583
189000	190000	-2.35913028284915	-1.33070738437196	0.401153793258959
190000	191000	-2.0587732745147	-1.01516960054321	0.432548229722181
191000	192000	-2.39174341336792	-0.959492198210919	0.759308438121677
192000	193000	-1.79034573306	-0.567641068235262	0.405501116768692
193000	194000	-1.94014790189027	-0.619511497624764	-0.180440132041426
194000	195000	-2.35203787016275	-0.34585361313509	-0.456858661030405
195000	196000	-2.18705677709945	-0.190439456446881	0.0370727353516909
196000	197000	-2.60148895865231	0.072168373434017	-0.0729094065701261
197000	198000	-2.23825184996162	0.28829557138738	0.107503032450284
198000	199000	-2.41197125613422	0.612448236013841	-0.209063078331415
199000	2e+05	-1.94537540119839	0.697883403697378	0.0948517662597809
2e+05	201000	-1.69811270988318	0.950139660867293	-0.274265151202636
201000	202000	-1.22228509962238	0.949162036868501	-0.0461679518486919
202000	203000	-0.906787638537764	1.35163566755236	-0.232766011967578
203000	204000	-1.21181311155607	1.36937249477334	0.261565416977474
204000	205000	-1.61596371417907	1.6336617833869	0.197350839245282
205000	206000	-1.46569377443428	2.00238886577576	0.45740833033257
206000	207000	-1.73096396018812	2.3101758988676	0.695810950289827
207000	208000	-2.30514065451717	4.04921131818904	1.09370918334596
208000	209000	-1.43371367050957	2.54348047279205	0.35464337438281
209000	210000	-1.03852529941709	2.71486429229622	0.579309567299119
210000	211000	-0.828361113429358	2.28642335445428	0.547591054297806
211000	212000	-0.422615372228426	2.16659369249746	0.777711082605391
212000	213000	-0.398020841246243	1.91275066802401	0.344833307147336
213000	214000	-0.534727615073483	1.973327315054	-0.140697948875559
214000	215000	-0.580616737265566	2.50333478624575	-0.194366834729922
215000	216000	-0.367183147356577	2.51701267805926	0.231137145155693
216000	217000	-0.0480902031643836	2.47367448491684	0.570726007772917
217000	218000	0.104718936816406	2.08443384236703	0.278897251524532
218000	219000	0.13377146134856	2.55292697080927	0.0382279193877257
219000	220000	-0.064503089815251	2.18788170048745	-0.239431176258117
220000	221000	-0.174230081916698	2.62827171611281	-0.375261796815299
221000	222000	-0.670089918260169	3.02174676325763	0.0490448022685024
222000	223000	-0.887034894059312	2.23346462324707	0.0709845804742645
223000	224000	-0.944411359033956	1.78698723801813	0.225442690258051
224000	225000	-1.26385213754196	1.7765326775903	-0.16085457770096
225000	226000	-1.41883736665346	2.20863580584032	-0.0471224193247922
226000	227000	-1.29474349655156	2.70149047033444	-0.333517431220344
227000	228000	-0.945223299142811	2.55256577721829	-0.596894759906176
228000	229000	-0.969223175026614	2.09922135344278	-0.467274230679613
229000	230000	-1.46476971300432	2.14309642975518	-0.482634959027302
230000	231000	-1.7789338626803	1.861483137394	-0.353869196605631
231000	232000	-2.50234623739711	1.8900060335822	-0.462682799105943
232000	233000	-2.29508782368667	1.64007321492905	-0.0838782593168203
233000	234000	-1.99157981582021	1.4393060107952	-0.297099771673915
234000	235000	-2.15940563658111	1.53896660401178	-0.865169097206661
235000	236000	-1.6060450988542	1.50765218618791	-0.731179877596555
236000	237000	-1.31492786820631	1.36164864917315	-1.13108406553627
237000	238000	-1.28495821980402	1.00263320208518	-0.795470934172902
238000	239000	-1.85776223914921	0.767206906277423	-1.00669519502076
239000	240000	-1.30970320921578	0.630305957569372	-1.20903607752091
240000	241000	-1.73705498168553	0.479605008847548	-1.66413216417218
241000	242000	-1.19889179191559	0.312588910081571	-1.87771350404924
242000	243000	-0.907159083973596	0.657500257137103	-1.72385201160169
243000	244000	-0.444874884373727	0.730996682233856	-1.86040906934563
244000	245000	-0.590698825181953	0.272484265377626	-1.96819128064644
245000	246000	-0.480179076986881	0.0402639544982808	-2.39208620779795
246000	247000	-1.02442647314507	-0.0941546334267167	-2.40142353638627
247000	248000	-1.3498931991694	-0.503622677596578	-2.4208185780371
248000	249000	-1.40193948266466	-0.896416704961109	-2.17704612803897
249000	250000	-1.7480655774313	-1.1448658985405	-2.29911408937937
250000	251000	-1.53325646786793	-1.29810031148626	-1.99695954256479
251000	252000	-1.87626960320887	-1.55157232778122	-1.92984622150138
252000	253000	-1.74652128063127	-1.16902212470837	-1.65088691584828
253000	254000	-2.17242943533486	-0.815792666953769	-1.83967401568757
254000	255000	-2.11935116122632	-1.07735336894262	-1.4306489620545
255000	256000	-2.20962028238811	-0.759273301975405	-1.14681966093903
256000	257000	-2.10087052658605	-1.16486860866634	-0.903362512184102
257000	258000	-1.89416080281387	-1.46055410710181	-1.15412802624389
258000	259000	-1.64642426614632	-0.976824997704226	-1.10226830287108
259000	260000	-1.59243046041741	-0.915956201510377	-0.597828583623976
260000	261000	-1.50320857140109	-1.38403222891214	-0.691379671141716
261000	262000	-1.912451704893	-2.05533719494306	-0.980582206546763
262000	263000	-1.88833204550885	-1.73055256839632	-0.573325042140533
263000	264000	-2.34522091190921	-1.99156134741185	-0.446670094901223
264000	265000	-2.15509078283267	-1.35565337495821	-0.279901532174657
265000	266000	-2.48853944509238	-1.432020421021	-0.473677625124788
266000	267000	-2.8968883730153	-1.56327388489879	-0.639048122074979
267000	268000	-2.72957333315922	-1.43282881997425	-0.0967538569949642
268000	269000	-3.07379102257938	-1.40558505437628	0.0727201886968812
269000	270000	-3.0141240843479	-1.25305063670024	-0.229026402271379
270000	271000	-2.84047844778747	-1.00297528037568	-0.302536636430448
271000	272000	-2.53170039395987	-1.05561898720012	-0.113657744706611
272000	273000	-2.81292229985495	-1.11143200855349	0.144677579940547
273000	274000	-3.14939910072065	-0.95402084962497	0.0104455034250716
274000	275000	-3.11338278242709	-0.987112601920598	0.44994393236387
275000	276000	-2.85178087181248	-0.704017132259535	0.0567346371533635
276000	277000	-2.77708743952428	-0.722787458866064	0.441291535876695
277000	278000	-2.447809353634	-0.694348339785215	0.204845201777912
278000	279000	-2.60731643899699	-0.440322227754077	-0.078893839441499
279000	280000	-2.97311357706858	-0.357776504385571	-0.301034706983087
280000	281000	-3.43803943283059	-0.442707527729585	0.0151788951582916
281000	282000	-3.09481406860256	-0.467486680511639	0.332472803936884
282000	283000	-2.942877224322	-0.190528757965181	0.141910455280603
283000	284000	-2.60889731553668	-0.272656975887726	0.347874162802269
284000	285000	-2.26634509897613	-0.410260050106686	0.576406259691046
285000	286000	-2.63972414011922	-0.510474932712493	0.823208949279776
286000	287000	-2.51413762202652	-0.10789283292717	1.09278498280588
287000	288000	-2.79288243039542	0.000602592391215111	0.654274190422871
288000	289000	-2.36365725605018	0.240746470586722	0.65829860301689
289000	290000	-2.69350500637517	0.35795055908631	0.336604969454926
290000	291000	-2.82379375953651	0.723677288012584	0.707931139277933
291000	292000	-2.51475437525398	0.735342853087621	0.320866433013609
292000	293000	-4.28688967481871	1.46673398320624	0.426159627626036
293000	294000	-2.72735241688814	1.26866228900334	0.150887500797071
294000	295000	-2.37674532693072	1.62420255316532	0.476276580161095
295000	296000	-2.1670183173543	1.22515555461641	0.269540715478846
296000	297000	-2.20484084311446	1.10417345347334	0.763529601396222
297000	298000	-1.74816722279985	1.21114970191301	0.526162136572087
298000	299000	-1.7876434088409	1.22638764364669	1.16812086240726
299000	3e+05	-1.38214209750988	0.925029999219743	0.841987156644932
3e+05	301000	-1.18177055444971	1.00785927427655	1.33315337271541
301000	302000	-1.02365008836362	1.31025509340765	0.934944208586913
302000	303000	-1.00135174131123	1.80013800643421	0.854710743368655
303000	304000	-0.797691160916114	2.45846738385782	1.2012997837046
304000	305000	-1.22507162129759	2.16694622862798	1.14891635758334
305000	306000	-1.37443950587906	1.79445960174703	1.35531246040774
306000	307000	-1.61236585340076	1.87978039415738	0.946406174926889
307000	308000	-2.11590136375191	1.81817650203155	1.14307100256373
308000	309000	-1.95982699464731	1.81290962783078	0.623959190345781
309000	310000	-2.22385672445217	2.36021192112702	0.877930438394708
310000	311000	-2.07151492283431	2.14265269264208	0.381538925123061
311000	312000	-2.02309977997744	2.49779407123625	0.367828954124026
312000	313000	-2.69316520246149	2.43793501246293	0.515204862765225
313000	314000	-2.34325257614375	2.3867232877228	0.336838572136247
314000	315000	-2.53270438138977	2.32488107637307	0.0546884594372978
315000	316000	-2.22785101163496	2.5807164527861	0.00957475848077054
316000	317000	-2.09093468298053	2.22514348313516	-0.0939857718069337
317000	318000	-1.83156744112342	2.45632308604652	-0.263863326368376
318000	319000	-1.94669734765936	2.22275234586788	-0.594476448246359
319000	320000	-1.89532679700534	2.51672566001958	-0.897641279062934
320000	321000	-1.66807007499204	2.11060442113001	-0.928091906189343
321000	322000	-1.41528569223676	2.43247202704766	-0.809189602813738
322000	323000	-1.31497098741219	2.84201604958819	-1.08632758828627
323000	324000	-0.864147874982394	2.58469501109773	-1.16253689467476
324000	325000	-1.14944299302897	2.2288082160834	-1.30810422418142
325000	326000	-1.44082194865215	3.16392736202531	-2.81228727254042
326000	327000	-1.15476044084397	1.86910626486758	-1.69156950120469
327000	328000	-1.13922901306178	1.36148601301184	-1.69725441217359
328000	329000	-1.10454276535623	1.11799369872028	-2.03690694645108
329000	330000	-0.949657455016326	1.48213181393997	-2.16942089494214
330000	331000	-0.680184427745409	1.19690921585611	-2.03038314800363
331000	332000	-0.790849593220453	1.04827934947124	-2.45815541238662
332000	333000	-0.761066703815059	0.698385272230827	-2.25788848100352
333000	334000	-1.17092983441168	0.721940066475474	-2.33248557543108
334000	335000	-0.983991570992438	0.367830449434264	-2.43678250219163
335000	336000	-0.750616702923337	0.474149074888857	-2.78159516129046
336000	337000	-0.311091847472368	0.286512869985783	-2.85436504808396
337000	338000	-0.382413661956033	0.794593569025227	-2.87531437939796
338000	339000	-0.224924970740591	0.572307865724285	-2.53097789911152
339000	340000	0.0990148264479393	0.825459382614103	-2.9470059853007
340000	341000	0.176975832909138	0.436884035232564	-2.76240101345875
341000	342000	0.0859764129768419	0.856383134479872	-2.49135852016818
342000	343000	0.192173543553218	0.469055092546168	-2.2984779639691
343000	344000	0.563436657752221	0.856458567768346	-2.46194120399548
344000	345000	0.572724983315889	1.02849809321576	-1.97402325359358
345000	346000	0.797148512558585	1.40572941145117	-2.17875704679073
346000	347000	0.771934137928896	1.47910413513332	-1.63944209521742
347000	348000	0.618822482109906	1.80297963102483	-1.78511841233617
348000	349000	0.916517567411984	1.99166968904264	-1.56366305404007
349000	350000	0.590737154417799	2.15114176838031	-1.64897522839552
350000	351000	0.538695250589305	1.9950672494382	-1.38549928170323
351000	352000	0.484763654769466	2.33865490029703	-1.34843861403496
352000	353000	0.555760007975197	2.18116982065204	-0.994416109250968
353000	354000	0.104054181420184	2.22073596317109	-1.21027152496662
354000	355000	0.139832229144422	2.24244651056866	-0.771011695951262
355000	356000	-0.140590283549477	2.5453411446985	-0.915198666752606
356000	357000	-0.326383471029051	2.13395998869144	-0.795222686483808
357000	358000	0.459643654104274	1.4196877860945	-0.617696336027757
358000	359000	-0.69925590918483	2.21178585123281	-0.991010714377277
359000	360000	-1.15755933104578	2.00222055656004	-0.899024719436993
360000	361000	-2.46284481106824	3.36773977313208	-1.99656516751868
361000	362000	-1.54406889924052	1.81131997364084	-1.3082660055296
362000	363000	-2.65532987458888	1.97873159908965	-2.5567389156676
363000	364000	-0.859362334376346	1.71816366154682	-1.22952026230787
364000	365000	-0.763302829162915	1.24272225548082	-1.29026263749199
365000	366000	-0.148022545109031	1.36629819692348	-1.16594440976982
366000	367000	-0.257891907729842	1.6979095429798	-1.53040637418813
367000	368000	0.0818852647887264	1.4468565049599	-1.86974501121014
368000	369000	0.408701542166102	2.30199197320961	-3.49854124016153
369000	370000	0.164420283552083	0.810206414473964	-1.67554938632737
370000	371000	-0.0122271629910313	0.539647195054254	-1.27473469122857
371000	372000	0.500232275929242	0.365260830964171	-1.20127525400647
372000	373000	0.858561028750673	0.308700552310386	-0.801895381029701
373000	374000	0.468294175167666	0.257001667235473	-0.397442509049564
374000	375000	0.225915773869971	-0.121093642896217	-0.779799425461475
375000	376000	0.424439600257088	-0.403801500433795	-1.22308643625089
376000	377000	0.268000548247762	-0.101584095109952	-1.68556405643158
377000	378000	-0.268581457315434	-0.110969333493331	-1.56011936507777
378000	379000	-0.771141424660362	-0.260422379277256	-1.63245670206626
379000	380000	-1.26144855715019	-0.373786143210388	-1.52359974135729
380000	381000	-1.07910070850745	-0.82253539645563	-1.73185011383293
381000	382000	-0.60704393538579	-0.932632820805243	-1.79731475406563
382000	383000	-1.06826574042121	-1.3560768383821	-1.74468555916792
383000	384000	-1.2027092665527	-1.80740848912702	-1.96508904580036
384000	385000	-0.8752312718849	-2.00997582977827	-2.26097255852304
385000	386000	-0.569759030214613	-1.74398274619409	-2.04596729874013
386000	387000	-0.312303990511984	-1.82972224385765	-2.39750263495289
387000	388000	-0.389501845679732	-1.36780320355047	-2.19569564809556
388000	389000	-0.164506712532033	-1.63531434685493	-2.75040155846266
389000	390000	-0.545066008082112	-1.47320868278575	-2.60221611764988
390000	391000	-0.605264278470539	-1.66766028826888	-2.98004080114595
391000	392000	-1.06441913942575	-1.8429251952902	-2.79782950456332
392000	393000	-0.956993706102587	-1.40528288662722	-2.23252140237736
393000	394000	-1.37413026795325	-1.46313693051356	-2.45810911602259
394000	395000	-1.07679169256065	-1.04757158032227	-2.45997734172383
395000	396000	-1.45783146512784	-0.982441558967617	-2.6846904801855
396000	397000	-1.17671945035915	-0.70243363714395	-2.98504423585089
397000	398000	-2.1681652786549	-1.04317779101283	-4.35133384994467
398000	399000	-1.26733598352507	-1.27399676213682	-2.98907661942932
399000	4e+05	-0.874658369221238	-1.27145036717048	-2.91357656468878
4e+05	401000	-0.742127570516256	-0.90592547217207	-3.09921410345771
401000	402000	-0.430567187764383	-1.19502176957776	-3.45190427020848
402000	403000	-0.358439636825292	-1.13486086953385	-2.94623046594043
403000	404000	-0.572172726539048	-0.978071719016011	-2.5702699819335
404000	405000	-0.522558526374906	-0.571681435061332	-2.37667091272343
405000	406000	-0.864158431538128	-0.549932139285638	-2.63709467702043
406000	407000	-0.709846772726959	-0.317432604292571	-2.97905851431025
407000	408000	-0.562614399240615	-0.497235782309447	-3.45312728721802
408000	409000	-0.287150857762058	-0.60151801602302	-2.91795301323387
409000	410000	-0.0131300344653058	-0.848046654150231	-2.72502839763575
410000	411000	0.00524125081264853	-1.26351516816999	-2.53460971241639
411000	412000	0.572136958374701	-1.70795686991668	-2.67100368831686
412000	413000	0.392628128178663	-1.25395418104958	-2.72079097057792
413000	414000	0.253078920932667	-0.986963611525712	-3.10816459235385
414000	415000	0.255283892997958	-0.410606878232483	-3.15241147410163
415000	416000	0.478260800521583	-0.462463829741946	-2.60089510399972
416000	417000	0.765946894854512	-0.124859487757785	-2.83752664858939
417000	418000	0.744089806762633	0.317563329847699	-2.60489972627996
418000	419000	0.533664353825591	0.0175250163230464	-2.23943988986129
419000	420000	1.00736670204577	-0.392459093561203	-2.34644031999754
420000	421000	0.608688468281902	-0.497056905316281	-1.89559865676552
421000	422000	0.00428686278059039	-0.667305094209232	-1.70868216364123
422000	423000	0.429257696010665	-1.01512135307485	-1.70293595633917
423000	424000	0.768327689002787	-1.27541872074899	-2.07497109365568
424000	425000	0.444930278535833	-0.976793018264708	-2.29917975574059
425000	426000	-0.0411979404935207	-0.850147276530337	-2.1878191888747
426000	427000	0.0339625187266954	-1.31229522025628	-1.97574314198932
427000	428000	0.294942667762047	-1.67929446489141	-1.79251669087101
428000	429000	-0.141632806370687	-1.8328607106575	-1.90038679236295
429000	430000	-0.318723097718812	-2.20194257216916	-2.13763673383318
430000	431000	-0.122069146757766	-2.30562695646127	-2.63556144478066
431000	432000	0.158694311885475	-1.98555087633649	-2.24407011819991
432000	433000	0.308673067225408	-2.4176279740404	-2.0389464602875
433000	434000	0.725135014493265	-1.95805052490592	-1.88941111987935
434000	435000	1.22558662266324	-1.68126336113802	-1.63099690378275
435000	436000	1.53540306179508	-2.08440492173192	-1.72847471185036
436000	437000	1.67550048659802	-1.69279756475972	-1.37466885971633
437000	438000	2.0725735254708	-1.78432547716051	-1.38397223977471
438000	439000	1.93234748926927	-1.41973768383409	-1.54805488078522
439000	440000	1.92558441358292	-1.34356112988576	-1.12233561935485
440000	441000	2.24868900716009	-1.18528794618235	-1.37349488353595
441000	442000	2.30674981849891	-1.47103392273822	-1.11571661003608
442000	443000	2.7763149642887	-1.57921303944306	-1.25985526352429
443000	444000	2.59023944389551	-1.21832186862296	-0.96778602138526
444000	445000	2.2695641220795	-0.929576261393266	-0.893687135375046
445000	446000	2.46170035683958	-0.744880048529437	-1.29509987660309
446000	447000	3.37652628993482	-0.740774580963548	-2.74814870794981
447000	448000	1.86593342288542	-0.616986497874138	-1.62331111807297
448000	449000	1.39631878356664	-0.544924923335903	-1.87214351395462
449000	450000	1.49038071614149	-0.152619332442936	-2.22478150979363
450000	451000	1.85974856016064	-0.111365496421464	-1.88521962320644
451000	452000	1.37110377680285	-0.089274559776802	-1.67128089232578
452000	453000	1.09695842063594	-0.123419531295102	-1.26986865684036
453000	454000	1.65488812228057	-0.082850067394665	-1.12369396474557
454000	455000	2.1133918710553	-0.0628636294389711	-1.35455634417787
455000	456000	2.08010402306398	0.417529845634009	-1.29837121645446
456000	457000	2.10899806663499	0.295911975780326	-0.807618543005563
457000	458000	2.17293229815542	0.827855505569883	-0.798313422200006
458000	459000	2.02389554084665	0.69715815833266	-0.300751309793123
459000	460000	2.53480925465573	0.460877495884248	-0.280557360154385
460000	461000	2.40132755346785	0.136440627857741	0.141761858644975
461000	462000	1.88971430242037	0.335059849022822	0.159252917217438
462000	463000	1.41506272273453	0.659359191499359	0.101074502665312
463000	464000	1.39428022934249	0.790391780146133	-0.45707768492163
464000	465000	1.47309762875341	0.33916103723534	-0.777546109759633
465000	466000	1.62442277959043	0.675248653890976	-1.13118956936716
466000	467000	1.29435660456653	0.409848040095145	-1.36269336268184
467000	468000	1.07902911663194	0.885774756661596	-1.3086552154315
468000	469000	0.844029422580086	0.59057979377688	-1.61960632715375
469000	470000	1.15267115830018	0.89808824389012	-1.9019348634207
470000	471000	0.772452836216929	0.566842225008243	-2.10922307236418
471000	472000	1.1440695080016	0.789132768675614	-2.47386012621309
472000	473000	1.16982397258184	0.347796426470448	-2.13750450222782
473000	474000	1.59648531570773	0.583150973351456	-2.15578958299954
474000	475000	1.67742814661883	0.383413622362317	-1.72831668344416
475000	476000	1.86449693982039	0.769217582096028	-1.70008068646712
476000	477000	1.59180893693646	1.09401715595893	-1.52804100859386
477000	478000	2.05060946969729	1.36310786607952	-1.59300759706979
478000	479000	1.84562018251406	1.52759899618473	-1.04490974366076
479000	480000	2.04868650712234	1.85607340841891	-0.85006047473965
480000	481000	2.21406569937571	1.73156120894892	-0.489693498882982
481000	482000	2.38215441027107	2.08250206448804	-0.248970672262782
482000	483000	2.46938679135578	1.67175020135616	-0.0686599648766693
483000	484000	2.52282767307425	1.22237083787324	-0.194346881183521
484000	485000	2.32644920358396	0.965510160947207	0.13680019713523
485000	486000	2.74050526386956	1.08745178417979	0.243311501042552
486000	487000	3.34995003166006	1.07094886700467	0.459118047950984
487000	488000	2.88819471682327	1.25064065069663	0.604352469530601
488000	489000	2.43562850812421	0.999934542861258	0.609024837160043
489000	490000	2.81657031341587	0.822596959034134	0.727658765306481
490000	491000	3.04572785911343	0.590749656184466	0.424860235566985
491000	492000	2.66776340557692	0.600876782206724	0.208446069667645
492000	493000	2.95323182597717	0.81226728339936	-0.0540825627362417
493000	494000	3.06673994969732	1.27554073340357	-0.064538985484449
494000	495000	2.82933870718486	1.59792937705655	0.209291332946116
495000	496000	4.19079608547059	2.70587445896355	0.33981109801339
496000	497000	3.04153537326625	1.69124334564528	0.722806379363801
497000	498000	2.61824615635226	1.73230231707914	0.645398507689923
498000	499000	2.4656207134708	1.45385053302609	0.819229429010227
499000	5e+05	2.6928800297497	1.60956337257782	1.10439010194789
5e+05	501000	2.48969098468072	1.12566904490613	1.0964352355272
501000	502000	2.92118256703343	1.18316131617263	1.11422182492772
502000	503000	2.63297660567322	1.39062449587573	1.63204836015022
503000	504000	2.10320407033816	1.27828975573775	1.55239300504092
504000	505000	1.88778491130828	0.892887420886342	1.67217281795382
505000	506000	1.9559171637076	0.501660948420812	2.00862953567747
506000	507000	1.53758534438098	0.217835507090308	1.80554122008052
507000	508000	1.89395099252546	-0.113798193947645	1.56957165699026
508000	509000	1.71259441918608	0.235270504591381	1.25153748887556
509000	510000	2.18060711824186	0.331801232122711	1.43874562739591
510000	511000	2.02447139769167	0.755200177938719	1.08910534919691
511000	512000	2.50255803381593	0.527628121934216	1.06311934992396
512000	513000	1.89337769118506	0.892197247382119	0.483327171113532
513000	514000	2.26858010634323	0.396051435161346	0.62280807811585
514000	515000	1.73862741998203	0.447188020665707	0.746282761048704
515000	516000	1.21400778350029	0.287510910273202	0.682920257548341
516000	517000	1.54071768471033	-0.125852528035162	0.555891296691283
517000	518000	1.97499767219026	-0.0926423943463881	0.840249533896488
518000	519000	2.5125573581969	-0.252956544372891	1.0865307273413
519000	520000	2.43452755679233	-0.394959333231282	0.522675230714743
520000	521000	2.15636783382606	-0.44106713074798	0.0999548150818217
521000	522000	2.62815473949514	-0.425946571000629	-0.136217930886725
522000	523000	2.63617884242289	-0.237999068325997	-0.577692213484587
523000	524000	4.25672580970503	-0.0857929637686406	-1.40217225024247
524000	525000	2.71976874437029	-0.699648264167817	-0.929432179119603
525000	526000	2.52966830679136	-0.823093834788313	-0.608453510205156
526000	527000	2.88771490330157	-0.89412641205654	-0.575053953617967
527000	528000	2.98564023141609	-1.18627880179689	-0.801695689134829
528000	529000	4.4036123747397	-1.87770106241358	-0.485447718753144
529000	530000	2.57907564221425	-1.21805053967209	-0.352345570000003
530000	531000	2.27872384499655	-1.28606884311465	-0.680120800262313
531000	532000	2.43286211605447	-1.72847651368047	-0.834539606212953
532000	533000	2.6928654751262	-1.52097697181901	-0.655133105643222
533000	534000	3.84155506763673	-2.32918162562808	0.393229916823848
534000	535000	2.42478399766986	-1.56004360325601	-0.437069706384633
535000	536000	2.09943675918241	-1.71146075523486	-0.515576037208974
536000	537000	1.94410098001273	-2.04479880459397	-0.277007093142566
537000	538000	2.54737406451554	-3.6507143507478	-0.545606536416082
538000	539000	2.07241363643008	-2.12526955699935	-0.859480745219779
539000	540000	1.88162640402704	-1.80952881672046	-0.962168963635468
540000	541000	1.59434275001693	-2.16028312861064	-0.735594461557544
541000	542000	1.44728298448153	-1.71016725149952	-0.980935740605866
542000	543000	1.7035067742798	-1.4416117668662	-0.690622770713122
543000	544000	1.54002146812335	-1.09791809490135	-1.03626372356574
544000	545000	1.2588772610295	-1.31863667493116	-0.606964751417314
545000	546000	1.47354522759052	-0.818892988346868	-0.519189769148002
546000	547000	1.31740431329917	-0.607396200175957	-0.0699722208797766
547000	548000	1.47489234603031	-0.113519097958053	-0.225953887088278
548000	549000	1.12994665907584	-0.294778598747732	-0.600749522248551
549000	550000	1.33241617947597	-0.572268066891958	-1.07533680643587
550000	551000	1.06921230898228	-3.34563132923182	-1.26587522304327
551000	552000	0.790393034958551	-1.09927069828398	-0.501754400947865
552000	553000	0.839609410054764	-0.836334302655373	-0.956178324357097
553000	554000	0.874996636308043	-1.35177718404694	-1.18493345805976
554000	555000	0.423064225322172	-1.5636458158509	-0.982995287153689
555000	556000	0.137317490519136	-1.26132266416886	-0.630888127941313
556000	557000	-0.25246913951736	-1.00563804351284	-0.358864313810511
557000	558000	-0.34337163771847	-0.559321872313501	-0.106174026134239
558000	559000	-0.732077448598849	-0.695399583752696	0.2986161265082
559000	560000	-0.968823070084921	-1.11211439880617	0.0980379644668271
560000	561000	-0.947088600548658	-3.58876529488802	-0.920788043462325
561000	562000	-0.915328871025121	-0.798762044734536	-0.472044806954672
562000	563000	-1.20660158242714	-0.39442074261011	-0.419592296467849
563000	564000	-1.40215519185606	-0.201149312551968	0.0267595555963225
564000	565000	-1.44291251047049	0.30189601008962	0.203516459973147
565000	566000	-1.33304871799434	0.340572047016336	-0.405699380711507
566000	567000	-0.84687064167838	0.216054227798342	-0.00162631552358636
567000	568000	-0.652282949143516	-0.100411034401499	-0.374474678809769
568000	569000	-0.401587294667176	0.170061680743298	-0.772908409637142
569000	570000	-0.74560274473169	0.572896935527411	-0.713954882115233
570000	571000	-0.427071990850066	1.01276480329335	-0.512444756534136
571000	572000	-0.387342313504814	0.824478459474957	0.0144345903247739
572000	573000	-0.0752866721087979	0.384780370876643	0.154781119069681
573000	574000	0.167126978388599	-0.0417538501313242	0.368581165388265
574000	575000	-0.023677718954643	-0.524947250905489	0.469829333904976
575000	576000	0.559095991790725	-3.02880528519593	-0.426025987136026
576000	577000	0.282671489401046	-1.03662741257397	0.737143504732126
577000	578000	-0.179174975312289	-0.863203597378664	0.927285558008058
578000	579000	-0.352807449906265	-1.40504143292014	0.809462179293398
579000	580000	-0.185301028089761	-1.80193297546375	1.01317262377358
580000	581000	-0.0731388377248847	-1.85112502504679	0.3823422910462
581000	582000	-0.17043934035462	-1.32262719793448	0.239925274139645
582000	583000	0.30128188818904	-1.12988926794598	0.00447458187793408
583000	584000	0.456212264420748	-0.586414276823027	-0.306409668854568
584000	585000	0.811656145526618	-0.302768224725607	0.0193288657713759
585000	586000	0.662155815180537	-0.664666814677571	0.407002741649778
586000	587000	0.889057768400616	-0.965617802205758	0.88513823132754
587000	588000	1.27487385159724	-0.750957517797785	0.62215275356768
588000	589000	1.02099511254841	-1.08936280450499	0.251238917973133
589000	590000	0.935252044721678	-1.56664454972946	0.0648236210854011
590000	591000	0.687862501620958	-2.15768239770024	0.178145380210557
591000	592000	0.343054603510647	-2.04277689344269	0.642966332104616
592000	593000	0.788776628335009	-1.91465347243888	0.744028792093017
593000	594000	0.504743303710985	-2.28999147472809	1.01682184788684
594000	595000	0.92144122742393	-2.39825755226714	0.874745582672857
595000	596000	0.99332077475747	-2.34656132993462	1.32466064966512
596000	597000	0.786693934389466	-1.98954341439655	1.25840525910772
597000	598000	1.19314713294379	-1.91600515803183	1.25667748466317
598000	599000	1.3241042867439	-1.773097141035	0.814904501470257
599000	6e+05	2.64995500367101	-2.92826279351106	1.11363945509335
6e+05	601000	1.7132029310523	-1.66066700364826	0.301608430252409
601000	602000	1.58591796064861	-1.30609667264166	-0.0462906440713975
602000	603000	2.04898072864936	-1.48664629062639	-0.0595454543236621
603000	604000	2.02766731734507	-1.03834306174069	-0.19386933163428
604000	605000	2.20482580232835	-1.09485614857048	0.290541158734197
605000	606000	1.8296175884316	-0.845861179341254	0.514917967046671
606000	607000	1.92739735624366	-0.799535619743826	1.04975993334712
607000	608000	1.56460556348975	-0.453513528475117	1.23882888133567
608000	609000	1.6619436544985	-0.695591615354281	1.65094604805398
609000	610000	1.22995597615058	-0.857296098581529	1.85069817626307
610000	611000	0.882200495069479	-1.10138836390466	1.71067089079352
611000	612000	1.13664976322963	-1.34001119229594	2.06731062464194
612000	613000	1.05295882790402	-1.09125415944682	2.55793637438929
613000	614000	0.551363317688393	-0.983715593909619	2.18012565397556
614000	615000	0.584129902586533	-1.41442738361552	2.32000569106904
615000	616000	0.340978993738746	-1.47985188576739	1.90940429968859
616000	617000	0.744641722106439	-1.76822338723874	2.02575716669907
617000	618000	0.838086349622401	-1.67033045828297	1.59285559647521
618000	619000	1.05482983648215	-2.02065734224616	1.73227923527948
619000	620000	0.680088988374675	-2.26552148641842	1.77971468360344
620000	621000	0.447456688441551	-1.9691119437977	1.57717671279881
621000	622000	0.278415181891027	-2.32100864836896	1.4830637116323
622000	623000	0.284178278400371	-2.80717493004379	1.35797189216513
623000	624000	-0.0525433967868663	-2.4389904942676	1.10472173873326
624000	625000	-0.514870340383068	-2.21485329487843	0.991136090518742
625000	626000	-0.882311606437529	-2.50390412832221	1.28664846931331
