0	1000	-2.22877148624483	-2.26634369223903	-0.171936642632284
1000	2000	-2.25328802669903	-2.53638245721126	0.0741866162950195
2000	3000	-2.10732162108343	-2.68687673926383	0.59634090715125
3000	4000	-1.67700387469202	-2.55768956824217	0.333987835641365
4000	5000	-1.40806909361483	-2.58629998267738	-0.040244478257592
5000	6000	-1.76455910734606	-2.86434046207922	-0.456298500420735
6000	7000	-1.80535293445421	-2.5847566690288	-0.0741030741947366
7000	8000	-1.67321545480431	-2.22090985911283	0.0784382180019376
8000	9000	-1.67426514913361	-2.26369893609338	-0.355681758111401
9000	10000	-1.79145143580411	-2.26662891906252	-0.748518997526026
10000	11000	-1.34867766831853	-2.03703989271851	-0.678562370308716
11000	12000	-1.4893105732144	-1.59612514374316	-0.861903298930386
12000	13000	-0.716246820600919	-1.84610592234749	-0.712181507263254
13000	14000	-0.246751941139197	-1.72619342908512	-0.747094944700067
14000	15000	-0.275227328226903	-1.88049940796351	-0.363831719154549
15000	16000	0.138364582108561	-1.88754695019744	-0.465836931182321
16000	17000	0.422475330153241	-1.97228602360103	-0.0929116540879195
17000	18000	0.797324726349903	-1.89947176151195	-0.362163416160091
18000	19000	1.1073870337732	-2.16453168457233	-0.541348396046344
19000	20000	0.750638966104149	-2.28447838599464	-0.798158015182609
20000	21000	0.569931052940919	-1.84012130563182	-0.791313254061896
21000	22000	0.486133481034964	-1.41614028167151	-0.763487638923782
22000	23000	0.111783553491159	-1.29917734586091	-0.635390026277142
23000	24000	0.273709083977641	-0.934144413328452	-0.769388641379589
24000	25000	0.42301140184119	-0.979236908297485	-1.21933132099275
25000	26000	0.811924777333922	-1.3558908521459	-1.21814753363647
26000	27000	1.08679978461886	-1.36089554696345	-0.850842011410657
27000	28000	1.42438777288515	-1.34737872565102	-1.21710034158685
28000	29000	2.589536521893	-1.91162091157005	-2.18300620106576
29000	30000	1.66060174856848	-1.51497197931791	-0.682081175644027
30000	31000	1.4448873210396	-1.99485951336865	-0.104839311763333
31000	32000	1.00427775386076	-2.08678491818106	0.0200915203577702
32000	33000	1.02412490410092	-2.55457059439836	-0.0730690975596008
33000	34000	0.619494955123021	-2.42162584857447	0.0261404145278226
34000	35000	0.501464038679069	-2.38253656611072	-0.34533783940898
35000	36000	0.10314656008219	-2.52004561166167	-0.290023290206636
36000	37000	-0.304752853486992	-2.38594448916162	0.048321457264939
37000	38000	-0.505720294498331	-2.4762897758909	-0.403977827253496
38000	39000	-0.695378150192406	-2.93185512764822	-0.820837040392501
39000	40000	-1.04398207011129	-2.78063109248537	-0.468041011865537
40000	41000	-1.06100228106098	-3.16318003822654	-0.331608517905395
41000	42000	-0.960632813243511	-4.57920408698862	-1.11854663543306
42000	43000	-1.39265806900865	-3.54963049910379	-0.260495655609224
43000	44000	-1.73035248499499	-3.45061299162716	0.0157044117482205
44000	45000	-2.10451774956274	-3.64554538124856	0.215867500100828
45000	46000	-2.13574975887968	-3.52737417775013	-0.193165770013319
46000	47000	-3.49524954437856	-3.57463575244759	0.0721793588562032
47000	48000	-2.10436843041693	-3.1724137626122	0.0424698031782755
48000	49000	-1.59369483486491	-3.12508846128013	0.456501396042994
49000	50000	-1.44098187540712	-3.10177167780378	-0.0309700975700933
50000	51000	-1.14412623202315	-3.39110846402815	0.134887487120992
51000	52000	-0.928897239001154	-3.58094229028518	-0.102758651122408
52000	53000	-0.701830104830345	-3.31956668174848	0.0597105255028286
53000	54000	-0.613500814632763	-3.68177878800383	0.29433848256325
54000	55000	-0.297219228720854	-3.40503494701805	0.224669207273935
55000	56000	0.0101165840776776	-3.61234401310218	0.365500673840778
56000	57000	-0.0164293438278435	-3.27397733913015	0.673722570081264
57000	58000	0.388667570716109	-3.37467885138873	0.616385809410777
58000	59000	0.505084800919483	-3.76749553107176	0.523128209866
59000	60000	0.414247702147478	-3.48428352478811	0.180397105458493
60000	61000	0.183040350428051	-3.13144655839811	0.269102978321952
61000	62000	0.580617305026255	-3.0792822495651	0.389695597539124
62000	63000	0.436025997810759	-2.92289850559571	0.760490466951264
63000	64000	0.832808297582769	-2.85228639247095	0.683847211891146
64000	65000	0.869021503578553	-2.57430220229401	1.03400006493567
65000	66000	1.18323477405601	-2.5039290860517	1.35382484114243
66000	67000	1.21093849872208	-2.29297493015601	1.03215156053755
67000	68000	0.924117392679588	-2.06534282160944	0.905381022594865
68000	69000	0.585251534472939	-2.1898314506746	0.558325158312765
69000	70000	1.09980003379859	-2.21500323203357	0.419968371910412
70000	71000	1.48039193996708	-2.34314025830219	0.205857006096678
71000	72000	1.73210952932057	-2.54631948416853	-0.120822995317846
72000	73000	2.12906992171327	-2.57375021387203	-0.130566885634371
73000	74000	2.06553501385394	-2.76805147973223	-0.483462788087879
74000	75000	2.09095882460017	-2.96877392289824	-0.108046323865811
75000	76000	2.40169076470661	-2.87796043275498	-0.24855335698557
76000	77000	2.61733817729286	-2.58307747888244	-0.0815358726684123
77000	78000	2.56453413763314	-2.66605816111175	-0.587013359538856
78000	79000	2.35155784796992	-2.29360875982147	-0.428313828929601
79000	80000	2.25093406078379	-2.26584883182406	-0.947588924978671
80000	81000	1.91753711028374	-2.09490508796975	-0.540399756330933
81000	82000	2.25035334422017	-1.74482688685402	-0.563369369092007
82000	83000	1.97187862923923	-1.74777333020716	-0.173259816515472
83000	84000	2.23826984688007	-1.36889420238924	-0.089721064311502
84000	85000	2.36259173391944	-1.74231158841489	0.230482672191991
85000	86000	2.56781776485634	-1.40887444063371	0.548453403941171
86000	87000	2.55756990324576	-1.82095171169668	0.923744731938721
87000	88000	2.42007707887235	-1.34495093969709	1.04554312955134
88000	89000	2.07435321228426	-1.44822422054959	1.09623980092563
89000	90000	2.12386094610699	-1.06312764462795	0.966181118225123
90000	91000	2.06922884159349	-1.26008345245561	0.607657678202246
91000	92000	3.91428863248829	-1.56822324459388	0.148666774354055
92000	93000	2.67819506084751	-0.615477908848424	0.0561010996191971
93000	94000	2.73502493767889	-0.48631603092938	0.604182358054008
94000	95000	2.40700384016664	-0.618353158054523	1.175775031887
95000	96000	2.55203574524297	-0.642210072029379	1.63615513471826
96000	97000	2.27335542068132	-0.293823789471493	1.61485726947742
97000	98000	2.35356815275032	0.08634488892051	1.42137564366191
98000	99000	2.73944650622907	-0.0790244455344694	1.61969272920343
99000	1e+05	2.59730281541078	-0.247222027087178	1.2804670204289
1e+05	101000	2.36724370377751	-0.158017527827125	0.998153248445523
101000	102000	2.04956494348735	-0.297797815049663	1.2527336689702
102000	103000	1.88242825180164	0.110202897502873	1.36496222943467
103000	104000	2.03426786694951	0.214838934852741	1.77786313591193
104000	105000	1.57851141755418	0.313539360326522	1.90612875465299
105000	106000	1.8208584144471	-0.317403808322188	1.83353572660817
106000	107000	1.91693624792065	-0.814192721186528	1.78228551428152
107000	108000	2.19983914402256	-1.13320802576343	1.98024190176648
108000	109000	1.88790512358015	-1.36179564614481	1.83186005430265
109000	110000	2.25117568108464	-1.56617315952734	1.75753128248213
110000	111000	2.16880827650452	-1.13182200549288	1.48374272713704
111000	112000	1.79579315463233	-0.860996779287065	1.29880098048583
112000	113000	1.76483077868962	-0.724072262519338	0.940279106351545
113000	114000	1.61827592457735	-1.15006917825673	1.00876582684994
114000	115000	1.17504509288692	-1.05212284020747	0.70735330394945
115000	116000	1.10741731445606	-1.45899072050248	1.12238479545879
116000	117000	0.666895792835281	-1.55489599093641	0.883057200393178
117000	118000	0.792161269945474	-1.63112922530764	0.481914577145058
118000	119000	1.3790016671107	-1.81958640876546	0.757527374575114
119000	120000	2.56931333061079	-3.12627280435878	1.35774184711319
120000	121000	1.81572531589541	-1.77448182115022	0.453554585037222
121000	122000	1.57944688217294	-1.37644994500993	0.306754370232805
122000	123000	1.22629943488765	-1.70920250146421	0.159345880544439
123000	124000	1.22165231671898	-1.59397274616225	-0.273285879328422
124000	125000	1.48950985384811	-2.64114095450754	-2.03403257867365
125000	126000	0.9244869216341	-1.26606372661713	7.3714712217013e-05
126000	127000	0.487041827683126	-1.30053531963307	-0.180598685598562
127000	128000	0.0990208053525502	-1.27460323838245	-0.109187765833597
128000	129000	-0.0631503877874568	-0.90413995905065	0.429942328337369
129000	130000	-0.198105075141304	-1.62184272104679	0.425539875554646
130000	131000	-0.56024873859204	-1.83103649274461	0.249791129568479
131000	132000	-0.896915780922287	-2.0158308342013	-0.0513030402270323
132000	133000	-0.833709123768879	-1.50766032300998	-0.113432971793988
133000	134000	-1.29365303097337	-1.26449592577705	-0.0573157641153633
134000	135000	-0.913098530360188	-1.2168509597081	-0.424805386878253
135000	136000	-0.74402773472813	-1.37842315589265	-0.760714610423378
136000	137000	-0.463982035460706	-0.438658837044781	-1.26542068401603
137000	138000	-1.10772090453007	-1.17667572801242	-0.901041936326256
138000	139000	-2.97566922441062	-1.26077789435247	-1.08271664417581
139000	140000	-1.4274314752389	-1.36091882052845	-1.45821810852701
140000	141000	-1.41915288345784	-1.7981752262137	-1.5156375738371
141000	142000	-1.05551634975548	-1.69077721868346	-1.28749411359313
142000	143000	-0.903794554491757	-1.96316625940831	-1.75726375900872
143000	144000	-0.614058678151895	-1.95766904409024	-1.2655213418835
144000	145000	-1.01653049953764	-2.31851967335749	-1.37131097437723
145000	146000	-1.17163253884264	-2.04709024182998	-1.09964906723285
146000	147000	-1.5177060831347	-2.23719136703152	-1.10265993717469
147000	148000	-1.66667396081462	-2.72670825403129	-1.08682322856035
148000	149000	-1.34987760685099	-2.46444598252016	-0.766415815798011
149000	150000	-0.889187582451427	-2.3532039587882	-0.728898850713574
150000	151000	-0.511468187427968	-2.35445229043129	-0.878405162605621
151000	152000	-0.174474104068449	-2.20075830075669	-0.725587201232771
152000	153000	0.137112345398069	-2.07362160232572	-0.992901178158379
153000	154000	0.228464866629803	-1.60166788663367	-1.15691495847544
154000	155000	-0.0586862523808782	-1.16743069873045	-1.15870047160864
155000	156000	-0.365311684903873	-1.25850348757272	-1.48088210417199
156000	157000	-0.669206083255587	-1.30593933538442	-1.9009545693406
157000	158000	-0.913733235961386	-1.37186654288343	-1.54948537691322
158000	159000	-1.17651311749859	-1.34790339988759	-1.82987370602299
159000	160000	-1.11785652771291	-0.958999522428815	-1.61952126001071
160000	161000	-1.37830103876134	-0.830336021984555	-1.98306694456995
161000	162000	-1.89146755559849	-0.907988274414656	-1.68138816331252
162000	163000	-2.3065679956412	-0.718854826575989	-2.11142276048057
163000	164000	-1.89722884864884	-0.410744900220921	-1.91670419132851
164000	165000	-2.11935104398905	0.013628864163544	-1.79948547353214
165000	166000	-2.15074513072062	0.299620681465465	-1.43252404634867
166000	167000	-2.0807897483524	0.659274370466266	-1.15246819095894
167000	168000	-2.25169906959903	0.985676704642403	-0.784244363139506
168000	169000	-1.78055085395813	1.18111011373829	-0.954399188353624
169000	170000	-1.64469708930636	1.5636193280166	-0.82186957061616
170000	171000	-1.39341431219709	1.64274140271692	-0.365251999368345
171000	172000	-1.49477860673018	1.27171263938844	0.0968649232319388
172000	173000	-0.995418746919711	1.21338520503771	0.179203480177035
173000	174000	-0.958481409021661	1.3278833787105	-0.245182571211783
174000	175000	-1.26761245340418	1.14370388407541	-0.612341927230745
175000	176000	-0.961150205869217	0.80412910817458	-0.547572739009049
176000	177000	-1.19879882551921	0.870797044219472	-0.1914910704853
177000	178000	-1.11164589276769	0.426400142172634	-0.208227250485847
178000	179000	-1.59102021753196	0.485827333262783	0.00519545283420562
179000	180000	-1.50095572698869	0.626555261784859	-0.486329793820683
180000	181000	-1.31014957700458	0.292850915803499	-0.594034643082243
181000	182000	-1.57017057248294	0.108998632483765	-0.410716049092226
182000	183000	-1.9004174330229	0.312685698351835	-0.62733501483765
183000	184000	-1.67846074779132	0.407316295242727	-0.952035158207331
184000	185000	-1.99389346348051	0.154557705529252	-1.02436009290888
185000	186000	-1.65362348498745	-0.111166670314633	-1.07491617580602
186000	187000	-1.62083266889593	0.213940783502236	-1.49858328260117
187000	188000	-1.8274486155673	0.603326506486027	-1.66648549157498
188000	189000	-1.70430213790364	0.440402639940965	-2.1469663235333
189000	190000	-1.52596214056976	-0.0371836083973132	-2.10749347928342
190000	191000	-1.35899406980413	-0.347497799057981	-2.3037953326329
191000	192000	-1.05718933767967	-0.180439032607676	-2.12332042249047
192000	193000	-0.995866220040356	0.434140330833408	-2.20606653217398
193000	194000	-0.731882712987559	0.92122158687212	-1.83706805737687
194000	195000	-0.591543465346539	0.907429677656787	-2.36838745854493
195000	196000	-0.435093848984746	0.561902774442341	-2.11082843589233
196000	197000	-0.185389523899983	0.586373509325154	-2.42973192036687
197000	198000	0.0892388515563566	0.343741690164761	-2.20723325621886
198000	199000	0.161484638606096	0.780256421011868	-2.19980629907151
199000	2e+05	0.413295072277644	0.625604931492011	-1.84627546772364
2e+05	201000	0.721272804476931	0.684798994548089	-1.50864731104559
201000	202000	0.979448051780552	0.660085306974167	-1.17213135356648
202000	203000	1.06968696451297	0.242594665235253	-1.19590097193252
203000	204000	1.44201555297753	0.431573194319364	-1.35879851745211
204000	205000	1.65041856614484	0.0739607344275737	-1.49003715528557
205000	206000	1.66209667737003	0.0619915868780639	-1.00954066094633
206000	207000	1.57204515723246	0.384907615905076	-0.687595432171314
207000	208000	3.57897992055205	1.01936734737758	0.20933417303757
208000	209000	2.05647944251164	0.284951768223562	-0.716926380923299
209000	210000	2.50427368125857	0.343885060078598	-0.71460419389034
210000	211000	2.28260097012722	-0.0651921698610197	-0.854458980311925
211000	212000	2.12811205832	-0.458423860333641	-0.929822607173819
212000	213000	2.51715068552784	-0.444723414892031	-1.09667746998074
213000	214000	2.5593730989416	-0.035439309545953	-1.1904392508924
214000	215000	2.93783046469808	0.0317827936196551	-0.960764550090204
215000	216000	2.69940515183576	-0.166605195133339	-0.632925503759695
216000	217000	2.5118665502969	-0.536725324164846	-0.663334714675908
217000	218000	2.82539030213918	-0.785866266695882	-0.768289066960637
218000	219000	2.87807593981005	-0.524679861349653	-0.403931234934838
219000	220000	3.13469818036594	-0.310826292017666	-0.608148959398798
220000	221000	2.97532425894031	-0.412910051920517	-0.972118069600607
221000	222000	2.59912482913693	-0.376361164529324	-1.69755531786313
222000	223000	2.11193515757692	-0.3546075169882	-1.45228670016099
223000	224000	2.11233122347274	0.0672296815053034	-1.4005650110337
224000	225000	2.00798764372577	0.434160265449846	-1.20480800997019
225000	226000	1.96517150977789	0.496851537670296	-1.63771482674611
226000	227000	2.47469189909395	0.506461986831627	-1.54984197196881
227000	228000	2.56408886519424	0.928475091439751	-1.70902535550764
228000	229000	2.55615665926801	0.834478657965872	-1.15819528164583
229000	230000	2.15432951369945	0.91831056314804	-1.46381635785801
230000	231000	1.7516832449908	0.9015639667236	-1.61941731944123
231000	232000	1.75190870232759	0.806311647747818	-2.25570036930734
232000	233000	1.28029851625436	0.63367504840583	-2.17772515587866
233000	234000	1.38692577098083	0.852074735929583	-1.91189312485102
234000	235000	1.24629822035223	1.28839398769251	-2.10988296381169
235000	236000	1.28650754900164	1.20562433032112	-1.57210784761784
236000	237000	1.08200739126134	1.47925285008334	-1.25719830804995
237000	238000	0.795228922956498	1.16780195628268	-1.30907738187939
238000	239000	0.373022403650362	1.20640195229553	-1.61319333692573
239000	240000	0.498942444616844	1.52574328182535	-1.21278457513451
240000	241000	0.280414050120874	1.89462017465506	-1.61444458509814
241000	242000	0.0939091350220264	2.05990315997052	-1.0673805985325
242000	243000	0.396826853261623	2.15813536045087	-0.819099088567483
243000	244000	0.32384675450555	2.06119347451755	-0.462750604112913
244000	245000	0.00904311542818393	2.26638605991119	-0.624746680104203
245000	246000	-0.00870477503250686	2.51287968914449	-0.221295358518574
246000	247000	-0.346300552854333	2.64056710762973	-0.736293178253175
247000	248000	-0.926995419494496	2.54615568595966	-0.939822576526432
248000	249000	-1.28319875694441	2.42585042045851	-1.15590095874002
249000	250000	-1.54343818009704	2.43756767607928	-1.46731315996599
250000	251000	-1.4533496886901	2.07521500470231	-1.43262385229768
251000	252000	-1.83774395264358	2.01443566602367	-1.59063353483058
252000	253000	-1.45851916740809	1.7818519989791	-1.71110018827135
253000	254000	-1.36605194034552	2.03625253032719	-2.20405496368984
254000	255000	-1.10893976783344	1.67016913564752	-1.97810993041553
255000	256000	-1.45497074522087	1.47668372183503	-2.16423594054995
256000	257000	-1.31620213753117	1.32449065150802	-1.7768422064993
257000	258000	-1.68848023639638	1.27203624004719	-1.68709808135942
258000	259000	-1.35975485700076	1.2827179208425	-1.36868118558252
259000	260000	-1.19860877017769	0.853086492172741	-1.26761525056143
260000	261000	-1.64300737379636	0.914160081616981	-1.32239184381343
261000	262000	-2.30755662196609	1.04222443704097	-1.51097694451992
262000	263000	-2.3816532055051	0.574725996992069	-1.72079764337845
263000	264000	-2.28189317101253	0.671989282031097	-2.22580178382107
264000	265000	-2.16985302704578	0.0975448363806941	-2.37936386631984
265000	266000	-2.01294940201415	0.36354800259936	-2.64634644385097
266000	267000	-2.46381262532344	0.305526171293196	-2.84368965087488
267000	268000	-2.0425021524807	0.0467572105081777	-3.12189107864385
268000	269000	-1.79457896996905	-0.289516686357842	-3.16580637619793
269000	270000	-1.68387336886942	0.0383098234621351	-3.3570075607882
270000	271000	-1.65365829282972	0.132689407810396	-3.01659647956708
271000	272000	-1.28960423519839	0.240686736558205	-3.21642865065879
272000	273000	-1.39116014487958	-0.158269252796483	-3.00625269530658
273000	274000	-1.20145419930204	-0.228099560001682	-3.31902876125442
274000	275000	-1.09995601923162	-0.527005940458084	-2.94284084564106
275000	276000	-0.920613285652174	-0.0890937059658906	-2.89301419377735
276000	277000	-0.645784908336829	-0.393386318941974	-2.93660822870139
277000	278000	-0.751959835090161	-0.242417026996869	-2.56193435794816
278000	279000	-0.522486963540048	0.0893510509095539	-2.68795603053992
279000	280000	-0.158000556724731	0.266483312651703	-2.87819040439696
280000	281000	-0.23878762379892	-0.241258500314926	-3.47207746174252
281000	282000	-0.496982170994501	0.0220237340970551	-3.16179167991863
282000	283000	-0.235826682856001	-0.198851961981478	-2.95569165659315
283000	284000	-0.315924779941516	-0.27835720940261	-2.55510462673478
284000	285000	-0.525791064677398	-0.400410550133962	-2.17696925140687
285000	286000	-0.611006861249516	-0.76784212047667	-2.37295067875002
286000	287000	-0.3055189615451	-1.02924279434327	-2.71210691534457
287000	288000	-0.1281752081516	-0.690199464528332	-2.3932873626069
288000	289000	0.0701817873622882	-0.411562323899335	-2.09835042957046
289000	290000	0.212642801179187	-0.366726390364848	-2.50338094499847
290000	291000	0.601193169007231	-0.641519265287211	-2.58071397844575
291000	292000	0.513730801117615	-0.230538502938304	-2.32779684279424
292000	293000	1.14386664384604	0.383839863518585	-3.74268342219856
293000	294000	1.05387931882515	0.0538529653423229	-2.3258495850173
294000	295000	1.19438553871091	0.080146298721667	-1.76659406140125
295000	296000	1.07140807644827	-0.357824015525234	-1.92638880052977
296000	297000	0.789591446630429	-0.290779800030163	-1.53494925302837
297000	298000	1.25663877867594	-0.347179294640208	-1.42253084749712
298000	299000	1.21732129097991	-0.891816171116695	-1.63514301836299
299000	3e+05	0.97098572828401	-0.863261959606726	-1.19812736689866
3e+05	301000	0.826426615613138	-0.975482134858559	-0.855421153278709
301000	302000	1.24321617113841	-0.975378928424404	-0.934610091812064
302000	303000	1.61693512650938	-0.816241328832166	-1.11505476372435
303000	304000	2.11919014953471	-1.04358100285871	-0.983783931531532
304000	305000	1.71032526420913	-0.784863568809204	-0.608594581869397
305000	306000	1.41438286443111	-0.645355368872831	-0.403727624647135
306000	307000	1.55115603434865	-0.407088858880386	-0.724541345438518
307000	308000	1.02757857800574	-0.292776719470532	-0.810444707466579
308000	309000	1.36728311309746	-0.0260053249480276	-0.573194165882192
309000	310000	1.73538928155465	-0.0972203674060829	-0.127679003376735
310000	311000	1.57755914816398	0.306490129329963	-0.28151687788409
311000	312000	1.88948072836829	0.435820448387808	-0.203654909160959
312000	313000	1.59002962257876	0.440088016165602	0.232678971159288
313000	314000	1.94053161266632	0.727638550863231	0.0695648404544085
314000	315000	1.61428954338235	0.892832420745203	-0.141929855520678
315000	316000	2.02070792242607	0.94576037206428	-0.368188331407393
316000	317000	1.8177245756831	1.00328136873824	-0.747552962665702
317000	318000	1.89178031844048	0.989473318784627	-1.11449237836742
318000	319000	1.88571652727234	1.26787245941352	-1.41633691152485
319000	320000	1.85477334875324	1.38589285024347	-1.85886057751303
320000	321000	2.26653853157134	1.42402886096164	-1.68500253607381
321000	322000	2.33013223632896	1.31272032963451	-1.28839873756781
322000	323000	2.81437529115774	1.56518957362328	-1.30097995617477
323000	324000	2.50535672525222	2.00790710130373	-1.32942694996888
324000	325000	2.02400476783306	2.06990049551527	-1.21899549076095
325000	326000	2.26932570449033	3.54532794651057	-1.51605321944562
326000	327000	1.51351374863102	2.26942043554576	-1.08598904289812
327000	328000	0.967909392505814	2.28004448551064	-1.07146495531372
328000	329000	0.718224137659596	2.58520725691318	-1.14134042769604
329000	330000	1.04061122205634	2.8146015233821	-1.06726766116242
330000	331000	0.848402957348725	2.63595806915727	-0.765095137470038
331000	332000	0.427967963233183	2.64183932727873	-0.666735858295877
332000	333000	0.351362806076268	2.9448958788004	-0.937876493679928
333000	334000	0.121683260029472	2.64043760813696	-1.02675437283081
334000	335000	-0.0516032080622318	2.94229242081156	-0.857373494274876
335000	336000	-0.0434809058655191	3.02718287504623	-0.417772755725623
336000	337000	0.039454828620092	3.33914167101321	-0.0789738987519781
337000	338000	-0.123578173129913	3.04883732845523	0.24168766999177
338000	339000	0.262810090438403	3.08150530791314	0.137662006654523
339000	340000	0.519172840762502	3.40295194410259	0.207307016471228
340000	341000	0.265391105176803	3.22371284742099	0.549457108031464
341000	342000	0.573735492446942	3.00083406170341	0.39030622236931
342000	343000	0.284009712160686	2.77296168692564	0.489465209137099
343000	344000	0.560645053697327	2.59640693737275	0.785659397992218
344000	345000	0.842386974370815	2.28270149150758	0.612507011042222
345000	346000	1.22967236410406	1.99807011236228	0.703822126839197
346000	347000	1.45209063104185	2.39238577345801	0.760110726508934
347000	348000	1.75193478828648	2.47888121266778	0.534198721330315
348000	349000	2.09752468258254	2.35584252655377	0.767490161829065
349000	350000	2.19159457083688	2.67849810521839	0.484867312731196
350000	351000	2.19390135736906	2.41628431699915	0.258288795844472
351000	352000	2.51905472507619	2.32094750529354	0.159271294597827
352000	353000	2.41033103474074	2.5349821259805	-0.20396724041613
353000	354000	2.74908155523477	2.22881638488675	-0.232983210011972
354000	355000	2.41073112312646	2.07162444828844	-0.415297621560742
355000	356000	2.67844351838328	1.80068606657976	-0.415474223895783
356000	357000	2.66173062075735	2.03434388336773	-0.751097723058622
357000	358000	3.61388718685133	2.89978001034279	-1.49365016092486
358000	359000	2.37720353994204	1.79205231415981	-0.933371346342883
359000	360000	2.1288932858076	1.66616911956045	-1.29287863926724
360000	361000	2.62404534782973	1.39418678390517	0.704647847195338
361000	362000	1.64260394416662	1.67660136601247	-1.20281062017427
362000	363000	1.85726756631567	2.60350429356578	-2.70351887505127
363000	364000	1.28010481387562	1.93687501270845	-1.38780702040842
364000	365000	1.11621588872863	1.80428849131947	-0.852514779302963
365000	366000	1.52816674712616	1.85523599699832	-0.25850161102768
366000	367000	1.06626604842394	1.80247789386161	-0.294911475071283
367000	368000	1.09762258603981	2.0279562168345	0.0887588223805116
368000	369000	1.73354199841933	3.8374031230007	0.153500723105873
369000	370000	0.35172101187975	2.07127705531773	0.306813872790152
370000	371000	0.361444397230772	1.66812016873043	0.0111813130673264
371000	372000	0.394297201557864	1.42417506492252	0.39694096326109
372000	373000	0.334897241337954	1.16025088454154	0.715371653820896
373000	374000	0.45664412287188	0.832411717432278	0.421938166569161
374000	375000	-0.0824578271004882	0.929333220565001	0.445301216806613
375000	376000	-0.157502689453309	1.41551091570288	0.432360416671194
376000	377000	-0.275292994033835	1.78988626615047	0.401364101368161
377000	378000	-0.275028992075002	1.94190302142314	-0.0881486002822826
378000	379000	-0.126658611919553	1.80223899237043	-0.587961853740711
379000	380000	-0.427957083541771	2.04440854265968	-0.845507109223271
380000	381000	-0.894311755379867	2.04528916331595	-0.552790898519913
381000	382000	-0.891794426994456	1.70846693905771	-0.94419736837761
382000	383000	-1.36241968318299	1.98851077277928	-0.844496683321532
383000	384000	-1.77886843900501	2.04764450098791	-0.956481823395365
384000	385000	-1.99902093554842	1.98306319107154	-0.567990229772196
385000	386000	-2.12584619596196	2.04929172036824	-0.105531183274115
386000	387000	-1.73421910740537	2.1265704252458	-0.0885491487691585
387000	388000	-2.08771245722901	2.46233987214843	-0.254160719367366
388000	389000	-1.81970950296351	2.45747165538156	0.14786084573292
389000	390000	-1.90747902705027	2.80791880806201	0.0694537584145177
390000	391000	-1.61701815436118	2.71557961259603	-0.210358969578294
391000	392000	-1.95274966132969	2.91581494258116	-0.634350140303748
392000	393000	-1.46085159961088	2.49084420894691	-0.742225129119249
393000	394000	-1.54249556612642	2.7788329594321	-1.04076353543149
394000	395000	-1.20935059642558	3.05413196695196	-1.0005557172922
395000	396000	-1.29763243155402	2.93899557243353	-0.611285180963964
396000	397000	-0.951698231568921	3.31220614682766	-0.542247838731138
397000	398000	-1.16450607347626	4.70466478002668	-1.14906329580992
398000	399000	-1.46469344723696	3.39644183274093	-0.63365199692354
399000	4e+05	-1.70635477553221	3.37153381368004	-0.251786950856857
4e+05	401000	-1.2468612747353	3.4740008532327	-0.142830653552533
401000	402000	-1.4112493080847	3.56751712196864	0.351475968592011
402000	403000	-1.38026135107319	3.11178134462143	0.111578250424146
403000	404000	-1.0681118552997	2.99687387857407	-0.110957822684939
404000	405000	-0.770107424306947	2.87648882284976	-0.368882915686436
405000	406000	-0.601011529987341	3.14868691141984	-0.181477184272102
406000	407000	-0.741803380224459	3.50785396839818	-0.0969181956220307
407000	408000	-0.780738426683507	3.66723286952613	0.355766084837833
408000	409000	-0.99788487232496	3.14191903984567	0.338309691712404
409000	410000	-1.14348794004785	2.76953782290997	0.361998899808492
410000	411000	-1.56189367893448	2.8138244353385	0.531980875755248
411000	412000	-1.6878699412519	2.41757971929679	0.970422724241721
412000	413000	-1.42570842083697	2.40839758082329	0.551984068414152
413000	414000	-1.18092550981206	2.74998702218219	0.827478171622028
414000	415000	-0.742522624640427	3.01747829562516	0.900896787597754
415000	416000	-0.618375597727353	2.48074030738222	0.978456698984809
416000	417000	-0.473476691664183	2.43348275157037	1.40812077345897
417000	418000	-0.0261771451050006	2.4100210803973	1.1662760156473
418000	419000	-0.275368221128054	2.1095901711641	0.985099539098642
419000	420000	-0.793813307133055	1.92732584328797	1.23371727454658
420000	421000	-0.597752686203431	1.68116200763575	0.710296703729229
421000	422000	-0.761964327925706	1.77607591655224	0.270514291367129
422000	423000	-1.09442670060153	1.60916210439807	0.56614524071863
423000	424000	-1.41828628429748	1.87280428486734	0.751199155080073
424000	425000	-1.06288144739535	2.11025208411868	0.64479052065812
425000	426000	-1.13950416428966	2.08359426559555	0.23241741092437
426000	427000	-1.51174380669387	1.9322374612268	0.309482915530721
427000	428000	-1.89244644984554	1.67192808944663	0.29354737247875
428000	429000	-2.06399814939973	2.08264532708551	0.335264703139678
429000	430000	-2.31777889688692	2.41485398122959	0.245523400943088
430000	431000	-2.71440874782135	2.15186623411749	0.124042304266643
431000	432000	-2.40863319530303	2.17734167399039	0.605102933589807
432000	433000	-2.63492298981401	1.73052284513035	0.559820935330252
433000	434000	-2.23108123873975	1.8135803821242	0.941013529197602
434000	435000	-2.14751114749622	1.47454104512742	1.30388867437294
435000	436000	-2.48368164370679	1.62611356310157	1.64266666582626
436000	437000	-2.10248407587074	1.20136799384151	1.71499144480104
437000	438000	-2.38354439664292	1.0118979442404	1.55912293052587
438000	439000	-2.3116415661481	0.906156843744162	1.92385768147375
439000	440000	-1.96706807512296	0.751873598089599	1.7830314773847
440000	441000	-2.17050059292914	0.63896074699999	1.43602905797706
441000	442000	-2.34785955630852	0.495340055020382	1.74813084648664
442000	443000	-2.84700014987752	0.390854732408904	1.79542196618315
443000	444000	-2.49535036468735	0.136568856540832	1.50027603973832
444000	445000	-2.16233662701278	0.00558623761303235	1.23375683149754
445000	446000	-1.97408449883858	0.365755728256389	0.965615152118973
446000	447000	-1.37953879264076	1.8890276874708	2.63599828360492
447000	448000	-0.360196514077175	1.68649181698806	1.76269259968719
448000	449000	-0.325220437705805	1.78913007066981	1.34332652422061
449000	450000	-0.0754080336290623	2.03532686216177	1.56512849338676
450000	451000	0.0840762819562114	1.8100564680564	1.21052517967162
451000	452000	0.0193971984510524	1.53967256431591	1.50606180298989
452000	453000	-0.0338256068465623	1.27370571884643	1.12851527747819
453000	454000	0.0697690750957574	1.04659772794295	1.50182669929903
454000	455000	0.210210718311423	1.30946703633354	1.89142024533661
455000	456000	0.486365628871819	1.18595663832219	1.62190375113829
456000	457000	0.757066868470503	1.06129600690238	1.91555507542354
457000	458000	0.596400895908341	0.718802203209723	1.70686319134719
458000	459000	0.790714200858966	0.358283275868662	1.88770504567453
459000	460000	0.706848681248222	-0.00467530737489435	2.19209722488204
460000	461000	0.410862163154149	-0.179205811301282	1.91155568939698
461000	462000	0.637368035730189	-0.290547025491897	1.4327283512344
462000	463000	1.03718638740287	0.0100106225097532	1.42854320370606
463000	464000	0.746257927324995	0.474139352328994	1.29667600506031
464000	465000	0.456244893786883	0.846274628613513	1.18658648334722
465000	466000	0.809426815606674	1.09636613606569	1.2437828629377
466000	467000	0.513924152617022	1.38695848882082	1.18029417407993
467000	468000	0.834221280945616	1.45613196705748	0.944151478793031
468000	469000	0.667319210851973	1.78374385310881	0.77371881405914
469000	470000	0.920825264331543	1.89783359484487	1.08412604837908
470000	471000	0.998236346552308	2.32411035194368	1.06246133212936
471000	472000	0.815972547479847	2.52214401489771	1.4446610634709
472000	473000	0.578965153048539	2.21564102551816	1.19204927441266
473000	474000	0.628440086780366	1.95458770429187	1.53601345992777
474000	475000	0.663458199030566	1.67670488220854	1.912922699941
475000	476000	0.820821841860119	1.53644648854098	1.57212037650696
476000	477000	1.13124530235737	1.63868431466329	1.77929723408905
477000	478000	1.48041466350227	1.28060241164198	1.78241473330792
478000	479000	2.05328339928194	0.752111533036108	1.78201603681273
479000	480000	2.0731825025965	0.574016034684671	2.1552797270824
480000	481000	2.39161338171571	0.381847965499686	1.9724848242572
481000	482000	2.26345561260396	-0.0696016394685899	2.110590025288
482000	483000	1.82061674197725	0.0148404704527083	2.27406339846965
483000	484000	1.39298699010798	-0.231291800740745	2.22767751052048
484000	485000	1.00680004083138	-0.47769850403764	2.1883511036363
485000	486000	1.17272522820711	-0.444338893332592	2.59788388887813
486000	487000	0.550022279727719	-0.912921714311843	2.52280645417192
487000	488000	1.29499437059992	-0.813897656041753	2.39873147787484
488000	489000	1.31751559462206	-0.838725031638822	2.85479611266413
489000	490000	0.974584843014553	-0.86768555912304	2.64900138405022
490000	491000	0.899244044725431	-0.609139073733135	2.97730646949682
491000	492000	0.738543194000285	-0.451818269562446	2.61727304808588
492000	493000	0.910867227325564	-0.171161658884957	2.80218038186621
493000	494000	1.36631042757507	-0.112895662485735	2.84114662564465
494000	495000	1.72136001044855	-0.408410862535365	2.58603428956882
495000	496000	2.54439931092164	-0.597988112181089	3.80728356646845
496000	497000	1.87881742293464	-0.994413055816387	2.62902985404237
497000	498000	1.68862674463253	-1.10437034905657	2.24337550872894
498000	499000	1.9303096456658	-1.35612328563681	2.32286806818468
499000	5e+05	1.60701697534203	-1.50024497695526	2.21570268492858
5e+05	501000	1.43830956606255	-1.33311064836426	2.59008357435291
501000	502000	1.20713339886981	-1.34515138345061	2.23942009419504
502000	503000	1.41679279880854	-1.97254956988253	2.3143720624578
503000	504000	1.24532580678589	-1.85608590198448	1.79847686538632
504000	505000	1.12274035249707	-2.00179951704755	1.43568220276406
505000	506000	0.669167910504953	-2.00233906175873	1.54243861428342
506000	507000	0.397898821697147	-1.89392666636048	1.17358723710323
507000	508000	0.291333899319257	-1.46368570978038	1.21315494794021
508000	509000	0.343830240556414	-1.5746832109614	1.63172479193159
509000	510000	0.679677060150029	-1.47969336901944	1.37734478478926
510000	511000	0.663649014056238	-1.23316259325842	1.7001271062303
511000	512000	1.06124879565401	-1.06310028332222	1.57222862761889
512000	513000	1.10933252766282	-0.599536954217605	1.52135718678506
513000	514000	0.644720580055012	-0.742210253240984	1.7600847598011
514000	515000	0.677725249486918	-0.935791326406137	1.33623150918889
515000	516000	0.471416363959706	-0.930458938292873	0.934471644680711
516000	517000	0.265904948528988	-0.664112123880675	1.24620649129545
517000	518000	0.238884385821503	-1.02393171268938	1.42354901868002
518000	519000	0.00821638954019969	-0.984177932821252	1.88819376239667
519000	520000	-0.316452492430624	-0.833162206606932	1.44681120191792
520000	521000	-0.78864290570804	-0.840552172542859	1.29184384680718
521000	522000	-1.18271127204294	-0.594840711045108	1.11249112409238
522000	523000	-1.51820996978887	-0.367813617796271	0.938818989229375
523000	524000	-2.80184892029845	-0.705766579773787	-0.153809041921199
524000	525000	-2.01304350118442	-0.09456714767975	0.826792700873671
525000	526000	-2.41925157771059	-0.00707571760460519	0.827921331542269
526000	527000	-2.31439426541037	-0.412889187698667	0.853279151762634
527000	528000	-2.59911711551548	-0.311424064319687	1.16714320687734
528000	529000	-3.7741106699066	-1.00280099622088	0.945464812998251
529000	530000	-2.07831331005866	-0.437212970030313	1.51982790789196
530000	531000	-2.1267193300761	-0.044253786979528	1.70685452634186
531000	532000	-2.42888340478159	-0.0534690419558433	2.01933825758504
532000	533000	-2.54073339167147	-0.378337402257137	1.7557341022387
533000	534000	-3.43775747237224	-1.56926491286693	1.94500536399532
534000	535000	-2.22485183422586	-0.441465294763868	1.90171726670595
535000	536000	-1.89141127697363	-0.51839868576672	2.06134207542886
536000	537000	-2.00167188622606	-0.688759255270699	2.48431525289515
537000	538000	-2.03039069472764	-0.796204228999166	3.95367414824594
538000	539000	-1.7750829198123	-0.267437241814365	2.64773158934733
539000	540000	-1.80526600970979	-0.0669219112461353	2.3205442466142
540000	541000	-2.04959816012441	0.26013278269596	2.58810348648638
541000	542000	-1.73183828946079	0.401894649878138	2.12397160367932
542000	543000	-1.63634202154371	0.296304444614077	1.7045764491539
543000	544000	-1.23163967312432	0.423495581917285	1.80470011719441
544000	545000	-1.25662656486315	0.293228459403595	1.33407231099273
545000	546000	-0.810654394325882	0.300399839247824	1.45964044899558
546000	547000	-0.511268704968968	0.0297180927041251	1.28305041420846
547000	548000	-0.00794943316155469	-0.0177773752619898	1.22980139909878
548000	549000	-0.191211205817443	0.359809227131951	1.26778835175514
549000	550000	-0.335321975832791	0.587852898091279	1.6263374595352
550000	551000	-0.627405792278493	0.88245968791002	3.21888976133461
551000	552000	-0.621913498122754	0.48235211579924	1.10448715069498
552000	553000	-0.812024173304928	0.867488162563591	1.43518844115976
553000	554000	-1.06632137533992	0.628434855896919	1.01678787518434
554000	555000	-0.906906259689083	0.822233093198583	0.690517424210638
555000	556000	-0.967469433729595	0.60761613289442	0.318737949018043
556000	557000	-0.620339940067921	0.578939918825252	0.0411628244743231
557000	558000	-0.22245903599864	0.520376757007153	-0.178136884512841
558000	559000	-0.539963570585228	0.402993638730017	-0.402519465205947
559000	560000	-0.312020101423836	0.21641614686043	-0.692874451170747
560000	561000	-0.511192495831156	0.231893134430394	-1.43591031145023
561000	562000	-0.405875050619458	0.884717689003405	-0.570586505140271
562000	563000	-0.0857841690801641	0.698394809270082	-0.740473127316442
563000	564000	0.130952556145144	0.958220791352397	-1.01140172891624
564000	565000	0.450247387846121	0.622019051858413	-1.05500240218076
565000	566000	0.614149482199902	1.03449521722266	-0.82213594191293
566000	567000	0.35704809317025	0.740887735286099	-0.557563725532976
567000	568000	0.0620986729349634	0.977280512058461	-0.361913981935376
568000	569000	0.234798879164412	1.13349863174204	0.0131604072346206
569000	570000	0.492108076348576	1.25223640304301	-0.297278616680685
570000	571000	0.81551638547829	1.19213481110667	-0.0477354532714379
571000	572000	0.669535153868379	0.813906163183495	-0.132301045692449
572000	573000	0.385172922747789	0.472047516359937	-0.0425136825715717
573000	574000	0.0713181860178424	0.235694452750915	0.129239387578166
574000	575000	-0.277987985228262	0.0201567492893248	0.0159027206706749
575000	576000	0.842405357436355	-0.284273286932228	0.259806416557713
576000	577000	-0.146114833528996	-0.517073118259316	-0.196496506115922
577000	578000	-0.667067176916751	-0.535128453779821	-0.0385322392101179
578000	579000	-0.970996007309802	-0.727799637352748	-0.338488709742479
579000	580000	-1.35809442239427	-0.632216320653301	-0.511262943834311
580000	581000	-0.895664600956915	-0.236056169166366	-0.520172606322727
581000	582000	-1.13017002392087	-0.186505436691918	0.0235918087381977
582000	583000	-0.704564771427505	0.0860215878411263	0.341011497331337
583000	584000	-0.176219831705688	0.339993364668108	0.600837600817557
584000	585000	-0.381340578866659	0.0896986971671481	0.875364624687957
585000	586000	-0.177286051577821	-0.284321839965833	0.709715270010189
586000	587000	-0.664214968329069	-0.377030364235688	0.796899866043677
587000	588000	-0.37354565656457	-0.398118526551053	1.12411202481455
588000	589000	-0.293252365990487	-0.285422288063893	1.55083513930272
589000	590000	-0.579907642986291	0.0318807679842493	1.79739893941488
590000	591000	-1.0530588268751	-0.770395593054337	2.57806599117519
591000	592000	-1.47480671055687	-0.914232173887259	2.36266702670178
592000	593000	-1.64676364622146	-1.09779852610638	2.68601751935069
593000	594000	-1.83338709582176	-1.11698852739098	2.30140233141291
594000	595000	-1.55964081151394	-1.44235514341148	2.28586234012598
595000	596000	-1.95544825877029	-1.4519088836261	1.98624499833921
596000	597000	-1.62837780324144	-1.56975892303653	1.80126604196051
597000	598000	-1.86892185329923	-1.39190632256289	1.56451575342088
598000	599000	-1.63256338680698	-1.08493321483573	1.80110850780697
599000	6e+05	-3.0380867661558	-1.34269748392147	3.14377014699377
6e+05	601000	-1.17016551822565	-0.322235873145096	2.04958435497749
601000	602000	-1.10787054127608	-0.0423839457545201	1.72559962732118
602000	603000	-1.46285355755425	-0.225889699208601	1.63901945279968
603000	604000	-1.32218146637372	-0.59609806770244	1.66180391123016
604000	605000	-0.965264992942993	-0.403431274597315	1.48890972597837
605000	606000	-0.704769163169854	-0.632718050338447	1.74772349054228
606000	607000	-0.578548899294591	-1.11000691283292	1.68670787778223
607000	608000	-0.321751176530954	-1.4894476820377	1.5766097203168
608000	609000	-0.436056841916584	-1.4976161194066	1.18655040121402
609000	610000	-0.689901006029356	-1.80031833865483	1.165219246625
610000	611000	-0.971923437098048	-1.75850261526881	0.94691421558832
611000	612000	-0.84699359736859	-2.17669575514777	0.978836224102441
612000	613000	-0.930189313028317	-1.45896026092854	0.573463248237705
613000	614000	-0.81837226920106	-1.95245690718357	0.576231979367248
614000	615000	-1.19196794748332	-1.92787371087331	0.408170952017278
615000	616000	-1.10172353964677	-2.45141178028535	0.527639920366928
616000	617000	-1.32678912063789	-2.04860935631481	0.858797002103847
617000	618000	-1.51803935689436	-1.80637741391223	1.13558045602669
618000	619000	-1.59760761855759	-2.06075503673678	1.41109063445728
619000	620000	-1.95285553248218	-1.87246442009892	1.22324871508502
620000	621000	-1.84871367351963	-2.10995980820005	0.929116615263922
621000	622000	-2.17095892199388	-2.05482127726181	0.749347822508722
622000	623000	-2.66552069166527	-2.22074201955056	0.85079303417451
623000	624000	-2.58412337723749	-1.85331563347542	0.449300766292178
624000	625000	-2.48939601254528	-2.10354122379539	0.110439587355907
625000	626000	-2.73553504344189	-2.25459916651647	-0.280244623092559
