0	1000	1.28719289081879	-0.969965777572703	1.7528432862631
1000	2000	1.47178368252023	-1.28162024267402	1.81072505578751
2000	3000	1.90460167370483	-1.67667319221089	1.83765464325094
3000	4000	1.90993337914536	-1.46180513272735	1.36705415798241
4000	5000	1.99958168634046	-1.11047251891202	1.17724246117299
5000	6000	2.31005541146111	-1.05747908312706	1.61673511146851
6000	7000	1.84215525123493	-1.10312861757783	1.55669092747986
7000	8000	1.57763012197388	-1.11450443514538	1.27638765211652
8000	9000	1.6955974974033	-0.694337627320046	1.45929814639071
9000	10000	1.62382672694028	-0.385892561201404	1.71633222377973
10000	11000	1.64218899899463	-0.0674917292482828	1.38274007848458
11000	12000	1.237544309454	0.215472343597059	1.23065226675881
12000	13000	1.57821909264672	0.168581647469421	0.775711183192616
13000	14000	1.50749795629686	0.445037026726346	0.435281820483297
14000	15000	1.67799134780944	0.159709312848915	0.21965687798832
15000	16000	1.92687908112035	0.511855627333878	0.149601795596758
16000	17000	1.83113508805867	0.480791828315212	-0.328951636892122
17000	18000	1.66450771693917	0.83428548730671	-0.568553014027281
18000	19000	1.75137544317329	1.25231882610376	-0.605571527701074
19000	20000	2.01664663274057	1.19086064755579	-0.251042763605691
20000	21000	1.61412313100028	0.957256014751607	-0.104498480603701
21000	22000	1.25149264049783	0.736512152581377	-0.00559915530982745
22000	23000	1.25208854895224	0.329896292788339	-0.0502436676403392
23000	24000	0.859526953588111	0.335237337125891	0.105545978050077
24000	25000	0.558803570383404	0.674084869613223	0.125159759134904
25000	26000	0.738007537947344	0.789512101481577	-0.330448104720052
26000	27000	0.465505373355093	0.561898891959139	-0.555136138658823
27000	28000	0.34198673974404	0.845715711067874	-0.856106076182056
28000	29000	1.66910010701623	0.915682017524299	-2.9309147080408
29000	30000	1.40815074135377	1.23341060925767	-1.93472233568917
30000	31000	1.42703475025011	0.930861876777807	-1.33688285256645
31000	32000	1.71747649700408	0.772882190059628	-1.04722985875349
32000	33000	2.14388871314118	1.0149772600924	-0.886665867865524
33000	34000	2.09690084575082	0.582808999563979	-0.794977945310983
34000	35000	2.20194653192099	0.748572705888684	-0.459993788598304
35000	36000	2.42570276157804	0.453470808252526	-0.249584940958477
36000	37000	2.29907746301158	-0.0729568963162051	-0.173388358331234
37000	38000	2.49834964256968	0.0979868409697002	0.261348344078486
38000	39000	2.81895149348819	0.0813598685572211	0.761451094701206
39000	40000	2.77461854897941	-0.378465961605382	0.555973547120903
40000	41000	2.89840488007088	-0.665528615389844	0.322939499585636
41000	42000	3.9391110718576	-1.38054733406066	-0.550428073762183
42000	43000	3.23989683777906	-1.0979197020337	0.427154099871801
43000	44000	3.25160311240766	-1.16321926584159	0.874664998910069
44000	45000	3.40284005472022	-1.58089667391591	0.95323052475581
45000	46000	3.30701257048712	-1.35240307174721	1.27875891112465
46000	47000	3.16925098290901	-2.63606949930983	1.36294821815318
47000	48000	2.93845890557221	-1.4583463729266	1.0815667596959
48000	49000	2.74164559913909	-0.938363810708368	1.00688268415935
49000	50000	3.07586575956908	-0.79115975610025	0.695053701787794
50000	51000	3.38146918496331	-0.699461960271842	0.354728048883275
51000	52000	3.29674970846077	-0.378354950600927	0.44248466970698
52000	53000	3.262071554627	-0.401651023444434	0.0780890831579576
53000	54000	3.42241949459563	-0.0204998382458718	0.124443778891784
54000	55000	3.1382660809049	0.0441799901920693	-0.198074455031508
55000	56000	3.34408286891622	0.212297084077185	-0.474463836030135
56000	57000	3.32537013818996	0.653991888090165	-0.562833364542168
57000	58000	3.23160317846366	0.416799858793305	-0.870430517315374
58000	59000	3.31921282415999	0.0141983668761983	-0.928623551170156
59000	60000	2.95643805106937	0.100130215677437	-0.68508667628378
60000	61000	2.93411566226423	0.439744582857713	-0.45429768548947
61000	62000	2.84945606629934	0.558762548885341	-0.834474603998107
62000	63000	2.93186049208685	0.417452792274222	-1.21811082313392
63000	64000	2.62700691956902	0.670813423005998	-1.23547268186053
64000	65000	2.55100834578436	0.771436366066337	-1.65216792832394
65000	66000	2.30875501135285	0.680027196546305	-1.99588764735518
66000	67000	2.14128767838103	0.861007231475688	-1.71225588230807
67000	68000	2.11523133365284	0.50838395457806	-1.60836710039616
68000	69000	2.2677290138729	0.201091765631328	-1.29375910586089
69000	70000	2.11124234237531	0.752760378711835	-1.27284066986306
70000	71000	1.98654545522115	1.16988407587757	-1.36836483885184
71000	72000	2.14435896179132	1.56906346094023	-1.51080413641094
72000	73000	2.00895834407343	1.90541598566396	-1.39753567414194
73000	74000	2.26558562606174	2.11216951875436	-1.59913375537417
74000	75000	2.20739458454485	2.22323671360181	-1.2245297031742
75000	76000	1.92678783609931	2.28044245487628	-1.44753451148988
76000	77000	1.89419317621762	2.55667201350844	-1.14783492898856
77000	78000	1.7192686432048	2.11815859138118	-1.09470553719323
78000	79000	1.97939196301235	1.76040606550791	-0.949093770317315
79000	80000	2.4443461284271	1.67242153807702	-0.923448789082747
80000	81000	1.57282371165273	1.54031256283732	-1.0242471436922
81000	82000	1.46879011114053	1.66692281990022	-1.45536226611937
82000	83000	1.17232579591696	1.34912815645916	-1.28495991336621
83000	84000	0.912965633583619	1.59843938850583	-1.61966994183446
84000	85000	0.913818038827269	1.12462900828473	-1.6743905905502
85000	86000	0.659023697330651	1.03281950580928	-2.10206045582433
86000	87000	0.775949234966579	0.628915955663454	-2.40843093030777
87000	88000	0.368732081157451	0.519802781027966	-2.12829770237422
88000	89000	0.575903068039709	0.247475023219126	-2.01936076299216
89000	90000	0.339474152418936	0.410902610322611	-1.74864970443243
90000	91000	0.669968958141742	0.638344742005839	-1.79814809587077
91000	92000	0.484745800070631	1.85462323416337	-2.98952137135486
92000	93000	0.0934646529849223	1.23870918893442	-1.80198726514607
93000	94000	-0.351439178727984	1.12305884676513	-2.03388578583963
94000	95000	-0.379681864372129	0.533715977048013	-1.82328194238805
95000	96000	-0.483221043858339	0.187479072068619	-2.10898662192209
96000	97000	-0.629582389254663	0.191987147474086	-1.64291893330099
97000	98000	-0.938968729981641	0.298628235451584	-1.41524119361401
98000	99000	-1.22920378440446	0.52424325573453	-1.65689284373449
99000	1e+05	-0.834788918816687	0.649822607271796	-1.56763373439273
1e+05	101000	-0.855133024349956	0.709198992934837	-1.92851582302365
101000	102000	-0.923280708450625	0.303574650637095	-1.93373277071973
102000	103000	-1.17140937951485	-0.0199167712822464	-1.74613277898533
103000	104000	-1.22941639847946	-0.0335867437158741	-1.30789416763167
104000	105000	-0.816369701003702	-0.204523456949208	-1.06873789854306
105000	106000	-0.673799171779123	-0.309736839108575	-1.5706597183018
106000	107000	-0.232892725353916	-0.221966383823366	-1.78401190845599
107000	108000	0.0963318213883366	-0.423313298805592	-2.04869827684772
108000	109000	0.476958769141249	-0.297575001340429	-2.12071111812255
109000	110000	0.264738396950515	-0.0997178483168053	-2.42360665615937
110000	111000	0.108295078044315	0.0574081868036111	-1.98443967571384
111000	112000	0.177191996341905	-0.151828720217953	-1.5339104593084
112000	113000	0.103217233668842	0.155756471163739	-1.33778154417864
113000	114000	0.519499682686523	0.0241697648149052	-1.32997145369693
114000	115000	0.958352011470443	-0.118778377866217	-1.55976306922907
115000	116000	1.15570103711721	-0.483458834016787	-1.21052169665534
116000	117000	0.961850415688263	-0.288440413271974	-0.825817276844528
117000	118000	1.35169279348145	-0.126921206808569	-0.826221956077924
118000	119000	1.56899373251666	-0.078161966482736	-1.4108868801355
119000	120000	2.1939702249499	-0.051372591557897	-2.84908917609583
120000	121000	1.39116327430017	0.461298763026032	-1.46840902234941
121000	122000	1.00334555078657	0.537711199656003	-1.21708508269058
122000	123000	1.34335890045963	0.396053107362119	-0.896391948076667
123000	124000	1.1980813679628	0.572729885969491	-0.550151705921003
124000	125000	1.4859909816496	0.142607582713278	-2.50363389415433
125000	126000	0.890185013820054	0.254779014196604	-0.756810079999137
126000	127000	0.920517187083857	0.0319653235336035	-0.350190643615549
127000	128000	1.03746647590198	-0.218223695806032	-0.0576840970048304
128000	129000	2.59164880624392	-0.611296341217624	-1.10418095604781
129000	130000	1.88485152958575	-0.682729463692994	-0.383963647909789
130000	131000	1.92545670796065	-0.812637665027513	0.0452230144110729
131000	132000	2.15954463970686	-0.470452659122952	0.289368713790913
132000	133000	1.75497310666004	-0.674459144774331	0.53215740217893
133000	134000	1.45455417202607	-1.0291640464252	0.546538018897731
134000	135000	1.31124153565579	-0.544582052060656	0.701479652632013
135000	136000	1.5415955439317	-0.275379879305687	0.882496610463107
136000	137000	2.82977011576226	-0.290751455255849	2.43203450178427
137000	138000	1.29991198108556	-0.36067436300423	1.22858860887027
138000	139000	0.466881072160491	0.361233790530979	1.68507208192117
139000	140000	1.43669381001416	0.0607816914222551	1.86605034673392
140000	141000	1.84641624305419	0.163506372146482	1.82162094858738
141000	142000	1.66916663109343	0.435825621898341	1.55138957577086
142000	143000	2.05101618459043	0.749740755342489	1.74663205470298
143000	144000	1.96403127003915	0.946136421133084	1.21707122933504
144000	145000	1.66082281490644	0.619463781087887	1.12773913593193
145000	146000	2.02280615329326	0.380596933388206	1.23244465950191
146000	147000	2.08415317737658	0.0237520954351618	1.34878694200527
147000	148000	2.28508955100092	-0.330464591749972	1.12639426551676
148000	149000	2.00663103368218	0.0597657552747932	0.969448677502188
149000	150000	2.07578714954198	0.399794469585804	0.731647182928588
150000	151000	2.15002938391967	0.782513803502956	0.67192368074673
151000	152000	1.81738098307817	0.910647148162765	0.57969635722254
152000	153000	1.82863050397305	1.29896494036247	0.600522331739343
153000	154000	1.35462334578091	1.27941476762342	0.807233508427904
154000	155000	1.33657791051863	1.45282764301553	1.29072303567898
155000	156000	1.23722607084741	1.20587123721897	1.67266978442334
156000	157000	1.52617173475373	1.03683851308411	2.04647489821852
157000	158000	1.31710269504316	0.690807676030087	1.89842363245286
158000	159000	1.49454950986119	0.473806147694909	2.16728185314836
159000	160000	1.07819001104665	0.360901951367383	2.13504889501627
160000	161000	1.22999961236444	0.288624204553791	2.55699901573748
161000	162000	1.33413271459128	-0.228163207852232	2.47563879524004
162000	163000	0.97337707475386	-0.493226299855881	2.85762609695552
163000	164000	0.758273911789243	-0.176011978124877	2.4741055311921
164000	165000	0.318247237201717	-0.185936204974683	2.25767303488629
165000	166000	-0.0323821625943105	-0.4845020966512	2.37289966666261
166000	167000	-0.390173754149783	-0.686950845618937	2.26008460430157
167000	168000	-0.854731473258214	-0.898633775396698	2.35117947183234
168000	169000	-0.867256985114376	-0.475984154556815	2.0505042584279
169000	170000	-1.22373445036488	-0.378846521346611	1.88652520737576
170000	171000	-1.42993422240136	-0.542188340345101	1.47218364228749
171000	172000	-1.4032004985483	-1.07218989904323	1.28033659975009
172000	173000	-1.19471787619116	-0.890055103390809	0.875534250145108
173000	174000	-1.21783088582868	-0.512401960349134	1.03584487519297
174000	175000	-0.91261046334643	-0.365339517354854	1.39146182731992
175000	176000	-0.680298213590098	-0.451303558293709	0.994182558174448
176000	177000	-0.69898774819901	-0.820172465457371	1.22953974007805
177000	178000	-0.309870349076287	-0.580389249997927	1.22204217170002
178000	179000	-0.44417924580186	-1.28002083626922	1.3564452119356
179000	180000	-0.345451083242423	-0.827375711047663	1.58821317433764
180000	181000	-0.00263132229627721	-0.905689227652103	1.39985456820366
181000	182000	0.317353852538987	-1.01108692846279	1.56808358922926
182000	183000	0.0444181387260455	-1.01384470719278	1.89247740664582
183000	184000	0.120316642611828	-1.03561319998963	2.26940225923086
184000	185000	0.256828742206871	-0.719699457391594	2.0616216774664
185000	186000	0.663465717114593	-0.668056227252697	1.9866049000607
186000	187000	0.474195571423316	-0.657545915541566	2.51094053380413
187000	188000	0.234742107122866	-0.333997018405305	2.75848986576976
188000	189000	0.328468811144617	0.251921025652432	2.68059010377571
189000	190000	0.793200018871294	0.534855162076875	2.56242528108258
190000	191000	0.988053693214827	0.789913987973556	2.3359839443599
191000	192000	1.22754867301162	0.917457904025022	2.61430559800757
192000	193000	1.64336473691406	1.50231460906279	2.72807161284606
193000	194000	1.25785534899481	2.20634574087144	2.47317825093076
194000	195000	0.684771686063249	2.14129543611575	2.33437568704539
195000	196000	0.462683137672651	1.79729646232825	2.15451296652539
196000	197000	0.512142863523454	2.06721926399041	1.88285266711686
197000	198000	0.317426123836067	2.44070723435566	1.7986352349996
198000	199000	0.245419067466141	2.14510137127678	1.48612308667903
199000	2e+05	0.0298067294592459	2.29080658794946	1.1185709567869
2e+05	201000	-0.339673633169394	2.30568995471458	0.880010584325042
201000	202000	-0.333954218420278	2.57723621968451	0.580533942377349
202000	203000	-0.426031232091309	2.85448456066357	0.283276097559841
203000	204000	-0.0937975689271532	2.67160140218068	0.159876761589081
204000	205000	0.141641936184917	2.65278027144987	-0.175203238906925
205000	206000	0.525966112624642	2.71982635025682	-0.409252985969351
206000	207000	0.900299225209946	2.64326445920833	-0.595941465302164
207000	208000	1.12281266473314	3.81643591089319	-1.21427489613816
208000	209000	0.449922408792607	2.59618698852122	-0.964651869075677
209000	210000	0.684352477626503	2.32909267146547	-1.24253608472479
210000	211000	0.272666577508847	2.26078955440055	-1.30451612380317
211000	212000	0.468727501984903	2.14068559507201	-1.68267142240029
212000	213000	0.261226101793773	2.52526944598512	-1.61188698645775
213000	214000	-0.00976688316206264	2.61528368562127	-1.28929483195718
214000	215000	-0.138817579654145	2.27175002063579	-1.12868906025922
215000	216000	-0.0149580966033369	1.95078200705569	-1.4055021868151
216000	217000	0.039316068385871	2.18692202042304	-1.72501145505985
217000	218000	-0.19665112833924	2.51484484480763	-1.76256885706872
218000	219000	-0.361652252199664	2.14264445158402	-1.67310983671659
219000	220000	-0.484651030300322	2.07627755062237	-1.29944355250193
220000	221000	-0.545710015464463	2.47680930033937	-1.33260341115838
221000	222000	-0.524851443850339	3.15595262511539	-1.25682970778669
222000	223000	-0.266975436490981	2.83770630932705	-0.980311684744703
223000	224000	-0.0421915899968575	2.85274077962352	-0.642312722318935
224000	225000	-0.0458318851107256	2.44218458974795	-0.59605794244443
225000	226000	-0.342262697583224	2.63687912218147	-0.319475845993322
226000	227000	-0.798635725600087	2.72133738602519	-0.280472403052682
227000	228000	-0.713994777855683	2.74084458562876	-0.70657705863682
228000	229000	-0.567738225846487	2.31625836654146	-0.767235360456874
229000	230000	-0.583827983549615	2.30921398454675	-0.331205012158816
230000	231000	-0.369505480885442	2.22383549520806	-0.00650509226223684
231000	232000	0.153172989297889	1.93380802341576	0.198616658501549
232000	233000	0.28086977970844	2.35745262964724	0.481886313690657
233000	234000	-0.0553168041164318	2.22877465392334	0.451175555556327
234000	235000	-0.319304294282794	1.81682998669651	0.538013066340587
235000	236000	-0.700377580948226	2.17229968385578	0.534936450876135
236000	237000	-1.04667469395439	1.93869775550108	0.581814564070668
237000	238000	-0.963123966191937	1.95636530178598	0.956740417331739
238000	239000	-0.730948022601419	1.46870067444586	1.03861027975039
239000	240000	-1.21470192471594	1.5572566357101	0.973027873873277
240000	241000	-1.41662369512424	1.57654681998715	1.45559335578739
241000	242000	-1.5849221839512	1.07122705717478	1.10797941103901
242000	243000	-1.55978030752588	1.018424520146	0.72306598088565
243000	244000	-1.87647035766318	0.876318687996431	0.70806246062496
244000	245000	-1.73875991537474	0.626755552243942	0.961392349845776
245000	246000	-2.08637070984129	0.844165232401881	1.34170663784693
246000	247000	-2.30578477690244	0.394164421391549	1.22545355640213
247000	248000	-2.36874988444896	0.18767268281412	1.69468044741851
248000	249000	-2.34356449632841	0.10389579075499	2.07745413985412
249000	250000	-2.20269781152334	-0.174853323939712	2.28766731294141
250000	251000	-2.18310392701501	0.111259520962631	2.48602961849929
251000	252000	-2.00433303665644	0.438591031722844	2.38355659565656
252000	253000	-1.78881649054994	0.0485612389243343	2.38107466200745
253000	254000	-1.74513747625559	-0.265699460777685	2.82378199589658
254000	255000	-1.50968694086344	0.115932158787661	2.72577958151071
255000	256000	-1.33837701693731	0.380817180979803	2.47702521447332
256000	257000	-1.30751464749632	-0.0267644223019665	2.36857197777382
257000	258000	-1.01960911995721	-0.148370271768749	2.56180117209768
258000	259000	-0.95339478231648	0.0730200370528419	2.20680257546092
259000	260000	-0.559860688811255	0.0409177800357512	2.0024851086794
260000	261000	-0.61707903197457	-0.202426143953049	2.34975618146404
261000	262000	-0.488589471670329	-0.485406679399973	2.93109077252216
262000	263000	-0.260638929246071	-0.0496426761708823	2.74396239100143
263000	264000	-0.340700026920874	0.414639901953747	2.97370625717838
264000	265000	0.119991036765968	0.434777726094585	3.34221092212245
265000	266000	-0.0867059300550016	0.768002025568953	3.28933774430451
266000	267000	-0.243026740585507	0.638953789451955	3.73086823790989
267000	268000	0.231365298108402	0.974625925039203	3.63771015727237
268000	269000	0.545605557935779	1.09367127314308	3.87619450009537
269000	270000	0.577351645661437	1.44831599871906	3.73829016862301
270000	271000	0.256535889745392	1.38428993951841	3.75401492489871
271000	272000	0.12758976671168	1.38428083937736	3.34815779302695
272000	273000	0.485520993345552	1.19911034695933	3.41197765514208
273000	274000	0.654026093433774	0.89058003531566	3.38529368279084
274000	275000	0.951822065978289	1.22023031693791	3.3182646846136
275000	276000	0.587111630578213	1.23556416559928	3.01149093476337
276000	277000	0.935365831949767	1.40505358358998	2.9025854641958
277000	278000	0.735999018314334	1.13873098246064	2.65995946063657
278000	279000	0.494488906716394	1.46347313332515	2.66236385460328
279000	280000	0.259580937598776	1.81901688562535	2.67837520608854
280000	281000	0.475389800721863	2.18378847301451	3.12450815570348
281000	282000	0.644200472641959	1.76176219262854	3.13189868654821
282000	283000	0.766726628673313	1.82693013200599	2.79641611756209
283000	284000	0.867005342598695	1.57787380667145	2.46486626607041
284000	285000	0.820180373195578	1.23979033022786	2.19275476818302
285000	286000	1.22083848910775	1.34160198827798	2.3163613639626
286000	287000	1.59176176649938	1.66019598233324	2.05824211038833
287000	288000	1.12226021421291	1.61461704840045	1.94275578601557
288000	289000	0.8074233149776	1.57606253960165	1.62430294759482
289000	290000	1.03830049895545	1.9231240119713	1.64544908806464
290000	291000	1.14498999806055	2.37820996152292	1.5577017779542
291000	292000	0.868300122610025	2.05010288128193	1.36131170286378
292000	293000	-0.519321367732034	1.60225136358009	1.94144662120628
293000	294000	0.5564228350724	1.75081651710817	1.00851460242643
294000	295000	0.775802098830695	2.01409850319739	0.666736500673959
295000	296000	1.18181362693027	2.04991027579402	0.896291039309837
296000	297000	0.892691260235792	2.43794196856149	0.846625285478573
297000	298000	1.12409554958233	2.31794240054768	0.463057083425545
298000	299000	1.02755505046492	1.86554743223234	0.213281443350214
299000	3e+05	1.42406886010137	1.74766459082204	0.443903853420632
3e+05	301000	1.34833685114175	1.41490995165153	0.319770494191854
301000	302000	1.58813771241413	1.64574673723855	0.111414937804592
302000	303000	1.59641110517858	1.91089798026336	-0.224486960171
303000	304000	2.10749160384924	2.20617144883784	-0.399123741196085
304000	305000	1.63560870354306	2.32329347081633	-0.5722521888141
305000	306000	1.57930960678326	2.6853992476257	-0.558626531819463
306000	307000	1.38676455646324	2.46219622070609	-0.278981269316901
307000	308000	1.23199704356732	2.8731464231565	-0.0292764872081428
308000	309000	0.977996379646823	2.4253958051194	-0.143490136965079
309000	310000	1.09236705047078	2.12824582261007	-0.764124966095934
310000	311000	0.821875531919502	2.15533500957615	-0.459235318888847
311000	312000	0.558275259170575	2.00796848085345	-0.366201127538661
312000	313000	0.850272405489728	1.61583702195148	-0.430451240305408
313000	314000	0.460298744571	1.73841459371323	-0.637227279928921
314000	315000	0.305562708512911	1.54089687315078	-0.31684481931541
315000	316000	0.0157725425550267	1.65253506320271	-0.622817298984813
316000	317000	-0.330645460175491	1.64219433219012	-0.403395826201093
317000	318000	-0.54472391935382	1.91059917625312	-0.471993033490963
318000	319000	-0.883034176933532	1.84748997394096	-0.63861390395962
319000	320000	-0.986317941975858	2.03418362762918	-0.253351653010384
320000	321000	-1.33817819552383	1.95519610518169	-0.489371192422983
321000	322000	-1.19100559598183	2.04521994898639	-0.80578369482426
322000	323000	-1.63852917653756	1.96790451028999	-1.04705001386172
323000	324000	-1.50608606796929	2.4819705675466	-1.04762040392698
324000	325000	-1.57290711227201	2.40042218625574	-0.589225198320382
325000	326000	-2.61011060888213	3.14810991319891	-0.439707259781467
326000	327000	-1.90815564501911	2.20789776794727	-0.166139252619654
327000	328000	-1.94151909347421	1.83817697875529	0.289844341956201
328000	329000	-2.29088388897414	1.88252002735098	0.398052946294455
329000	330000	-2.31823208437533	1.64164248574852	0.0674446136111406
330000	331000	-2.44916415777209	1.52845568617179	0.414621635865204
331000	332000	-2.07220787008039	1.34697107461894	0.444243170032175
332000	333000	-2.09672401460633	1.63554732535915	0.758868499953927
333000	334000	-1.75005383860883	1.48974143240011	0.700105453060814
334000	335000	-1.99446459126138	1.32149839707169	0.944048121272153
335000	336000	-2.36873909406968	1.11237223595604	0.792832757592726
336000	337000	-2.41822057539805	0.666492242758871	0.633742289247431
337000	338000	-2.8167445370115	0.871935075218062	0.619106234699211
338000	339000	-2.53281972068968	0.870486568676016	0.32989468787472
339000	340000	-2.89874883700437	0.93910599372599	0.107471699688298
340000	341000	-2.5123622807375	0.887540582101209	-0.0907055001455758
341000	342000	-2.696051245022	0.575704706448496	0.071774264031368
342000	343000	-2.34384300867461	0.515918928562554	0.0305874365875443
343000	344000	-2.42834487095739	0.291999424069401	-0.287357874026454
344000	345000	-2.21106608154643	0.0818900953813991	-0.610661541984236
345000	346000	-2.37527746517298	0.392930020610107	-0.904986837834407
346000	347000	-2.15393495420983	0.613815779937114	-1.20388503303279
347000	348000	-2.06862537966913	0.771024311167152	-1.50435519625725
348000	349000	-2.24976141863975	1.11253677636307	-1.66984174839108
349000	350000	-1.93319564625445	0.962028279270678	-1.92284015845873
350000	351000	-1.79036541574893	1.18290296519993	-1.73163387025724
351000	352000	-1.47369159160498	1.06611645613224	-1.74969720321237
352000	353000	-1.39583768564371	1.39548340837077	-2.0038185391624
353000	354000	-1.07323989904942	1.3511701909036	-1.68483503377026
354000	355000	-1.01380107518469	1.74364767955443	-1.80837788150408
355000	356000	-0.814995862973504	1.70979992784546	-1.49807022536404
356000	357000	-1.007510431191	2.07233184796845	-1.50335909875353
357000	358000	-1.78067807783443	2.99454028878658	-2.10123515788548
358000	359000	-1.0701400834849	2.32459839262087	-1.17224783798956
359000	360000	-1.08026015549681	2.40716287433963	-0.648510606781308
360000	361000	-1.53754530840205	3.77370722006616	-0.350033434429248
361000	362000	-1.30390351289739	2.43627988787827	-0.0442526177661036
362000	363000	-1.76953130519618	3.11233132885128	0.937262606229358
363000	364000	-1.3798140885523	1.90670680548181	0.12815916567955
364000	365000	-1.31301981097484	1.46150419719306	0.0731276287876909
365000	366000	-1.10002547381911	0.901802205629645	-0.0895653299549672
366000	367000	-1.36209358963488	1.12563908672614	-0.366641781213796
367000	368000	-1.46644413925312	0.759087160040429	-0.566795528589405
368000	369000	-2.30206891309278	-0.0692568764836762	-1.79981915284713
369000	370000	-1.54353947609818	0.117686337735114	-0.570461400326254
370000	371000	-1.30856762851277	0.0167411005340556	-0.157166424698747
371000	372000	-1.34393280236006	-0.421899651481647	-0.327524765600797
372000	373000	-1.12709676297903	-0.743787874758135	-0.248233518630376
373000	374000	-0.861811283756029	-0.349879376011653	-0.181077239909033
374000	375000	-1.029578709574	-0.30279423839383	0.278449672395855
375000	376000	-1.38556978915348	-0.657563171850997	0.178823797679944
376000	377000	-1.6562931197855	-0.511911168566153	0.38837396972317
377000	378000	-1.68723126303638	-0.0163195043498139	0.577329499279134
378000	379000	-1.4820985455523	0.0806818703593199	1.05678648486179
379000	380000	-1.44283978565935	0.154212762462447	1.48771937499606
380000	381000	-1.78206989157753	-0.178634991603163	1.51078138749583
381000	382000	-1.95077850995349	-0.730553387783217	1.50985034466201
382000	383000	-2.15756831464353	-0.340223591825272	1.22773071516246
383000	384000	-2.59993724779687	-0.216139088319691	1.02241642597105
384000	385000	-2.9357604740061	0.00442787286599896	0.84964578994212
385000	386000	-3.25935758377333	-0.22370265354204	0.679528805084906
386000	387000	-2.99507031305637	-0.48064480090767	0.746104585864742
387000	388000	-3.61843530871889	-0.352067804824032	0.888934178562542
388000	389000	-3.29266767811003	-0.685737080362829	0.890108685738697
389000	390000	-3.52685874197744	-0.725471827733879	1.16458847478304
390000	391000	-3.30927502614887	-0.392137076343838	1.31495140149792
391000	392000	-3.36493616667317	0.0980502926848806	1.43893811318605
392000	393000	-2.77176714882216	-0.0480619740823129	1.62328368770415
393000	394000	-2.69156190186754	-0.15869550008074	2.02125465228788
394000	395000	-3.02563349691203	0.0994250808883661	2.05911923782148
395000	396000	-3.0859346714423	-0.235436082452989	1.86521883264044
396000	397000	-2.98531477579909	-0.572186897133635	2.17026017329621
397000	398000	-3.85504592386499	-0.691079809149879	3.10821968693934
398000	399000	-3.47787652688846	-0.323601632803015	2.01196377083699
399000	4e+05	-3.70210449404311	-0.484759217923908	1.65427103389803
4e+05	401000	-3.40093587128029	-0.81730897251948	1.750628507753
401000	402000	-3.47708422916173	-1.36003933959681	1.69020457605287
402000	403000	-3.30708639315836	-1.0283624511558	1.37423361657123
403000	404000	-3.0009311370999	-0.764125599258107	1.30585471495403
404000	405000	-2.61660330826491	-0.833214768285214	1.46433351129137
405000	406000	-2.81930057154598	-0.572147199367367	1.6443712605806
406000	407000	-2.95818935624311	-0.923523517903633	1.80431551154099
407000	408000	-2.678813173156	-1.29232053907897	1.9155964185574
408000	409000	-2.95577034728183	-1.27148510035278	1.45157030376689
409000	410000	-2.98334060630131	-1.16043740712206	1.0887040418363
410000	411000	-3.33911379798187	-1.25227482201861	0.878550686681504
411000	412000	-3.35499447272501	-1.38903860072528	0.34836840759401
412000	413000	-2.99719370822438	-1.21647184094613	0.646355052039419
413000	414000	-2.83444258981394	-1.55743184211463	0.962559498837876
414000	415000	-2.79244032033312	-1.84511271369344	0.493160589697365
415000	416000	-2.51260150497247	-1.37572523814851	-0.0228648922747259
416000	417000	-2.39973342437924	-1.02341657828254	-0.296634204402454
417000	418000	-2.17917276354965	-0.569921870231751	-0.294613645040275
418000	419000	-1.94365508815433	-0.880191898829509	-0.135961852031963
419000	420000	-1.84001544491643	-1.38541654160184	0.139257411566288
420000	421000	-1.84667316408077	-0.938484462303818	0.381701980689675
421000	422000	-2.16862999365337	-0.756421318248155	0.635806387755497
422000	423000	-2.11632508984691	-1.25320948205116	0.653084670644747
423000	424000	-2.35303231706406	-1.02865224968332	0.287147737889496
424000	425000	-2.57080673158164	-1.33634938764139	0.477617426696141
425000	426000	-2.5428991354575	-1.05776801488618	0.792391655203457
426000	427000	-2.72750828808901	-0.832701172567553	0.51619012388456
427000	428000	-3.03166398716097	-0.853020764013391	0.18835129716612
428000	429000	-3.15297690661144	-0.430438572103	0.271961177954709
429000	430000	-3.52975981404452	-0.530211116408892	0.389684594013581
430000	431000	-3.6152565020764	-0.0604266947732844	0.189698703324081
431000	432000	-3.46493853415167	-0.504429880835066	-0.0161670701580665
432000	433000	-3.52839247788357	-0.225503437489607	-0.390393627788206
433000	434000	-3.19708667386342	-0.655063892527165	-0.405723730587037
434000	435000	-2.19820387365294	-1.10213072320132	-1.82293220885984
435000	436000	-2.43246222366109	-1.07713853416013	-2.25384420502087
436000	437000	-2.02251802707862	-1.39598804857695	-2.10353798551202
437000	438000	-1.80395677182599	-1.13192343304372	-2.17937265106384
438000	439000	-1.8019434091877	-1.40322727580288	-2.42994184225434
439000	440000	-1.5459943045926	-1.47472467787664	-2.0903792208537
440000	441000	-1.71775122396022	-1.80564255536332	-2.2983750635854
441000	442000	-1.4347496713581	-1.62607267596996	-2.46024070683533
442000	443000	-1.51728174721525	-1.78838874070329	-2.93041996754536
443000	444000	-1.13005468153658	-1.88602299262529	-2.6099114000196
444000	445000	-1.13649125378531	-2.1090923019879	-2.25854755642744
445000	446000	-1.48526320758077	-2.20406994222232	-1.95234077993903
446000	447000	-2.59872345037057	-2.86076201275628	-1.83063169552272
447000	448000	-2.2645107790793	-2.1117147941215	-0.819658864318027
448000	449000	-2.2654429318212	-1.72091325467786	-0.715528116464879
449000	450000	-2.06814720280953	-1.73215472622584	-0.381460192491414
450000	451000	-1.92124192754079	-2.09305692567621	-0.524741315573132
451000	452000	-1.86363567683578	-1.8137168586724	-0.790215245124266
452000	453000	-1.973660896095	-1.77515049528836	-1.18262428183857
453000	454000	-1.76647763166075	-2.1705420792065	-1.06241886882496
454000	455000	-1.5320196471054	-1.78822738327609	-1.13912140035851
455000	456000	-1.40250945765354	-2.05270503935503	-0.857556837746611
456000	457000	-1.2187608957169	-2.14312950240008	-1.212894604018
457000	458000	-0.9533893249385	-2.04803550167369	-0.92828289466093
458000	459000	-0.72061058736951	-2.36656088660788	-1.11975018054612
459000	460000	-0.378674974564366	-2.52309759507921	-1.38638293579418
460000	461000	-0.0939906798775315	-2.43864060451047	-1.66304455185355
461000	462000	0.306464203262669	-2.35416752237631	-1.27873270076513
462000	463000	-0.142462647121267	-2.09146370124382	-1.05023214945067
463000	464000	-0.594772645642892	-1.77448229258085	-0.993596696560425
464000	465000	-0.993830670369695	-1.56975490669991	-1.10894308496737
465000	466000	-1.01526908746163	-1.37689314267052	-0.718386238909632
466000	467000	-1.30776451722627	-1.20862411758281	-0.949176152200752
467000	468000	-1.2013697037411	-0.909808743986734	-0.720291237256436
468000	469000	-1.35097299927456	-0.576442671825503	-0.904319660000749
469000	470000	-1.60156282553091	-0.786247335410813	-0.662533816212572
470000	471000	-1.86541946812672	-0.453551591074735	-0.748191749826765
471000	472000	-2.26338601694306	-0.563756556014901	-0.932065596999476
472000	473000	-2.02743651276704	-0.8768064508328	-0.72921711986785
473000	474000	-1.7976310111424	-1.2433616716566	-0.693088079120238
474000	475000	-1.52942051402291	-1.4745616048512	-0.370616407976047
475000	476000	-1.39877413518591	-1.6207568753395	-0.682032465210734
476000	477000	-1.18941041436118	-1.80762052085736	-0.410003999899763
477000	478000	-0.970020869461676	-2.24946188222054	-0.284169741658565
478000	479000	-0.237056653273885	-2.78158563235238	-0.719285126906742
479000	480000	0.137591548810317	-2.93636695882931	-0.7415253533392
480000	481000	0.174545640863788	-3.04760169035363	-1.12776546317933
481000	482000	0.638966537378169	-2.95751491581124	-1.16775156874941
482000	483000	0.562017709111008	-2.90224283381414	-1.64662943931591
483000	484000	0.806337094943342	-2.47433637637046	-1.72227347743898
484000	485000	1.19339818177738	-2.31911785736952	-1.90402125098732
485000	486000	0.824318307781669	-2.29264517946529	-2.13178065724695
486000	487000	0.686885461993613	-2.17642092637572	-2.61647118391226
487000	488000	1.10407311205301	-2.06561051294997	-2.34782975722024
488000	489000	1.13549401190663	-1.79336277352158	-2.01267955813315
489000	490000	0.803784886885395	-1.80489145024197	-2.24355481622477
490000	491000	0.710711487052367	-1.95544686511052	-1.86525067113021
491000	492000	0.453284195446907	-2.06517069872234	-2.14630662353673
492000	493000	0.418459007413465	-2.37714758383974	-1.97553303318852
493000	494000	0.559202238208735	-2.66610231253675	-2.2658327229395
494000	495000	0.935845613706057	-2.83789843730354	-1.98717668216524
495000	496000	1.94882106051899	-3.33862776270268	-2.30045379375293
496000	497000	1.59939607936897	-2.10204030015621	-2.46450437627573
497000	498000	1.38380631049464	-1.75106937018203	-2.66778423305724
498000	499000	1.71154238788107	-1.70001750973205	-2.64128981403893
499000	5e+05	1.53375808751941	-1.39993641628966	-2.67119595656992
5e+05	501000	1.54586628016947	-1.56902658077981	-2.26641713240533
501000	502000	1.23077648032926	-1.3539359390336	-2.38020773826912
502000	503000	1.81784243592372	-1.03575508287877	-2.37240874004797
503000	504000	1.69914054367165	-0.730258995730793	-1.95135474396817
504000	505000	1.82470838863401	-1.03710846751044	-1.74133424483685
505000	506000	1.81392825375623	-0.882758445234748	-1.30464750353557
506000	507000	1.87211465174077	-1.34591408737862	-1.21442667949514
507000	508000	1.52252360097811	-1.28995772154912	-0.933321042288858
508000	509000	1.46746080969433	-1.55847063370901	-1.24724228824374
509000	510000	1.39785879454348	-1.13793001037676	-1.26660436718459
510000	511000	1.29178510551464	-1.32234072453837	-1.60628991178938
511000	512000	1.18532416542763	-0.933187758836445	-1.7576932538898
512000	513000	0.756131213960679	-0.896635424403394	-1.89547064284159
513000	514000	0.844234547191627	-1.31874339118927	-1.71542113400698
514000	515000	0.965639359676974	-1.00894584866694	-1.37486775015979
515000	516000	0.624626182323061	-0.804922972328498	-1.1472256208596
516000	517000	0.848864931736522	-1.08063990408504	-0.905608036576363
517000	518000	0.885181472810662	-1.36901643740774	-1.17156903444478
518000	519000	0.952428940044282	-1.90146251893159	-1.19325312422808
519000	520000	0.485653212175074	-1.74773730255411	-1.33608735386796
520000	521000	0.121401631513105	-1.83712971783833	-1.58937405967164
521000	522000	-0.297052917846135	-2.03268620434439	-1.71403434370129
522000	523000	-0.657291689584859	-2.22670611613808	-1.65733428225245
523000	524000	-1.39157531843933	-3.52609100954587	-1.26008147191503
524000	525000	-1.07832029296066	-2.44832503185464	-1.89431341300032
525000	526000	-0.820676657312229	-2.56741963708994	-2.16410725587251
526000	527000	-1.16812640353476	-2.71742389246474	-2.26392740061575
527000	528000	-0.98176898272549	-2.48458099031613	-2.59056833051456
528000	529000	-0.522673762635874	-2.726610611302	-3.59394447369509
529000	530000	-0.674453458064166	-1.98622946283027	-2.41183990617859
530000	531000	-0.916305076920975	-1.72264877722147	-2.17057033264079
531000	532000	-0.891069646450703	-1.45751161518461	-2.50877086031406
532000	533000	-0.54722587650942	-1.60356302740795	-2.66087084103245
533000	534000	0.139036263608242	-1.86101832532312	-3.5849832640657
534000	535000	-0.52840487188259	-1.6188800950952	-2.32783421824516
535000	536000	-0.542704238674818	-1.3117628796448	-2.14300734029501
536000	537000	-0.569903134474749	-0.898573730332062	-2.29940199998399
537000	538000	-0.475619367146785	-0.350153014150303	-3.53716340704617
538000	539000	-1.02713672113558	-0.737242008407664	-2.5587813390006
539000	540000	-1.20115537468864	-0.900700185458643	-2.29235556441648
540000	541000	-1.52606901935085	-0.585671684493414	-2.47396229376904
541000	542000	-1.45636218418249	-0.788819274442267	-1.93714174159552
542000	543000	-1.23675822838421	-1.09198846080641	-1.71675727842526
543000	544000	-0.934022496472934	-0.989443954224992	-1.42984903989546
544000	545000	-0.643037131044199	-0.926655461012278	-1.0277999327549
545000	546000	-0.436459819177707	-1.05782863965907	-0.613696054436419
546000	547000	-0.238168788615	-1.06310535387013	-0.231805298132638
547000	548000	-0.451182307422998	-1.41416401918965	-0.281332203474794
548000	549000	-0.714712028515844	-1.09498531346907	-0.200823380192715
549000	550000	-0.536267562563454	-0.714698117144209	-0.300028236855887
550000	551000	-0.471316143636171	0.321725008275875	-0.664513653094631
551000	552000	-0.477469814311378	-1.01396219564546	0.189114399499408
552000	553000	-0.544482465573803	-1.54129595550714	0.292806769458777
553000	554000	-0.838424115931333	-1.15462354179581	0.414152997924711
554000	555000	-0.627991534117538	-0.93893202834782	0.654011614156202
555000	556000	-0.324502465515519	-1.00058618269354	0.908078763778363
556000	557000	0.0122348400749494	-0.758403500344471	0.900669800056872
557000	558000	-0.00441862156027454	-0.373798277069769	0.714830662079169
558000	559000	0.378554704864643	-0.331281450187351	0.854142959699852
559000	560000	0.284505392067863	-0.346695949891752	1.27089978678883
560000	561000	-0.249941015349917	0.843225518110419	1.90659253283842
561000	562000	-0.0739132729703403	-0.00518841540023798	1.09604513856016
562000	563000	0.236777453262742	0.113510446749332	0.880363215713942
563000	564000	0.123496662279436	0.467400863500874	1.01696593261147
564000	565000	0.434776609429159	0.61479154784095	0.713493098104957
565000	566000	-0.0353823745317838	0.717617117904003	0.612200126981764
566000	567000	0.143286547618782	0.32079246514768	0.462119300276672
567000	568000	-0.15335740894188	0.0709790226737578	0.591301592727647
568000	569000	-0.49119640630763	0.337244702307046	0.667688183105919
569000	570000	-0.377464556194353	0.350653531384768	0.284878572472502
570000	571000	-0.303664174897533	0.660223145945491	0.0391375338284958
571000	572000	0.0404386698868089	0.461966324962597	-0.0642760672487663
572000	573000	0.334773447202475	0.126423806122974	-0.0655750368722939
573000	574000	0.493854452075012	-0.265325475647321	-0.177901973288724
574000	575000	0.587841119080293	-0.595690914966742	0.0658323184471086
575000	576000	1.31167697732475	-0.828416444957546	-0.444551085253026
576000	577000	1.02026729901049	-0.866702680227997	0.131406368117496
577000	578000	0.813328371590104	-1.13513131844188	0.536055639113633
578000	579000	1.00923871022614	-1.31534795205593	0.964720589537693
579000	580000	0.72930368951736	-1.48432939939759	1.25122554877034
580000	581000	0.741137298251391	-0.932983331754452	1.05053272089374
581000	582000	0.279501284340771	-1.25987033334932	0.864711814162151
582000	583000	0.334160337846793	-0.758630366526315	0.511153493193836
583000	584000	-0.0436399435923717	-0.573492798966876	0.106337352170668
584000	585000	0.164994396052539	-0.765329869300312	-0.215369795326188
585000	586000	0.28426988682762	-1.05276475258161	0.0779642443312855
586000	587000	0.599482396848872	-1.31237336925337	-0.133330423577789
587000	588000	0.319646727112581	-1.12069423112459	-0.405785607096064
588000	589000	0.124066687357145	-1.47081041451453	-0.199210804385252
589000	590000	0.178726970579096	-1.47984168115739	0.265340634939682
590000	591000	0.575366325497705	-1.78902950794611	0.751267288347877
591000	592000	1.04861642846053	-1.76079229175567	0.945703368857417
592000	593000	1.12353717452674	-2.20222347762472	1.01975123424133
593000	594000	1.39622383786188	-1.95197011347061	0.819986572728171
594000	595000	1.12648731425363	-2.16395677166836	0.558407829598843
595000	596000	1.56912299986213	-2.24679979375999	0.471875590129379
596000	597000	1.48742704183522	-1.9178671320411	0.306946380060276
597000	598000	1.55090023016645	-2.18930973292966	0.066505400871453
598000	599000	1.18483199256401	-1.9825433875018	-0.0226108556769203
599000	6e+05	0.487919718344978	-2.78873645319414	0.0188898884223533
6e+05	601000	-0.140452770131211	-1.37685010130099	-1.13814492310915
601000	602000	-0.130018452155344	-1.07067245293802	-1.45481001626262
602000	603000	-0.301047227953731	-1.40847628841253	-1.58688108154711
603000	604000	-0.0112164583233222	-1.32909627375692	-1.81279722489457
604000	605000	0.216253695201159	-1.37044899129058	-1.38801069974265
605000	606000	0.428722806932177	-1.47475585802826	-0.965460824029158
606000	607000	0.896261172305678	-1.61109225505152	-0.762210893360025
607000	608000	1.33585155687531	-1.69964979141186	-0.713248737770652
608000	609000	1.72895891392694	-1.67932266440188	-0.678472632863287
609000	610000	1.89443852657163	-1.43114567203878	-0.426011347969673
610000	611000	1.88801444085575	-1.35636758892821	-0.0855841773675335
611000	612000	2.24995319458093	-1.53753492726785	-0.083383500148352
612000	613000	2.53051069339188	-1.10679133952394	-0.249109585995611
613000	614000	2.27967520011093	-1.09299164124244	0.151493898551216
614000	615000	2.24529973551357	-1.02156811765374	0.538432359986875
615000	616000	2.5813312848591	-1.44452879876991	0.424042003452566
616000	617000	2.04737480818129	-1.41878599055624	0.513667414425647
617000	618000	2.11736292824423	-1.75785836023863	0.696647953251169
618000	619000	2.3779051874089	-1.68715533393477	0.951057855389815
619000	620000	2.07387290224081	-1.93581959363814	1.08873313567203
620000	621000	1.83925902834911	-1.61708804547493	0.997628900758653
621000	622000	1.54294435952904	-1.71959413778915	1.25931362678613
622000	623000	1.33353059428708	-2.07955022979091	1.61989193661632
623000	624000	1.05985639925814	-1.62183834973589	1.59050456049648
624000	625000	0.880993796209352	-1.13906280701803	1.69613679596196
625000	626000	1.05779370865282	-1.13657230500918	2.20005922914098
