0	1000	-2.9390387403	-1.34236024727318	-0.202788896232987
1000	2000	-2.90793277159482	-1.27890563072448	-0.590655531433342
2000	3000	-3.05347981580635	-1.34649920171787	-1.07669321263003
3000	4000	-2.86871678784166	-0.849248536541616	-0.8541785231636
4000	5000	-2.82716549531434	-0.50833518310832	-0.468058963696249
5000	6000	-3.42286340924086	-0.618547198916528	-0.0352118983224617
6000	7000	-2.97585034260636	-0.863038890487841	-0.322407556684438
7000	8000	-2.48579996119063	-0.866827610067127	-0.545793265148876
8000	9000	-2.56599321340143	-0.972589476427715	-0.101276638566048
9000	10000	-2.93168646045936	-1.04671807471966	0.196350486464379
10000	11000	-2.52743375832262	-0.793090559223123	0.341059081212015
11000	12000	-2.10385176201228	-0.550007635623265	0.557386140002648
12000	13000	-2.01431983305134	-0.053067829412259	0.60041167585773
13000	14000	-1.91148188035431	0.118297511230788	0.113056640253412
14000	15000	-1.95416843963129	0.58946140134822	0.326037814016615
15000	16000	-1.81678085173152	0.648483756913846	-0.195447722123265
16000	17000	-1.7757392804054	1.17536689118536	-0.0584357403410436
17000	18000	-1.56930370733702	1.60779180730923	0.062347084144834
18000	19000	-1.83225990560504	2.11186005849528	0.238452646950459
19000	20000	-2.04615131376099	1.7116014682227	0.552707515297085
20000	21000	-1.73235380924487	1.24480116206826	0.616305074792455
21000	22000	-1.32217017336958	0.900502227439395	0.60783576313181
22000	23000	-1.20499858228548	0.429791668181506	0.370578732154061
23000	24000	-0.84766751482827	0.142867668455159	0.702238338848054
24000	25000	-0.665065614908485	0.511906851288214	1.15104743475505
25000	26000	-0.549260506254458	1.0048214040481	0.753742693699844
26000	27000	-0.468949431862689	1.56604541895604	0.673339085950645
27000	28000	-0.832843526487923	1.9542590959138	1.04779112840154
28000	29000	-1.72430373218206	2.70388779898747	2.04062151218515
29000	30000	-1.54736753878273	2.37209244046913	1.200781883727
30000	31000	-1.16369503617034	2.16567053282828	0.0554995009498371
31000	32000	-1.50053091973642	1.95778366802764	-0.328862669925744
32000	33000	-1.97482963703878	1.91598702870219	-0.557545809398501
33000	34000	-2.30050480557716	1.79916369659148	-0.197975704714938
34000	35000	-2.13859947310768	1.29155280311887	-0.414803337310289
35000	36000	-2.58743613012499	1.1807317089952	-0.0812629367455023
36000	37000	-2.51736213049261	0.648752450250895	-0.285004835885045
37000	38000	-3.0173540953669	0.54125593869526	-0.0970498698329419
38000	39000	-2.7894944573552	0.11979900230901	-0.271430982297758
39000	40000	-3.13223982141674	-0.166593787405716	-0.205338928845876
40000	41000	-3.50840808488379	-0.107022749202828	-0.412345610486187
41000	42000	-4.75473916334981	0.165303510193212	-0.628236623280315
42000	43000	-3.69780254563062	-0.392184777176893	-0.776998968974486
43000	44000	-3.40264815927096	-0.644195902974153	-0.586480231095138
44000	45000	-3.75561851719968	-0.820758418601629	-0.395864119518986
45000	46000	-3.65847959710758	-0.955208037096017	-0.73042618387863
46000	47000	-4.14520242996217	-2.06563706962804	-0.389960081122987
47000	48000	-3.3567130434163	-1.07197684456235	-0.529164046541869
48000	49000	-3.44312366954941	-0.896460277170116	-1.15092178186467
49000	50000	-3.23427284349002	-0.519453425617818	-0.944591031359542
50000	51000	-3.16966867934665	-0.209231274207795	-0.708284857989473
51000	52000	-3.43847663342447	-0.0291927236655571	-0.891353167240154
52000	53000	-3.08246848878372	0.163605886143922	-0.896186658587136
53000	54000	-3.36160316940204	0.486467172778882	-0.780393847045845
54000	55000	-2.92124689832851	0.627905731816168	-0.86606453773085
55000	56000	-3.0519453264118	1.02640243399262	-0.959079347713334
56000	57000	-2.69721830816127	0.970006477417493	-1.2464685623548
57000	58000	-2.68977971450201	1.37565860165144	-1.17901327381769
58000	59000	-3.00004897082816	1.59799868223676	-1.04906483914302
59000	60000	-2.8912513345353	1.34859996742825	-0.713753551998689
60000	61000	-2.52698900618435	1.13085305312076	-0.81306857690836
61000	62000	-2.49382284866752	1.59766567911354	-0.829249513461792
62000	63000	-2.20230398624719	1.42916201815785	-1.22995913117435
63000	64000	-2.22663178070975	1.89436080308521	-1.10389189443417
64000	65000	-1.86514193590967	2.05041159961052	-1.39686476047786
65000	66000	-1.54079335942641	2.44360509509056	-1.4924517277857
66000	67000	-1.08473446410435	2.30930902291907	-1.37820249040007
67000	68000	-1.34169543207909	1.92384155915509	-1.22972087004308
68000	69000	-1.56987467048355	1.61231941492106	-0.855432483101639
69000	70000	-1.62198364342963	2.29476188239914	-0.757172230465368
70000	71000	-1.23337848983019	2.44217541480088	-0.40029724461128
71000	72000	-1.53244739797928	2.78827245234082	-0.210973912742852
72000	73000	-1.15928923543789	2.69182288516597	0.0843912705843474
73000	74000	-1.66654753774721	2.96604139771766	0.205428958488982
74000	75000	-1.35515748205046	2.84928590467706	0.381433132692346
75000	76000	-1.25270602083354	3.07387695514385	0.120700964694643
76000	77000	-0.94560161703772	3.10341271458835	0.367480038996975
77000	78000	-1.35347612850933	3.31358408012607	0.477738424241836
78000	79000	-1.25204777371266	2.97602523705707	0.789941987406052
79000	80000	-1.40257995812419	2.49569054078115	0.708833555083843
80000	81000	-0.836383397904015	2.79372950207786	0.904683102179897
81000	82000	-0.814516175597648	2.38349847556103	0.576942008550662
82000	83000	-0.430076702023937	2.77677959514035	0.563374620233059
83000	84000	-0.39577740746797	2.4636528463734	0.131675816040494
84000	85000	-0.367817041881663	3.03194926153657	0.0376668737932222
85000	86000	-0.279689600905845	2.84752521895188	-0.439162152782771
86000	87000	-0.0136613314115433	3.25490408100687	-0.754147824549292
87000	88000	-0.0797894913375602	2.88840733888105	-1.21433981007937
88000	89000	0.153989681498295	2.5372938570132	-1.1348538813193
89000	90000	0.00275446255019245	2.33883030330676	-0.747142656113427
90000	91000	0.282751022791114	2.67696289290726	-0.469501699390608
91000	92000	0.668234186124813	3.86027977243661	-0.0568102188679962
92000	93000	0.878535881687621	2.80997419462035	-0.131335547948089
93000	94000	0.987448085900756	2.42180361057543	-0.421026470836579
94000	95000	0.948634841336016	2.55993113698063	-1.0403521839465
95000	96000	0.851129785842162	2.31753922457903	-1.43958001523136
96000	97000	1.26885127945943	2.35033939314822	-1.60246441296426
97000	98000	1.28295227714345	1.95452245414827	-1.35805858050748
98000	99000	1.63234841092703	2.30236826210592	-1.19784609691392
99000	1e+05	1.49338824942529	1.97716216708265	-0.868022975853947
1e+05	101000	1.07322649653951	2.09320406930296	-0.786033679852031
101000	102000	0.958304693887989	1.71261659803704	-1.05979687494301
102000	103000	1.28062695662755	1.42142302810841	-1.33644252582816
103000	104000	1.67693920182087	1.69225757348367	-1.52614743427037
104000	105000	1.74232224194002	2.20805642708358	-1.97735901696173
105000	106000	0.997524920285077	2.31515337823959	-2.07357380817277
106000	107000	0.543150743975321	2.12477286293742	-1.89254245312643
107000	108000	0.084007459866616	2.12833627254345	-1.79532270043955
108000	109000	-0.031171276501667	2.54322352439646	-1.93184969314747
109000	110000	0.387849276099354	2.80045405664808	-2.00813866047328
110000	111000	0.392381209503573	2.56918515187884	-1.56309427044579
111000	112000	0.437159824965795	2.09307235595068	-1.20145325723604
112000	113000	0.321121296059962	1.70587800010916	-0.94547790700904
113000	114000	-0.155937004734305	1.96376450452884	-1.13506875062192
114000	115000	-0.54053867852512	2.42422247280495	-1.32023821943513
115000	116000	-0.691379210416342	1.7647880645789	-1.36911161410287
116000	117000	-0.992452976954936	1.33314233882661	-1.05096247822001
117000	118000	-0.969642498369791	1.81463227482106	-0.776140133013061
118000	119000	-1.22802754186314	2.81723805812652	-1.07621865429082
119000	120000	-1.28918152784703	3.92552966321642	-1.17322927249266
120000	121000	-0.772875376201485	2.81360206995496	-0.664917306723958
121000	122000	-0.548693969363687	2.25314573542395	-0.480847181251332
122000	123000	-0.778619992484294	1.84528732227446	-0.152430644444794
123000	124000	-1.26706820731126	1.84380095882145	0.535777537553015
124000	125000	-1.91626043798731	1.73262718346059	1.49758646947266
125000	126000	-0.935642681071897	1.40178621912922	0.178393496303712
126000	127000	-0.934154242819417	0.990538299386358	-0.248697801293907
127000	128000	-1.1288876694822	0.432960688587433	-0.339535075878865
128000	129000	-1.16064390789476	0.314977740582712	-0.979460027078751
129000	130000	-1.73413065511238	0.681283372815702	-1.08573817258141
130000	131000	-2.19736143187262	0.534701855054536	-0.856009084418273
131000	132000	-2.16733163039998	0.171055434493205	-0.466004038200784
132000	133000	-2.00393401083104	-0.316041747492971	-0.46387679730945
133000	134000	-1.81970840609333	-0.820973603264962	-0.562769290472605
134000	135000	-1.88875826068414	-0.588688585404422	0.0170467122996844
135000	136000	-2.01479299015412	-1.04703706944032	0.369136592722082
136000	137000	-2.23975587483416	-2.38969405280342	0.471458318875135
137000	138000	-2.39993847395129	-1.47610805218026	0.661975018567493
138000	139000	-2.80948993683889	-2.10738171389065	1.48113867804306
139000	140000	-2.32113288947581	-1.12676635643574	1.40084874296061
140000	141000	-2.43235654069168	-1.00523341135735	0.953278261938722
141000	142000	-2.23110663194754	-0.578644605172272	1.08529906887551
142000	143000	-2.63627942675404	-0.357338233587985	1.41923230493882
143000	144000	-2.36571265823795	-0.00159594144975404	1.01158272996552
144000	145000	-2.89335153536256	-0.1885522432674	0.825910000302092
145000	146000	-2.6062089020859	-0.536664190948964	0.761382883488655
146000	147000	-2.95709644905952	-0.748969680889783	0.611069580298773
147000	148000	-3.42818058889332	-0.93645477981732	0.425299390565305
148000	149000	-2.96046938688728	-0.503348894264923	0.186916074491235
149000	150000	-2.61310084133611	-0.205596216855757	0.208687154667598
150000	151000	-2.612392051882	0.221615570878249	0.311560265634557
151000	152000	-2.46707577132108	0.615713627617766	0.506837334970128
152000	153000	-2.12357622593524	0.800207213222191	0.862054723772779
153000	154000	-1.68108380323617	0.721451964338687	1.1611826308701
154000	155000	-1.35201411027231	0.271643051518726	1.1656625507576
155000	156000	-1.29646051484873	-0.24318463654224	1.33874782596186
156000	157000	-1.66401682412178	-0.40793024329661	1.70047889724905
157000	158000	-2.06294855678001	-0.680186472907833	1.64631374415943
158000	159000	-1.81394343458364	-0.929744743261439	1.3138006784341
159000	160000	-1.37281280114023	-1.09637238937879	1.42420216587348
160000	161000	-1.64545050762816	-1.26199689592268	1.85369413508884
161000	162000	-1.74983743075581	-1.74621921808383	1.55704387115885
162000	163000	-1.74945049829432	-1.9895265415278	2.12172901345614
163000	164000	-1.29131962483603	-1.84830655914482	1.88090856828043
164000	165000	-1.04539353877927	-2.2494001337032	1.79618674922455
165000	166000	-0.66400613230695	-2.26892296840745	1.52013567999192
166000	167000	-0.342017761748985	-2.54207142354146	1.27282158176127
167000	168000	-0.000794601632757161	-2.85565496577542	0.959610442574755
168000	169000	0.322981906283715	-2.41957669368059	1.0816511338593
169000	170000	0.740319575894234	-2.2025623868096	1.02896180244658
170000	171000	0.831773744804748	-2.3199854301132	0.49266657312466
171000	172000	0.615699602306391	-2.45710187105317	-0.0866635156249728
172000	173000	0.778556755508548	-1.85607569256387	-0.185612728814404
173000	174000	0.917096861896633	-1.53708837583574	0.254396100009969
174000	175000	0.698246270774165	-1.69803307379454	0.797186940277686
175000	176000	0.278831871346298	-1.4467417966659	0.635118990278786
176000	177000	0.329797073356088	-1.85019581578705	0.306052160576903
177000	178000	-0.0276491505317193	-1.92005701458176	-0.103120499270724
178000	179000	-0.103349206100777	-2.47389543626889	0.134718378106127
179000	180000	-0.14964445301883	-1.93005103542649	0.579030758113992
180000	181000	-0.423429659659536	-1.570386029047	0.34350057124213
181000	182000	-0.612984682877922	-2.02925843221211	0.129451659615599
182000	183000	-0.608821871874042	-2.4186118372218	0.556769164987623
183000	184000	-0.451264543548813	-2.17205471395271	0.916462131143721
184000	185000	-0.873259123359663	-2.31945256199249	1.07058520887183
185000	186000	-1.22407478244547	-1.98080139412519	1.0675489745006
186000	187000	-0.899042810492023	-1.7714673222328	1.40391237375446
187000	188000	-0.471279907924363	-1.80266260093641	1.57239225710051
188000	189000	-0.446505628190224	-1.95316612659693	2.03550441594925
189000	190000	-0.834267997547298	-1.60902592114318	2.05468565473033
190000	191000	-1.27127905344665	-1.46178066840303	2.25698988564731
191000	192000	-1.02694176157798	-1.1614604622954	2.03950003605033
192000	193000	-0.672696750331196	-0.863976329976863	1.75032326792673
193000	194000	-0.167399670311266	-1.14407030603374	1.88416705553091
194000	195000	0.0239900556388845	-1.21314610396878	2.46670090402965
195000	196000	-0.243399859537445	-0.811046998972518	2.27448657491554
196000	197000	-0.195184920862463	-0.584345445039147	2.71054659625463
197000	198000	-0.303613608980718	-0.225980687881398	2.39245441572105
198000	199000	0.0866494328689256	-0.0825056772497743	2.70704728931973
199000	2e+05	0.010358776534013	0.196547772097179	2.23144709402122
2e+05	201000	0.427673809771664	0.516310709671209	2.08047720772566
201000	202000	0.210876854254515	0.664305735346519	1.57133354562621
202000	203000	0.633508672633167	1.00428982109617	1.36450164479429
203000	204000	0.142292467917438	1.21282865030889	1.6400805144886
204000	205000	0.263167409291854	1.37784213489708	2.07693407386792
205000	206000	0.0841041745800453	1.84704487918232	2.12986273628896
206000	207000	0.131397241339137	2.23943500446252	2.40989876334398
207000	208000	0.332758321546911	3.40297995120027	3.00169165178517
208000	209000	0.359279067399306	2.50116746140596	2.11519726259397
209000	210000	0.557004386107149	2.52819353855576	1.66583725709587
210000	211000	0.176806675184825	2.24277692183659	1.48837894799663
211000	212000	0.0280855385528727	2.38436085196715	1.0279421179869
212000	213000	0.230648786892307	1.9548736058779	0.829344243662409
213000	214000	0.66065777987196	2.07491290713214	1.15549060274735
214000	215000	1.0418899811751	2.40647543264624	1.01158597568313
215000	216000	0.636204239094275	2.60374782938478	0.783611451007377
216000	217000	0.199936706776784	2.55742104733335	0.539913156375665
217000	218000	0.221509005078311	2.11059404047723	0.244223659026915
218000	219000	0.660771568528037	2.37399557515136	0.172146754867695
219000	220000	1.13860880627866	2.40032119560731	0.346252669319425
220000	221000	0.896491172927258	1.96733747294827	0.523849644498878
221000	222000	0.815794851886214	1.42379085682577	0.714594425941742
222000	223000	0.29334147363499	1.39933182437137	0.959029288436642
223000	224000	0.45796333343462	1.6005239126329	1.41421194635584
224000	225000	0.475393299944385	1.85896696912244	1.79645726811056
225000	226000	0.832882003442276	2.02409025405318	2.0467687927324
226000	227000	1.33273198788588	2.22610224518454	1.99027249174261
227000	228000	1.2852183868098	2.20045041652028	1.50877685213269
228000	229000	1.04272020270943	1.74576430080842	1.43316635451622
229000	230000	1.00946779921856	1.60651279711087	1.90720369933969
230000	231000	0.88190513700821	1.33508408615275	2.22445872300824
231000	232000	0.908381675841788	1.35060638107462	2.96459477087817
232000	233000	0.441863253109607	1.13733308061892	2.89972825399735
233000	234000	0.582779993171659	1.05232914603617	2.46745566516394
234000	235000	1.0586797871746	0.766356978082521	2.66299866330585
235000	236000	1.16945611570258	0.887302845580363	2.11320419276541
236000	237000	1.31135889549806	0.784194483883017	1.60956195165799
237000	238000	0.967672836843926	0.389468238837877	1.66214214040973
238000	239000	1.04334529448453	0.095774038773732	2.17968540846258
239000	240000	1.06749329151736	-0.351279480953149	1.84058512591763
240000	241000	1.63617845297948	-0.458318691163921	2.01345467288295
241000	242000	1.68674843254962	-0.72639605350546	1.45940011868038
242000	243000	1.85560995978965	-0.330486533470546	1.22716674958144
243000	244000	1.94663004806473	-0.189895735704668	0.766431062595701
244000	245000	2.08151408351939	-0.65449768872205	0.636444290486808
245000	246000	2.17530628594654	-1.08912709424348	0.825665081748235
246000	247000	2.13130117111381	-1.40494270549622	1.22004349064958
247000	248000	1.96449251534534	-1.82639601959406	1.45516307599567
248000	249000	1.75818600779469	-2.24152461647692	1.62011840029009
249000	250000	1.34296850175042	-2.19941111335753	1.62066411705659
250000	251000	1.17743685327172	-2.52820658770767	1.78803877414983
251000	252000	0.834012748586751	-2.32930651475587	1.58214867371165
252000	253000	0.77739862181785	-2.27750474519937	2.00553183494691
253000	254000	1.12257968370084	-1.85442649495726	2.1426758680822
254000	255000	0.658079832798168	-1.94321799952624	2.31800242953179
255000	256000	0.49334899298659	-1.55129973535884	2.16145289216217
256000	257000	0.130878077702546	-1.93451688989453	2.17622564154289
257000	258000	0.288691240840956	-2.15259251176926	1.81630471770954
258000	259000	0.414341163667777	-1.69623218385756	1.64270421490473
259000	260000	0.0274076587277438	-1.57037746840561	1.32623431483435
260000	261000	-0.048608310134628	-2.07513145637457	1.40770415189285
261000	262000	-0.00435685669282328	-2.63513467727295	1.7934536342868
262000	263000	-0.466966041353716	-2.51057355674744	1.86795741780229
263000	264000	-0.750384347942947	-2.5820682688981	2.25680328024653
264000	265000	-0.952280425476685	-2.10976004467494	2.33717232817671
265000	266000	-0.544082381536485	-1.99396208086194	2.48965004758859
266000	267000	-0.465910253659503	-2.26954522150172	2.89150954933574
267000	268000	-0.909867416104566	-2.03994164897503	2.80526292115315
268000	269000	-1.12229504065192	-1.83425204281425	3.03403740711647
269000	270000	-0.943692454118404	-1.70934091662905	2.69970347478482
270000	271000	-0.701132986400799	-1.73590238672772	2.97868351089156
271000	272000	-0.606032429249405	-1.50634470691674	2.66532562047153
272000	273000	-0.94504565383742	-1.46729097100528	2.97353785373317
273000	274000	-1.25644559872451	-1.49229582527335	2.76367318799325
274000	275000	-1.29706506317008	-1.253858839907	3.13402442401019
275000	276000	-1.18668304753014	-1.07153687669833	2.68958240071284
276000	277000	-0.832923350170244	-1.08642595712913	2.91111782599613
277000	278000	-0.835656418664902	-1.01875312411761	2.47793700518856
278000	279000	-0.499258910726429	-0.958056223160008	2.74070275196061
279000	280000	-0.465768262188381	-0.749138773775081	3.15615276359644
280000	281000	-0.814952036104104	-1.0173804030273	3.46951921764434
281000	282000	-1.09318694422937	-0.805508031708764	3.08135583472554
282000	283000	-0.819693698938009	-0.592184171376761	2.93489549562263
283000	284000	-0.76288065620667	-0.575435015534683	2.53572277202321
284000	285000	-1.06189670952998	-0.630820265131089	2.19172849380514
285000	286000	-1.46248582205393	-0.813346301625659	2.34122160827344
286000	287000	-1.62475139842546	-0.295552816114228	2.40875012558678
287000	288000	-1.21220573976435	-0.352592053596759	2.69522019406831
288000	289000	-0.957822029288081	-0.0427219650506375	2.33233627270334
289000	290000	-0.809967607796893	-0.0410010199340992	2.77301701391472
290000	291000	-0.582772236382502	0.439604058930362	2.68946912635709
291000	292000	-0.488206372989611	0.10159913112921	3.02565972328763
292000	293000	-0.0088428644430928	0.323634276161518	4.10271671155948
293000	294000	-0.1396782227006	0.86257459381724	3.16004574060286
294000	295000	0.000837710467716967	1.11705183298399	2.57675612234853
295000	296000	-0.491460012848797	1.14766845848824	2.71409222084127
296000	297000	-0.283814522853833	0.835870283544041	2.21515088460702
297000	298000	-0.773726638621039	1.0758986220416	2.26057357498237
298000	299000	-0.53732177032872	1.01449833715306	1.700048784002
299000	3e+05	-1.08951072973637	1.21680711345361	1.696090150503
3e+05	301000	-1.06085350789518	1.09614418318734	1.16683947227896
301000	302000	-0.731101887525813	1.50164580989448	1.32801873879693
302000	303000	-0.297193988404114	1.84514223049062	1.29732499572099
303000	304000	-0.320875752909357	2.66475746334773	1.37580065935014
304000	305000	-0.767515100759264	2.39685889810063	1.58500768055325
305000	306000	-0.484337264581479	2.07640770106734	1.76612132875868
306000	307000	-0.739996248812096	1.98796169582677	2.15937165545123
307000	308000	-0.426883542708876	1.56816834553608	2.09039458906634
308000	309000	-0.41658638090307	1.6836193298399	2.59769787351475
309000	310000	-0.386255840790039	2.21990499228449	2.52418566975467
310000	311000	0.000309832038147988	1.97244799129358	2.67677561267168
311000	312000	0.122375532171974	1.64087031328212	2.73053299223629
312000	313000	-0.211508092173131	1.9956150482422	3.21541826651164
313000	314000	0.143662156643793	1.82973729190743	3.05374749615327
314000	315000	0.319222815446052	2.1735415052315	3.02949108037486
315000	316000	0.518960156941611	1.78699723392811	2.95287288431178
316000	317000	0.600354169762248	2.02029574114124	2.62281301549929
317000	318000	0.753742384097361	1.67326295214008	2.48453204238239
318000	319000	1.17676565246722	1.86674350459327	2.52376607095385
319000	320000	1.35625103188569	1.35111618803333	2.51455416279546
320000	321000	1.49696273034959	1.7155833823242	2.24872598814269
321000	322000	1.43078785099788	1.42986655100236	1.90674478585248
322000	323000	1.53455465241557	1.6666889179646	1.44228893498565
323000	324000	1.94610901554897	1.47843465180879	1.27504697031724
324000	325000	2.08429826212139	1.39568690905567	1.73219263136199
325000	326000	3.24727973904187	1.32658904085444	2.18534709773433
326000	327000	2.31551952213489	0.802730161976375	1.70489026109295
327000	328000	2.02128387077027	0.278116126998468	1.59077797435278
328000	329000	2.3342348316719	-0.107182667126675	1.55623612321508
329000	330000	2.38794221208858	0.207328881438611	1.21188361312757
330000	331000	2.69853805046242	-0.103916385276432	1.24766162022637
331000	332000	2.43310386257196	-0.434973819368104	1.0232829686549
332000	333000	2.64162379995634	-0.644299274071377	1.3903842389435
333000	334000	2.21932659870281	-0.803101815418297	1.40038033348968
334000	335000	2.526332485716	-1.14534725339131	1.41381796933335
335000	336000	2.83304154722426	-1.18098184410777	1.04557324199919
336000	337000	2.82735481810763	-1.26732165042292	0.550770494098832
337000	338000	2.88429110705121	-0.76476237296291	0.743796356090261
338000	339000	2.7035649619961	-0.916040243593385	0.343820697612628
339000	340000	3.20428787969127	-0.632626074541917	0.371714724867106
340000	341000	3.00864447775795	-0.798533120579921	-0.0443046402375397
341000	342000	2.72911596950346	-0.468326812777455	0.226625234947362
342000	343000	2.4607330879267	-0.709406654706925	-0.071142980771501
343000	344000	2.70495339055258	-0.247610345782116	-0.288943901357194
344000	345000	2.28150354706043	0.0689192025400891	-0.262182795072793
345000	346000	2.74712767606021	0.503266320705382	-0.275629192629239
346000	347000	2.27848147181067	0.78288429784294	-0.291122215289523
347000	348000	2.41004203126855	1.10782545342659	-0.54307851453837
348000	349000	2.58183332711106	1.21269823833684	-0.144268783803462
349000	350000	2.37789841754483	1.49845820572082	-0.341303520216875
350000	351000	2.14990522054377	1.37689385389009	-0.127118130052201
351000	352000	1.99806163623431	1.69738213948337	-0.222903573229263
352000	353000	2.22000187794722	1.70989505948738	0.193995199779192
353000	354000	1.86220981530548	1.99305612655791	0.15582651553529
354000	355000	1.7082574167069	1.62434541184232	0.405677169336851
355000	356000	1.48332451773804	1.9921019909695	0.581052064053479
356000	357000	1.83079927538305	1.901111233786	0.879633890446647
357000	358000	2.57392010174804	2.87244563313542	1.24728368108189
358000	359000	1.89139517397358	1.97367807024609	1.37753505895485
359000	360000	1.76490135771878	1.73872329521035	1.87091458398597
360000	361000	2.5653345884604	1.97265702696461	2.7855570595527
361000	362000	1.89189055773647	1.23829445696083	2.34757975577606
362000	363000	2.41565915711264	0.604908114775905	2.94761561611283
363000	364000	1.81457753704821	0.903452541097639	1.81698090997059
364000	365000	1.76273142570391	0.742195988016676	1.25631659338828
365000	366000	1.76470537611488	0.825796349785453	0.696791400280903
366000	367000	2.13586956582786	0.864896737530108	0.426040998765592
367000	368000	2.65029235540992	0.767829464862338	0.406715080163597
368000	369000	3.82580666491045	0.649691701015612	0.416178524918182
369000	370000	2.67926882348182	0.144733473121143	0.324452475451291
370000	371000	1.85775684128998	0.0151384745196823	0.191378612181904
371000	372000	1.53331765931915	-0.0777274291989592	-0.2655818301691
372000	373000	1.19152956013074	0.148187796681531	-0.649828247764161
373000	374000	0.669142031853622	0.101520855687669	-0.414299690112745
374000	375000	0.862310683181634	-0.448696037376397	-0.236539720153888
375000	376000	1.26969877226175	-0.803850397606525	-0.460931545494682
376000	377000	1.79665586409135	-0.837573191176231	-0.195740754422205
377000	378000	1.60009429313464	-0.905312684371614	0.320694882411395
378000	379000	1.44923317233536	-0.970565153657081	0.844788639699216
379000	380000	1.24309600351871	-1.16088675931634	1.31008087424424
380000	381000	1.40137281947152	-1.66149378915648	1.18711193107539
381000	382000	1.41229598692645	-1.78379099046166	0.667812895362771
382000	383000	1.25084712875964	-2.22241539444913	1.04235183887071
383000	384000	1.139846077414	-2.71316881627247	1.21250575945302
384000	385000	1.08399993387896	-2.85598288660846	0.759051400484593
385000	386000	1.52951772135439	-2.92612102078564	0.553314408191178
386000	387000	1.35589400754165	-2.51983746721313	0.343755280857677
387000	388000	1.72788235269294	-2.44606855970523	0.596064978366234
388000	389000	1.80272531009182	-2.51933140273149	0.0888430040575898
389000	390000	2.09712304092422	-2.66079802712762	0.340164993978064
390000	391000	2.20155149494904	-3.03108094194074	0.534415988001388
391000	392000	1.98579540224435	-3.02546139070325	1.02252071947617
392000	393000	1.6801245112632	-2.63857809140951	1.22927161298627
393000	394000	1.82652478256544	-2.22580916035412	1.10143686329401
394000	395000	2.17753601875896	-2.52586822761874	1.40989525945736
395000	396000	2.28773586094313	-2.18748559785382	1.11554218749276
396000	397000	2.7649416743315	-2.18601439031543	1.23771342631566
397000	398000	3.60492044766438	-3.05176439131057	1.64051292769672
398000	399000	2.58765743031932	-2.694928169978	1.12391376467189
399000	4e+05	2.40042948308575	-2.61925910559716	0.757607117701713
4e+05	401000	2.78815854442471	-2.34457975942184	0.723029692376087
401000	402000	2.93983618602186	-2.6512195299156	0.262722739689724
402000	403000	2.51103329755419	-2.32796115825439	0.351178868415135
403000	404000	2.19264169526811	-2.11479007646242	0.611429136438672
404000	405000	2.27732450514951	-1.66069663044311	0.610867360944617
405000	406000	2.54913003934992	-1.73129273585781	0.979630612372318
406000	407000	2.89518098885973	-1.82741027696491	0.708981574855228
407000	408000	3.2455500676827	-2.03478447411945	0.386904797140157
408000	409000	2.65193573583805	-1.85666705757769	0.223471836486588
409000	410000	2.30255081263966	-2.06986242395621	0.00499854651287833
410000	411000	2.34311565537319	-2.56668913143641	-0.116071051315571
411000	412000	2.12179129019152	-2.91005421495757	-0.538632226887183
412000	413000	1.95582598524015	-2.39543624979417	-0.446878606953261
413000	414000	2.50469501966779	-2.21491707393271	-0.478990267408051
414000	415000	2.85989049574817	-1.78824610678857	-0.336475935490137
415000	416000	2.41764638754175	-1.6217456364637	-0.738445248637253
416000	417000	2.67354541009537	-1.20423453068931	-0.610725648788062
417000	418000	2.684534532411	-0.660587152670569	-0.728263322877765
418000	419000	2.20897575767452	-0.858640280180578	-0.736917858418917
419000	420000	2.00832658862781	-1.3447372021584	-1.08695558689239
420000	421000	1.74487306302787	-1.31220837061761	-0.584230416994858
421000	422000	1.47395217233939	-1.41203127190905	-0.0711751200427974
422000	423000	1.30549615722929	-1.77506517408634	-0.504314676251313
423000	424000	1.60406788613852	-2.07323013186276	-0.854085185617993
424000	425000	1.89658423147396	-1.89599229373254	-0.404962650378204
425000	426000	1.82944897258612	-1.82441903286258	0.11402735703882
426000	427000	1.41245990059661	-2.11155663423526	0.0312282310989497
427000	428000	1.28179706604307	-2.46132677205121	-0.302805389458475
428000	429000	1.21198928094296	-2.84320013052026	0.0519908327303851
429000	430000	1.71984926680675	-3.02857310824448	0.114057625770768
430000	431000	1.36275612274208	-3.42684446424255	0.112590073304431
431000	432000	1.53349907316118	-2.98582959969042	-0.300848192353132
432000	433000	1.10238278917458	-3.17051433634621	-0.529313248018947
433000	434000	1.31132897578659	-2.69306187000734	-0.798515244873842
434000	435000	1.00313218160314	-2.34480178964047	-1.17211173074406
435000	436000	1.03356889901377	-2.42699461675768	-1.6829186143786
436000	437000	0.599102178096991	-2.22374786136596	-2.01136936524532
437000	438000	0.827014118185782	-1.87368831067915	-1.90513940865079
438000	439000	0.73391161751796	-1.9730269910804	-2.35562770146539
439000	440000	0.833029575146932	-1.50734384036078	-2.17564320955734
440000	441000	0.942138991062454	-1.61792451972768	-2.60847933316786
441000	442000	0.529609399031168	-1.59620606909551	-2.54611202037629
442000	443000	0.615094197537129	-1.81565912191017	-3.1100801718143
443000	444000	0.515575465068991	-1.36642067644457	-2.92751415924479
444000	445000	0.574273002220845	-1.04978343611928	-2.59600273325874
445000	446000	1.06183829245067	-1.04523885512551	-2.69749086795712
446000	447000	2.18202598082261	-1.13118143564437	-3.1356156568859
447000	448000	1.77147047174602	-0.883819713536474	-1.98889272460289
448000	449000	1.66954886172351	-1.01644262365061	-1.46459926408337
449000	450000	2.25536296677182	-0.944682628781564	-1.443699633678
450000	451000	2.06641243517415	-0.481383173252974	-1.47087262983883
451000	452000	1.65919008271112	-0.556396733222283	-1.15595457265108
452000	453000	1.15189778614113	-0.360937897868295	-1.09794953362222
453000	454000	1.33779112251275	-0.212145651553642	-1.56559237459451
454000	455000	1.49790814850829	-0.227242933223281	-2.06489961303425
455000	456000	1.67464032272076	0.242964291724075	-2.11410260662964
456000	457000	1.16551328518733	0.378014333574461	-1.96400260864856
457000	458000	1.43397508337975	0.854520233908537	-2.12975962587629
458000	459000	0.906740612603	0.929825476855562	-2.10247164952368
459000	460000	0.710265620661839	0.678675280076284	-2.57139254444148
460000	461000	0.174706034996806	0.648510786352462	-2.35411254465196
461000	462000	0.269356929840556	0.90319769492602	-1.8835504471052
462000	463000	0.420299436203823	1.20890201045784	-1.41194845144497
463000	464000	0.898107416132172	0.912385370161241	-1.36819211388781
464000	465000	1.05796435910241	0.419533290344477	-1.23228530511666
465000	466000	1.53427564530065	0.435949743485687	-1.48749036936251
466000	467000	1.68726453722254	0.210999688597754	-1.06319854052806
467000	468000	1.78122271718998	0.758323301068847	-0.931657526389756
468000	469000	1.9576309182341	0.402505302773217	-0.603109410290589
469000	470000	2.34588695514576	0.5489804866513	-0.958727415781576
470000	471000	2.56303596446676	0.229340791257303	-0.668638301666064
471000	472000	2.8962858907862	0.0617273430912442	-0.97152938611449
472000	473000	2.32377382456176	-0.142350763702609	-0.916457162879427
473000	474000	2.44538878152502	0.0920891543135243	-1.37302095787079
474000	475000	1.97235443150163	0.0551971615039454	-1.57126810366921
475000	476000	2.14984829013266	0.4499714078972	-1.74399285586963
476000	477000	2.01190075139667	0.79866891382122	-1.4660538133619
477000	478000	2.21386315665295	1.22454270661955	-1.67676744315108
478000	479000	1.79249613769594	1.51271217882769	-1.96174438278941
479000	480000	1.36083211189174	1.52410143704158	-1.87124292327483
480000	481000	1.40902710289535	1.88030377221817	-2.11114908293894
481000	482000	0.976315303302374	1.8359868244048	-1.84013600130528
482000	483000	1.04186260062765	1.85406149774458	-2.39970598592234
483000	484000	0.615893107918163	1.65040360777127	-2.20658461974312
484000	485000	0.558054991341876	1.25624130784361	-2.42958597755276
485000	486000	0.413531178912983	1.52427748685185	-2.75492900604877
486000	487000	0.364525070299521	1.64151644968174	-3.35139010064088
487000	488000	0.187356667773796	1.87205257343551	-2.92882187868293
488000	489000	0.0808200702723103	1.61927791551711	-2.43506529645759
489000	490000	-0.10903669642558	1.52094687753578	-2.81900968576715
490000	491000	0.0324318176684211	1.18544056958256	-3.0556836294181
491000	492000	0.332135727069117	0.96450252915692	-2.82737068245369
492000	493000	0.645089284141495	1.20644549211568	-3.00688496507846
493000	494000	0.902483180853447	1.58050907430687	-2.88413735166537
494000	495000	0.718116734648273	2.01537133278268	-2.71705092354745
495000	496000	1.0688851459978	2.95672442978475	-3.56011003189375
496000	497000	0.357235366620949	2.38648888487891	-2.79252268830906
497000	498000	0.271961205875331	2.09005200774474	-2.43208963801134
498000	499000	0.0772520172046534	2.42606949529175	-2.39385481415286
499000	5e+05	-0.170454886956024	2.09488647192606	-2.31380126490114
5e+05	501000	-0.141486038865038	2.17961169578023	-2.77105516874033
501000	502000	-0.460402477090864	1.89504002466515	-2.64039971421781
502000	503000	-0.627261113842178	2.49391737020562	-2.52982793786141
503000	504000	-0.750374061833998	2.22336882422144	-2.04039248610527
504000	505000	-1.18665737920033	2.03185459922111	-1.97067337104492
505000	506000	-1.51037636305039	1.71105570737066	-1.77136936445302
506000	507000	-1.71751955000947	1.24810256944775	-1.80953868876396
507000	508000	-1.22360828684042	1.03414323534969	-1.56247176129394
508000	509000	-1.2181247786208	1.19681388206857	-2.20060589749369
509000	510000	-0.918715032754431	1.41346834905818	-1.81546557620489
510000	511000	-0.706574371000099	1.46332658281253	-2.3334536885853
511000	512000	-0.390054655417351	1.70180871778671	-1.92011456227444
512000	513000	-0.18053873505097	1.18308017961652	-2.26668243214797
513000	514000	0.0570249307808023	1.43643869773187	-1.80804949167075
514000	515000	-0.405879342871092	1.13430577828435	-1.69743242920925
515000	516000	-0.337171955414609	0.951287704635709	-1.15067304720069
516000	517000	-0.443355587529043	0.515767635245327	-1.53161946166779
517000	518000	-0.656901543783408	0.732760526993271	-1.99787405769365
518000	519000	-0.797970440400974	0.710185786796518	-2.66176256185203
519000	520000	-0.399614242014279	0.320922023732638	-2.40544960152497
520000	521000	-0.0812827645671959	0.0540773429608876	-2.6988549283424
521000	522000	0.425305419340186	-0.0512725942707476	-2.54116173938706
522000	523000	0.648587702486179	-0.0323669924388775	-2.9904247825651
523000	524000	1.43332129323865	-0.179757829711386	-3.89392475107203
524000	525000	0.840011746431715	-0.811935218370085	-3.09297134520229
525000	526000	0.599507671453546	-0.662926593673552	-2.79551813065622
526000	527000	0.36521440179686	-0.797889910110104	-3.09001887255078
527000	528000	0.487807619578379	-1.12963493290321	-3.33340337458368
528000	529000	0.146336441414032	-1.5355977808021	-4.36425375228135
529000	530000	0.0326571761726453	-1.14432799991819	-3.03570594595939
530000	531000	0.195557050064842	-1.26161170438322	-2.6295851977676
531000	532000	0.142566466330767	-1.71577715125851	-2.67695364778462
532000	533000	0.0332278819919027	-1.58568184397982	-3.02543296845133
533000	534000	-0.720773447354209	-1.43308013572097	-4.01125369825973
534000	535000	-0.178954274121628	-1.38154890254623	-2.75710482519634
535000	536000	-0.318344445207254	-1.5182212788618	-2.41782031864506
536000	537000	-0.617407691170156	-1.86913980916375	-2.44874104000043
537000	538000	-0.968354984816164	-3.04574772840062	-2.483978612472
538000	539000	-0.210096680323437	-2.16808822002657	-2.21273131025639
539000	540000	-0.111390029023133	-1.7888150343434	-2.1174980867455
540000	541000	0.18359187273174	-2.22569130331778	-2.53849562312514
541000	542000	0.301926370154001	-1.85769477546842	-2.01776294790819
542000	543000	0.304989244669831	-1.39285428315287	-2.1167046124728
543000	544000	0.157265850434989	-1.46186036287016	-1.67875265321254
544000	545000	0.528926129758535	-0.983066003428529	-1.85734314110092
545000	546000	0.0844250283338293	-0.920665793677036	-1.50722102224484
546000	547000	0.0398914368931241	-0.372217905702927	-1.58604950380635
547000	548000	0.185038990526445	0.156263611197918	-1.61889574458373
548000	549000	0.598721547904872	-0.224076920479074	-1.74132347391383
549000	550000	0.996578703165978	-0.606117698470838	-1.99037868146924
550000	551000	1.92452512394949	-1.67927305918291	-2.40131082812093
551000	552000	0.943409381549742	-1.13200585032919	-1.44956141135703
552000	553000	0.609163756470994	-0.884400493629887	-1.12651866072664
553000	554000	0.555942293853312	-1.53339891152552	-1.1840647325391
554000	555000	0.403739576455583	-1.87842761777594	-0.792623620503806
555000	556000	0.248420937080656	-1.44619374893533	-0.42798650601799
556000	557000	0.15076862564469	-1.14877446273019	0.035922061029099
557000	558000	0.0262255958915176	-0.725158142324127	0.33558069585614
558000	559000	-0.43165643617509	-0.733131100582709	0.655974676296844
559000	560000	-0.812013932050755	-1.11292061384093	0.728536180095785
560000	561000	-1.20102035091598	-1.78980408207537	0.526151627223774
561000	562000	-0.0800281235687132	-1.1228592374488	0.945762546607845
562000	563000	0.386091668472269	-0.89786359292887	1.17322430972235
563000	564000	0.0487550583831749	-0.495971913078732	1.48278011031273
564000	565000	0.412912498493949	-0.139346362147104	1.76424746291653
565000	566000	0.335866058832833	0.177853962520083	1.24530684110628
566000	567000	0.575916811616986	-0.263298456371158	1.07191240224076
567000	568000	0.442296955511207	-0.279022808952484	0.529136706737462
568000	569000	1.05136704290314	-0.379298423670289	0.60335565018388
569000	570000	1.22937504673645	0.119148903198855	0.800801535133634
570000	571000	1.03614357641371	0.649160446868063	0.796335622655782
571000	572000	0.567334657229552	0.638263918923013	0.455459113993604
572000	573000	0.104240338185381	0.365145452957483	0.182232105210511
573000	574000	-0.251657619236002	-0.0766343648119693	-0.0356373732101799
574000	575000	-0.5689662352986	-0.640897791550313	-0.186510530081267
575000	576000	-1.06648555474547	-2.18342017161199	-0.885696257847608
576000	577000	-1.28729723967259	-1.22178739176888	-0.611302971048868
577000	578000	-1.14886392379257	-0.650007984918375	-0.176305432344536
578000	579000	-1.38062767310447	-1.1198422579742	0.0747348208413638
579000	580000	-1.70372650831589	-1.60302887104436	-0.0350279182019108
580000	581000	-1.08519341414139	-1.69088441813394	-0.183164227580406
581000	582000	-0.582720473300478	-1.43903160332507	-0.350434105180551
582000	583000	-0.213918253932945	-1.00352681323041	-0.562486698836131
583000	584000	0.149942501703485	-0.479325516012976	-0.679929324945579
584000	585000	-0.116268922883757	-0.0512583818968131	-0.992713863026021
585000	586000	-0.549638797404678	-0.471287437396507	-0.939568848367841
586000	587000	-1.09708654893246	-0.498965765708624	-1.08284572751379
587000	588000	-1.06336773904233	-0.291476054004793	-1.62242021551183
588000	589000	-0.568118725958808	-0.494065545964088	-1.59579218110832
589000	590000	-0.521674429056488	-1.01817705718246	-1.40488763854446
590000	591000	-0.412960559324335	-1.63402827467028	-1.21155423700594
591000	592000	-0.818187041785074	-1.66500632801824	-1.5294602991566
592000	593000	-0.802174143357012	-1.71727361210252	-2.01845840461432
593000	594000	-1.08674699447099	-1.42949880695372	-1.82387725223389
594000	595000	-1.35079579096889	-1.70929809641634	-2.114141753924
595000	596000	-1.53181325343025	-1.51077993868434	-1.67142937133637
596000	597000	-1.71094703680875	-1.28404300727547	-1.99375393514382
597000	598000	-1.44345844535308	-1.02402338311445	-1.78269649789955
598000	599000	-1.12560603879925	-1.09890557314193	-2.22328862521327
599000	6e+05	-1.56522845843472	-1.13947580508099	-3.39642656640533
6e+05	601000	-0.648545531229845	-0.977776084053022	-2.56041866531072
601000	602000	-0.382839845764674	-1.00892635408598	-2.08363276904882
602000	603000	0.0476663325345703	-0.877034594018971	-2.27436200187701
603000	604000	-0.164361236592479	-0.675492620597905	-2.6846981267633
604000	605000	-0.128668305731706	-0.343508084679607	-2.22493050522556
605000	606000	-0.690280549958447	-0.306965867526224	-2.37059653634128
606000	607000	-0.827397513843478	0.106775074959591	-1.99269192987057
607000	608000	-1.24896090357726	0.391194569706619	-2.22804199452814
608000	609000	-1.55583137241372	0.524561735837398	-1.85287213039925
609000	610000	-1.93397820850481	0.223693666783758	-1.64409722915122
610000	611000	-1.92646683103395	-0.119691454241093	-1.28013086612476
611000	612000	-2.30723571462483	-0.165873036671475	-1.66318490677825
612000	613000	-2.71627513539543	0.224701717492467	-1.6032062778762
613000	614000	-2.45778873993578	0.102776332426968	-1.0731046227638
614000	615000	-2.45613483324765	-0.293701000719798	-0.799858182631704
615000	616000	-2.73296886887135	-0.472471351068952	-1.29452959576224
616000	617000	-2.10448562981508	-0.639782973843181	-1.12976139263137
617000	618000	-2.26110919958113	-0.709420418982655	-1.58273319301952
618000	619000	-1.96386549539652	-1.00669188638501	-1.60221297248134
619000	620000	-2.37710802189769	-1.20416083886285	-1.55394845750391
620000	621000	-2.45696060092595	-1.03666551515295	-1.1439419900924
621000	622000	-2.26102079008584	-1.38473258731854	-1.07269261941681
622000	623000	-2.55401579664719	-1.85190996006013	-1.12077138350714
623000	624000	-2.26659254824879	-1.68752399004029	-0.6840329077231
624000	625000	-2.48847111379535	-1.49907995405802	-0.327820789001433
625000	626000	-2.84438411625963	-1.82360704391818	-0.0487967003977136
