0	1000	0.572816556238789	2.55701917354686	0.765723657996175
1000	2000	0.853540561741763	2.66210773096347	0.465893334291025
2000	3000	1.37729427192215	2.96077494344521	0.402279681313221
3000	4000	1.3378466395476	2.78903876151182	-0.0185958750157088
4000	5000	1.08434160896063	2.61210325531428	-0.16905474106787
5000	6000	0.686739298005653	3.02644081540081	-0.0146488573534726
6000	7000	0.845857833235848	2.80023805940568	-0.0425191546697857
7000	8000	0.986046971774949	2.24500226044469	0.256509258730312
8000	9000	0.641196307762434	2.54757029551691	0.112422081482483
9000	10000	0.118703668188665	2.86006281929121	0.335843774179846
10000	11000	0.0476512500882445	2.41559369228753	0.217671020842933
11000	12000	-0.200872719973382	2.20188843712579	-0.00318625486176031
12000	13000	-0.290090511448938	1.86714140047748	-0.347165997558881
13000	14000	-0.0927787181623137	1.90788473664807	-0.769123739728559
14000	15000	0.269912292402422	1.56539376880369	-1.04412744814117
15000	16000	0.391269751860612	1.52480889033515	-1.49272757850359
16000	17000	0.27603781393624	1.19104460267014	-1.31768299594027
17000	18000	0.21453751778503	1.06320241977172	-1.84558525664667
18000	19000	-0.0771443751017991	1.16073200910016	-2.17211082793543
19000	20000	-0.523171704645063	1.59543276508124	-2.11539888024898
20000	21000	-0.488763853716493	1.24034877575237	-1.69897895108269
21000	22000	-0.349279691383273	1.21853323321778	-1.19741638426527
22000	23000	-0.301204181398296	1.00805919482722	-0.827762704678395
23000	24000	-0.446497793010505	0.780300226239126	-0.581917474190984
24000	25000	-0.645347487194731	0.358201249348436	-0.743137005433736
25000	26000	-0.624479126771467	0.286606685243407	-1.37661460252286
26000	27000	-0.823875052148813	-0.124324073247542	-1.83669065770673
27000	28000	-1.30996990319157	-0.244284183759391	-2.80137149741289
28000	29000	-1.48895540475955	-0.0576673707982974	-4.03983311190123
29000	30000	-0.866786835596816	0.168414923109819	-3.31609585892037
30000	31000	-0.249321106307592	0.442237693031335	-3.21020734720032
31000	32000	0.159596789900662	0.855488113950955	-2.79646020944366
32000	33000	0.459256497257634	1.02276483622922	-2.49172839975145
33000	34000	0.501981655557436	1.4883564487523	-2.21398120418612
34000	35000	0.269917566270973	1.73844755090348	-1.93797025442452
35000	36000	0.51558507365551	2.06968456311063	-2.12039478630339
36000	37000	0.60707940632302	2.37483653046049	-1.74598233371809
37000	38000	0.655833418692031	2.69806702046758	-1.44752503947694
38000	39000	0.671771991810084	2.90133598643633	-1.20286652201836
39000	40000	0.744238036255639	3.19175456581008	-1.0963252303424
40000	41000	0.951352391259624	3.36366004863744	-0.977556967307662
41000	42000	1.49598374505974	4.30393845329274	-1.20965067690337
42000	43000	1.30433010482818	3.16172936713055	-0.631485666183965
43000	44000	1.13756001002468	2.81160884879732	-0.398971056680436
44000	45000	1.13018078374471	2.94827981043071	-0.227592307914985
45000	46000	1.0769005631239	3.16527747151519	-0.196953834881931
46000	47000	1.53561200910245	4.41387205813459	-0.0181084001790064
47000	48000	1.22222596151874	3.21130201464864	0.0527091243169896
48000	49000	1.45450951148445	3.07210344465726	-0.295000235381594
49000	50000	1.33560234356197	2.61466985705137	-0.34147086457511
50000	51000	1.34217433170609	2.79161919136105	-0.677308966340228
51000	52000	1.04416456223771	2.65132315315882	-0.873032889712738
52000	53000	1.39693559583121	2.65544532664697	-0.987139975071508
53000	54000	1.16860077844511	2.42196290317781	-1.17436504368578
54000	55000	1.3103413182148	2.52882253910302	-1.39641260583477
55000	56000	1.12501623734427	2.17353054472485	-1.55982820879598
56000	57000	1.41851511774206	2.26128322174495	-1.86886166747479
57000	58000	1.18990540270573	1.7972376277949	-2.13589331206973
58000	59000	0.885828137212623	1.97274644250245	-2.24511522678729
59000	60000	1.01679455132495	1.97686301605504	-1.87857674934217
60000	61000	0.830360840241423	1.62262136013375	-1.85061342201693
61000	62000	1.12183953092469	1.36091926245603	-1.90497179614115
62000	63000	0.982083483614215	1.32461931253788	-2.17991412125056
63000	64000	1.19518404000587	0.990015637345167	-2.37259616350444
64000	65000	1.16081314800507	0.604060143859921	-2.3917130672385
65000	66000	1.14504586313567	0.195046531818147	-2.69829350718533
66000	67000	0.86260097726281	0.136721440608492	-2.27011675877634
67000	68000	0.877417959611336	0.266951684487977	-1.86751854553622
68000	69000	0.755129603158799	0.74835031492892	-1.96580401811273
69000	70000	0.490054496946413	0.518878768948566	-2.146033408154
70000	71000	0.375312285392757	0.480517077596387	-2.62557919288257
71000	72000	0.167366963012963	0.240273815184055	-2.21161164249872
72000	73000	0.0549613642657588	0.546996233952995	-2.6024791812282
73000	74000	-0.423118882924015	0.718694489236461	-2.34530882069341
74000	75000	-0.38605459428213	0.573280565089756	-2.81714239358235
75000	76000	-0.352001233257843	0.263651294961977	-2.61104982010457
76000	77000	-0.627801709753536	0.22922270611601	-2.82386531045093
77000	78000	-1.00295554709691	0.484329706247118	-2.812152982152
78000	79000	-0.886930839146672	0.865291640557222	-2.71937468132303
79000	80000	-1.26738806014732	0.934829569198801	-2.54912489062838
80000	81000	-0.994943289688576	0.526529159863066	-2.20272773854233
81000	82000	-0.736156425891311	0.249730591469095	-2.44835553744897
82000	83000	-0.655554708970973	-0.196712983344654	-2.21899287643808
83000	84000	-0.588638005920926	-0.399715367660107	-2.75342546579348
84000	85000	-0.161276008820687	-0.337166457220604	-2.49757331502286
85000	86000	0.0305228494199878	-0.725773697036224	-2.76520070135616
86000	87000	0.433216674629355	-0.649181565846811	-2.99513471000949
87000	88000	0.822212519812304	-0.905396556824175	-2.67161834825477
88000	89000	0.676204998482734	-1.07193489201525	-2.29961493503025
89000	90000	0.571860609601277	-1.36670229188955	-2.70861873683751
90000	91000	0.210385278206343	-1.25968920766716	-3.26945695892301
91000	92000	-0.295662073308356	-1.95807773377688	-4.05473194400155
92000	93000	-0.37319854363715	-1.71955645783767	-2.83650703642742
93000	94000	-0.0487397469601703	-1.80791467438629	-2.44134616650425
94000	95000	0.30967014334807	-1.67656718779678	-2.11173418095006
95000	96000	0.72616234167276	-1.76011252620236	-2.4075403948236
96000	97000	0.858147625744161	-2.09281842656532	-2.04808985744819
97000	98000	0.609637251038524	-2.17000432832757	-1.49743436864122
98000	99000	0.622692862708372	-1.83063191290433	-1.4361803579794
99000	1e+05	0.244709691658001	-1.72508923401532	-1.69098732632472
1e+05	101000	0.0756421176120132	-2.12780964964167	-1.86633440822928
101000	102000	0.0573379921428968	-2.53434038896921	-1.54813895826784
102000	103000	0.403002735355959	-2.43774856643503	-1.26086225914776
103000	104000	0.75730635555811	-2.72337720532076	-1.3663824902529
104000	105000	1.28531094595732	-2.46978625462029	-1.6450872875311
105000	106000	1.12131747099526	-2.20125798280182	-1.90654791725391
106000	107000	1.31869375827712	-1.88278973872608	-2.06633815145583
107000	108000	1.39166821720748	-1.63207455063917	-2.22581678111722
108000	109000	1.65420932777145	-1.33343751297493	-2.50008507792869
109000	110000	1.24402173436287	-1.33761196576196	-2.20719711246904
110000	111000	1.00369222538178	-1.30493548093543	-1.67713883419744
111000	112000	0.649741864490403	-1.14824753764832	-1.68843041267471
112000	113000	0.63221523272383	-0.834345773163866	-1.89747442735464
113000	114000	1.17920358987511	-0.605069965799313	-2.22325685651147
114000	115000	0.990185309251397	-0.492076762029907	-2.59608330338421
115000	116000	1.5157329612196	-0.273587368742807	-2.65781340051915
116000	117000	1.57912076176767	0.421487261321125	-2.85559506291731
117000	118000	1.32209413829842	0.306290225506142	-3.1384283751297
118000	119000	1.17661621594738	0.13405174497662	-3.70362735785628
119000	120000	1.22969598622728	-0.134536332434869	-4.59716566301855
120000	121000	0.505108043305145	-0.310935396071262	-3.45469858000291
121000	122000	0.509954502478509	-0.172112673367458	-3.00650237151696
122000	123000	0.60112991894549	0.527676109977833	-3.27474612462416
123000	124000	0.515438116635113	0.761832600934965	-3.4671681866256
124000	125000	1.12301165978851	1.44716362471069	-4.46179255341712
125000	126000	1.18448322465871	1.04598355366571	-3.05806810615501
126000	127000	1.7144471628853	1.47329048563627	-2.71549359283987
127000	128000	2.27956366274488	1.49341680867411	-2.26786060772915
128000	129000	3.12573696388309	2.06061001121216	-2.59631463480737
129000	130000	2.24163157600893	1.87329586710025	-1.7797732772089
130000	131000	1.58871313275128	1.83906361052845	-1.2899836080551
131000	132000	1.16650702876837	1.56637533608734	-1.02266890074938
132000	133000	1.10222636532532	1.8997918855085	-0.542477116073557
133000	134000	0.75602976921695	1.803700924221	-0.331271636851495
134000	135000	0.474971625410425	2.435286930828	-0.206220941686162
135000	136000	0.155509696051545	3.28395565479093	0.0493997388194992
136000	137000	-0.0228683271541989	4.83167645777568	0.393841106177717
137000	138000	-0.360551203816972	4.05013230400114	0.551400143252696
138000	139000	-0.793589753829848	4.5520409687721	1.02419822459658
139000	140000	-0.597676850275444	3.38554681544374	0.414209777329661
140000	141000	-0.506752541431793	2.77762238019864	0.403512061553609
141000	142000	-0.490759062200499	2.71280711764022	-0.0720856364999247
142000	143000	-0.770710451681828	2.85816838865798	-0.342750539004334
143000	144000	-0.603367579860663	2.41493687542266	-0.661254760423664
144000	145000	-0.21148048467929	2.64466457850621	-0.759049542818672
145000	146000	-0.105007343547697	2.88473825560915	-0.264290120584432
146000	147000	0.244692149454945	2.98918597401982	-0.158288965196665
147000	148000	0.57190414994221	3.21560505267175	-0.474483546019147
148000	149000	0.579216802978879	2.61640824206263	-0.651264160863515
149000	150000	0.362907128041762	2.41221763267564	-1.05689421131964
150000	151000	0.193948537766923	2.19978254344584	-1.24362182732544
151000	152000	-0.129006040056805	2.39629783267467	-1.5968024853894
152000	153000	-0.660290272612148	2.02649354507652	-1.47877952927906
153000	154000	-0.884010947366768	1.75905469643852	-1.35197357541207
154000	155000	-1.06084804302094	1.3916497481601	-0.804863464662023
155000	156000	-1.18440528476781	1.61489988776861	-0.468638750261879
156000	157000	-1.24357449032927	2.28556929150443	-0.148020493893631
157000	158000	-1.08701255261822	2.29164608800083	0.224283061032774
158000	159000	-0.627950435201737	2.25042654697298	0.171316423691298
159000	160000	-0.670784002821372	2.0909027867517	0.55768147209537
160000	161000	-0.789340679474408	2.23558789446	0.968241644686821
161000	162000	-1.1488894951187	2.59763965026291	0.878457010403066
162000	163000	-0.995309069290929	2.68122296758538	1.14537117110013
163000	164000	-1.26757222346755	2.46499407825718	1.46506095275101
164000	165000	-0.881107049862184	2.16328027953005	1.75300464555519
165000	166000	-1.01284860495962	1.84531749076758	2.0123730112837
166000	167000	-0.555026426160795	1.49773831389085	2.18724146808882
167000	168000	-0.626185692878805	1.24633156164658	2.77730888924671
168000	169000	-0.754875514789295	1.02597860671668	2.31756899786041
169000	170000	-0.853742765270252	0.43622480348312	2.51955174374089
170000	171000	-0.4390009371406	0.189643767575101	2.4406894820053
171000	172000	0.0552619325283772	0.00237097681829426	2.59177151444521
172000	173000	0.47671325545616	0.119307511471333	2.71446739167907
173000	174000	0.00481583843410282	0.456696276525537	2.88694780871231
174000	175000	-0.294812892178032	0.480914616781755	2.34244046992816
175000	176000	-0.391293109816186	0.391180224907118	1.85248674872448
176000	177000	0.263910359903949	0.418768650523794	1.96465416965896
177000	178000	0.606492307532543	0.8655560550144	2.10779683549844
178000	179000	0.566540791166626	1.03438164026894	2.49463776506337
179000	180000	0.46967454158879	1.3742202004533	1.97603815936321
180000	181000	0.16453561181456	1.20325201443894	2.00764242218357
181000	182000	0.351429903345188	1.56004392601425	1.624729250869
182000	183000	-0.038063032182044	1.56555356439531	1.96413142168876
183000	184000	0.0909961033286058	1.90899819171299	1.88199217351239
184000	185000	-0.210758550603936	1.98380310536825	1.30990723569164
185000	186000	-0.391772499369588	2.07380546325973	1.61752513486585
186000	187000	-0.740525929860981	1.97824774809065	1.28539512632069
187000	188000	-0.993769933815148	1.55553676859275	1.38478098209548
188000	189000	-1.12297148531778	1.92435620156948	1.35591827037024
189000	190000	-1.40949826771392	2.05434430955409	1.07728598357352
190000	191000	-1.50624077113987	2.20726035912572	0.633594058257367
191000	192000	-1.26872752683441	1.78665452758031	0.648986808211068
192000	193000	-1.55712778300115	1.39090005764437	0.55945224821489
193000	194000	-1.61212248633917	0.922852885990288	0.79892128412635
194000	195000	-1.86204923907966	0.961242356796273	1.05330896074942
195000	196000	-2.18931882488176	0.725192535998232	0.830063256611015
196000	197000	-2.44024727765632	1.01748415448184	0.663890302482325
197000	198000	-2.52550761170758	0.776365205780049	0.278901895817278
198000	199000	-2.27430149555031	0.805436520828857	0.0772551477086894
199000	2e+05	-2.25224940954864	0.394374183703785	0.128591585327968
2e+05	201000	-2.07812144674862	-0.0173174088252751	-0.0876799350069514
201000	202000	-1.78950467290002	-0.234528184620126	-0.280699496524077
202000	203000	-1.50088617357528	-0.14678257306601	-0.60221784988871
203000	204000	-1.59490997646004	-0.0718328501861287	-1.1126927235111
204000	205000	-1.96379214741923	-0.032778621541242	-1.32051415572316
205000	206000	-2.343585277322	-0.156800294609669	-2.01457616482558
206000	207000	-2.81428506997821	-0.140940581289504	-1.93646561717372
207000	208000	-3.70389078596249	-0.22367097332182	-3.21414243244817
208000	209000	-2.69030269216326	-0.430719769785434	-2.14967917459129
209000	210000	-2.28810226043284	-0.594585678381973	-2.43022918801569
210000	211000	-1.83928521405371	-0.567552601152347	-1.91383241000592
211000	212000	-1.49146061399584	-0.506470951979478	-2.12940762154731
212000	213000	-1.08780921580069	-0.658691030295886	-1.70147061439676
213000	214000	-1.77408701551058	-0.958624212064372	-1.77661438624606
214000	215000	-1.95018097766042	-1.3324560889948	-1.99238711032512
215000	216000	-1.44693318757507	-1.17903116252207	-2.24764357306603
216000	217000	-1.22472725450333	-1.12735365557211	-2.44536804810159
217000	218000	-0.883457401530197	-1.12582032159897	-1.92924671769418
218000	219000	-1.10855860175057	-1.5212887078938	-2.06988891970349
219000	220000	-1.07477494688526	-1.5405914555424	-1.51707426641071
220000	221000	-1.43188568403326	-1.43216597592587	-1.44842927463143
221000	222000	-1.13875524907745	-1.12104083173299	-1.1970020780174
222000	223000	-1.29095420265514	-0.752083619953906	-0.977231715817052
223000	224000	-1.59279225172356	-0.480833213427891	-1.2279178915342
224000	225000	-2.12079475353518	-0.537891366760514	-1.2922434468017
225000	226000	-2.4144453537309	-0.672550347185421	-1.58203804624485
226000	227000	-2.52841702467054	-1.17233501568399	-1.57590097029608
227000	228000	-2.04051798359547	-1.47475385472493	-1.34248665794764
228000	229000	-2.11270274618418	-0.945099348819806	-1.39218951030691
229000	230000	-2.42537384781875	-0.584496528443239	-0.918575047105054
230000	231000	-2.44788251080314	-0.311327213459276	-0.695662083685469
231000	232000	-2.83271501135598	-0.0949304492791425	-0.889359759555541
232000	233000	-2.58756280911059	0.103255456721892	-0.583115377190583
233000	234000	-2.68489627415446	-0.0394062788950971	-0.293484002957894
234000	235000	-3.09111996421116	-0.339399147458896	-0.142926195431841
235000	236000	-2.48726300047979	-0.557146532749326	-0.264747875625615
236000	237000	-2.31977089055443	-0.976865908608069	0.206763796130653
237000	238000	-2.11703637062871	-0.59592369715822	0.293002775229843
238000	239000	-2.3374970193696	-0.61646780312389	0.585818241756117
239000	240000	-2.32780337230928	-0.280966597507438	0.921478278817935
240000	241000	-2.53415044327897	-0.67610189549324	1.39326314179074
241000	242000	-2.12421015655326	-0.962918803598856	1.53266128098394
242000	243000	-1.70093259262751	-1.1393711918588	1.31242864681648
243000	244000	-1.4151072838102	-1.32753253487958	1.13234455676105
244000	245000	-1.04690834711804	-1.49541007680926	1.45283114222071
245000	246000	-1.22965582830993	-1.51516624501398	1.82643510226917
246000	247000	-1.42499316182707	-1.22361412451891	2.14337280095376
247000	248000	-1.63250268895604	-1.04836015579039	2.58855106246429
248000	249000	-1.4233623265738	-0.728505064985139	2.52646771381696
249000	250000	-1.46379892421561	-0.311911548749025	2.57536625835406
250000	251000	-1.12641097643927	-0.0214340398482192	2.69343792475802
251000	252000	-1.55685160415623	0.243875319047202	2.82841335004717
252000	253000	-1.58455501265461	0.135541594133399	2.40975909083434
253000	254000	-1.91862490456862	0.140456824554819	2.3435403647085
254000	255000	-1.89476021048881	0.384958712158077	2.03197624830072
255000	256000	-2.15798535523671	0.734302425214126	2.12535824087157
256000	257000	-2.01922586816567	1.00931391103789	1.71655474843741
257000	258000	-1.6691101966784	0.63558380577143	2.06274834474595
258000	259000	-1.46881479229696	0.468086579235177	1.66028135273567
259000	260000	-1.17551357956987	0.710346559036257	1.50499876271146
260000	261000	-1.06364922891394	0.955225146024436	1.92271344933293
261000	262000	-1.27639492447021	1.01753500369498	2.43832788474381
262000	263000	-1.31248418845188	1.36771909439339	2.2405046359202
263000	264000	-1.42892999226003	1.65332319335364	1.9475683499749
264000	265000	-1.79437462540883	1.57399474689627	2.09892713811542
265000	266000	-1.49590566199759	1.48967095682595	1.60757963356052
266000	267000	-1.86325750182495	1.95926942308791	1.81429379294625
267000	268000	-1.55853412365352	1.87644150138538	1.5012580182379
268000	269000	-1.81298201885331	1.98023662243349	1.52935700464045
269000	270000	-1.79497493791968	1.62314125289324	1.59857841579975
270000	271000	-2.04731240001956	1.52363246142934	1.55880738218721
271000	272000	-1.77146962047513	1.43172649207687	1.35296761204031
272000	273000	-1.75083046451577	1.67880842363629	1.18411347719046
273000	274000	-1.92014155040272	1.87514157699845	1.27803997612403
274000	275000	-2.08213452119584	2.04938355762052	1.1735289608179
275000	276000	-1.8798433833686	2.04822775758106	0.961937091740127
276000	277000	-1.89066315027009	1.73012939533899	0.787363586905506
277000	278000	-2.00758322040156	1.47789724143966	1.0399456695447
278000	279000	-2.17112847595529	1.10743835791976	1.02681635253509
279000	280000	-2.47637658660987	1.44300420486868	1.4439233930247
280000	281000	-2.42844308381965	1.64351336175767	1.03188003368587
281000	282000	-2.34670210643149	1.66382624682245	0.867712204723067
282000	283000	-2.20791875308922	1.31637010655548	0.759826800942635
283000	284000	-2.26157361354384	1.80715052728218	0.607502439874621
284000	285000	-1.81019124083348	1.78382225144071	0.482111593380758
285000	286000	-1.9027203925725	2.17484855872612	0.426844091196683
286000	287000	-2.17823883852031	2.03549909808164	-0.00143378109751281
287000	288000	-2.04422294252862	1.64474644286754	0.15761388968407
288000	289000	-1.93355867449931	1.48597570643085	-0.134051138566128
289000	290000	-2.4143922105978	1.18405804091995	-0.255497939832984
290000	291000	-2.68374556171772	1.21555256456429	-0.338013656358427
291000	292000	-3.10601291003452	1.1768642109691	-0.329576185652703
292000	293000	-4.13683401147689	1.26839004064826	-0.576169954310973
293000	294000	-3.18750559286256	0.768770196632681	-0.785856271028154
294000	295000	-2.8464813247654	0.584230340389278	-0.922178737854925
295000	296000	-2.50940819516184	0.647678850398351	-0.64086988738566
296000	297000	-2.14867471725138	0.65901542082214	-0.822383030456454
297000	298000	-2.18500868556165	0.910065732684788	-0.910163383149102
298000	299000	-1.991941754542	1.07643520524607	-1.36507700278505
299000	3e+05	-1.50034011659193	1.25141779469145	-1.35247052291924
3e+05	301000	-1.3098144806834	0.844003773731073	-1.31484064261857
301000	302000	-1.46262505248469	0.615084422247211	-1.4173642644909
302000	303000	-1.31230875437435	0.248807752121481	-1.75120868840817
303000	304000	-1.60158255959302	-0.0812443396335994	-2.16257044617945
304000	305000	-1.77088505116062	0.356378130776136	-2.2674661064273
305000	306000	-1.88918850344707	0.453708855637466	-2.00191543489242
306000	307000	-2.10711529719986	0.269363662868241	-1.80449203296885
307000	308000	-2.3133251553473	0.743722659596984	-2.01187101955388
308000	309000	-2.4965367742464	0.602401039504907	-1.3270649218549
309000	310000	-2.75360865035784	0.310912553211657	-1.71530141641397
310000	311000	-2.47704885682814	0.192031780434797	-1.37293307563327
311000	312000	-2.49067860297976	-0.0657462238253169	-1.44801140924985
312000	313000	-2.99188625383266	0.136268565513781	-1.52077136461741
313000	314000	-2.74805985914583	0.128645152519507	-1.20751684777969
314000	315000	-2.91766580865435	-0.114386276973312	-1.37114167301657
315000	316000	-2.55634246046278	-0.130223995250091	-1.16726994547258
316000	317000	-2.64620124442479	-0.385271630937816	-1.32689346376011
317000	318000	-2.77245427051283	-0.351159489519929	-1.03387099735205
318000	319000	-2.80444759598329	-0.662162680849378	-1.27472438071878
319000	320000	-2.8974973651936	-0.78935906089242	-0.830246779625728
320000	321000	-2.79223149881279	-1.02440376512352	-1.02587067410088
321000	322000	-2.58608742111915	-1.12436342095734	-0.708484724102091
322000	323000	-2.27265404516214	-1.47654990549961	-0.969007458347751
323000	324000	-2.56242186582968	-1.58675559900628	-0.847280783023821
324000	325000	-2.55107250420358	-1.74582353676779	-0.593618254685641
325000	326000	-3.33399268035256	-2.7668951654795	-0.464829764985507
326000	327000	-2.66221495104772	-2.11984023249878	-0.18592536669955
327000	328000	-2.15839169252686	-1.87055991528428	0.214394431265214
328000	329000	-2.06896763842127	-1.66996273880059	0.522905804575982
329000	330000	-1.96034761454148	-2.0176468480545	0.669667294197769
330000	331000	-1.7587359772015	-1.87355157079027	0.822654942215161
331000	332000	-1.60181776812613	-2.18647359689932	1.24825977659733
332000	333000	-1.85407319092371	-1.90796450374795	1.47283202370811
333000	334000	-1.89218180825289	-1.41121076430564	1.70066904221044
334000	335000	-1.63451204913162	-1.67973584080654	1.83529623568429
335000	336000	-1.41662798362984	-2.04584714707452	2.04752348973188
336000	337000	-1.02468885550534	-1.90554609267636	1.98614233914783
337000	338000	-0.933685915542311	-2.13984746287657	2.00500238050564
338000	339000	-1.05068440891021	-2.15231340563673	1.72132535786392
339000	340000	-1.0874987805817	-2.45289914454475	1.54813950302004
340000	341000	-0.606199203073918	-2.40369496517796	1.6065960779562
341000	342000	-0.431799843121068	-2.15568126334408	1.54794681192202
342000	343000	-0.650902335800564	-1.96069906811722	1.30861023056702
343000	344000	-0.54704710036362	-2.72340644475571	1.29099202359901
344000	345000	-0.591964277008029	-2.75331309544542	0.712469063073501
345000	346000	-0.555185627245955	-2.72495504345322	0.30635325127693
346000	347000	-0.51078133698195	-2.57596975904258	0.0899474596922476
347000	348000	0.00715368551090409	-2.67830466047557	-0.0810868289790637
348000	349000	-0.723404734733317	-2.72646230267094	-0.331001793865871
349000	350000	-0.539847766307341	-2.66611160134651	-0.550384651782312
350000	351000	-0.724609009127199	-2.36221264358115	-0.583740733343342
351000	352000	-0.64203745905631	-2.38620998557092	-0.940749991416829
352000	353000	-1.01519319062071	-2.50714357854943	-1.02927557899633
353000	354000	-1.10610217769402	-1.96855980508572	-1.11093627568576
354000	355000	-1.42570530420196	-1.96093367550281	-0.841914796891544
355000	356000	-1.63927635732018	-1.94819163656273	-1.36533850947827
356000	357000	-2.18502524218528	-2.1788314778466	-1.27692967862791
357000	358000	-2.89557328686014	-2.93443742882721	-1.82385348169385
358000	359000	-2.48522398426562	-1.93426756350541	-1.33446314573607
359000	360000	-2.86765233991136	-1.74670676820473	-0.953798967866107
360000	361000	-4.18622217531305	-1.97608709643652	-1.11799095925932
361000	362000	-3.45778215300515	-1.52914257891206	-0.504399020448943
362000	363000	-4.25250627024415	-1.97898531097542	-0.136922848376716
363000	364000	-2.90649821812016	-1.51381151758919	-0.0596554335270604
364000	365000	-1.90481498823491	-1.64610229123821	-0.0792482860808466
365000	366000	-1.61547564925583	-1.9231692870717	-0.0276279576238953
366000	367000	-1.66051244444434	-2.60563224272419	-0.233572378825208
367000	368000	-1.6360226762763	-2.91561626693639	0.298731339916391
368000	369000	-1.7652949348833	-4.02952729011292	0.598387999017672
369000	370000	-1.11310501467623	-2.83513579659446	0.617393347158803
370000	371000	-0.744482451276815	-2.15112637196309	0.482923186005384
371000	372000	-0.258968899690559	-1.62945253306369	0.443521996152642
372000	373000	-0.0747727414540151	-1.46149834429242	0.0824594165780735
373000	374000	0.0720286776983	-0.789553536700547	0.234421222214976
374000	375000	0.294061005822698	-1.27470064058463	0.737996350958252
375000	376000	0.181547874251996	-1.12032728326114	1.26234680667069
376000	377000	-0.170473593362087	-1.04849205660094	1.33971275950209
377000	378000	-0.515863177674408	-1.04493568725169	1.46446835723314
378000	379000	-1.02824095569717	-0.819879530206754	1.40873189827935
379000	380000	-1.11002199772648	-0.589830902402134	1.77405142168809
380000	381000	-0.932415885736591	-0.411445307878003	1.93231798147458
381000	382000	-0.669070456110312	-0.318005366886483	2.15021549193542
382000	383000	-0.792225256373681	-0.0781926748993833	2.49202052483446
383000	384000	-0.69104346310731	0.0118011788828991	2.80736375917577
384000	385000	-0.440418120672902	-0.116463501680583	3.22886409873195
385000	386000	-0.384207401240202	-0.419308505688273	3.17991495032618
386000	387000	-0.338488199409997	-0.383397220725098	2.61106913885131
387000	388000	0.0439761309597095	-0.785436453541758	3.0708180294713
388000	389000	-0.167028589552505	-0.951364799643221	2.86726764080912
389000	390000	-0.258924366683591	-1.02658476976978	3.27591993608368
390000	391000	-0.474437679877036	-0.823402046090006	2.9675865813898
391000	392000	-0.73298364484103	-0.560927007196428	3.52252912916101
392000	393000	-0.855191031667223	-0.386895965860308	3.11550283300996
393000	394000	-1.17545233962043	-0.330295112495621	3.03575801084588
394000	395000	-1.07171847382252	-0.773107417069351	2.83113093059784
395000	396000	-1.36546792370238	-0.900727287346412	2.91192452115745
396000	397000	-1.49255435747085	-1.09709497337815	3.23915042545905
397000	398000	-1.83827936828866	-1.47563241477718	4.40944871163994
398000	399000	-1.16063778859099	-1.10362348449111	3.01093370565586
399000	4e+05	-0.814260643163935	-0.983319233668253	3.1633077446657
4e+05	401000	-0.88271687325811	-1.34494605079206	2.98061325589996
401000	402000	-0.657386387554493	-1.37309123858963	3.20577148694388
402000	403000	-0.553181808931297	-1.19225038346369	2.69457090104735
403000	404000	-0.586213579596361	-0.950808300304514	2.42615143320062
404000	405000	-0.74119792771628	-1.07561778529704	2.14090445884265
405000	406000	-0.941238145322507	-1.28713140616044	2.4336323600197
406000	407000	-1.22035514482444	-1.54615407671188	2.60647821729805
407000	408000	-0.987422592452541	-1.80149538279261	2.87008251365569
408000	409000	-0.525271822324629	-1.72518462568172	2.40184583224199
409000	410000	-0.208141966483228	-1.47098916616956	2.69480211743152
410000	411000	-0.0430962831099573	-1.17186713231346	2.68312925395371
411000	412000	0.590144432617312	-1.21747181250759	3.20809163446909
412000	413000	0.17455379387845	-1.52496025090118	3.03718607806962
413000	414000	0.0399817012022689	-1.73857989199163	2.84353279319989
414000	415000	-0.0479978485291898	-2.12740004531085	2.61013227253506
415000	416000	-0.106856944241266	-1.86413347461735	2.31218312057486
416000	417000	-0.0795365845286222	-2.10751252583804	2.07941074904381
417000	418000	-0.135746736934453	-2.41597544234959	1.74535341985287
418000	419000	0.37951093168132	-2.33286541473243	1.70972399281847
419000	420000	0.628780300178009	-2.35131927914723	1.86025555250826
420000	421000	0.554108735932306	-1.75292206921535	1.93944531808665
421000	422000	0.594368339063146	-1.44047648937536	2.36874326268714
422000	423000	0.568959454157451	-1.15085881224012	2.05932840809794
423000	424000	0.740611355021399	-1.22139226644203	2.36328189163811
424000	425000	0.215150661350415	-1.29949596036701	2.11494395048888
425000	426000	-0.0753731170903	-1.10342350328301	2.25117948588742
426000	427000	-0.014809413949737	-0.534821748560103	2.24865434576198
427000	428000	0.507477269071646	-0.417684222489663	2.44958593037798
428000	429000	0.185396455284826	-0.463883991481059	2.66136500609442
429000	430000	0.0326945347164708	-0.277064849087926	3.12205374214875
430000	431000	0.10868921930995	-0.336976860652949	3.55721253284784
431000	432000	0.381266361858228	-0.729995627777873	3.09806370189884
432000	433000	0.729309563395391	-0.567287357215325	3.23243890808183
433000	434000	0.937389875506313	-0.551104515375004	2.71036855101673
434000	435000	1.01216612144694	-0.757578817893977	2.50519082502769
435000	436000	1.46289226878512	-1.10353033374068	2.57372279895794
436000	437000	1.77269127980849	-1.04948471049759	2.23135513135659
437000	438000	1.6694867385737	-1.18384180525835	1.87858869983331
438000	439000	2.19593555094548	-1.18319546594282	1.81349558872371
439000	440000	1.94108242214543	-1.35986394429977	1.28731299871552
440000	441000	2.06281009422846	-1.50768692584862	1.62503060563153
441000	442000	2.30891537387728	-1.14780293853984	1.4370681204554
442000	443000	2.66650237140325	-1.38242606357908	1.36480800374014
443000	444000	2.42172814987383	-1.45095821610496	0.995876958347876
444000	445000	2.50798170693285	-1.75673462865349	1.02532466047001
445000	446000	2.52935957058189	-2.2201073543162	1.22516571836205
446000	447000	2.94421289848995	-3.02616841577893	2.0825086404397
447000	448000	1.95967125814033	-2.42851129016264	1.62806300451089
448000	449000	1.63182930101498	-1.97176190311203	1.55089661245449
449000	450000	1.16981419897676	-2.11199516816327	1.47453772541956
450000	451000	0.853763163049767	-1.75511733692307	1.45149496975709
451000	452000	0.823370277028152	-1.53409988882743	0.991416154549043
452000	453000	1.30025598284067	-1.936331497129	0.953235958142693
453000	454000	1.37973454470298	-1.68372394161515	0.658521948334685
454000	455000	1.58566349493816	-2.22059085916254	0.561965999405496
455000	456000	1.79771694185592	-1.83991278952339	0.120646985910903
456000	457000	1.79523153251534	-2.30786452563251	-0.240287249742451
457000	458000	1.62717530736873	-1.99118332171154	-0.372285472532935
458000	459000	1.82979484215298	-1.95014282061324	-0.822110955784795
459000	460000	1.94279231954798	-1.63333390577673	-0.700334426771315
460000	461000	1.8219559260299	-1.25435238632296	-0.576310581508819
461000	462000	1.48339779621558	-1.05559798763827	-0.916141573780056
462000	463000	0.925642704644088	-1.17803305045098	-0.853659407588063
463000	464000	0.874550453595733	-1.56601231322455	-0.653686404901491
464000	465000	0.895597973111223	-1.65171309925063	-0.193508795990487
465000	466000	0.826386013857871	-1.93963628367517	-0.0852510398027946
466000	467000	0.430693126713031	-1.91943279915879	0.136943546095802
467000	468000	0.338357011407626	-2.22986494294385	-0.00768695129750048
468000	469000	0.222753475491967	-2.17780173365916	0.535731177715243
469000	470000	0.0841084385005913	-2.44765295386596	0.604482850243223
470000	471000	0.111860217982249	-2.33079408755784	0.997156362004457
471000	472000	0.239696698517227	-2.74165362276126	1.25113779675994
472000	473000	0.439445244161587	-2.40798076761688	1.08482509706465
473000	474000	0.701762747327762	-2.74458345006516	1.00212307299041
474000	475000	1.00288946950059	-2.52181023020656	0.549215010051295
475000	476000	0.78812992824984	-2.5231883297002	0.233670967465531
476000	477000	1.11874379597304	-2.5096038653952	-0.0159298347122727
477000	478000	0.858939784697393	-2.79868033314234	-0.340351273573308
478000	479000	1.00312238421859	-2.62819182368439	-0.687411696629377
479000	480000	0.982331262483847	-2.29069791247717	-0.849058350965038
480000	481000	1.33581822941085	-2.35183230753008	-1.19467003060446
481000	482000	1.05185785891746	-2.03254911585263	-1.36665176721199
482000	483000	1.52291406751412	-2.00508670497511	-1.57740479641907
483000	484000	1.32965447202171	-1.77365715349802	-1.52788989066084
484000	485000	1.5974801219538	-1.76944528718796	-1.2876813540369
485000	486000	1.94723818925218	-1.66901627578632	-1.46472697699483
486000	487000	2.35578235105021	-1.90306828416464	-1.73535436750791
487000	488000	2.28130897183537	-1.57273690752758	-1.89309520783285
488000	489000	2.08923353645203	-1.20659766565346	-1.70656993878853
489000	490000	2.26022785523229	-1.29377159227706	-1.47425092519885
490000	491000	2.43343887217918	-1.2388350480321	-1.08501635838852
491000	492000	2.42033876016185	-1.6477712127028	-0.966781391024185
492000	493000	2.28784239303519	-1.96239633435446	-1.03507270198966
493000	494000	2.18229072339635	-2.04118123585552	-1.51294786501616
494000	495000	2.06762949514982	-2.11460631521514	-1.83562235198612
495000	496000	2.74634033678153	-2.81443651143877	-2.83313272051948
496000	497000	2.089810126495	-1.8301769820816	-2.11066566022159
497000	498000	1.91212684050347	-1.47650069114465	-1.93345478221101
498000	499000	1.7087836109993	-1.2811428209223	-1.82821985710311
499000	5e+05	1.51093720170757	-1.05730494325793	-2.06767750605471
5e+05	501000	1.92177362570932	-0.962039127154061	-1.88706292838563
501000	502000	2.10122626902053	-1.23879961714054	-2.24169922330712
502000	503000	1.96449152295322	-0.9484039107525	-2.47545393323187
503000	504000	1.96560373621997	-0.709465771424214	-2.31688402998075
504000	505000	1.77666975861716	-0.291394256185097	-2.22830169635924
505000	506000	1.6417740421075	0.217203034409372	-2.08620667678108
506000	507000	1.9205901177781	0.389586351205059	-1.78506881996842
507000	508000	1.80742155691206	0.379196769065604	-1.31875506405094
508000	509000	2.15302264654141	0.10634089709815	-1.68451099570077
509000	510000	2.35731462194363	-0.283262388544629	-1.56808420570318
510000	511000	2.236196838443	-0.508235725529583	-1.74423121414471
511000	512000	1.95148867458134	-0.752688335845558	-1.6189230347601
512000	513000	1.63490818485401	-1.05738389385899	-1.47299228543192
513000	514000	1.47993746357216	-0.723813572651188	-1.08822440698955
514000	515000	1.27487727108906	-0.4126688852501	-1.22164698409878
515000	516000	1.60751274118821	0.00212830230755282	-0.919713149545997
516000	517000	1.83045987284683	-0.274527726926398	-1.12704375617952
517000	518000	2.25198742200907	-0.353942595256754	-0.915277901412652
518000	519000	2.64781854915148	-0.433598336293816	-0.917340233791926
519000	520000	2.85219425256737	-0.637852597467882	-0.578790271024458
520000	521000	2.66638560198107	-0.960565954694887	-0.343214012511879
521000	522000	2.57168362455152	-1.55645358177094	-0.214414653082852
522000	523000	2.84146098498201	-1.83980527985055	0.0451100489138573
523000	524000	3.56223607252959	-2.74291416941487	-0.0908497507903219
524000	525000	2.79054149625535	-1.83364056861792	0.518744882799937
525000	526000	2.42404306691237	-1.63698325895339	0.383182766291215
526000	527000	2.61152223624796	-1.46415613553037	0.557167356862418
527000	528000	3.00954057286708	-1.39181330944895	0.524507170059376
528000	529000	4.38475095902884	-1.6747357925659	0.828876044227446
529000	530000	3.05714508667358	-1.13546430530964	0.806544399967655
530000	531000	2.7677485765354	-0.990319381695944	0.988978170307093
531000	532000	2.61929167880441	-0.903540215625683	1.24374422307261
532000	533000	2.93282710699232	-1.10797597513981	1.20795912411798
533000	534000	4.30074188866051	-0.919760703751558	1.38766450424914
534000	535000	3.10160172403826	-0.756913038126063	1.05503858814516
535000	536000	2.72010636381711	-0.504693575058496	1.18654682660305
536000	537000	3.03248238681893	-0.141227897319288	1.65762019491425
537000	538000	3.80764205640477	-0.674531762267348	2.48828485150729
538000	539000	2.80918817202074	-0.710039770548954	2.07572037744789
539000	540000	2.49157546342695	-0.503134848666099	1.80789471500832
540000	541000	2.19840380926325	-0.664444125385785	2.06285266136872
541000	542000	2.18831814224249	-0.87995602030328	1.72967398934737
542000	543000	1.81892816496181	-0.617449943678775	1.65066153421497
543000	544000	1.83691353528888	-0.713490691140153	1.18072456583211
544000	545000	1.347661360198	-0.849175483758227	1.052461111012
545000	546000	1.50355408976951	-0.918520207672795	0.738366839924054
546000	547000	1.48420799009986	-0.901915408968459	0.157606256319217
547000	548000	1.83108125153056	-0.564744848004362	0.244830119955022
548000	549000	1.93029074499665	-0.268173694551834	0.881348487886251
549000	550000	2.18607566234559	0.034662429921713	1.84780759471907
550000	551000	2.94162094664288	0.488665401254918	2.88975301683897
551000	552000	1.94791696083014	0.243791481262946	2.57249247759447
552000	553000	1.70917134408392	0.0653700900104787	2.07088406787938
553000	554000	1.33312362395232	-0.355690100337287	1.91730127883457
554000	555000	0.954195664771481	0.0151869335242874	1.69048587853933
555000	556000	0.487778844065965	0.177067711888978	1.22563923842875
556000	557000	0.0608142692868724	0.308598531747493	0.980145491703898
557000	558000	-0.241239133296101	0.809020932536356	0.881926639693961
558000	559000	-0.0985197066593828	1.44484909885888	1.18283523908166
559000	560000	-0.205691335465963	2.19668892142976	2.2284308111776
560000	561000	-0.255406800667798	2.73140221260398	3.15152427830355
561000	562000	-0.714003701166921	1.77958235197117	2.49414309688231
562000	563000	-1.00236566277522	1.10509863428661	1.55317717741109
563000	564000	-1.10218251933468	0.68842433789233	0.582726890143408
564000	565000	-1.56154622898177	0.721097411138867	0.3102840760681
565000	566000	-1.4993516863761	0.227857597778983	0.152491439022969
566000	567000	-0.973400611174039	0.139887990153523	0.280510960967815
567000	568000	-0.701605285425043	-0.0531664257682115	0.439229557200777
568000	569000	-0.847875852566893	-0.396346714717197	0.377581886777437
569000	570000	-0.86939021386891	-0.905883877529591	0.534110341474115
570000	571000	-0.822512693323049	-0.838494776940626	-0.289871078093847
571000	572000	-0.35421357079704	-0.574986775197168	-0.400294293159229
572000	573000	0.224615979231658	0.103864264019197	-0.403714306831646
573000	574000	0.829731197344424	0.547157442390372	-0.407360775624997
574000	575000	2.0602188033375	0.881307021053983	-0.205921295642947
575000	576000	3.51524435294215	1.64192918675054	-0.342661640764244
576000	577000	2.46157134969832	1.59759930433862	-0.172124289464092
577000	578000	1.5624445834014	1.45166674466141	0.110341000124799
578000	579000	0.843559222272794	1.64231913267038	0.398528881323733
579000	580000	0.430305254362812	1.85871979063503	0.981992408023633
580000	581000	0.645301694519383	1.56553139271203	1.19615871545352
581000	582000	0.799582113423691	1.11529576011241	1.01185520410432
582000	583000	0.704184134984034	0.635490542767647	0.817432531695837
583000	584000	0.853864987385554	6.84365028562517e-05	0.63713770178637
584000	585000	0.953382927959218	-0.0451704763169282	0.2201496803172
585000	586000	1.08174340792034	0.358495237585955	0.0904207198932341
586000	587000	1.54063480902633	0.741441698162367	-0.145772485987812
587000	588000	1.92159809804885	0.434751364568696	0.193282610065666
588000	589000	1.77977325235361	0.426115767256799	0.5857280788022
589000	590000	1.92207740133307	0.488442491857076	1.05967255910925
590000	591000	1.64060071958659	0.81989551727077	1.35833305278778
591000	592000	1.49477412937097	1.33311411630823	1.41721718142159
592000	593000	1.86708364500986	1.43965780078131	1.20818113496416
593000	594000	1.57142996678707	1.81474530351564	1.07918256150466
594000	595000	1.95271108258998	1.92497950273423	1.01926586182692
595000	596000	1.67668305496445	1.77265424306942	0.510927848433013
596000	597000	2.05315228070289	1.4663563277802	0.52182467956208
597000	598000	2.42338521578786	1.45123257541695	0.401020864867488
598000	599000	2.79851624948212	1.0550617247495	0.664573891929869
599000	6e+05	3.79130681872078	1.17487845803341	1.18518161871536
6e+05	601000	3.01187768688248	0.551098987877495	0.76160786791886
601000	602000	2.67479778793658	0.17121980366933	0.762486849701007
602000	603000	2.37313433950683	-0.200829263211924	0.702961808469457
603000	604000	2.48774898759436	-0.4717476358396	0.449659191139975
604000	605000	2.57073014858199	-0.177209359071594	0.0359868656393963
605000	606000	2.66415819626517	0.0762141559950408	-0.259021035132427
606000	607000	2.39550816765511	0.368841210598466	-0.467619824234175
607000	608000	2.49279341691321	0.468382813316013	-0.98349409969593
608000	609000	1.9423322067736	0.811136645163253	-1.05371785599003
609000	610000	2.04733251739229	1.37302389775916	-0.869520445374391
610000	611000	1.80008251515639	1.53677779486922	-0.844467145159409
611000	612000	1.89884879700994	1.89221415182263	-0.697073020258672
612000	613000	2.08186193536107	2.37407192115334	-1.19708550656516
613000	614000	1.6606929120143	2.34410894800114	-0.853933455430842
614000	615000	1.3774992953894	2.15026411261265	-0.539188251342931
615000	616000	1.99873550343874	2.47244841059229	-0.545197011114965
616000	617000	1.71922551523146	2.10122416312447	-0.253288229702068
617000	618000	2.04167329760249	2.23988602563004	-0.174888644619258
618000	619000	1.78150763544076	2.1242813500758	0.0501752923674108
619000	620000	1.81599234826788	2.4868649175424	0.27575898296186
620000	621000	1.61700755984424	2.29418951101642	0.347635692007043
621000	622000	1.55120029171752	2.60516137948235	0.634140392396603
622000	623000	1.42126608873284	2.43800285800882	1.01518254936746
623000	624000	1.01682057073371	2.29463898364897	1.06429203449529
624000	625000	0.692460405665337	2.63171633304092	1.09547408032736
625000	626000	0.326212000458439	2.85213814217294	1.06853859923387
