0	1000	-0.157525558597138	-2.12988120944212	1.19617792504594
1000	2000	-0.28164304781675	-2.1593628839786	1.46245623258241
2000	3000	-0.556566946743956	-2.11952613471468	1.93735441342784
3000	4000	-0.239554408774895	-2.08718163954071	1.75327983978804
4000	5000	-0.099447077349521	-1.87923318098993	1.57104978242192
5000	6000	0.0490638830888617	-2.22572489511776	2.13207779713491
6000	7000	0.0704712994921566	-1.92548759878431	1.85294002360051
7000	8000	0.242701429859909	-2.08531506703216	1.73484272645887
8000	9000	0.25358206342489	-1.71551115651116	1.69838214255452
9000	10000	0.461889712855035	-1.90533837323373	1.60231466196552
10000	11000	0.358946454106208	-2.13889960047449	1.40898919189714
11000	12000	0.809001653496545	-2.28914413593778	1.70966061512283
12000	13000	0.630363361244748	-2.3420834322682	1.28455431647341
13000	14000	0.597774600849208	-1.97303496770945	1.16590149169565
14000	15000	0.454866590268555	-2.25023737078652	0.978017826660068
15000	16000	0.420081869581506	-1.91955611873336	0.850976989580499
16000	17000	0.626695585515884	-2.14479101477471	0.690500137747138
17000	18000	0.843224256020454	-1.91211952337669	0.873630664011108
18000	19000	0.969544431498751	-2.09852734758258	1.12619700308534
19000	20000	1.04086197839526	-2.40062638825803	1.23585398796969
20000	21000	0.841311205463003	-2.36480561487917	0.939830408538933
21000	22000	1.07923207305541	-2.19099879783498	0.804852402214666
22000	23000	0.983636624170389	-2.41207754492144	0.667525512204937
23000	24000	1.2545671271176	-2.41877965181134	0.900986989024583
24000	25000	1.23933584382729	-2.64007758548815	0.658324639903384
25000	26000	1.19662758207268	-2.77376888572272	1.00033180715936
26000	27000	0.864982660658661	-2.75445033262931	0.87926946043496
27000	28000	0.939357964245757	-3.0689681803534	1.00843347681789
28000	29000	1.73035568845299	-4.45218365559672	1.47781253488926
29000	30000	1.1432052478605	-3.32428626723715	0.686405504310982
30000	31000	0.920939072268586	-3.02053912340658	0.555809514071212
31000	32000	0.70960453966989	-2.86967705714186	0.585340571996719
32000	33000	0.835739500824166	-2.96285792105602	0.233982994442517
33000	34000	0.627916234978824	-2.70523736277662	0.376445988345697
34000	35000	0.482236852590544	-2.75254456186416	0.15342124764546
35000	36000	0.462745701408828	-3.04468318978925	0.046880901172653
36000	37000	0.527043813351832	-3.41610472126081	0.202807093593728
37000	38000	0.363802302571627	-3.02992264121898	0.411873720149019
38000	39000	0.0844930754590392	-3.30143624999891	0.266743093891422
39000	40000	0.24033292521707	-2.6639865813257	0.45015560178468
40000	41000	0.0267278019733353	-2.86871276154557	0.530170338491724
41000	42000	-0.734055581419928	-4.55186931960572	0.513773331409494
42000	43000	-0.170025717755666	-2.81619194005664	0.204338753516021
43000	44000	-0.0362438344216553	-2.46578352079042	0.266697664901329
44000	45000	0.179438738369126	-2.29382017282773	0.0676439578878655
45000	46000	-0.0443627036697302	-2.52584386221324	-0.0643677403541627
46000	47000	-0.848376492606282	-4.24183841358065	-0.553197317263489
47000	48000	0.048228307978862	-2.7420954303301	-0.280751959975281
48000	49000	0.0892766163158326	-2.93556034953461	-0.675041477619137
49000	50000	0.196446324704494	-2.47249990778244	-0.493413599665976
50000	51000	-0.110271716913055	-2.2771785704129	-0.497914503747336
51000	52000	0.125363142409527	-2.19949175889843	-0.74747483228289
52000	53000	-0.181587472947786	-2.41054615781058	-0.843357616020563
53000	54000	0.0643083047858154	-2.46008488894838	-1.09398684248557
54000	55000	-0.34021039336855	-2.11840477255402	-0.923895198916366
55000	56000	-0.0849541505509555	-2.00833276773561	-1.0786517970236
56000	57000	-0.431722569047033	-2.44810775695423	-1.23072968276611
57000	58000	-0.189496388624685	-2.21189395985674	-1.35804760682137
58000	59000	-0.608854078413754	-2.09525808992147	-1.32451176055285
59000	60000	-0.341959041131327	-1.89722043978259	-1.47579508519527
60000	61000	-0.48323451271973	-2.19103610888905	-1.66697534836078
61000	62000	-0.155265140720943	-2.10476066486067	-1.7249629238516
62000	63000	-0.353236628541175	-2.19164383364058	-1.98515784420928
63000	64000	-0.281512419221036	-1.8434832676776	-1.88161423117355
64000	65000	-0.558498110411242	-1.95876314555501	-2.1551717161253
65000	66000	-0.527955796020556	-1.68263928647245	-2.02662408953472
66000	67000	-0.253317158318682	-1.65153593092471	-2.12688542773642
67000	68000	-0.290200180037775	-1.86739606911959	-2.30664853380746
68000	69000	-0.225036127371866	-2.20864476676757	-2.55954297903239
69000	70000	-0.0424447601099409	-2.05558940621255	-2.2440015203313
70000	71000	0.0523783852176483	-1.82452870831823	-2.1504741107836
71000	72000	0.106722941767709	-1.84675809443414	-2.44882353260835
72000	73000	0.267315369134999	-1.98559829177945	-2.26600504163486
73000	74000	0.351245221894769	-1.70298679382116	-2.17503289587967
74000	75000	0.388987052762459	-2.07487477458479	-2.01931955343419
75000	76000	0.519410138014876	-1.8455695070497	-2.0102846728886
76000	77000	0.669022654994041	-2.13512766361207	-2.20826257908387
77000	78000	0.768338634596381	-1.80014689072337	-2.22683968292391
78000	79000	0.575530598297639	-1.8476764473861	-2.44968015119554
79000	80000	0.757272008488695	-1.8752499325948	-2.79055953352171
80000	81000	0.554293807941589	-1.54109765029856	-2.5930564038866
81000	82000	0.482031396464399	-1.20587509429357	-2.60697214318096
82000	83000	0.770158004018204	-1.25888268045587	-2.41944466351522
83000	84000	0.852699204269369	-1.18847708459113	-2.77868989688739
84000	85000	1.13858366172681	-1.24654901046318	-2.52800857992912
85000	86000	0.997595195730169	-0.843814818345083	-2.54643892665526
86000	87000	1.48818587124675	-0.858599420989989	-2.67538574381974
87000	88000	1.24018531690976	-0.809889056427863	-2.27902756661424
88000	89000	1.10258762248223	-0.704284664541676	-1.99786140034549
89000	90000	1.43155582580394	-0.755071193676434	-1.95469743463098
90000	91000	1.52994807748494	-1.07544237960494	-2.08418096958485
91000	92000	2.8115014142369	-1.56719698736636	-3.28905297517349
92000	93000	1.81601437026258	-0.853678587853119	-1.98808661025006
93000	94000	2.20759807372798	-0.819966267994255	-1.84502621005667
94000	95000	1.71870831648401	-0.744853948449643	-1.59298491275903
95000	96000	1.3989257789072	-0.703464121480624	-1.383952908238
96000	97000	1.62980423756729	-0.968135522094667	-1.27665673439587
97000	98000	1.87417761406589	-1.13421543789094	-1.45830466094177
98000	99000	1.86989443219258	-1.39068776897915	-1.72647858356669
99000	1e+05	1.52572852048978	-1.25304237623265	-1.49561480184992
1e+05	101000	1.51614657253739	-1.3944704346082	-1.78231023483026
101000	102000	1.25283326098692	-1.13069929794447	-1.66333436966186
102000	103000	1.17945950735635	-1.47483932510438	-1.90289322173406
103000	104000	0.887219411709637	-1.12547146231291	-1.82960016612143
104000	105000	0.479645286153861	-1.08214325694044	-1.87997805026668
105000	106000	0.637324887907286	-1.02613396130329	-1.52290973324981
106000	107000	0.793975744599032	-1.43485482048555	-1.64649107401183
107000	108000	0.91453103365633	-1.20668844924001	-1.3555884268527
108000	109000	0.572607346051427	-1.38821166254545	-1.37440765475981
109000	110000	0.805027069420258	-1.35359492444263	-1.01144723380431
110000	111000	0.737669187120613	-1.70246721357607	-1.21712708076256
111000	112000	1.12420352132547	-1.61726121920633	-1.24695810377098
112000	113000	0.913941998750752	-1.90596449892659	-1.45082103450149
113000	114000	1.24190683926408	-1.92756507405369	-1.37467556753979
114000	115000	1.52830991922811	-2.24123705983734	-1.378899860836
115000	116000	1.64044698448131	-1.98828431188425	-0.932812945427183
116000	117000	1.15956776084385	-1.87316164717869	-0.730098856281347
117000	118000	1.2151938289424	-2.21997372998521	-0.774027307209185
118000	119000	1.33938091077001	-2.64656578261046	-0.898130901923166
119000	120000	1.81130869878102	-4.08648121051029	-1.17283939141443
120000	121000	1.04046556006514	-2.53938914193687	-0.526787254029906
121000	122000	0.777934670131248	-2.24639450790897	-0.538093911924398
122000	123000	0.813251427316966	-2.06364009426272	-0.231163406207464
123000	124000	0.99623994245993	-2.3338669825812	-0.137466821073941
124000	125000	2.4116813558001	-3.72542452539472	-0.256934822714406
125000	126000	1.37828121623495	-2.28974478869709	-0.0865748287173967
126000	127000	1.03570583248652	-1.90712922899406	0.0706670624219415
127000	128000	1.37234504000295	-1.89109676899641	0.0483953264802627
128000	129000	3.10821122247278	-2.73783382068369	-0.138380783151566
129000	130000	1.79581092210246	-1.84948003753302	0.216976792809502
130000	131000	1.47346731716916	-1.69552402675955	0.408828942493317
131000	132000	1.73169463198072	-1.5801242299564	0.794042807793753
132000	133000	1.39502776857657	-1.32842964529545	0.443444758036501
133000	134000	1.40707968315215	-1.28623229640681	-0.0726213675391178
134000	135000	1.67293247915593	-1.22385615754076	0.190567690156702
135000	136000	1.97041483555068	-1.22568470788802	0.385279440257282
136000	137000	3.56908402791028	-1.65564930486735	0.422889854744046
137000	138000	2.09347762187511	-0.862158280390167	0.60523909820607
138000	139000	3.38323797970244	-1.50793108546295	1.63410657509915
139000	140000	2.07559289668046	-0.630157802840626	1.01229123623562
140000	141000	1.76310028182349	-0.474833955129413	0.818111635761585
141000	142000	2.13761847877967	-0.419716474424916	0.563539025721491
142000	143000	2.64189946030592	-0.453580280304457	0.733592312928965
143000	144000	2.52300780309967	-0.0118277120763223	0.67537933256232
144000	145000	2.22679348863971	-0.00151600013787165	0.441440548613838
145000	146000	1.95824690588234	-0.0901367117360321	0.700894900558385
146000	147000	2.21019193375854	-0.151547892158003	0.963728675432225
147000	148000	2.58411289161007	-0.187433076578972	1.30001775725996
148000	149000	2.26690906326245	0.16808198182603	1.13931801269083
149000	150000	1.91708725374752	0.00621050881013419	1.18737058952325
150000	151000	2.01439798735522	0.301161127921241	0.932896196290588
151000	152000	1.66309725514186	0.246624655399703	1.03156488854129
152000	153000	1.81535627143136	0.588635674370823	0.914547128622633
153000	154000	1.55886471391897	0.413081820749702	0.66932186502996
154000	155000	1.37085939654218	0.6906100270014	0.900320610854069
155000	156000	1.44052417120438	0.68034718605035	1.2434330525135
156000	157000	1.4064557660874	0.366750987633075	1.41962872526621
157000	158000	1.78922423821827	0.597052301731743	1.4036415250499
158000	159000	1.72150797235584	0.342463834190978	1.60537685514236
159000	160000	2.05942149597025	0.394670691409847	1.61131311539263
160000	161000	1.93202168089368	0.36168804045085	1.91498054467397
161000	162000	2.26921718987311	0.0870246988780382	2.03557895034592
162000	163000	2.0867218908717	0.231210721272238	2.44344816661874
163000	164000	1.82252973362711	0.0383153760887765	2.11754450967678
164000	165000	1.61455665206189	0.376255478793708	2.18527011091316
165000	166000	1.45605900488624	0.0859997169594572	2.0664093644423
166000	167000	1.52834784920897	0.116007358491978	2.4350559225047
167000	168000	1.50631628987558	-0.233288054414176	2.64679199405354
168000	169000	1.22964900805111	0.0304249260057082	2.35712643871408
169000	170000	1.16004009908769	0.302366946569008	2.49620558978081
170000	171000	1.06353681331097	0.0565530649823545	2.72492180690263
171000	172000	0.806053937750628	-0.285662952367965	2.79405557225276
172000	173000	0.967651390421894	-0.303817284486761	2.34424997074893
173000	174000	0.759442429112591	0.0110569563905624	2.39784657864054
174000	175000	0.917420658361586	-0.0645296666645757	2.0422258303199
175000	176000	0.736772043422736	0.347854543492838	2.15824538378195
176000	177000	0.741983548843754	0.263841929478473	1.79595382226143
177000	178000	0.384661165677258	0.468828268900597	2.03326608162078
178000	179000	0.181958876119835	0.0755151540776811	2.34432101079726
179000	180000	0.230839000583316	0.095491595454806	1.80410661250299
180000	181000	0.391088412725452	-0.28725309944156	1.78188078801844
181000	182000	0.409462540994821	-0.0697816801825799	1.42540592324666
182000	183000	0.536616669238577	-0.506969537643853	1.46710674192132
183000	184000	0.857088303993982	-0.31575835559689	1.31730271494324
184000	185000	0.558952910265838	-0.35777419516711	1.01174907758932
185000	186000	0.875391806229488	-0.1490320597093	0.818377164860745
186000	187000	0.476797000420373	0.115558686020366	0.832922859747306
187000	188000	0.674700528361675	0.466104209338274	0.93765557703931
188000	189000	0.453463906730124	0.898477852191998	0.949347546752868
189000	190000	0.762052670023326	0.794076835912928	0.600755371557448
190000	191000	0.627310864244057	0.890647992693531	0.273160399174202
191000	192000	0.420401215253323	0.559439048146366	0.425773359111033
192000	193000	0.193862061650367	0.804126519873534	0.0403887390151014
193000	194000	0.0879578470683626	0.263287563497945	0.216814519933288
194000	195000	0.350646789027084	0.325670296511518	-0.0997084408381265
195000	196000	0.700594214816951	0.286851408721534	0.173307781608433
196000	197000	0.622554191435043	0.0409865965476448	-0.130047713369727
197000	198000	1.0285396581641	0.159290711974781	-0.137734362529704
198000	199000	0.766887520836014	0.283625777061998	-0.428146218448361
199000	2e+05	0.976304293490278	0.587521202892929	-0.143775344339817
2e+05	201000	0.625240503088832	0.68552506424658	-0.283512455306357
201000	202000	0.905942440574955	0.785073326508542	-0.496133529705758
202000	203000	0.515691619261016	0.694386350744332	-0.683912530962767
203000	204000	0.881518514302093	0.585531314572343	-0.864586116188228
204000	205000	0.523342630903553	0.514321006115501	-1.07126837167046
205000	206000	0.386777230581153	0.619509744124159	-1.41227191650625
206000	207000	0.441478838100543	0.713826367806704	-1.78401298779692
207000	208000	0.784900003225864	1.32870924011543	-3.57463478240671
208000	209000	0.6525541237682	0.49735436325837	-2.17129088653201
209000	210000	0.402303375793756	0.267637863822692	-1.9708554312321
210000	211000	0.62124492226143	0.10991456234715	-1.67258242436911
211000	212000	0.774008009364886	-0.0134556903088387	-2.07044431266185
212000	213000	0.948653346911607	-0.078572794139866	-1.70840166152457
213000	214000	1.1741024613462	0.144464961228206	-1.9648169622395
214000	215000	1.27369236142265	0.182576479733966	-1.62005438542728
215000	216000	1.5520713466155	0.0993918098061843	-1.97531543306692
216000	217000	1.65987789490407	-0.098202802195921	-1.67056530032782
217000	218000	1.93059721047883	0.0871409654290448	-1.84830471603336
218000	219000	1.75954046779351	0.147603626661663	-1.43633916587506
219000	220000	1.96695446218692	0.384351552921823	-1.55722022352632
220000	221000	2.12732118399162	0.0874229245476787	-1.49287462988372
221000	222000	2.49454306950002	-0.117912045529286	-1.79228085538481
222000	223000	2.18635508261861	-0.212399974350659	-1.31514957882009
223000	224000	1.98761561690188	0.00688906315217457	-1.09931524884447
224000	225000	2.22471501359432	-0.0848663564475751	-0.862368706200911
225000	226000	2.34063977608184	0.113650138688513	-1.07413253758646
226000	227000	2.58672885987989	-0.114733588321946	-1.14259601871796
227000	228000	2.6804471531897	0.114820404265996	-1.40247626956503
228000	229000	2.51333794571619	0.386848443934934	-1.58850433522491
229000	230000	2.41562707387511	0.349220136941528	-1.26412096389614
230000	231000	2.67895390500155	0.374725530381237	-1.1409455362028
231000	232000	3.02765110642552	0.412385917121567	-0.960210955167347
232000	233000	2.60468814540756	0.428189604606945	-0.791726699028137
233000	234000	2.49334217316694	0.600552847465896	-0.99967254831467
234000	235000	2.88624481890938	0.791728650971207	-1.27320641394141
235000	236000	2.45836673804986	0.765348758235465	-1.26465461549344
236000	237000	2.15260475803527	0.662471849715495	-1.14954815029189
237000	238000	2.17772160401878	0.657473963656889	-0.802606309696975
238000	239000	2.66322086030889	0.975658464888406	-0.695233910940748
239000	240000	2.30197259810024	1.03648957188445	-0.927721696544087
240000	241000	2.44161759771941	1.30843448610633	-1.2869540054275
241000	242000	1.97728270827037	1.0971739376557	-1.02315137944311
242000	243000	1.81881355835701	0.895316775496687	-0.795636762233045
243000	244000	1.72179119480921	1.05193394823952	-0.562638617988974
244000	245000	2.03382696603198	1.23733843225405	-0.616712503822153
245000	246000	2.48641075936076	1.45349200074897	-0.4373259263834
246000	247000	2.0248452003156	1.16730289167128	-0.235142011077753
247000	248000	2.09041989934781	1.02315578856636	0.078551367798254
248000	249000	1.9581911527395	1.18610549363114	0.363147903889619
249000	250000	1.97737679858643	1.17681015195905	0.723337795936437
250000	251000	1.83176426795886	1.32435816979496	1.06003942878508
251000	252000	1.5309549420397	1.49908327091737	1.21653470879721
252000	253000	1.78949403374484	1.64272023303304	1.43282288024137
253000	254000	1.91179471939463	2.10456295057401	1.76871239594447
254000	255000	1.62414585404843	1.65960509013353	1.79236261891879
255000	256000	1.38811365119559	1.91083679244292	1.71491168156736
256000	257000	1.26105869239808	1.5183856765852	1.80904071220308
257000	258000	1.1179555716652	1.81036505336413	1.96341034688738
258000	259000	0.899037062084965	1.50932936774476	1.97136603048576
259000	260000	0.769799713798919	1.76500890626071	2.22618776626336
260000	261000	0.987487519318831	1.50745613130543	2.30974006954497
261000	262000	0.775435079890277	1.4706946108931	2.70817438219265
262000	263000	0.970937986495154	1.75103591851339	2.66999544378981
263000	264000	0.883083978829007	2.13131523723961	2.60341622646598
264000	265000	1.23364597800184	2.04098231384641	2.42367250829298
265000	266000	1.19041594048677	1.74909695569569	2.39456795903072
266000	267000	1.45980508355664	1.9800978596891	2.81710776954844
267000	268000	1.38235607327452	1.62176354654346	2.5783138163338
268000	269000	1.56505963548773	1.80664871701798	2.32564877468785
269000	270000	1.42370093524717	1.50755646512827	2.20541909849133
270000	271000	1.68002530022994	1.48258534891288	2.36078244177164
271000	272000	1.66811071455515	1.34093141275315	2.69213243679438
272000	273000	1.4621762751501	1.2547111904724	2.40758665422607
273000	274000	1.26252296914494	1.09609121390374	2.2591898987508
274000	275000	1.46122435573375	0.963033065400575	2.59741972902454
275000	276000	1.52973293720938	1.08004147919335	2.0486759947004
276000	277000	1.72578423532871	0.966222536047958	2.29049956755567
277000	278000	1.82006110497666	1.23264399937334	2.10958070950951
278000	279000	2.00761633551443	1.10167955930345	2.30650847448668
279000	280000	2.1450419679485	1.41546207727763	2.33939986113404
280000	281000	2.46824979928957	1.13446277478728	2.43298277471019
281000	282000	2.26201148860154	1.16850711418054	2.1022668785025
282000	283000	2.16728874378554	0.947280482363824	1.96272190856783
283000	284000	2.03606855032669	1.15566647535378	1.81327776263384
284000	285000	2.14546858652022	1.44904851348649	1.888419347877
285000	286000	2.38350505100531	1.2906752922788	1.79854345172112
286000	287000	2.71976718359231	1.43480025829801	1.78878573768146
287000	288000	2.38304261192639	1.06659199058858	1.56620623080641
288000	289000	2.26508985357832	1.41850845214755	1.47503584576047
289000	290000	2.27040693370093	1.14488317538065	1.25644038229826
290000	291000	2.70800006768337	1.25094598238432	1.02896944989837
291000	292000	2.3483063847848	1.44846239421309	1.11347393979632
292000	293000	3.80494895247352	2.64021014838127	1.42468190428468
293000	294000	2.71608485371361	1.78440455775831	0.834667618924774
294000	295000	2.38118381282329	1.55311541393859	0.567257021726458
295000	296000	2.18825584858562	1.75683544810542	0.876273618746763
296000	297000	2.20361478727213	1.95813830380315	0.554131341958122
297000	298000	2.02104576025633	2.13643949536655	0.846942946104503
298000	299000	1.93218172580938	2.39667690372934	0.516947442301385
299000	3e+05	1.69542689407118	1.9515902294259	0.789742787602201
3e+05	301000	1.80429933022976	1.77695975155305	0.567366660827977
301000	302000	1.46013816885339	1.6731336205206	0.629731917069642
302000	303000	1.38666520875528	2.04533817337785	0.586135852874171
303000	304000	1.32515492790436	2.40724579054631	0.304337587476068
304000	305000	1.41288532271993	1.89017899658197	0.223713730331696
305000	306000	1.47005431495799	1.53805153282599	0.148121049727274
306000	307000	1.87768563591776	1.7198228799438	0.121814138715306
307000	308000	2.27367385689887	2.07072799949561	-0.0418544993172736
308000	309000	1.77141769452101	2.00411817275447	-0.130244564199746
309000	310000	1.53297198238105	2.29880316474926	-0.415918467230545
310000	311000	1.4535955744428	1.72493663762625	-0.354116857412332
311000	312000	1.81183761849315	1.73900650814959	-0.450326239486511
312000	313000	2.08676938854308	2.0993225431162	-0.76076837829819
313000	314000	1.6520282679412	1.7404403152494	-0.765914141037346
314000	315000	1.91224323719027	1.69465999905382	-1.06159310974888
315000	316000	1.53560453959374	1.4287966033365	-0.986358121377625
316000	317000	1.58826819446514	1.44126331257319	-1.34151475743072
317000	318000	1.47141597683829	1.1073862635964	-1.25615540812579
318000	319000	1.70021338454236	1.21099820005278	-1.60940244738198
319000	320000	1.59357473774638	0.857990013759608	-1.54821190208858
320000	321000	1.36271784806167	1.0401877120134	-1.80781319048481
321000	322000	1.12682277873993	1.07225419271045	-1.5293457295916
322000	323000	1.05817871175085	1.47643924015392	-1.93158829774684
323000	324000	0.828954244440545	1.47526436641425	-1.45742002917602
324000	325000	0.963272974989996	1.83902333917767	-1.35914117910315
325000	326000	1.52702851616817	3.37891654499843	-1.98096858620359
326000	327000	0.617357621309811	2.00817687340177	-1.04710914841026
327000	328000	0.469385991850271	1.62447021132934	-0.945554129456224
328000	329000	0.246331190287624	1.5657596825505	-0.636988140247474
329000	330000	-0.0736409167097746	1.7778170397644	-0.623390489839934
330000	331000	0.174858447164551	1.87868368578494	-0.30099122201329
331000	332000	0.146342948106382	2.22431954097165	-0.502680916934714
332000	333000	0.0331828972398869	2.25115175761246	-0.130912951564362
333000	334000	-0.329515633583075	2.23442048246085	-0.119525429633855
334000	335000	-0.400445392810311	1.96564386627777	-0.373914301864599
335000	336000	-0.733992817748345	2.24190185168434	-0.33180326684208
336000	337000	-0.544290926466705	2.20154856032726	-0.652370653520469
337000	338000	-0.542358529608598	2.64431303865556	-0.338972995048109
338000	339000	-0.275279493266562	2.46725524843586	-0.578503217129183
339000	340000	-0.512552769341036	2.87396569835035	-0.677083731782551
340000	341000	-0.187322714128455	2.7457393440407	-0.8439064671196
341000	342000	-0.512778761963711	2.54584191401436	-0.951086729494346
342000	343000	-0.222260518856875	2.39980465116441	-1.0649303544576
343000	344000	-0.367892047641713	2.62324927970502	-1.24877248087091
344000	345000	-0.200772633511368	2.86021219759191	-1.43222058439124
345000	346000	0.118919119394287	2.65920827528816	-1.28974080706923
346000	347000	-0.0378168459704181	2.48813625569065	-1.54659240418051
347000	348000	0.154826778242747	2.25936968468876	-1.37088247479088
348000	349000	0.266315831926617	2.25668490502091	-1.76574341646089
349000	350000	0.0804726162454818	1.93690102799815	-1.63074159353566
350000	351000	-0.139109125441455	2.06073122014766	-1.43272424920583
351000	352000	-0.178945258211098	2.22273378746562	-1.7524651142671
352000	353000	-0.298432587474394	1.91968166174281	-1.88673166730566
353000	354000	-0.435878749959188	1.93755758130562	-1.51568672435084
354000	355000	-0.454187948826284	2.26531474528305	-1.47248772320958
355000	356000	-0.651959310976111	2.09012620430464	-1.7503238205647
356000	357000	-0.536956418359089	2.31081417592449	-1.9740502720898
357000	358000	-0.278472148806123	3.4859196773532	-3.14486996852013
358000	359000	-0.540071824429774	2.56137145392938	-1.75105793097304
359000	360000	-0.76102263190448	2.39531696906205	-1.62621777137281
360000	361000	-1.51176030632058	3.41226180977499	-2.95777512798711
361000	362000	-0.973039678643172	2.66782352841839	-1.75013439830963
362000	363000	-1.41754460071898	4.23198652032073	-1.93867054470453
363000	364000	-0.966076068208778	2.7537141856658	-1.39287545709562
364000	365000	-0.898069274931322	2.43609737571946	-1.28909490579752
365000	366000	-1.27797935415907	2.5786366592792	-1.17323143756145
366000	367000	-0.984052519183772	2.12080140347655	-1.35210609621051
367000	368000	-1.30379871429561	2.22073739573237	-1.52092738802184
368000	369000	-2.39269238240066	3.00115363176525	-2.64329714055345
369000	370000	-1.39500578796013	2.05947349124284	-1.94333081090405
370000	371000	-1.16587807390803	1.70643294867441	-1.7083841185226
371000	372000	-1.01639857813158	1.65568659453429	-1.36458840549396
372000	373000	-0.832323152424059	1.7515515391607	-1.06987687642947
373000	374000	-0.588687335592396	1.44131968863861	-1.30378733945488
374000	375000	-0.921098658237107	1.10328046780159	-1.33748935923429
375000	376000	-0.773543997236711	1.29719707173389	-0.873039120532548
376000	377000	-0.91979775550823	1.17652033710774	-0.55324110763485
377000	378000	-0.477804116012441	1.16757200771981	-0.502820554874244
378000	379000	-0.789206092508751	1.03837771968536	-0.155110243047197
379000	380000	-0.638981171181282	1.41482918422581	-0.0057456217379105
380000	381000	-0.488570746946883	1.11698551657758	0.342149579182494
381000	382000	-0.223402673762474	1.57838433121172	0.370742759266256
382000	383000	-0.379075866997464	1.21373376075363	0.759020976021671
383000	384000	-0.560879454136782	1.56532768138218	0.75661740551268
384000	385000	-0.23338279783169	1.4475171748435	1.12966788502114
385000	386000	-0.315059783612299	1.88518343754501	0.880825262919203
386000	387000	0.0399663220274423	1.77093715753669	0.966332687740485
387000	388000	0.0777285049874116	2.20195034121522	0.949102089031652
388000	389000	0.121495011804125	1.95204206970304	1.28712618786235
389000	390000	-0.183329257830683	1.8578831763865	1.34141287879949
390000	391000	-0.0436453227728103	1.92443838471179	1.66514202559942
391000	392000	0.0271358827820441	2.43714407934452	1.780973470403
392000	393000	-0.266346819361795	2.1719155732686	1.57159002137112
393000	394000	-0.104005344638365	2.35681420995245	1.35684517529728
394000	395000	-0.423287736108244	2.2327267503752	1.25694010250536
395000	396000	-0.384949453769245	2.55516012551929	1.30275375483977
396000	397000	-0.424456518065694	2.53473577273021	1.67374411245013
397000	398000	-0.937893622525949	3.97062689354696	2.17930087960915
398000	399000	-0.674473828047893	2.45667757062649	1.50240403197683
399000	4e+05	-0.789340936241582	2.41325178802173	1.19991512598915
4e+05	401000	-0.897814269385285	2.23668497296967	1.50936663409061
401000	402000	-0.806202646882318	2.22350287118877	1.9530716295628
402000	403000	-0.686225286508835	2.00382409255938	1.54771827965767
403000	404000	-0.67767275469329	1.70257158012771	1.60424149976811
404000	405000	-0.826642481140429	1.80861802598257	1.23633542617676
405000	406000	-0.941360051109437	1.50848807262968	1.40355330060482
406000	407000	-1.19298840905858	1.71419701598095	1.59231581219636
407000	408000	-1.46696855365513	2.10742735636901	1.63662264805327
408000	409000	-1.2095115730848	1.88087993224475	1.20933059739652
409000	410000	-1.19588081357689	1.52935386048521	1.08926215252859
410000	411000	-1.52615032909181	1.67415253069709	1.25228206917421
411000	412000	-1.93498466096188	1.53724813799671	1.16253298927661
412000	413000	-1.55407517167627	1.48504014265098	0.885708567850162
413000	414000	-1.45094460184702	1.89099035674462	0.811680702205249
414000	415000	-1.78492217730448	2.1853007356035	0.782749329826208
415000	416000	-1.4949466214528	1.87516278536478	0.412012243413511
416000	417000	-1.36788480446321	1.50627391946247	0.412831725888386
417000	418000	-1.73402908926903	1.34191253327932	0.368390889984854
418000	419000	-1.88828105601613	1.63173810312096	0.260759510366297
419000	420000	-2.355564045692	1.64339101735944	0.246021446660461
420000	421000	-2.05775681661343	1.61122288287039	-0.0878228484391807
421000	422000	-1.82670485403456	1.34965760988231	-0.0829045767660428
422000	423000	-1.84432542124428	1.95299920993469	-0.0136108690879526
423000	424000	-1.46909657451611	1.57820081012535	-0.113730541741733
424000	425000	-1.64258875901506	1.80563838114861	-0.311685733523633
425000	426000	-1.55367146787351	1.44684534817933	-0.494260004427884
426000	427000	-1.69521905979965	1.69009848136732	-0.658357067729137
427000	428000	-1.53193170621178	1.60760202550717	-0.962746831934238
428000	429000	-1.47113608406242	1.92480355564718	-0.752446864790973
429000	430000	-1.40816812697752	2.11029346812703	-0.46925719168397
430000	431000	-1.82741518594084	2.37314285222973	-0.500558347209151
431000	432000	-1.98088491141779	1.90452536757284	-0.604905358928118
432000	433000	-2.14562947198873	1.92836008649878	-1.02551313257417
433000	434000	-1.95909806529571	1.45540371475077	-0.918416559132032
434000	435000	-2.15454679359782	1.46136448839222	-0.60937754000914
435000	436000	-2.59850389619715	1.61957623071314	-0.569724506200671
436000	437000	-2.31423774514475	1.16917677630049	-0.512083624188471
437000	438000	-2.00476140243488	1.03157812789927	-0.659430063444115
438000	439000	-2.20802824326771	0.870792037061884	-0.394243704178664
439000	440000	-2.20861890169497	0.763200584728928	-0.703279446748207
440000	441000	-2.58271740146376	0.783486473647256	-0.574793781699161
441000	442000	-2.49094957924151	0.801029547689831	-0.857935039981275
442000	443000	-2.99742841263528	0.91397338146424	-0.838908550818094
443000	444000	-2.63167650060593	1.09188328578497	-0.871402445500247
444000	445000	-2.35377932041904	1.08968461213425	-1.077454543971
445000	446000	-2.67091924975288	1.05949204033905	-1.2663895443621
446000	447000	-4.04276059918457	1.41223110385701	-2.07520320801559
447000	448000	-2.65940875811913	0.643081401322835	-1.16801851051739
448000	449000	-2.38081604931221	0.770564887200992	-1.27959936632076
449000	450000	-2.29637961445847	0.499779153730738	-1.04739270626695
450000	451000	-2.09930618617202	0.632795310803963	-1.28547676123494
451000	452000	-2.29607234070094	0.34739186202885	-1.33336630101518
452000	453000	-2.3588102067854	0.512740691333063	-1.63103569124797
453000	454000	-2.10567578096489	0.260956433759295	-1.64100018240746
454000	455000	-1.98674689753346	0.615753820170227	-1.67363862869267
455000	456000	-1.85186412107603	0.330387373479811	-1.34385817622991
456000	457000	-1.61555605440822	0.543959289291132	-1.53684331671811
457000	458000	-1.52768257396465	0.169489012412741	-1.47924735389214
458000	459000	-1.53965455169028	0.374617067413051	-1.95094636583657
459000	460000	-1.25868647444906	0.119698145999501	-1.74500039002497
460000	461000	-1.5812383939332	-0.0274044150733539	-1.96012307180011
461000	462000	-1.3956013486123	0.214626724815234	-2.39373436640546
462000	463000	-1.33583992113211	-0.268634838330984	-2.36374855562304
463000	464000	-0.965965878561764	-0.148589194728332	-2.13844134731286
464000	465000	-1.13305955713946	-0.482267323130117	-2.08357487111558
465000	466000	-0.846902476021607	-0.28937344405286	-1.76892327610902
466000	467000	-0.804018184570445	-0.577275249662828	-1.97490943744494
467000	468000	-0.514392758796991	-0.535263424841587	-1.83506846707289
468000	469000	-0.569685641217368	-0.391133441826783	-2.28176023129737
469000	470000	-0.344949454532217	-0.236168433762546	-2.0249239480737
470000	471000	-0.272520091177741	-0.206758543223826	-2.48967909176976
471000	472000	-0.016435926346144	-0.111043802716667	-2.18233955275581
472000	473000	0.0446491610626984	-0.406874369892289	-2.40070746208733
473000	474000	0.0134035975443053	-0.522749410386505	-1.98314791078459
474000	475000	0.0514714915859142	-0.752818021080684	-2.31849095463173
475000	476000	-0.212233403319707	-0.824161701685739	-2.11827049876528
476000	477000	-0.281569991423828	-0.804127520776114	-2.46094453780804
477000	478000	-0.440917307701971	-0.785212002970222	-2.896937042285
478000	479000	-0.560703123313407	-1.06293942759172	-2.47537976772347
479000	480000	-0.805266822089445	-0.855124463933212	-2.35431790364747
480000	481000	-0.780816008456832	-1.1786165549183	-2.1608693619854
481000	482000	-1.14125731192979	-1.08574130560296	-2.39627388410074
482000	483000	-1.12851831577854	-1.38701732021458	-2.14333168859743
483000	484000	-0.946749143834621	-1.03773067657388	-1.88439446748141
484000	485000	-1.09232595561186	-1.28527993334371	-1.66018632615282
485000	486000	-1.3233652535916	-1.02875748656683	-1.89878975702196
486000	487000	-1.68283992906234	-1.43163687923772	-1.85561057993291
487000	488000	-1.67712727288024	-0.970127901555633	-1.79427522491796
488000	489000	-1.57910253550363	-1.03472225926284	-1.38120166364285
489000	490000	-1.39576869561973	-0.705514873052526	-1.51556203605171
490000	491000	-1.45514344731618	-0.527399460016577	-1.19757606423795
491000	492000	-1.59153468279726	-0.381490487392076	-1.55798577992556
492000	493000	-1.79532320933416	-0.633999483680698	-1.51028049566649
493000	494000	-1.95548257476556	-0.521168503061194	-1.89878307108258
494000	495000	-2.14292171191754	-0.815333675368343	-1.65016711938238
495000	496000	-3.41966857715525	-1.00108428064784	-2.96086463054933
496000	497000	-2.41275460318725	-0.435758040874918	-1.70557725023373
497000	498000	-2.21410597365765	-0.47600683988563	-1.40967393806304
498000	499000	-2.15354453858588	-0.327392103206688	-1.15942524012412
499000	5e+05	-2.03790659646662	-0.643505504673367	-1.11904114914807
5e+05	501000	-2.27642040458265	-0.572870378994729	-0.964452027146617
501000	502000	-2.34834787806943	-0.823680389548752	-1.20816845957535
502000	503000	-2.74723442906347	-0.963687505317574	-1.43424539096072
503000	504000	-2.65042436563618	-0.763902393386652	-1.06714404468774
504000	505000	-2.62792996455881	-0.506114561576226	-1.23108873560932
505000	506000	-2.96889844993904	-0.625315132333077	-1.21291672450848
506000	507000	-2.93417552847271	-0.270643543618918	-1.31238266193943
507000	508000	-2.8484955456419	-0.386858884140079	-1.02647023398084
508000	509000	-2.67358917708001	-0.163255186293582	-1.09144156093186
509000	510000	-2.6673336598827	-0.0748422815761813	-0.815109915696928
510000	511000	-2.68285586263457	-0.339704884608078	-0.799553397928217
511000	512000	-2.97057138066289	-0.162995252974178	-0.783347725313603
512000	513000	-3.07183085103658	-0.492455434478552	-0.725127428326381
513000	514000	-2.91001883380602	-0.298257073648015	-0.474432812149749
514000	515000	-2.7490358857872	-0.603405899744997	-0.592004772144493
515000	516000	-2.37133538265763	-0.390806160742222	-0.51167937138823
516000	517000	-2.4740540807793	-0.764382052548625	-0.459513671031473
517000	518000	-2.60617603677536	-0.525221215358564	-0.316813405169406
518000	519000	-3.00739378763709	-0.829928227102493	-0.190045715803003
519000	520000	-2.73473827050957	-0.5980398462507	0.0142825869053958
520000	521000	-2.41335796202574	-0.556314076118084	0.0786587996133481
521000	522000	-2.49353588539828	-0.226716253957115	-0.0543872941304434
522000	523000	-2.84238069684533	-0.251907542260052	0.000430791192462151
523000	524000	-4.56242010454686	-0.0168413639467679	0.3379612142017
524000	525000	-2.74488522446594	-0.00791313463055017	0.217279715890903
525000	526000	-2.47256150736265	0.15777824117552	0.183721074061692
526000	527000	-2.51490951600867	0.0549534065590002	0.495675651700277
527000	528000	-2.79454753167026	-0.123249260311345	0.61692423206373
528000	529000	-4.22664291052399	-0.70912979759682	1.22101682212985
529000	530000	-2.43203647964109	-0.336468093886769	0.524913244352898
530000	531000	-2.14782154984623	-0.117441179129292	0.344975817900698
531000	532000	-1.7786051025572	-0.241615735607297	0.381737246506098
532000	533000	-1.91655141651486	-0.603302336854145	0.329740262498693
533000	534000	-3.05988746545599	-2.25951019420619	-0.044691083129789
534000	535000	-1.573503752166	-0.694683448913605	0.119080317658094
535000	536000	-1.25884899255563	-0.653280763883493	0.343241322837379
536000	537000	-1.22144276116168	-1.13566378647035	0.156257018425956
537000	538000	-1.8489029805108	-2.64388265666755	-0.20778553886423
538000	539000	-0.906617230444955	-0.935153495364016	0.435357680506154
539000	540000	-0.608900991491963	-0.692501652011561	0.493519220094992
540000	541000	-0.918259661082895	-0.229285372244727	0.438710334788447
541000	542000	-0.42049351302595	-0.35960578919364	0.544442012564773
542000	543000	-0.724230869217215	-0.269343491292302	0.929476063143476
543000	544000	-0.29037846444453	-0.388917016792107	1.00039246108954
544000	545000	-0.557671683584815	-0.51108601344728	1.26805817317593
545000	546000	-0.259896524446539	-0.831335067109544	1.14767357425663
546000	547000	-0.584345174680309	-0.961519804910283	0.937665188182616
547000	548000	-0.98511117657425	-0.731024113820367	0.976176751044093
548000	549000	-0.8620375489977	-0.93840444814896	1.29576783869725
549000	550000	-1.22698901417064	-1.11581289879114	1.54140218706376
550000	551000	-2.23927170769705	-1.95758044249959	2.95225320686067
551000	552000	-1.09253881818905	-0.933843771611189	1.85516074050245
552000	553000	-0.880010198083752	-1.25435946219767	2.04839676180182
553000	554000	-0.555635192955989	-0.924262523363921	2.10314582735118
554000	555000	-0.477134380798687	-0.86714966543584	1.74203841657496
555000	556000	-0.73957676581627	-0.6712637385653	1.88172128214302
556000	557000	-1.01171026287	-0.495645604208075	1.69511849121999
557000	558000	-0.805047169287543	-0.298804807113826	1.92390224645025
558000	559000	-0.671402077717059	-0.39527174999468	2.21391832142644
559000	560000	-0.697709839800791	-0.629887273120476	2.50800761540689
560000	561000	-1.22295177531208	-0.966609858956584	4.04352745746612
561000	562000	-1.0288315413097	-0.496520523771968	2.42946494109399
562000	563000	-1.11507677052062	-0.484725768671499	2.09716893130485
563000	564000	-1.34764915600132	-0.377429783917065	2.30458751404805
564000	565000	-1.48045397971355	-0.535330534688338	1.94534954961459
565000	566000	-1.66284857826979	-0.270193504680824	2.1449151726236
566000	567000	-1.41267242687891	-0.171308418316233	1.77046004880113
567000	568000	-1.46727149822959	0.0401844843019338	2.0531634445839
568000	569000	-1.17118778820919	0.0569063741555424	2.25997805598769
569000	570000	-1.15561160317561	0.0237967184270167	1.89902137615123
570000	571000	-0.900466506898913	0.191496772445873	1.97538900120011
571000	572000	-1.13742259645598	0.329997480576144	1.73214887006545
572000	573000	-1.01255202264959	0.5176679914599	2.05658146959593
573000	574000	-1.39704462595173	0.467949003299251	1.91470908220824
574000	575000	-1.32045883539469	0.523642645160584	2.21405508721854
575000	576000	-2.25496776090918	0.79478155144763	3.7913357979482
576000	577000	-1.46441910660592	0.829548608344596	2.55086161514908
577000	578000	-1.27552642316133	0.948723317202383	2.18413369531519
578000	579000	-1.33761846406278	0.868528986595168	1.84162732801884
579000	580000	-1.5854212787752	1.03519956915124	1.96141893156481
580000	581000	-1.91620290899686	0.850751392742476	2.22134303831434
581000	582000	-2.02690712801708	1.15012750924974	1.87747937705062
582000	583000	-2.13399026350994	0.751591579071014	1.75798479235079
583000	584000	-1.89364738023367	0.659553707686591	1.38263939356341
584000	585000	-1.84379669944837	0.328938380493683	1.46027214536756
585000	586000	-2.20557961539441	0.35202235906613	1.48223482270176
586000	587000	-2.03599412235066	0.146554870512946	1.71359858676527
587000	588000	-2.08914729474239	0.0151516151426786	1.37374869624891
588000	589000	-2.22600929438147	-0.12775620702881	1.63280074490934
589000	590000	-2.43962689608239	-0.102090618903896	1.37607962940284
590000	591000	-2.4675810638208	-0.412645602781683	1.72044617490308
591000	592000	-2.13011636341686	-0.365730833823334	1.41236474729279
592000	593000	-1.91941355695743	-0.315162524991377	1.202577642982
593000	594000	-2.2320339067313	-0.305190812602916	1.12011208478556
594000	595000	-2.42868077481993	-0.578727898571111	1.29939959381824
595000	596000	-2.26566341648604	-0.609229278555236	0.997018139138928
596000	597000	-2.07439876575603	-0.720067036727904	1.24573007174895
597000	598000	-1.88564213421787	-0.704750597264932	0.988501888543241
598000	599000	-2.06721971906574	-0.969183093188467	1.01148329282973
599000	6e+05	-3.62560601268784	-1.92458379439877	1.52075003254526
6e+05	601000	-2.23112027109307	-1.28785415671687	0.936658442689211
601000	602000	-2.09757002919447	-1.18542982102196	0.606707168213667
602000	603000	-1.75855020259593	-1.11700236844631	0.631704075325217
603000	604000	-1.8157951356367	-1.46900505900037	0.542536880830588
604000	605000	-1.73970914934889	-1.3087853337428	0.910569982765079
605000	606000	-1.76219101298144	-1.66454406240119	0.871976713242449
606000	607000	-1.58053492018395	-1.52025046109452	1.17820511505046
607000	608000	-1.34684120276625	-1.57872527911211	0.786629539246268
608000	609000	-1.21667983748116	-1.4722845974332	1.10394423277906
609000	610000	-0.959811654619325	-1.70861520761714	0.945027879640613
610000	611000	-0.807952206566505	-1.71729650950441	1.26502963898721
611000	612000	-0.989528568619262	-2.09193525421344	1.15876145878354
612000	613000	-0.938490846647907	-2.32765798850889	1.58298372110708
613000	614000	-0.53767913232894	-2.06320625401464	1.22103143810522
614000	615000	-0.533151339393499	-2.43898159882324	1.32515079331484
615000	616000	-0.465011856913501	-2.86257267457977	1.70548554251243
616000	617000	-0.259341563802927	-2.55427076812776	1.56425187134808
617000	618000	-0.0111618307935778	-2.4187950100557	1.42193721598018
618000	619000	0.0940517811991363	-2.65492344710201	1.62098911899805
619000	620000	0.0982518724916051	-2.83984719123876	1.35650632218658
620000	621000	0.080391457995051	-2.56999465592953	1.17143905254192
621000	622000	-0.185885290820215	-2.70578069914655	1.2205825222639
622000	623000	-0.371520926329516	-3.07480280991323	1.18843898761959
623000	624000	-0.365596273599775	-2.68885558179688	0.923912719031527
624000	625000	-0.162338364936872	-2.39555790947497	0.999001294003842
625000	626000	-0.483943207163814	-2.30449005127864	0.841817967484907
