0	1000	2.88753635141094	0.181436858529848	1.02641433321203
1000	2000	2.68465322509221	0.147845402464207	0.887312471175803
2000	3000	3.10676397164902	-0.454599562504093	1.04829966405556
3000	4000	2.74716928277725	-0.295558432563432	0.779358388751479
4000	5000	2.57417136551305	-0.440309336809521	0.551131839858785
5000	6000	2.47738761197473	-0.0598683536555799	0.416680663690181
6000	7000	2.47113435885225	-0.0997099393773047	0.678281238846505
7000	8000	2.17285388781243	-0.122434760556122	0.906794828253382
8000	9000	2.4035050964354	0.279625716626645	1.00871622278171
9000	10000	2.55190958391984	0.350168041467209	0.750791028436786
10000	11000	2.36901401137005	0.732297767696718	0.66647767511148
11000	12000	2.04767628452526	0.871629115110486	0.278616696476651
12000	13000	1.762259284867	0.636185558601528	-0.0257937573385064
13000	14000	2.02384907698676	0.298510252682076	-0.157038458820352
14000	15000	1.97395439332011	0.0872958802604049	-0.602786450325459
15000	16000	1.75336690152889	-0.351823006249832	-0.59255215318647
16000	17000	1.83197841146996	0.050978935125389	-1.01906076876715
17000	18000	1.7001560971754	0.137602099670622	-1.57284762601006
18000	19000	1.99704472149542	0.265563094386618	-1.80254960283251
19000	20000	1.97374827838629	0.587641307865749	-1.79937378332599
20000	21000	1.71282706994497	0.619246157238281	-1.31774675862755
21000	22000	1.27060374099022	0.520273022773968	-0.869259350165825
22000	23000	1.19372039299808	0.518780589753139	-0.526000076047645
23000	24000	0.975479036828908	0.775340017678306	-0.251787214596526
24000	25000	0.578015546254068	1.00907022336105	-0.650065886964808
25000	26000	0.750190945089875	0.609921122486054	-1.153759885944
26000	27000	1.04003865507839	0.657684527356808	-1.54708852915323
27000	28000	1.21566689385558	1.31216116793344	-2.6648186809959
28000	29000	2.11028229521573	1.57975863191842	-3.42797692274768
29000	30000	1.51800057303462	0.860309721472102	-2.67564589020332
30000	31000	1.18293085791364	0.0135446404283144	-1.7889222819639
31000	32000	1.28228623182252	-0.409020494605832	-1.47407823584113
32000	33000	1.72827292119816	-0.472430453239304	-1.67055568405232
33000	34000	2.18297746899817	-0.459543083150933	-1.52453107515099
34000	35000	2.34890107846674	-0.131415809472101	-1.31885806156257
35000	36000	2.65674897653431	-0.0620482205994609	-1.21268009162957
36000	37000	2.82402006957236	0.0616763012950609	-0.91629974566772
37000	38000	2.98806659127925	-0.0194221025501118	-0.507990179796324
38000	39000	3.13413808353632	0.0647832130299918	-0.316149135819185
39000	40000	3.1165033519991	-0.145747362214457	0.046788967271179
40000	41000	3.42701183441296	-0.0198613969576471	0.212948750083162
41000	42000	4.65813090049968	-0.260016424811838	0.20763101433428
42000	43000	3.20123421206248	-0.155106992433467	0.493630021465186
43000	44000	2.92608347390586	-0.0138427520470197	0.392862629295222
44000	45000	2.973326497629	0.0777183689018502	0.612776270580197
45000	46000	3.15195315917233	0.173096382026335	0.717814447157855
46000	47000	4.45650127591011	0.598633342343255	1.39132324830482
47000	48000	3.24033333104757	0.127836102587651	0.889404900015354
48000	49000	3.21717112906188	-0.342790728173274	0.81076375572306
49000	50000	2.99394166812829	-0.443594573291034	0.447316588842075
50000	51000	2.9866086110919	-0.400392870718083	0.17183775417942
51000	52000	2.68411157470172	-0.136327405676627	0.0307934679651961
52000	53000	3.11906048409053	-0.48600906727681	-0.0435905190205948
53000	54000	2.74769657020054	-0.332686765011641	-0.257037648055718
54000	55000	2.88977464692291	-0.572123224684322	-0.379771313752138
55000	56000	2.72734598920918	-0.649282222474381	-0.608639730165952
56000	57000	2.86571152668739	-0.911340318878803	-0.868980358542282
57000	58000	2.48987694388005	-1.07657543405184	-0.993109274056353
58000	59000	2.72432732859583	-0.828600274016461	-1.24929446735978
59000	60000	2.55162796763899	-0.502807683071958	-1.11619199129855
60000	61000	2.25594699612581	-0.584067792604183	-0.891385668067966
61000	62000	2.12469639651897	-0.863765308879372	-1.1140042000565
62000	63000	2.26863652626419	-1.05902006931937	-1.44534346113341
63000	64000	2.1776944103141	-1.29830657222544	-1.67800826367376
64000	65000	1.79470553937664	-1.08254036614669	-1.75654871721451
65000	66000	1.50460279129107	-1.71874829231843	-1.84139598466905
66000	67000	1.22006594128203	-1.47603716648442	-2.06662294401784
67000	68000	1.57322403123231	-1.60591424945668	-2.04156912818018
68000	69000	2.07023355060106	-1.17525736382494	-2.12377671966621
69000	70000	1.86855112736059	-0.762892750379598	-1.94632411362694
70000	71000	1.41587576814556	-0.843214401557503	-2.16971982938913
71000	72000	1.36754916379572	-0.563872676232383	-2.0394269110612
72000	73000	1.57363100726353	-0.303605189756778	-2.35636602849065
73000	74000	1.49597629173195	0.15774794557387	-2.40166428656633
74000	75000	1.29192890363115	-0.0631228734603547	-2.30229499224445
75000	76000	1.21097217927123	-0.322047625270178	-2.46744963558334
76000	77000	0.839366952259614	0.0286962794519024	-2.44229970067336
77000	78000	1.22010466338087	0.0935049434850314	-2.85995879870349
78000	79000	1.28835025607406	0.332762879943849	-2.33816513575405
79000	80000	1.1837590647581	0.581334957977885	-2.84394533670956
80000	81000	0.838792603716251	0.449841039509825	-2.09693667907332
81000	82000	0.553642433387424	0.23523561641275	-2.75407721648451
82000	83000	0.41792047024643	-0.0953101947124306	-2.1831735403404
83000	84000	0.25849892825058	-0.252811127725766	-2.68640701117413
84000	85000	0.474945359613446	-0.521015157411803	-2.52073641600167
85000	86000	0.236942091815828	-0.822846020885968	-2.74622731565733
86000	87000	0.382309834961616	-1.16805061513385	-2.80919086399862
87000	88000	0.53035670590845	-1.69445348667977	-2.4872817746012
88000	89000	0.520034077668656	-1.44813935963794	-2.11553132398463
89000	90000	-0.0393341198470415	-1.19830862730348	-2.36674613383557
90000	91000	-0.241165658078467	-1.33469472633299	-3.08815533457563
91000	92000	-0.778030147031069	-1.24761714493872	-4.07251159816856
92000	93000	-0.654142409666577	-0.865578459829161	-3.21915888963951
93000	94000	-0.704403043888641	-0.953735002067425	-2.71566051028471
94000	95000	-0.608909996016097	-1.49859858174136	-2.32590472919932
95000	96000	-0.400522657075083	-1.77526954124143	-2.23026401394873
96000	97000	-0.689294919184585	-2.11280307911028	-2.09222051208676
97000	98000	-1.04072820717347	-1.96598966636862	-1.99212128974173
98000	99000	-1.18806497506563	-1.66385401003016	-2.25287358527075
99000	1e+05	-1.22804058768251	-1.30358697697691	-1.92330052812349
1e+05	101000	-0.799785961934733	-0.993500753052993	-1.8883768802474
101000	102000	-1.08924406216451	-1.45749016945444	-1.54250898633885
102000	103000	-1.22810153511076	-1.75459766950901	-1.46928385668061
103000	104000	-1.19264366151221	-2.16431791009033	-1.54703308716442
104000	105000	-1.05707154263018	-2.5919573947881	-1.8987605226861
105000	106000	-0.699961749526413	-2.42444067229115	-1.91357823414402
106000	107000	-0.339429765648314	-2.19274623226378	-1.89417132656162
107000	108000	0.0555312938191062	-2.29702839972701	-2.01350808483184
108000	109000	0.365405021761146	-2.11095066959965	-2.3496042416152
109000	110000	0.288720666916933	-1.96430666282144	-2.05621719042282
110000	111000	-0.01175872061779	-1.76369125854143	-2.09646676657238
111000	112000	-0.164938617484687	-1.47076877736477	-1.5787610864263
112000	113000	-0.242482183961339	-1.28163923218266	-1.8714169354
113000	114000	0.206907318601243	-1.14898790045931	-1.64534491707441
114000	115000	0.584925169603948	-1.10497640112002	-1.5293214199661
115000	116000	0.915886091612331	-1.37421286766938	-1.09265887645206
116000	117000	1.21278713326767	-1.44291818894933	-1.64517892087495
117000	118000	1.19109999949308	-1.85875558884685	-2.31509436123892
118000	119000	1.42279541371193	-1.8510878074266	-3.0652583298528
119000	120000	1.74609586221414	-1.90296807829135	-3.6137279769669
120000	121000	0.959239438053672	-1.26782844277907	-2.85121253379892
121000	122000	0.859864326865702	-1.03087417301744	-2.2793670724636
122000	123000	0.800111752489088	-0.52972358850008	-2.25879372326342
123000	124000	1.12823188194237	-0.218262651440035	-2.98176200419792
124000	125000	1.95158452193708	-0.663731342129121	-4.17591461065385
125000	126000	1.84164124547618	-0.896477355803573	-2.81378080481494
126000	127000	1.4061083243338	-0.920645449887157	-1.21125522565276
127000	128000	2.47479168221468	-1.70514497587258	-0.942173109140499
128000	129000	3.38180674871377	-2.52170383028505	-0.87874624668458
129000	130000	2.85285135170963	-1.62481840727478	-0.728778989572423
130000	131000	2.1983824704284	-1.06027436733956	-0.269247365451028
131000	132000	1.89993440824889	-0.646747902017545	-0.075682954602722
132000	133000	1.66446592033813	-0.340082308492177	0.473030829750458
133000	134000	1.63305083415795	0.021075912600201	0.81259070474027
134000	135000	1.86384646403966	0.306403175011408	0.934996802806887
135000	136000	2.79178457518744	1.32027149592896	1.39181913124686
136000	137000	3.35710271970277	1.71109555051548	2.14656912281107
137000	138000	3.24748914136227	1.9664670445513	1.51449270760831
138000	139000	3.45520742498993	2.41202228736351	1.41248398853295
139000	140000	2.43064840656258	1.83939974647014	1.13320527699561
140000	141000	2.2424359216705	1.34976657507862	0.932588221591983
141000	142000	2.19649478526548	1.35189703558653	0.383947920197882
142000	143000	2.45165741760096	1.42256994867546	0.256477385814507
143000	144000	2.19090034891068	1.2292918391202	-0.102590288172239
144000	145000	2.58485803621988	0.817202431075557	-0.0413730715807135
145000	146000	2.50069049574516	0.882089097204128	0.396998788034705
146000	147000	2.86363321661438	0.80739686656879	0.515260891711902
147000	148000	3.00913935399437	0.458709767942042	0.678316301090386
148000	149000	2.9371206054411	0.334742071078694	0.142806534946789
149000	150000	2.41158988808625	0.1560104706793	0.088708199092723
150000	151000	2.68953294190478	0.431867207412215	-0.276175376862824
151000	152000	2.49822988190517	0.5863294361506	-0.639326962601009
152000	153000	2.17226286253602	0.963500648586144	-0.960879875922439
153000	154000	1.72032630364519	1.11687450659946	-0.997816313230073
154000	155000	1.43236664608289	1.4988773835321	-0.731183935927583
155000	156000	1.2172008519062	1.57544729162147	-0.248185704295684
156000	157000	1.65989210417332	1.79598938985628	0.0541806447566438
157000	158000	1.90821295943692	1.74108856690162	0.407172495654009
158000	159000	1.64284020170494	1.5167438507394	0.466905017992673
159000	160000	1.1834678935075	1.53361194049487	0.709727403027505
160000	161000	1.64396336259301	1.86232551033252	1.09278928295055
161000	162000	1.56319769084137	2.1603691076594	1.19956737845134
162000	163000	1.64130367803277	1.99707011014915	1.71462602456464
163000	164000	1.18942838329723	1.93207396271978	1.36638670107315
164000	165000	0.896029953837386	1.77516631436781	1.31096438664526
165000	166000	0.455986382091037	1.56722736909904	1.74428873803052
166000	167000	0.250108029988946	1.60174149961264	1.95335257482138
167000	168000	-0.00213163895597416	1.28761249292988	2.21721884783516
168000	169000	-0.566112401953746	1.63589186165756	2.25087110190062
169000	170000	-0.749348385876106	1.25059087885138	2.08981830032434
170000	171000	-0.699782829811137	0.942670769547864	2.57608457689003
171000	172000	-0.608399104433682	0.448667449613141	2.43935321645059
172000	173000	-0.705636887691352	0.191344965294734	1.88445361907607
173000	174000	-0.869963148816157	0.518444325313013	1.59163666801185
174000	175000	-0.632037849680326	0.817442714585172	1.40647482657889
175000	176000	-0.310488116208239	0.917956346588747	1.66788935596195
176000	177000	-0.050611582768877	0.654956275501633	1.67974939450929
177000	178000	-0.0315536144895914	0.623919767715585	2.34893649575618
178000	179000	0.294700271962876	0.433593874800469	2.58785317339761
179000	180000	0.458220101990856	0.498777793564062	2.19006486352363
180000	181000	0.711776707975504	0.267624428852314	2.02241990482049
181000	182000	0.589060965641993	0.475459883915029	1.45842470882527
182000	183000	0.884543953277194	0.735157810628104	2.04659258855903
183000	184000	0.663457775172974	1.09843525198218	1.88895694217652
184000	185000	1.12082749067344	1.0268415009183	1.70192265567456
185000	186000	1.18262958808825	1.39702421080366	1.49519982378689
186000	187000	1.04123890014107	1.61629402796102	1.88494028790663
187000	188000	0.789630841180028	2.01421793037651	1.69523740841898
188000	189000	1.03933085097795	2.50523997985529	1.69885020335088
189000	190000	1.0921672857556	2.38434716861707	1.15683436862934
190000	191000	1.02339261626145	2.11363530914238	0.870933481711842
191000	192000	0.842500087623961	1.90105232903838	0.773889623723854
192000	193000	0.355917894953532	1.69880970943484	0.579556243688576
193000	194000	-0.139059741595282	2.01992083469135	0.636012723299503
194000	195000	-0.181810974459497	2.36204654976177	0.67004968937182
195000	196000	-0.206109226974504	2.69539359044794	0.652740979713636
196000	197000	-0.24553132619685	2.54777421861112	0.208316727474794
197000	198000	-0.0465210945881206	2.60006092543727	-0.0351059292858597
198000	199000	-0.344659812143661	2.53305911125996	-0.363246253052322
199000	2e+05	-0.263709155998049	2.06503321192321	-0.257301512521601
2e+05	201000	-0.302789831487208	1.77364337338664	-0.602418033925657
201000	202000	-0.238582221282554	1.36027818047226	-0.704101031795006
202000	203000	-0.629949590542142	1.23021305000906	-0.953112630512915
203000	204000	-0.0746859476962007	1.28330619479033	-1.19731015471021
204000	205000	-0.305121512011559	1.48102346690881	-1.61721091005792
205000	206000	-0.350296790682024	1.71664490825737	-2.03786249751314
206000	207000	-0.0694033358367896	2.17290297322762	-2.36037501442691
207000	208000	-0.449790351996571	2.92272355116009	-3.66752237457723
208000	209000	-0.596103579835367	1.95378741211372	-2.65707469849499
209000	210000	-0.21823289926753	1.51390763312881	-2.61647205131181
210000	211000	-0.0698589430217525	1.1859269911912	-2.48486849929444
211000	212000	-0.0209638269480639	0.850958399673063	-2.32729086952819
212000	213000	-0.0572756425135954	0.55245594337675	-2.02548215915427
213000	214000	-0.733019181711188	0.872379203693233	-2.16002050796319
214000	215000	-0.814067615911789	0.819259064316952	-2.61122568792193
215000	216000	-0.518389089089078	0.479497035715403	-2.84027435426865
216000	217000	-0.266291532020577	0.12994303174686	-2.4929192184704
217000	218000	-0.27068917542714	-0.00784128528012562	-2.23174676095885
218000	219000	-0.718565085597143	-0.302972594310135	-2.32001276556957
219000	220000	-1.14020865985333	-0.0653883087124274	-2.38899308178328
220000	221000	-1.07778424805585	0.0523978849158552	-1.87853838077986
221000	222000	-0.887704614204905	0.30128208990425	-1.62469212522439
222000	223000	-0.52958349411225	0.750024661640294	-1.44267407844089
223000	224000	-0.548666119672223	1.24941503643232	-1.38598341275792
224000	225000	-0.554931304729368	1.41804367078794	-1.83183289477626
225000	226000	-0.76218761177132	1.61326027985774	-2.11382427025978
226000	227000	-1.18067985894044	1.46375946603394	-2.37026441364751
227000	228000	-1.35238478379851	1.31933006993938	-2.1115964289086
228000	229000	-1.01070149782033	1.22421309910233	-1.92405697340819
229000	230000	-0.904223332699596	1.59657405585379	-1.57736170951149
230000	231000	-0.70632439469637	2.0485145557958	-1.44034286801476
231000	232000	-0.869165978611906	2.41447481028466	-1.52286727057718
232000	233000	-0.334820812365628	2.72692955581487	-1.18840321472181
233000	234000	-0.465414322136226	2.37318368143452	-1.16853047353473
234000	235000	-1.12323239307501	2.44753660385392	-1.07267511405691
235000	236000	-1.29325877435441	1.937325461336	-1.05960385812087
236000	237000	-1.34663347955251	1.5627828750608	-0.80787999750016
237000	238000	-1.44877203609466	1.90769774759999	-0.593006363010875
238000	239000	-1.40924270569159	2.37591784451605	-0.156528740720031
239000	240000	-1.28548291970122	2.2835498640997	0.13301170263569
240000	241000	-1.59633451622344	2.11523193268883	0.515637338387669
241000	242000	-1.69615697414596	1.73307416179205	0.563136673214833
242000	243000	-1.71888359569835	1.20329710442882	0.239665421513176
243000	244000	-2.16593945572569	1.09933847203287	0.212930902664313
244000	245000	-2.73901532822922	1.27232613257762	0.770968754600646
245000	246000	-2.86834149466804	1.52074926256923	1.08117509403927
246000	247000	-2.52161860727081	1.54432502195102	1.4508264155576
247000	248000	-2.06604327716048	1.43452232343655	1.79283948204168
248000	249000	-1.87399958601394	1.83559695320647	1.92858549044447
249000	250000	-1.49193977070899	1.71106002650184	1.83341548474219
250000	251000	-1.17729430022864	1.83994834491329	2.05067815188403
251000	252000	-0.729649010789086	1.87403031130043	1.7733396409489
252000	253000	-0.946432582637266	2.35215000543802	1.92216020278973
253000	254000	-1.06554222948522	2.07696748289442	1.43282926967531
254000	255000	-0.728478937233872	2.56606140442299	1.18395280094127
255000	256000	-0.331330042209099	2.58568192978344	1.05366816056901
256000	257000	-0.144214150199177	2.47514997154612	1.57964296595935
257000	258000	-0.387793082075494	2.17921212605092	1.43992931658007
258000	259000	-0.497423310945346	1.81911456096866	1.35292821188473
259000	260000	-0.192142239446144	1.48404803829037	1.34562651148939
260000	261000	-0.142952702602556	1.6374133645958	1.60172357623698
261000	262000	-0.0766629470721409	1.92617313520842	1.98417831800006
262000	263000	0.115293763544702	2.16871210045761	2.13222892000483
263000	264000	0.572401573434332	2.46533062377604	1.81807321421533
264000	265000	0.441479725597664	2.12543692803607	1.40881635904115
265000	266000	0.309570538289339	2.28453316648555	1.31437255168229
266000	267000	0.252725536448485	2.93289157254398	1.46996336838399
267000	268000	0.628565959348355	2.61346266565778	1.22539299252771
268000	269000	0.746129833662376	2.39285998776311	1.16527130294353
269000	270000	0.488914588533731	2.45687852082553	0.975103537987027
270000	271000	0.466320142836198	2.67045326479446	1.17508510617188
271000	272000	0.696538896164043	2.79897741162878	1.01716709475971
272000	273000	0.693657539932063	2.57791266336465	0.782151045078448
273000	274000	1.0367737284901	2.69182122938963	0.926070153991793
274000	275000	1.12565673656198	2.50147050806677	0.610611600440121
275000	276000	0.778288915214306	2.8050371246618	0.563410732800813
276000	277000	0.907040858653049	2.30475051626755	0.533853486319318
277000	278000	0.617086074079602	2.20156992740674	0.431065815156748
278000	279000	0.435073924397096	2.57180556030546	0.422867489471347
279000	280000	0.275562353435347	2.92648308649835	0.28769377177672
280000	281000	0.528640248146883	3.0886195880906	0.537987182822472
281000	282000	0.754592365330852	2.62138528904222	0.307440641554956
282000	283000	0.556829044790002	2.52824742900671	0.0430809442246481
283000	284000	0.533721783496094	2.20573942074294	-0.00872398755721217
284000	285000	0.884215535796491	1.99309274629048	0.120812103071791
285000	286000	1.17109063320811	2.13725290796795	0.436118658001312
286000	287000	1.22785465003682	2.55248527646074	0.057002854308101
287000	288000	1.05089036012055	2.65772284359018	-0.263779512316662
288000	289000	0.627705529989316	2.07513802225394	-0.68926067313141
289000	290000	0.335030432464822	2.4164053797032	-0.547260035575371
290000	291000	0.336941755597839	2.7240904788515	-0.680830377462584
291000	292000	0.324538154453453	3.06643027429591	-0.777084542264604
292000	293000	0.496852158791716	4.20663847572625	-1.51704604039519
293000	294000	0.0597588372596508	3.15171489942829	-1.41888400230832
294000	295000	0.08906098526088	2.49684281314147	-1.26841699299706
295000	296000	0.298924430567254	2.03146955340716	-1.27280306832616
296000	297000	0.513564846448589	1.7905708730961	-1.00903137514572
297000	298000	0.690358510928089	2.12522512200353	-1.39567282871477
298000	299000	1.12836001368152	1.99638648517476	-1.65085096818222
299000	3e+05	0.866659949795685	1.63747110772032	-1.34693791768999
3e+05	301000	1.0948298401349	1.24948011243003	-1.41813515682722
301000	302000	0.610919261205901	1.07659042800245	-1.59531628125141
302000	303000	0.393736138863733	0.808078932839856	-1.83246279572119
303000	304000	0.290128111257619	0.960742139504588	-2.5509777494965
304000	305000	0.482782956700458	1.45491291131969	-2.5580584941662
305000	306000	0.512899920787527	1.28936024224688	-2.07883284077162
306000	307000	0.373257962485596	1.57955870232957	-2.09446192357971
307000	308000	0.628087605255323	1.93711056129493	-1.78852862199365
308000	309000	0.480902371925595	2.12674809728529	-2.28119085701991
309000	310000	0.301835236304805	2.19278049156746	-1.95993321711687
310000	311000	-0.143802082990808	2.14541662878197	-2.07344131114558
311000	312000	-0.11603714879172	2.03706075998394	-1.81454894795025
312000	313000	-0.129070007172694	2.53811116298523	-2.03175266027822
313000	314000	-0.223402339563541	2.31023225315735	-1.76613850590231
314000	315000	-0.515199238003607	2.36250852830359	-1.94138542761585
315000	316000	-0.403600608656467	2.09946506036925	-1.7990803379912
316000	317000	-0.657354540081792	2.14935338520146	-1.96630812425991
317000	318000	-0.784649649505614	1.84582231632485	-1.81414680474244
318000	319000	-0.93454949426724	2.29313786876842	-1.86644021928858
319000	320000	-1.24343562259208	2.07016692155634	-1.59274103324271
320000	321000	-1.43776708341045	1.9386667257894	-1.88335507236854
321000	322000	-1.32089571893878	1.68924725074664	-1.74068504144464
322000	323000	-1.61018371247272	1.43207552347317	-1.77550423434891
323000	324000	-1.82882515223682	1.12288537975107	-1.72328155336877
324000	325000	-2.37432273629722	1.41645077588706	-1.71960012355584
325000	326000	-3.37082637694789	1.97447326410551	-1.75293928830169
326000	327000	-2.60772669010878	1.68889114668168	-1.21813094813025
327000	328000	-1.95074017449748	1.62413223346748	-0.778845093538225
328000	329000	-2.19847805520811	1.48505739363912	-0.238908473323958
329000	330000	-2.37778291720423	1.02603000841856	-0.241091151396558
330000	331000	-2.78692159220181	1.08447673681659	0.0825251683093311
331000	332000	-2.65185971593071	0.836932696658237	0.410567469322659
332000	333000	-2.39375458877074	1.42220247467061	0.598686253103105
333000	334000	-2.07730115086554	1.6290524079602	1.11471180049988
334000	335000	-2.30004811094027	1.4070595065566	1.24946460621182
335000	336000	-2.25344925165746	0.877040195048554	1.14471031769235
336000	337000	-2.62558577703307	0.893452595037569	1.32145291785659
337000	338000	-2.56308658824952	0.457406452658619	1.20779152396361
338000	339000	-2.98904357469944	0.565541784964582	1.14510968801952
339000	340000	-2.96841876555105	0.347322837865217	0.781162431492036
340000	341000	-3.01310700208956	0.0912394496606583	1.14125514641861
341000	342000	-2.45005920878793	0.193929150287485	0.907390984956637
342000	343000	-2.6224900902642	-0.18181979744785	0.947893746778819
343000	344000	-2.59456999780067	-0.0846191836565643	0.486752454347308
344000	345000	-2.90356917389191	-0.371094258786354	0.295932928830753
345000	346000	-2.60022109247575	-0.272588218026919	-0.208912271941162
346000	347000	-2.75563552797506	-0.499027314311309	-0.443597313788691
347000	348000	-2.45711400352931	-0.391176547792067	-0.734655413544748
348000	349000	-2.69001181197625	-0.575208868523378	-1.0096168201148
349000	350000	-2.56540784736873	-0.180593467357082	-1.10333734161806
350000	351000	-2.24810997259467	-0.339983863389378	-1.12468577343184
351000	352000	-2.1642331904546	-0.294200095969015	-1.39334006693562
352000	353000	-1.98775151400867	-0.421755922963572	-1.59805933383142
353000	354000	-2.13255502845777	0.142671334404985	-1.5495207812373
354000	355000	-1.74727994716544	0.233064206807595	-1.91682196800812
355000	356000	-1.70258214141462	0.550677434892325	-1.97230867821603
356000	357000	-2.01860998361523	0.68881409788788	-2.36381542269491
357000	358000	-2.85936877312611	1.10703020180398	-3.0087070262964
358000	359000	-2.01709569393139	1.26910377154006	-2.38028107200677
359000	360000	-2.03657510788562	1.79498288914507	-2.26392620928522
360000	361000	-2.5656239967613	2.75922357620774	-2.54760539113416
361000	362000	-2.40365258266712	2.70070545223529	-2.02201592881104
362000	363000	-2.62945521514344	2.95191434802188	-1.72858830647006
363000	364000	-2.10260587636738	1.94418961575703	-1.46671243604858
364000	365000	-2.0920744730171	1.31445428446698	-0.974574609997042
365000	366000	-2.20685316505385	0.559061635196015	-0.962913860479437
366000	367000	-2.43162575595558	0.270742932252099	-0.983309998882733
367000	368000	-3.25734858495532	0.171768767731594	-0.502025184147767
368000	369000	-4.33182880812395	0.201880272708388	-0.657184156169182
369000	370000	-3.37690407563209	0.301475825943873	-0.0146539412957112
370000	371000	-2.32473645059686	0.15507499991934	0.24172473290058
371000	372000	-1.80549087001596	-0.349913026043403	-0.0251107230562424
372000	373000	-1.46047983195634	-0.439290706058141	-0.112626361178796
373000	374000	-0.975263618311932	-0.486755707024315	0.0819601616093833
374000	375000	-0.957066527888155	-0.359962828904597	0.49077013923969
375000	376000	-1.37547542072675	-0.406957468248104	0.834452625024789
376000	377000	-1.68252103039632	-0.0789387617891438	0.809884283978506
377000	378000	-1.81195098983664	0.480955864114649	1.0406755124834
378000	379000	-1.74772976271154	0.829019392100921	0.972658314638602
379000	380000	-1.62147503855111	1.42672575920046	0.90123171004055
380000	381000	-1.47647543749322	1.00801020069565	1.22200118409475
381000	382000	-1.38179436696177	1.44647064220233	1.42695399146255
382000	383000	-1.14274117512695	1.28649520685753	1.88083559963974
383000	384000	-1.13235578202311	1.39784750817993	2.12382958138377
384000	385000	-1.35223299170356	1.55871992555135	2.26097425364472
385000	386000	-1.58575727689691	1.1562288185703	2.67813644878652
386000	387000	-1.2841364984775	1.07644935874354	2.34802789271103
387000	388000	-1.30576163665742	0.91350532026324	2.04911530147602
388000	389000	-1.57839083479256	0.6622390781621	2.33183639206663
389000	390000	-1.87553195474169	0.490141446605347	2.47095778310665
390000	391000	-2.01334609760555	0.951131164747769	2.59639864740534
391000	392000	-1.8721134435911	1.26933502280369	2.73014895916244
392000	393000	-1.76534703681338	1.46321905463328	2.29234749236705
393000	394000	-1.77283630120908	1.1520427499909	1.93595456382578
394000	395000	-2.11104642681617	1.08985590467225	2.00749504091274
395000	396000	-2.31610539892186	1.25662591450294	1.98266157340718
396000	397000	-2.68017631582301	1.30839856808531	2.30791982929515
397000	398000	-3.49041649389251	1.5356986447151	3.23397934003656
398000	399000	-2.30295570448262	0.956877492443307	2.51884653105251
399000	4e+05	-2.28791360030149	1.02141658418621	2.19488506514516
4e+05	401000	-2.41687920337434	0.702335855735411	2.16488283858063
401000	402000	-2.43048714993504	0.465430019867832	2.51860557126306
402000	403000	-2.09878374671373	0.549178605454473	2.25083617667948
403000	404000	-2.01839938701019	0.619849259622078	1.71436218133849
404000	405000	-2.160695850592	0.807865912756217	1.64642000890141
405000	406000	-2.49872525595775	0.722507959663269	1.74162357598423
406000	407000	-2.68765438717284	0.953335602299692	1.98433823864701
407000	408000	-2.88423152698758	0.434011214391701	1.90319721337778
408000	409000	-2.52008773928695	0.416664989038219	1.91706422183367
409000	410000	-2.2506016797912	0.182079712375647	2.17734213544205
410000	411000	-1.96911201591721	0.14044145842995	2.34178566597711
411000	412000	-1.75465073855673	-0.0499762122425116	2.7046592535304
412000	413000	-2.14273343388331	-0.0760800897497817	2.73150776402753
413000	414000	-2.4880745394531	-0.0553030145853956	2.35021620448238
414000	415000	-2.30986953792178	-0.539643899205981	2.20597738927872
415000	416000	-2.53037555801052	-0.251092687683465	1.79821422391146
416000	417000	-2.31544164954024	-1.04892377450435	1.69572079754529
417000	418000	-2.62970037192453	-0.53730612687189	1.37863828700568
418000	419000	-2.25574079718744	-0.890714021931119	1.08630075449248
419000	420000	-2.06080529411411	-0.631034811874665	1.26288348118814
420000	421000	-1.54201793614667	-0.537685874276577	1.26987246755115
421000	422000	-1.1909472266258	-0.0366827173732342	1.34304669572721
422000	423000	-1.23229558960106	-0.41052327122103	1.93525335006706
423000	424000	-1.55942382778223	-0.444038668414786	2.18179325755805
424000	425000	-1.8897256263541	-0.216815145756094	1.98957221009594
425000	426000	-1.71548478439656	0.186916352697512	1.77795029343012
426000	427000	-1.44613929727387	0.330310163691374	1.93486824919305
427000	428000	-1.19154808585079	0.241344110576002	2.36845773576086
428000	429000	-1.01922391396357	0.422768765345033	2.6841273721949
429000	430000	-1.3689663541211	0.629280787008655	2.61274118144254
430000	431000	-1.41500998694787	0.594656452629316	3.09167377897915
431000	432000	-1.46274256585122	0.212268772458245	2.93541201061661
432000	433000	-1.11269339137391	-0.0592050512120405	2.87835410111002
433000	434000	-1.18972415273423	-0.338855973479687	2.74370308155228
434000	435000	-0.943198696576269	-0.7898909961242	2.76975639969024
435000	436000	-1.43120438440005	-1.12507910755	2.53553775060159
436000	437000	-1.07481526377246	-1.23055567989302	2.33861878752934
437000	438000	-1.00664900406737	-1.26748332141004	2.00982111929408
438000	439000	-1.000626697716	-1.73847468706669	2.30552460414454
439000	440000	-1.25015998490489	-1.81321119707258	1.74029088522355
440000	441000	-1.09338103181762	-1.96612195531651	2.00810332808498
441000	442000	-0.775825102940891	-2.30158165128124	1.91967108510481
442000	443000	-0.867036305413251	-2.6191606911353	2.01160990758786
443000	444000	-0.725468905417838	-2.51390491299624	1.38632120224679
444000	445000	-1.01282314743575	-2.3394691617511	1.27742206257188
445000	446000	-1.47166999335398	-2.62794010079853	1.53610992722837
446000	447000	-2.40955728031081	-3.20561056027567	2.07044052104737
447000	448000	-2.06595952496486	-2.29160121357759	1.54300231202991
448000	449000	-1.95475238993818	-1.48930269181893	1.56845221328367
449000	450000	-2.10925688896522	-1.34514610826622	1.30718021683298
450000	451000	-1.71957301352181	-1.13886391178387	1.20310313610276
451000	452000	-1.83767822304287	-1.2962021269827	0.824334304020696
452000	453000	-1.23749266350912	-1.36085844272145	0.617562823547254
453000	454000	-1.57675988778082	-1.71066258904945	0.612259080167907
454000	455000	-1.21210669232745	-1.92620730800099	0.434642117410547
455000	456000	-1.48736557017364	-2.29042595200764	0.302846491387601
456000	457000	-1.3522031517322	-2.13226724642704	-0.0779784012150815
457000	458000	-1.44058684679489	-2.5585288284465	-0.391275392091196
458000	459000	-0.896459029239806	-2.32227902569732	-0.441887458790356
459000	460000	-0.713297076333391	-2.54655209530802	-0.296742351951403
460000	461000	-0.395361004451205	-2.24087865379769	-0.300696255840638
461000	462000	-0.332319908650554	-1.95452281867568	-0.644300288179687
462000	463000	-0.607967321552025	-1.6218324039034	-0.918627045171785
463000	464000	-1.0248539578138	-1.53620227212282	-0.709940691723656
464000	465000	-0.975274684212786	-1.19763283930226	-0.345273526314483
465000	466000	-1.64203619213127	-1.57902471418206	-0.240867546832049
466000	467000	-1.69304844897597	-0.990340788294401	-0.246619041300317
467000	468000	-1.92275900712175	-1.2077112437905	-0.79838738995328
468000	469000	-2.16369517416931	-0.746050705571068	-0.392287875147512
469000	470000	-2.29978954591997	-1.10704316870142	-0.219573149697427
470000	471000	-2.23983300989466	-0.676752219022287	0.186072409022775
471000	472000	-2.75841910740053	-0.806760529914422	0.354176650356878
472000	473000	-2.37996877949497	-1.07800378681212	0.522216479698433
473000	474000	-2.34846864552283	-1.41039935516222	0.406170422763486
474000	475000	-2.06848625154925	-1.65619442775867	0.480214706959311
475000	476000	-2.00025664526847	-1.87663799322426	-0.123888855855043
476000	477000	-1.88775103138614	-1.90407285765231	-0.668371152793994
477000	478000	-2.08440117257334	-1.92782878839197	-0.923796320214493
478000	479000	-1.67069276865529	-2.08852239762342	-1.04100418978041
479000	480000	-1.29318853520624	-2.13384611768129	-1.15875036898744
480000	481000	-1.14152799500588	-2.48478113158816	-1.28351113500951
481000	482000	-0.712170501588021	-2.1274431220257	-1.52747656437793
482000	483000	-0.83216335681457	-2.63977497741441	-1.30576900315797
483000	484000	-0.320247590203677	-2.19066527972303	-1.18799489755023
484000	485000	-0.38498956833195	-2.45527698316801	-1.07015024742143
485000	486000	-0.230851054107483	-2.76617867306111	-1.15657679670707
486000	487000	-0.123839738927293	-3.24716416499088	-1.24327262952198
487000	488000	0.0105744190271334	-2.89557279815641	-1.64501284467217
488000	489000	0.343161328377963	-2.93063901036943	-1.11884128636163
489000	490000	0.265033526627229	-2.48049406378269	-1.03069136845529
490000	491000	0.106647847411175	-2.9563638658283	-0.68004393382421
491000	492000	-0.263602279888864	-2.76054337875263	-0.473031106719465
492000	493000	-0.547283469658373	-2.86938637344504	-0.735316663877646
493000	494000	-0.919793339216815	-2.89100424462471	-1.07709204475172
494000	495000	-0.566751856504892	-3.05480242926598	-1.42678527838748
495000	496000	-0.50704917524112	-3.88441550731875	-2.62674931792751
496000	497000	-0.235081207357251	-2.97950945904143	-1.93695378537599
497000	498000	-0.0808256656330582	-2.65330707239767	-1.67055237020941
498000	499000	-0.122397069157999	-2.1986241050229	-1.66038139551771
499000	5e+05	0.175126076180571	-2.30326773215697	-1.53833449808786
5e+05	501000	0.346914128895293	-2.56088067891067	-1.6038493581453
501000	502000	0.502425946327567	-2.84333663063603	-1.57042086698687
502000	503000	0.624403399939591	-2.56023342776937	-2.08994570261868
503000	504000	0.765760619740009	-2.26465356351041	-1.86500687058965
504000	505000	1.15098056538883	-2.10712787782454	-1.70537442720904
505000	506000	1.56802126184567	-2.18156831341199	-1.52077436952009
506000	507000	1.62919938976243	-1.89604260086304	-1.26553955291333
507000	508000	1.67975248351373	-2.09554673142514	-0.95952044018939
508000	509000	1.13534124287323	-1.9275709446296	-0.967147172981705
509000	510000	1.19707553586793	-2.45120642191739	-0.91829219777718
510000	511000	0.824244868599407	-1.95588919254123	-1.37487533830592
511000	512000	0.526341476221123	-2.20552797661554	-1.18385149751109
512000	513000	0.13985536688549	-2.04286913005642	-1.27940671473124
513000	514000	0.10601630509463	-1.94329361300196	-0.91990974127846
514000	515000	0.461863938787297	-1.48683648724347	-0.899222925388471
515000	516000	0.401341968444107	-1.41627881946639	-0.485656692142074
516000	517000	0.788533019989645	-1.65116808838503	-0.483337232862699
517000	518000	0.827109193364745	-2.14160424788865	-0.398846642479659
518000	519000	1.04143371323294	-2.71296939683514	-0.429341186105164
519000	520000	0.46570281896568	-2.67697412724964	-0.182967771575094
520000	521000	0.202346206358341	-2.7933276680313	0.0278061604943693
521000	522000	-0.503263073242368	-2.78793643817307	0.266293859755477
522000	523000	-0.793028221961018	-3.20071326474006	0.240161440993576
523000	524000	-1.54104402879721	-4.1532668740747	0.487142214088366
524000	525000	-0.942865309990103	-2.89131668264225	0.823851959244867
525000	526000	-0.880922448327942	-2.5615872076426	0.925790221358839
526000	527000	-0.590162740590449	-2.62298531854997	1.07715733837997
527000	528000	-0.62317229453822	-3.18955752927374	1.43200995282262
528000	529000	-0.58808805235882	-4.27690885977101	1.89848485244241
529000	530000	-0.49330203122719	-2.96215074266888	1.56937299390157
530000	531000	-0.391550192473721	-2.2401942777265	1.37656636467835
531000	532000	-0.368857809799898	-2.30190076072491	1.70314825190855
532000	533000	-0.413252029213727	-2.6641251153565	1.98486128839887
533000	534000	0.109837742961534	-3.53698227922957	2.58164489677763
534000	535000	0.217724300499126	-2.52667347679401	1.93956038550906
535000	536000	0.0968605267972272	-2.05657577870502	1.83289552191918
536000	537000	0.528719265169832	-2.16136713245162	2.38952024764917
537000	538000	0.56322568331441	-2.39801205639324	3.43417357196705
538000	539000	0.00942842081785222	-1.76905338261726	2.74529640553521
539000	540000	0.131218030091632	-1.72735643352748	2.24456304648213
540000	541000	-0.482660244920915	-1.74927655840621	2.48805227164105
541000	542000	-0.501850489924973	-2.05937082911844	2.07271206903061
542000	543000	-0.706615815560844	-1.53348769487033	1.87624840588952
543000	544000	-0.671792648631102	-1.83671701442546	1.42113711617435
544000	545000	-0.54097983269331	-1.3826475891307	1.22853230392319
545000	546000	-0.131590167827899	-1.58808200871389	0.916792236262218
546000	547000	-0.0833268240244788	-1.32585408219734	0.385305322378585
547000	548000	-0.021964603890628	-1.86293778299236	0.148028468381027
548000	549000	-0.342700821543964	-2.40512141581748	0.48803790242841
549000	550000	-0.150886677255252	-3.24593758681862	0.839933854655547
550000	551000	0.365264413484104	-4.19741209678692	1.27838485070465
551000	552000	0.0915819203212799	-3.00391957083578	1.35991798980113
552000	553000	0.0643837280146347	-1.54347798558647	1.48722722538045
553000	554000	-0.29972599893598	-1.00744897710273	1.4852560680436
554000	555000	-0.419809013678779	-0.659483060220477	1.89956276164495
555000	556000	-0.23121502754222	-0.253341010409367	1.56320191301864
556000	557000	-0.369857064912019	0.0988206161825048	1.14318558976488
557000	558000	-0.00732960662266464	0.405400481085872	0.636483022402555
558000	559000	0.335933990968845	0.80054450861478	0.997615109165386
559000	560000	0.509953964212151	1.56920983914629	2.70470899495912
560000	561000	0.367215390715244	2.03139875427836	3.84064437033444
561000	562000	-0.327302124098285	1.93803342416752	2.66513574644241
562000	563000	-0.57887487704141	1.26596368216661	0.934991733560029
563000	564000	-0.423590646352109	1.41329286684457	0.0236022586007664
564000	565000	-0.733071559861852	1.42096169762138	-0.121019609402448
565000	566000	-1.02454136519567	1.35386048514264	-0.473284904120245
566000	567000	-0.872134392416519	0.854911066916542	-0.23233950489885
567000	568000	-0.856118664513928	0.246262205906535	0.0558698309259524
568000	569000	-1.38626326938897	0.473771332840791	-0.0916126017905996
569000	570000	-1.4989526760725	0.424315236224024	-0.445382976935832
570000	571000	-1.33427387185804	0.00781008068857615	-0.932989474225519
571000	572000	-0.603269474732259	-0.155958749099941	-0.931527436394718
572000	573000	-0.0867547406809158	-0.127463803921317	-0.494903302973166
573000	574000	0.124388279689998	-0.170949060767391	0.155064948928302
574000	575000	0.942730738305355	-0.469754443937382	1.62584017618305
575000	576000	1.76395116685792	-0.79217885010276	3.11301733280741
576000	577000	2.005324785056	-0.370690550224975	2.70407681226896
577000	578000	1.58426555332667	-0.233204442558402	1.86854631628427
578000	579000	1.4948957503729	0.20749636257991	1.44264472152093
579000	580000	1.33831747588335	0.50743838745556	1.20028375245358
580000	581000	1.01440425104883	0.300236293828263	1.10755153194684
581000	582000	0.603444898453106	-0.115635557240407	1.02661399955697
582000	583000	0.271927197972082	-0.446874707350517	0.868829356320618
583000	584000	-0.201013046109519	-0.742567574990187	0.618703618023602
584000	585000	0.161336428249403	-0.960811630802007	0.0766510780400375
585000	586000	0.462738866610621	-0.895527101470452	0.303248904289392
586000	587000	1.0403452346886	-0.968585674851479	0.453305057494149
587000	588000	1.17577146043233	-1.53201595951781	0.482514579395941
588000	589000	0.963633057968052	-1.63325606947661	0.986887630263205
589000	590000	0.534743912296418	-1.17617845923713	1.20544733420213
590000	591000	0.592489584148077	-1.01307860347214	1.60182412971255
591000	592000	0.691304801195681	-0.867964969828662	2.05896725415558
592000	593000	0.871493884580784	-1.33043150657546	2.10148923747227
593000	594000	1.15915892942233	-1.32230589129525	1.69313917968359
594000	595000	1.49989735346511	-1.16897160870002	1.76433536579552
595000	596000	1.71128663550344	-1.01705056219723	1.50118787195057
596000	597000	1.79375919076067	-1.58563843578897	1.12102606039489
597000	598000	1.41239074159431	-1.76657596592612	1.30843633943722
598000	599000	1.55694681368728	-2.31681136558787	1.55413004934454
599000	6e+05	1.85315718136871	-3.08095392156843	2.30178952425708
6e+05	601000	0.826713292662931	-2.62862087807289	1.6269645777901
601000	602000	0.451720856261978	-2.18141556445587	1.32314125063922
602000	603000	0.176392435865627	-2.06467862336213	1.17534481594064
603000	604000	0.109127382773408	-2.22274513962001	0.645800725436491
604000	605000	0.441808509065267	-2.45054139113644	0.669667174448169
605000	606000	0.720699944968683	-2.1329956202616	0.593872218461079
606000	607000	1.16694483598617	-2.31209363697139	0.286102569911808
607000	608000	1.38153944481903	-2.02087575291901	0.0392028256091263
608000	609000	1.82001995159482	-1.87147383853638	-0.26559570777312
609000	610000	1.80997157822248	-1.29212304173815	-0.141939539433365
610000	611000	2.26318598705675	-1.45918508066537	0.297505472403365
611000	612000	2.26688999093852	-0.91237175776081	0.394497952988585
612000	613000	2.6719825773414	-1.27488311388937	0.0429166626424451
613000	614000	2.59016730667182	-0.801535017439788	-0.0571383684554146
614000	615000	2.98196065950643	-0.969277043901123	0.067085290705639
615000	616000	3.00071892468716	-0.895738536386309	0.723344340321718
616000	617000	2.59109419846694	-1.07330596871958	0.726588097544917
617000	618000	2.18768491997357	-1.26959573258764	0.777404008533206
618000	619000	1.93563033273676	-0.892943795842758	0.785461883109761
619000	620000	2.38357805406148	-0.924968066930686	1.046235456486
620000	621000	2.21312095807237	-0.545229691121945	1.09236714791362
621000	622000	2.53490547952312	-0.411391383367092	1.16938615197644
622000	623000	2.5382093425321	-0.386577260111071	1.56832605416384
623000	624000	2.29479574140133	0.1609043370838	1.57646505832592
624000	625000	2.30308854898111	0.174667948748118	1.21629114688918
625000	626000	2.72110059074462	0.520334613705251	1.41812559588959
