0	1000	2.47557765580402	0.747101042715848	1.13597034785618
1000	2000	2.85161013979987	0.576686199505288	1.29597843118258
2000	3000	3.18770192492693	0.252920937478472	1.45321284715227
3000	4000	2.71449379508566	-0.0136253074206482	1.51773345985507
4000	5000	2.34671688119307	0.0458527367690159	1.74945248829304
5000	6000	2.0026896727724	0.0152957555645468	1.49284958435797
6000	7000	2.20105110755128	0.391832955296074	1.46415345653287
7000	8000	2.57388508610239	0.402246060265495	1.55077544867298
8000	9000	2.64656223032569	0.831948501440107	1.76548238052337
9000	10000	2.27344728241999	1.00375999159692	1.54192039580458
10000	11000	1.8478673742184	0.961018828687763	1.42537761781067
11000	12000	1.42275171189705	0.790601337988022	1.33118399224507
12000	13000	1.03429589258628	0.678110794314909	1.69727788276469
13000	14000	1.06868443302066	0.131253252500114	1.51311175273582
14000	15000	0.821513544740325	-0.0378407347206621	1.94650721043121
15000	16000	0.814277678734844	-0.544766205490956	1.70050540949497
16000	17000	0.355102844984692	-0.601269299757352	2.05305058864364
17000	18000	-0.109660657377079	-0.658976219583146	2.31974210009753
18000	19000	-0.339252786369506	-0.706738600334456	2.81499569525929
19000	20000	-0.368223242722209	-0.172575162360221	2.74877749390862
20000	21000	-0.211888820086769	-0.00432058820914132	2.26213479778333
21000	22000	-0.0443191468321597	-0.0274543895737895	1.75956091446705
22000	23000	0.257185555754016	-0.035439313105109	1.3120532640071
23000	24000	0.127863426195362	0.436536990865295	1.00336898772941
24000	25000	-0.441078268873753	0.449254918899577	1.07579005802396
25000	26000	-0.789490543854774	-0.00613763229755935	1.23390074974161
26000	27000	-1.04199664405565	-0.141533575123594	1.66643600227833
27000	28000	-1.43000438135824	0.215102561357346	2.66319359935285
28000	29000	-1.63050219953329	0.261968410006822	3.92847046453247
29000	30000	-1.20844342312189	-0.277338724146339	3.14102559250906
30000	31000	-0.732102869554171	-0.71918891950018	2.14704963643151
31000	32000	-0.347557003461761	-1.05683017051747	1.84098752715873
32000	33000	0.0747774279825177	-1.25020610941993	2.17265004247432
33000	34000	0.216052621922942	-1.11539988112009	2.66628633617641
34000	35000	0.496652783201093	-0.708374675444572	2.6551344686196
35000	36000	0.901968096460742	-0.52828457509938	2.91827303948897
36000	37000	1.19860958156128	-0.465436691464277	2.42382591720852
37000	38000	1.61363132037566	-0.264649807332528	2.71169655101474
38000	39000	1.70928613630544	-0.194367813133879	2.16227639969886
39000	40000	2.12833232903155	-0.00551267825645614	2.30259755567982
40000	41000	2.49011713420033	-0.101638505132058	2.49565412374879
41000	42000	3.39529563792529	-0.295392130728109	3.48910399566257
42000	43000	2.87879685703439	-0.19304443630443	2.30656094249126
43000	44000	2.62058755927944	-0.000442198840069539	2.07494750383039
44000	45000	2.77116916295524	0.248505211018913	1.9081105062332
45000	46000	2.96704309769033	0.218057269458602	2.13744510102428
46000	47000	4.24245173251928	0.284149146648603	2.36574339458518
47000	48000	3.08117820362476	0.0515522735754335	1.8558893172018
48000	49000	3.08572209128468	-0.372656540964308	1.82777822453466
49000	50000	2.63398863780722	-0.323755466086142	1.83954303363646
50000	51000	2.56380886845472	-0.434494434299729	2.19894044412869
51000	52000	2.2273418025004	-0.360771621890947	2.07296891219954
52000	53000	2.25052321966677	-0.634448741287835	2.34416896775454
53000	54000	1.87965381362878	-0.715498119948929	2.212860792647
54000	55000	1.74211732329158	-0.848318599570592	2.57365741903118
55000	56000	1.43387351585896	-1.02700718814915	2.34899237806234
56000	57000	1.5127352477067	-1.35601983358008	2.65138744348049
57000	58000	1.13783313688758	-1.52203841735876	2.52790634374716
58000	59000	0.987675923807189	-1.38707387646558	2.89666220273059
59000	60000	1.16184895934618	-1.04981192004263	2.74443686290333
60000	61000	0.926457065702726	-1.05581331809478	2.38622292652729
61000	62000	0.925245177329387	-1.43411826572088	2.16034278717103
62000	63000	0.656859114750617	-1.65573194803568	2.54277030865528
63000	64000	0.512817588246165	-1.86762290415652	2.17021173178474
64000	65000	0.0499179932216864	-1.94351603461085	1.97365352653297
65000	66000	-0.286857802197055	-2.1964965142467	1.59495545983202
66000	67000	-0.714170188292232	-2.33810494222343	1.6602925831356
67000	68000	-0.463938658843367	-2.18763199707036	2.11776540940327
68000	69000	-0.0497838185347454	-2.13687791057228	2.53129273500971
69000	70000	-0.226437589144015	-1.63339344560754	2.43534077846587
70000	71000	-0.547167861853474	-1.2997033926741	2.33235586933755
71000	72000	-0.981296677483837	-1.53968213170586	2.43688818845906
72000	73000	-1.04543340566357	-1.11328077998797	2.23778794788102
73000	74000	-1.03330462050511	-1.19947225927934	2.81329921685409
74000	75000	-1.08882856540465	-0.896090610982705	2.59028753049574
75000	76000	-1.33440693176029	-1.21953536177538	2.47444211088985
76000	77000	-1.69932891518591	-1.10045234130908	2.47864392060469
77000	78000	-1.46565810388524	-0.930401098974151	2.77714895429842
78000	79000	-1.55380635696057	-0.529543989126015	2.72777356609147
79000	80000	-1.20668529942935	-0.369986468837059	2.43365611445025
80000	81000	-1.8055175839839	-0.535865577165929	2.34198183594689
81000	82000	-1.41922546314223	-0.641201842447322	1.9566227415496
82000	83000	-1.92696633830356	-0.911779898163194	1.97119143921492
83000	84000	-1.54602454850778	-1.13690120550163	1.6340537670154
84000	85000	-1.8185528891103	-1.50324451188127	1.94910460309857
85000	86000	-1.58061383112493	-1.87459746411828	1.76361612808828
86000	87000	-1.68839838645302	-2.38278736857997	1.68296346859629
87000	88000	-1.35716127989681	-2.60135415451638	1.30345589699771
88000	89000	-1.14571705216528	-2.29873869952681	1.04210961243791
89000	90000	-1.54025029942004	-1.98739080865003	1.06516332395776
90000	91000	-2.09327405461991	-2.12798737209653	1.34064764410739
91000	92000	-3.17125057726318	-2.30171569003643	1.74902714832419
92000	93000	-2.58828684558597	-1.69305848698753	1.0307086650789
93000	94000	-2.19616278406864	-1.68503453468827	0.686455604780685
94000	95000	-1.99147046817687	-2.23177571721911	0.451458974907354
95000	96000	-1.7172859478117	-2.56399741137468	0.219924629029303
96000	97000	-1.81900210235781	-2.68520293013515	-0.170297063119273
97000	98000	-1.7787119961138	-2.17922920540217	-0.328298545869963
98000	99000	-2.26818122999254	-2.24109014560149	-0.286894184575202
99000	1e+05	-2.19078145028543	-1.73868783217251	-0.219169718303423
1e+05	101000	-1.88734218636252	-1.75949482093353	0.184537723820638
101000	102000	-1.65486327581567	-1.55137618955591	-0.179083018329895
102000	103000	-1.4479716024852	-1.8180149709364	-0.493316901817063
103000	104000	-1.43756165313911	-1.95289433339538	-0.931001268595736
104000	105000	-1.20144825079203	-2.44569950892852	-0.951101096455947
105000	106000	-1.19107806396417	-2.37172001160797	-0.363764980421464
106000	107000	-1.09108640895756	-2.51980392636531	0.0582550278085649
107000	108000	-0.965822181298229	-2.59913026292989	0.479947882077234
108000	109000	-1.05771495376028	-2.90678250105046	0.799787189534748
109000	110000	-1.52944499488047	-3.05170719120182	0.671709359543198
110000	111000	-1.48727742187039	-2.54916190784329	0.654750093597426
111000	112000	-1.27689467952094	-2.07330139157768	0.414376927034876
112000	113000	-1.11375685297004	-1.59769508436043	0.363825384522903
113000	114000	-0.802962845153859	-1.88305256457219	0.706292573254135
114000	115000	-0.602185184709674	-1.68074090750989	1.12887021772225
115000	116000	-0.095996710075195	-1.80389024061455	1.02404663329007
116000	117000	0.257240846953474	-1.87072914829107	1.40425187013858
117000	118000	0.0850155939908179	-2.53887668437616	1.95002372781704
118000	119000	-0.593194546948036	-2.84160311618387	2.37608374297953
119000	120000	-1.34081012685758	-3.21152362868018	2.94844431253138
120000	121000	-1.25570948174152	-2.26739167424457	2.2016422944033
121000	122000	-1.0828822543095	-1.69018245844642	1.53329225305539
122000	123000	-0.7237820890876	-1.51534878773887	1.83989686173928
123000	124000	-0.72615119908023	-1.76465674394854	2.94951392046528
124000	125000	-0.560355292047508	-2.08538564314813	4.03317750318907
125000	126000	-0.0927286678728819	-1.59288441552675	3.03864894450157
126000	127000	0.402053594616213	-1.18273979840801	1.53397312557529
127000	128000	1.09433428622337	-1.7821103765689	1.56729220465018
128000	129000	1.73615156425446	-2.89110422370423	2.01998878130082
129000	130000	1.80364563010074	-2.0356527578193	2.056478983759
130000	131000	1.73873676071315	-1.46153118648435	2.02940409598142
131000	132000	2.27466840544636	-1.23402073841014	2.44684826595684
132000	133000	2.26708958416272	-0.551435870185194	2.84536503737635
133000	134000	2.12529159228447	0.15451320252113	2.94279016201901
134000	135000	1.93979053885691	0.654600071760682	2.62795415699061
135000	136000	2.1930019322503	1.17764001909558	2.56495294629564
136000	137000	2.79609503549225	1.9391244208565	2.95880299821387
137000	138000	2.7340602996111	1.84112810868025	2.15861614242531
138000	139000	3.04489721187476	2.51404696405803	1.91083138915233
139000	140000	2.06548635998402	1.86942794582699	1.54953080882786
140000	141000	1.7929410034381	1.51148292389154	1.58212317410227
141000	142000	1.47117269922884	1.30617563216281	1.85853351007489
142000	143000	1.34922240123752	1.43685557320774	2.37034045154615
143000	144000	0.974104276802708	0.95218153172516	2.32618735828136
144000	145000	1.44789428140491	0.803799587757725	2.2631422703016
145000	146000	1.72766209111341	0.795363280796998	1.9135578433442
146000	147000	2.15097179505416	0.811530958034148	2.0344764598166
147000	148000	2.52383118320391	0.586119418191541	2.32282978225537
148000	149000	2.06554018000903	0.354709733058549	2.05285784823243
149000	150000	1.60716423476964	0.263838565993367	2.22258066368181
150000	151000	1.22032012679585	0.138392656283609	2.41795148763828
151000	152000	0.765992227216382	0.116135295004545	2.58717675340899
152000	153000	0.313911851808746	0.347285768106485	2.56474339289251
153000	154000	0.0316850913281996	0.708236258913716	2.28716099240389
154000	155000	0.100687194380768	0.955529440148889	1.80103442084619
155000	156000	0.332781741965418	1.29692186495264	1.49281925331008
156000	157000	0.582111165283747	1.70705481582992	1.66660257001395
157000	158000	1.03541588872507	1.93221562937762	1.78183884843308
158000	159000	1.15799252267184	1.61890471702913	1.40993480920384
159000	160000	1.22173128682292	1.56717047017851	0.928617534431852
160000	161000	1.3477306184388	2.0402800249468	1.08249157879409
161000	162000	1.70883994796077	2.29286078002766	1.29504501068858
162000	163000	1.87323627775843	2.62404305676698	0.936556512332883
163000	164000	1.49665969136122	2.39878057226039	0.693982868218432
164000	165000	1.16995281709096	2.33713741453411	0.35969374294401
165000	166000	1.33107607131306	2.31134704770498	-0.0908964029211515
166000	167000	1.60429786627774	2.34310860587243	-0.482502207932841
167000	168000	1.74428875697825	2.33953633562835	-1.00847524038888
168000	169000	1.27538817852578	2.20360507701399	-1.18307189702104
169000	170000	0.941455841767908	2.18123787376964	-1.49283175274483
170000	171000	1.26368141041027	1.89180657859009	-1.8580499961296
171000	172000	1.64659663795958	1.54139410374531	-2.07771315189524
172000	173000	1.31622708061509	1.07139298837118	-1.93246082461883
173000	174000	0.833825504220848	1.14387253186706	-1.6971429043191
174000	175000	0.751847581426894	1.61181485781026	-1.30362865054963
175000	176000	0.949356529902858	1.27404428486822	-0.944669148651512
176000	177000	1.41379597959072	1.33919196730825	-1.25475084203646
177000	178000	1.81337001139651	0.919554527401412	-1.34226282791596
178000	179000	2.08037314312751	1.51981117015994	-1.23376367108271
179000	180000	2.14390423974662	1.10849817126733	-0.819145622583015
180000	181000	1.62881693638041	1.0801284951723	-0.60274859017513
181000	182000	1.99982130126661	1.04194821374629	-0.181248869104969
182000	183000	1.80807097535714	1.56043278298288	-0.272928050483016
183000	184000	1.97519672355417	2.0119489700192	-0.233372890650398
184000	185000	2.07694817330585	1.90966146168571	0.308980093799483
185000	186000	1.75383941624879	1.59228691095017	0.532341791983673
186000	187000	1.52992740867266	2.01272460594611	0.283667051677811
187000	188000	1.71479231056152	2.58009477900757	0.180533592156528
188000	189000	1.49827078776567	3.01253398333247	0.502802260425849
189000	190000	1.22290180469849	2.8128638852063	0.90773031441751
190000	191000	1.02824467135167	2.46183791117889	1.07078989921532
191000	192000	0.78665121121685	2.16662427359224	0.887199440398956
192000	193000	0.486746650031995	1.92485352386762	0.626875309835445
193000	194000	0.183784057287945	2.16835834763249	0.299544355001011
194000	195000	-0.0394257644044038	2.57811628426434	0.149419294501888
195000	196000	-0.394689620761342	2.78056261420128	0.409352198370622
196000	197000	-0.385169609647119	2.39539555955491	0.757060998356208
197000	198000	-0.853702222566601	2.68234126678212	0.840370410864568
198000	199000	-0.833645594164504	2.12840293164885	0.927998285616143
199000	2e+05	-1.28319577202901	2.1170798258837	0.685048705672807
2e+05	201000	-1.18348784770438	1.56015555225675	0.786895458097471
201000	202000	-1.43760240664862	1.23550703313199	0.432653294925045
202000	203000	-1.32175492025371	0.699996767452639	0.637443107363804
203000	204000	-1.64705591075069	0.959985940436566	0.942511886291569
204000	205000	-1.71653037009212	0.979183153351646	1.40093712915627
205000	206000	-2.12558739884004	0.852361314386355	1.63584078564983
206000	207000	-2.56160162389016	0.991947690815926	2.00458628190447
207000	208000	-3.65511113075838	1.15589710403235	2.66132019001467
208000	209000	-2.92607621653495	0.756808356219075	1.73921663933769
209000	210000	-2.66214398270764	0.467521021883932	1.54100209461828
210000	211000	-2.39002003265601	0.121670170516194	1.55070884120127
211000	212000	-2.00471420981596	-0.226009680419512	1.50973035177344
212000	213000	-1.98279714440497	-0.223519073359581	1.01672922345555
213000	214000	-2.42015284370078	0.12759963679306	0.910909737188005
214000	215000	-2.92717661405972	0.0722523744746097	0.924399376217374
215000	216000	-2.7806535852231	-0.348366847506036	1.19971764260772
216000	217000	-2.37769298163425	-0.632543407303189	1.32211493960272
217000	218000	-2.11523041150734	-0.905897012030164	0.973846105082948
218000	219000	-2.48136950756078	-0.780538149365	0.637744819899758
219000	220000	-2.80140200326449	-0.416549892961189	0.531725378818426
220000	221000	-2.42354308990673	-0.141851993664457	0.373495407021066
221000	222000	-1.89555850957729	-0.141963056240104	0.357135425784321
222000	223000	-1.77342633535242	0.280555107191087	0.639059630463666
223000	224000	-2.0002505403259	0.450570952204102	1.07455314608438
224000	225000	-2.34075148681912	0.775557344666104	1.15247915822814
225000	226000	-2.16649333159944	1.0609438531152	0.741776957813731
226000	227000	-2.34207512973086	0.793894562039085	0.318340268195774
227000	228000	-2.62255327294965	0.576315265929779	0.638714170862772
228000	229000	-2.96839079078369	0.674811942261362	1.00296694496221
229000	230000	-2.97779690813688	1.15185370255189	1.01176794983204
230000	231000	-2.81997821843671	1.66751522605409	0.891698456991484
231000	232000	-2.49036269284167	2.10284842944162	1.04114431305582
232000	233000	-2.09447094771557	1.82746492052182	1.15821904391073
233000	234000	-1.86336025631275	1.75776294911978	0.829825797194798
234000	235000	-2.1468068794201	2.02015408230963	0.454669294836793
235000	236000	-2.14585361603242	1.5840909962174	0.185669703610941
236000	237000	-2.05856975125816	1.29522428641385	-0.213170268962134
237000	238000	-1.52699502839571	1.44036195508865	-0.223970219110439
238000	239000	-1.5903888671016	2.01350929496765	-0.302049306109694
239000	240000	-1.10445694690835	2.03409905040065	-0.549500848599611
240000	241000	-1.3319914762252	2.24672601355723	-1.06731708842553
241000	242000	-1.10377601579725	1.79460659838042	-1.36392601480731
242000	243000	-1.42425189623856	1.39526526690267	-1.37053276114554
243000	244000	-1.3327771715888	0.888800055859048	-1.47849854576418
244000	245000	-1.05417487608807	1.00844363338327	-1.87750913567783
245000	246000	-0.914673665344461	1.38854181974175	-2.11118748307267
246000	247000	-0.769337781947692	1.82899637633741	-2.1771238125929
247000	248000	-0.524855083053976	2.23648067406583	-2.25212086184571
248000	249000	-0.115118211494024	2.19074582775975	-2.03816833574015
249000	250000	0.103997670350032	2.58416988589322	-2.1031337188745
250000	251000	0.335976767605334	2.36349643556261	-1.84623837666697
251000	252000	0.603661756234051	2.70688373159469	-1.71528964111485
252000	253000	0.258178105474121	2.51958341097465	-1.3960694187589
253000	254000	0.124781686445606	3.04075443832792	-1.26487569418798
254000	255000	-0.0951320259466956	2.66590752017361	-0.89741103230304
255000	256000	0.0997514246938135	2.97387121498886	-0.545020335160995
256000	257000	0.522212660791326	2.76637780326198	-0.478762967207373
257000	258000	0.595666317628281	2.64598954342397	-0.922857846352003
258000	259000	0.246854700464108	2.255984272886	-0.740471033075262
259000	260000	0.537887172741622	1.98578402609934	-0.400762287025777
260000	261000	0.911424575036256	2.23264244760154	-0.608344252641256
261000	262000	1.16253152577104	2.64239620054469	-0.843852742294335
262000	263000	1.30343494843	2.94834093237175	-0.575693227993258
263000	264000	1.47055662831781	3.00312376758747	-0.15530579537105
264000	265000	1.12040351066337	2.82037605649863	0.0765501445692027
265000	266000	0.755278773342425	2.77881660316676	-0.0427411620521694
266000	267000	0.815424759344368	3.30773474011324	-0.0595205396309985
267000	268000	0.909078395768012	3.10201957287238	0.345138279463441
268000	269000	0.856402783994009	2.81779313458565	0.48477290225559
269000	270000	0.61882901297494	2.8941370921544	0.325759276617025
270000	271000	0.507838993982672	3.15501716687611	0.313394542070749
271000	272000	0.749180347805423	3.34756137575012	0.581331020738074
272000	273000	0.531996829839375	3.03961125201527	0.630088992506443
273000	274000	0.79355543091573	3.01758994089272	0.77999630290757
274000	275000	0.422167635841399	2.65765959225414	0.545878258087076
275000	276000	0.65460524163219	2.68884480993726	0.872805894801924
276000	277000	0.32688076899426	2.76575373081252	0.935311800224961
277000	278000	0.500327998960538	3.07439295507332	1.11919960147198
278000	279000	0.0302496373899197	3.01290057475375	1.07623446992733
279000	280000	0.11840648933679	3.36645975957511	0.84129630086889
280000	281000	-0.0563622773914503	3.27405981242891	0.450021051093638
281000	282000	0.161028711500546	2.9813356986633	0.63073564467774
282000	283000	-0.0733425354912527	2.77297567195613	0.783509325556202
283000	284000	0.0243296030815969	2.44965423377287	0.989438551802454
284000	285000	0.373363214438264	2.29641025101947	1.11495579441409
285000	286000	0.539056347027771	2.48080301608185	1.47979750555696
286000	287000	0.172805900872696	2.81617976441355	1.66589256234071
287000	288000	-0.0402295602155077	2.31992780258576	1.52134176770218
288000	289000	-0.412836623228862	2.58689512995539	1.34395603313779
289000	290000	-0.576864399480507	2.11942415178561	1.46682046748766
290000	291000	-0.951450224499202	2.36351444189092	1.47172252225453
291000	292000	-1.25375811861944	2.5857166093849	1.51418573020511
292000	293000	-1.92126105356196	3.52720311388136	1.75989037906789
293000	294000	-1.93148736370493	2.45171948778487	1.66964740417276
294000	295000	-1.7984239676864	2.004851874996	1.41999742555521
295000	296000	-1.61096291361896	1.84016127165918	1.78227359667027
296000	297000	-1.28219785549161	1.63366522317581	1.40431997805382
297000	298000	-1.24695417039248	1.61942014815622	1.99626725311434
298000	299000	-1.04234184332528	1.1948490173982	1.68544934195631
299000	3e+05	-0.896910228494816	1.01672061857597	2.22055823321607
3e+05	301000	-0.72756399415656	0.672977537603584	1.8017011364838
301000	302000	-1.20141617022491	0.460136761327299	1.92727580059668
302000	303000	-1.64771766765033	0.264411023236916	1.69810089967326
303000	304000	-2.08051194045067	-0.0530813949087724	2.0556753750844
304000	305000	-2.13661505371637	0.370592939084951	2.30314045951961
305000	306000	-1.73300242980477	0.576792038516755	2.13773299931347
306000	307000	-2.00720297077521	0.925324982655325	2.21531593547895
307000	308000	-1.68781661498729	1.25400842228883	2.04949520677318
308000	309000	-2.20267078857567	1.36580881919988	2.1802318912976
309000	310000	-2.06153836946661	1.55802816081938	1.8617157088764
310000	311000	-2.43216568990025	1.21538945571837	1.70301630981292
311000	312000	-2.23533311328145	1.39999519485864	1.5075123606535
312000	313000	-2.64727887560464	1.63450243318999	1.96852772475316
313000	314000	-2.4297296350154	1.63985192198418	1.64797101719998
314000	315000	-2.74285030220957	1.526107985523	1.60993251996825
315000	316000	-2.54825745719871	1.61133247418773	1.34281085628517
316000	317000	-2.67736270953514	1.25768468952485	1.32663521451178
317000	318000	-2.40475103423261	1.33985780338988	1.0819427963892
318000	319000	-2.63361060077263	1.25085680402598	0.795726326963281
319000	320000	-2.52869310563413	1.57416967533239	0.553325148866444
320000	321000	-2.76379514308717	1.30848750789487	0.328301941642202
321000	322000	-2.88327911580511	1.01584963158609	0.571776212180357
322000	323000	-3.15005551464784	0.630477286754775	0.455778968767461
323000	324000	-2.80991032915527	0.690702938386794	0.0307919077023136
324000	325000	-3.02524541053119	0.891728531428343	-0.29051147746272
325000	326000	-3.96390984100797	1.17245322784029	-1.03844465765764
326000	327000	-2.87808550702073	1.12683543007678	-0.806871308704687
327000	328000	-2.28842242946922	1.2434565049334	-0.876265454696912
328000	329000	-2.11563633915924	1.41040159324877	-1.31480551795605
329000	330000	-2.13505461272204	0.954545973971514	-1.34484143999329
330000	331000	-2.19038589983829	1.06792604835454	-1.76339890730688
331000	332000	-1.72459567026359	1.05687986155004	-1.88246903494277
332000	333000	-1.76040585761735	1.50310882220533	-2.01041986270471
333000	334000	-1.35671029521754	1.67589017620491	-1.87037652054765
334000	335000	-1.38344247402592	1.77691471334363	-2.313064153184
335000	336000	-1.27391869656228	1.42346844239011	-2.53408592285049
336000	337000	-1.16097715882727	1.19307684918203	-2.88619409570764
337000	338000	-1.0033801112958	0.884115801576701	-2.61365017633124
338000	339000	-1.37163621269913	0.91007450905584	-2.36925985049838
339000	340000	-1.62176476414447	0.862657485125385	-2.80624005183574
340000	341000	-1.59734184607883	0.524843417729551	-2.50546120263604
341000	342000	-1.24419917007801	0.441866744662276	-2.78368716103493
342000	343000	-1.20710628599369	0.357016239241297	-2.24351934875025
343000	344000	-1.53316000220668	-0.0233424286099487	-2.52977494540392
344000	345000	-1.66851789445888	-0.117827987218623	-2.02072652136554
345000	346000	-2.01449993977028	-0.50513988053688	-2.06024001745667
346000	347000	-1.91696039008536	-0.513716025328013	-1.49663805347119
347000	348000	-2.30894313115858	-0.696890678143546	-1.62008759438037
348000	349000	-2.25342364496653	-0.966619210241017	-1.31613264956891
349000	350000	-2.5102191997554	-0.668586896413642	-1.23087789549358
350000	351000	-2.32034801783977	-0.800626688520538	-0.942653923867536
351000	352000	-2.55758094409509	-0.517433876628834	-0.86481856298814
352000	353000	-2.62931740380787	-0.842865547515326	-0.533648931965944
353000	354000	-2.80525524000242	-0.325504710109197	-0.539958827126483
354000	355000	-2.51856040402776	-0.433967664700382	-0.159752781833486
355000	356000	-2.68829660860453	0.0131521684924553	-0.129105544377041
356000	357000	-3.13753159303851	-0.034663395486043	0.00303266362569612
357000	358000	-4.3200974493406	0.0305361512385249	-0.183913520629503
358000	359000	-3.25794536349244	0.485215752323868	0.0333145490459296
359000	360000	-3.16741742596378	1.09027780336535	0.196737826951737
360000	361000	-4.13166021419365	1.77776266026382	0.142307573235089
361000	362000	-3.39391661299063	1.84810014858135	-0.10478318212154
362000	363000	-3.41725499869397	2.38886925894523	-0.643621375572207
363000	364000	-2.66826143168295	1.47319406318744	-0.484355226703608
364000	365000	-2.19340285108199	0.797759088116236	-0.53559909785527
365000	366000	-2.10026017395734	0.308239040395015	-0.775663542410298
366000	367000	-2.26443251852787	0.12189694598246	-1.18814170098121
367000	368000	-2.66223184022376	0.084947999497825	-1.71010921079558
368000	369000	-3.32672721861095	0.137863290616379	-2.69930220522251
369000	370000	-2.27666842622622	0.212476833055936	-2.28795011176848
370000	371000	-1.40513100223213	0.158365076516764	-1.51395053005003
371000	372000	-0.993282298229092	-0.171928569394269	-1.23658745965685
372000	373000	-0.750423214544829	-0.613647920731253	-0.934046976273787
373000	374000	-0.271670738128044	-0.520854810346019	-0.66352848743656
374000	375000	-0.0562872994793279	-0.158472876144457	-1.04197991435717
375000	376000	-0.0838075197592829	-0.00690123144911626	-1.5664817424031
376000	377000	-0.375710288649577	0.350690011234566	-1.85811122235108
377000	378000	-0.413440392170044	0.851552737207407	-1.70928925953385
378000	379000	-0.411918314053634	1.31722765696244	-1.45163330926784
379000	380000	-0.370520158260435	1.85394012691564	-1.36004980062331
380000	381000	0.0174627385528387	1.76864769325651	-1.68687738047185
381000	382000	0.347363483365982	1.45297811965023	-1.8382834874377
382000	383000	0.609140519432884	1.90192193498772	-1.87609862185629
383000	384000	0.882688660118356	2.26064172461392	-2.07682788427601
384000	385000	1.03641765444708	2.09339290062631	-2.48853608653693
385000	386000	0.83010566822254	1.65683171710919	-2.37299651489013
386000	387000	0.917313517710735	1.60017281872115	-2.84549653615084
387000	388000	0.609145114477992	1.31070024207689	-2.54531986239338
388000	389000	0.643026699302609	1.35765016252764	-3.08046584748667
389000	390000	0.442661105908543	1.62555288064251	-2.78825955144796
390000	391000	0.5193202198723	1.81303660728536	-3.17787481518876
391000	392000	0.679442300332748	2.17808908718713	-2.91543754299808
392000	393000	0.531508404151034	2.34768452757843	-2.45816363976865
393000	394000	0.290282574295943	1.95838856749673	-2.28073037237439
394000	395000	0.0793668755001679	2.3326256451688	-2.50184603453715
395000	396000	-0.203886195907124	2.00830755034979	-2.53946891472137
396000	397000	-0.334292010648077	2.32741089786936	-2.91829757470427
397000	398000	-0.335840821345981	3.10203992275998	-3.90698851550922
398000	399000	0.147647229995931	2.24695059527723	-3.03571328461201
399000	4e+05	0.148048320528116	1.93759903684263	-2.79557791801461
4e+05	401000	-0.0996893822274238	1.82035636745072	-3.10437321287285
401000	402000	-0.0540940743064829	1.60227397969438	-3.50537120910466
402000	403000	0.0843903447831318	1.45378285525789	-3.03725874117936
403000	404000	0.0575837193099211	1.44651014585445	-2.6044587767922
404000	405000	-0.213531355389715	1.48224729692902	-2.29422262895875
405000	406000	-0.533662229280449	1.49251299002134	-2.58542013363042
406000	407000	-0.559250739330802	1.79347155958532	-2.88615647677143
407000	408000	-0.675202771554095	1.53281609213774	-3.27076481467932
408000	409000	-0.376004085065774	1.22073810890222	-3.00274270181371
409000	410000	-0.0451363806047616	1.01146750973057	-2.88616872238321
410000	411000	0.409647616332899	0.970972185837623	-2.96040282333588
411000	412000	0.878692641267207	0.773445361188434	-3.24138250493006
412000	413000	0.422127512038427	0.769878347952129	-3.38366721451003
413000	414000	0.00068238040283208	0.998621018876615	-3.4035585507962
414000	415000	-0.295530607001844	0.609580159046341	-3.52994355960606
415000	416000	-0.431334178378124	0.562654135486517	-2.9883170735086
416000	417000	-0.564592910845412	0.151595759940479	-3.20839136276434
417000	418000	-0.798338779901805	0.231156924089297	-2.63228911327756
418000	419000	-0.705999202402219	-0.211882036582894	-2.91194850011327
419000	420000	-0.309394907003786	-0.191935241398951	-2.60119003122053
420000	421000	-0.0314055159521393	0.147602370831603	-2.40289929220852
421000	422000	0.194597555253031	0.481890023091022	-2.02595791989538
422000	423000	0.587844540008948	0.275431811006056	-2.37554394733485
423000	424000	0.647534356324561	0.122236923819804	-2.90239941031398
424000	425000	0.257795953675246	0.447013741585648	-2.9039754915299
425000	426000	0.122874322468236	0.827717571687625	-2.45802158036908
426000	427000	0.576104957904396	0.907576413293831	-2.29056898850421
427000	428000	1.02259327815655	0.754872885914718	-2.36448206427364
428000	429000	1.17268848559379	1.15986861794134	-2.48380114688172
429000	430000	1.28462807816573	1.57947359824746	-2.56693637882484
430000	431000	1.40559061370833	1.62452207646188	-3.06086513051468
431000	432000	1.26798821824257	1.13763202704236	-2.95611184901296
432000	433000	1.59049528779702	0.807781812670948	-2.8356708149016
433000	434000	1.31376715818908	0.396296449468035	-2.72467051470708
434000	435000	1.42608193252194	-0.0814603025582421	-2.6640693560989
435000	436000	1.2308588929695	-0.457466744123336	-2.84540445246055
436000	437000	1.48874103122154	-0.89059500053043	-2.68563515092657
437000	438000	1.07451370438675	-1.03385419524392	-2.7457660446332
438000	439000	1.37919339649515	-1.34043438038631	-2.58123257752976
439000	440000	0.86260450166223	-1.33831593522637	-2.47226829465137
440000	441000	1.09211138343399	-1.51168016605033	-2.14526794026542
441000	442000	1.15946421510046	-1.72401954864965	-2.49559082546378
442000	443000	1.44056315251783	-2.03298042380062	-2.66777930089141
443000	444000	1.19557080066832	-2.08759749390138	-2.26254203391452
444000	445000	0.79987532738037	-1.94318431575405	-2.19684426828195
445000	446000	0.724776929811369	-2.10722725110113	-2.65705445311358
446000	447000	0.387003097873554	-2.35933241812135	-3.77213008979617
447000	448000	0.332285047940293	-1.48866510455992	-2.99917756943124
448000	449000	0.0931106569005113	-1.08171654079515	-2.82614387904509
449000	450000	0.15276659568716	-0.59901795372612	-2.70145241884333
450000	451000	-0.285823390835814	-0.884712061004267	-2.52363239091035
451000	452000	0.0287697029974221	-0.797070084742678	-2.03753881123556
452000	453000	-0.119999991931845	-1.29437612267633	-2.20748943653755
453000	454000	0.12195448975499	-1.47636479438103	-1.7526827968317
454000	455000	-0.160342979254287	-1.88443603541875	-2.18876474349766
455000	456000	-0.227185979839216	-1.93561655509128	-1.64245327299286
456000	457000	-0.62295763571867	-2.32329954449231	-1.78918205388439
457000	458000	-0.700512595371759	-2.13079741995276	-1.21329904163493
458000	459000	-0.574351455354349	-2.68143923947178	-1.23929130911167
459000	460000	-0.197163198569002	-2.48122059275416	-0.937217042838461
460000	461000	0.205022214419706	-2.47275175560843	-0.637329002291294
461000	462000	-0.0922165352155453	-2.05981796205713	-0.387200056592066
462000	463000	-0.545008832769535	-1.77070468656841	-0.242642960942387
463000	464000	-0.632108165236609	-1.45328698303204	-0.665123997756632
464000	465000	-0.697815105645226	-1.53025331559122	-1.19552804574997
465000	466000	-0.440848815916952	-1.21769028761599	-1.5767535552563
466000	467000	-0.980326160337526	-1.29608286056402	-1.65275208773573
467000	468000	-0.999101619873155	-0.78117123038518	-1.56386906818895
468000	469000	-1.50065411574992	-0.954825222903196	-1.83731548966081
469000	470000	-1.16310171754815	-0.542592632104027	-2.02685576242326
470000	471000	-1.5072654508794	-0.648245668955532	-2.47524939375166
471000	472000	-1.05168616301	-0.362319775654117	-2.52402667331931
472000	473000	-1.05433891195101	-0.812597010505278	-2.74464432653811
473000	474000	-0.775151494610604	-1.05532743408972	-2.40899901702102
474000	475000	-0.915249977966695	-1.53034514455854	-2.44883634906647
475000	476000	-0.903609048324811	-1.71711802717033	-2.00913271138046
476000	477000	-1.4049556533959	-1.59228240682491	-1.94537786201126
477000	478000	-1.54981340889725	-1.97732125350629	-1.70045913496574
478000	479000	-1.82722211923293	-1.99090211051741	-1.24992030279626
479000	480000	-1.73323556114882	-2.39407253517095	-1.09037626551565
480000	481000	-1.72717147090049	-2.51881459150931	-0.689415724043189
481000	482000	-1.63725018272343	-2.95701365294384	-0.709785414087688
482000	483000	-1.37154273166206	-2.95980905369014	-0.343498695950711
483000	484000	-1.00951966561189	-2.81301357356022	-0.662073178143103
484000	485000	-0.70342022334001	-2.7049611020704	-0.338273583743014
485000	486000	-0.59672685273862	-3.12132384934752	-0.443627153549178
486000	487000	-0.582824924855801	-3.70170518899708	-0.407010403022988
487000	488000	-0.685612569354744	-3.34793785415338	-0.0798566611363429
488000	489000	-0.284266702866858	-3.25100191385954	0.128547361829221
489000	490000	-0.28589806366183	-2.9367038543235	-0.158346263478123
490000	491000	-0.042572344573176	-3.29650585926289	-0.403122170862956
491000	492000	-0.171111143433556	-2.97701206199751	-0.749086373690219
492000	493000	-0.530650228966295	-3.20068609999494	-0.896957878959435
493000	494000	-0.957204828317344	-3.29133759980748	-0.727341507104951
494000	495000	-1.18711886198638	-3.4180207658558	-0.369898738777744
495000	496000	-1.69277830866118	-4.5840863147548	-0.249286183502165
496000	497000	-1.22022261320427	-3.52026235557706	0.123595897978185
497000	498000	-1.0454706115218	-3.1120491539293	0.0563638726279146
498000	499000	-1.10163833459075	-3.13364878114007	0.414674523334196
499000	5e+05	-0.706630950549933	-2.98605648898473	0.387386173321521
5e+05	501000	-0.742499198899318	-3.45538099042961	0.372293862240383
501000	502000	-0.389045181272581	-3.28314109686489	0.599867104373174
502000	503000	-0.724919035471634	-3.39776551269758	1.0010915737582
503000	504000	-0.577477639997238	-2.8939226281277	1.12666041490292
504000	505000	-0.197936593860855	-2.70484141080533	1.24434872969298
505000	506000	0.261296766418752	-2.77820610153542	1.37659429727558
506000	507000	0.651026557288567	-2.44867992967646	1.41231242459243
507000	508000	0.728806568537437	-2.13410254902435	0.951571491513784
508000	509000	0.604655139179205	-2.59424622059513	0.737501563136777
509000	510000	0.381361766016003	-3.0268283250042	0.669216063294977
510000	511000	-0.0541956558137633	-2.79203227615702	0.578649178935066
511000	512000	-0.395700245776386	-2.41275872640793	0.552431484558616
512000	513000	-0.449854656711934	-2.40763089416006	0.0288229705935058
513000	514000	0.110384755489855	-2.58248400714622	-0.0278071328129333
514000	515000	0.113292264731831	-2.18213460612065	0.367798276208737
515000	516000	0.189427889430678	-1.62175148658888	0.326897404311654
516000	517000	0.635209353573098	-1.84848146822879	0.0470545098901487
517000	518000	0.722771333268784	-2.37780163686222	0.0838376821787344
518000	519000	0.838611153502458	-2.92487520304706	-0.0276532632867005
519000	520000	0.881720833120927	-2.82417124734616	-0.568764933369271
520000	521000	0.817309430085986	-2.5179354557853	-0.943410174493403
521000	522000	0.548965732889829	-2.51236969053973	-1.36499332601703
522000	523000	0.375273119831965	-2.84545038977775	-1.69740730210512
523000	524000	0.31744689637955	-3.62635116882483	-2.60300489597405
524000	525000	0.634148198846596	-2.48333965472127	-2.18480990130895
525000	526000	0.723694553163318	-2.19552085474117	-1.8858129532474
526000	527000	1.03017127396903	-2.40141380609113	-1.91986667762289
527000	528000	1.14825705162495	-2.59633962161387	-2.22968254765215
528000	529000	1.85131702327183	-3.45905801901847	-2.66248379486756
529000	530000	1.48954563853419	-2.40166881540026	-1.96204330222596
530000	531000	1.267200607911	-1.98750041680627	-1.83410764469946
531000	532000	1.48191258343716	-1.76843018054928	-2.1485248714937
532000	533000	1.64658619473812	-2.08747230376544	-2.23387487954638
533000	534000	2.52835187268842	-3.01805884944056	-2.26945922752071
534000	535000	1.68984442943422	-2.07034985409378	-1.85521127452531
535000	536000	1.7934651414487	-1.69299047369314	-1.8170402304101
536000	537000	2.25333460794893	-1.66057156847723	-1.97168479096534
537000	538000	3.17136035768463	-1.87519746565309	-2.73407325934401
538000	539000	2.06885914256183	-1.43345263270073	-2.50067798969386
539000	540000	1.76374201879406	-1.39106541103096	-2.22404931926014
540000	541000	1.91850790007753	-0.964879790878646	-2.4378390076957
541000	542000	1.67422321560715	-1.06678438872361	-1.94377926891669
542000	543000	1.25721997553101	-0.864375069153825	-2.18467366791008
543000	544000	1.21463815174092	-1.21978787790271	-1.7040781676715
544000	545000	0.828975534095963	-0.847706814584863	-1.84150230613092
545000	546000	0.877117852058038	-0.837041383406371	-1.30352761079005
546000	547000	0.353892877589632	-1.07985776034918	-1.10640824697596
547000	548000	0.434606878086577	-1.50872165051089	-0.773124599430919
548000	549000	0.945446286500987	-1.29620435502109	-0.975568177682161
549000	550000	1.92580309885229	-0.883776444536222	-1.42106613678845
550000	551000	3.11197072820832	-0.627284349681724	-1.8662344906872
551000	552000	2.13735139366984	-0.279658356263351	-1.86812663726304
552000	553000	1.55538424352153	-0.342886666476727	-1.73139976839612
553000	554000	1.05951866003693	-0.141487628446113	-1.94195796640368
554000	555000	1.22085916164592	0.256826260054591	-1.62014440623179
555000	556000	1.22326097038241	0.429562511938596	-1.11529572506822
556000	557000	0.907937610116053	0.565661468363598	-0.641147577989327
557000	558000	0.734633122247879	0.72096431616544	-0.0848268558608487
558000	559000	1.22374623323148	1.03290650254276	0.1266513777301
559000	560000	2.44716233551792	1.5706578827095	-0.180276608786104
560000	561000	2.9571348764019	2.21903617102789	-0.770680306771718
561000	562000	1.2512350618832	1.67583460184894	-0.529965663629668
562000	563000	0.352583471547734	1.44901044044995	-0.14982922904755
563000	564000	0.0399061046551862	1.4850360839735	0.385033658226064
564000	565000	-0.536340378627773	1.68234693749396	0.385521447436184
565000	566000	-0.582045695347274	1.1280443212608	0.601536632712341
566000	567000	-0.407930066731253	1.06072936967125	0.0700747352388616
567000	568000	-0.141393368544064	0.67021497020949	-0.229728886676816
568000	569000	-0.597588494294311	0.833567667769478	-0.621668790575473
569000	570000	-1.10790295193224	0.628438930132996	-0.491393033652635
570000	571000	-1.29481597081773	0.266402927448403	-0.0803343702913137
571000	572000	-0.926827143199637	-0.118183958757697	0.20123210141165
572000	573000	-0.318634949569464	-0.254205000786168	0.352842111449683
573000	574000	0.338677251393034	-0.374240074847919	0.455596136326334
574000	575000	1.2477677136405	-1.07593879246511	0.629747976625169
575000	576000	2.39471404814606	-2.2101496821213	0.593845067521452
576000	577000	2.22541968212343	-1.35634800287502	0.567705529042495
577000	578000	1.64763589868374	-0.3306347744566	0.617023788693012
578000	579000	1.71432796958276	0.246194241787773	0.706037186629329
579000	580000	2.10522253286858	0.606660802494229	0.631066810442852
580000	581000	2.1199017402468	0.518214803920516	0.082141633571558
581000	582000	1.72694963052558	0.268084952453303	-0.212676462717111
582000	583000	1.25356059251329	0.0108698065769063	-0.357871484828801
583000	584000	0.811401830075767	-0.280312030079682	-0.666401283297728
584000	585000	0.60627105916406	-0.711280031283221	-0.367900152527511
585000	586000	1.00332681579245	-0.82713227923076	-0.0343188776188958
586000	587000	1.5018461931244	-0.926273683230387	0.120817631762779
587000	588000	1.52573513242051	-1.43008131365015	-0.136215140534171
588000	589000	1.84572234625418	-1.08877355414018	-0.481083669724623
589000	590000	1.81223761978023	-0.588566944614312	-0.699096289034458
590000	591000	2.38753619434599	-0.290257472590738	-0.742984474137332
591000	592000	2.32575466806288	0.00456896982914306	-0.261805244275468
592000	593000	2.79915886298214	-0.295723512193244	-0.219473476888208
593000	594000	2.56341303950124	-0.0622426087224124	0.229488385388638
594000	595000	3.07014806935595	-0.316711098410278	0.280998528681581
595000	596000	2.58674582154304	-0.460928299447802	0.486484696004949
596000	597000	2.86007704995078	-0.800040497899447	0.555797421675076
597000	598000	2.53168223003183	-0.861545320637357	0.211594833969068
598000	599000	2.77660183849309	-1.28784310602418	-0.152156228513518
599000	6e+05	3.41436295059583	-1.98591661510571	-0.742816772303643
6e+05	601000	2.39804548294768	-1.75878741730133	-1.0454158292269
601000	602000	1.89039813440794	-1.4872676462971	-1.05399983946094
602000	603000	1.61694328603852	-1.73095276140365	-1.35280211653948
603000	604000	1.23859871425208	-1.99500367779288	-1.25424136539046
604000	605000	1.52408005145546	-2.20698544548676	-0.876141951547623
605000	606000	1.35889119304764	-2.02401784044734	-0.397305267582356
606000	607000	1.46529621894401	-2.23621572804575	0.106457053907952
607000	608000	1.29529852003386	-2.19101818685171	0.615362915752672
608000	609000	1.49524081283921	-2.00038088564508	1.06331532043776
609000	610000	1.66647627316117	-1.48591309453035	1.27434985005894
610000	611000	2.21161524220252	-1.41323364374491	1.34141259130964
611000	612000	1.87631133972345	-0.975022630848446	1.31577492985819
612000	613000	2.13537583479609	-1.21679266897669	1.82539968067753
613000	614000	1.7495531425963	-0.654287453067603	1.69706324552094
614000	615000	2.37815203424992	-0.792768273552992	1.80340660357942
615000	616000	2.24314261061679	-0.469036963084027	1.40167205603698
616000	617000	2.70362442194417	-0.875804611077156	1.45821185496845
617000	618000	2.43661000399396	-0.764030065199325	1.01159441384099
618000	619000	2.99523997175394	-0.741159301176069	1.09294870297029
619000	620000	2.72601717830861	-0.425984817310766	0.986320041288531
620000	621000	2.86476643826082	-0.125593721752416	1.15709787991772
621000	622000	2.78888300419213	0.0405860969962051	0.800292552124875
622000	623000	3.2267316343927	0.278807850919276	0.666173954171513
623000	624000	2.80067371440638	0.531222180868162	0.536828677660633
624000	625000	2.56370517598463	0.962268383279723	0.681805988711533
625000	626000	2.71087172806459	1.3507414066683	1.04639735220017
