0	1000	-0.722640437535519	-3.24964037958726	-0.631540768741568
1000	2000	-1.07313429878233	-3.31000117651766	-0.635633582649816
2000	3000	-1.6007859895818	-3.13760254743767	-0.643213206936689
3000	4000	-1.36393736385177	-2.98885446000989	-0.20146826649386
4000	5000	-1.11298658572837	-3.03670890537431	0.1629326005453
5000	6000	-0.891293048691698	-3.54665305550355	0.177500101831793
6000	7000	-1.00811839445242	-3.22403023344413	-0.170558126839701
7000	8000	-0.978310367713568	-2.81922039896512	-0.203951262921326
8000	9000	-0.615249903347355	-3.03244797495761	-0.0837014512532379
9000	10000	-0.333260265246636	-3.30960554351389	0.00194956055204142
10000	11000	-0.226792068928659	-2.9213033179468	0.272985072699598
11000	12000	0.141124555426825	-2.4404736705317	0.577428793998881
12000	13000	-0.328951355567349	-2.42058815763034	0.832265089258847
13000	14000	-0.352719441880085	-2.01564748774071	1.07394461406198
14000	15000	-0.724201401496703	-2.16529350974008	1.16625832132781
15000	16000	-0.735431918522696	-1.75640856133008	1.25445588122051
16000	17000	-1.01181429978405	-1.73334409981459	1.64874993855335
17000	18000	-0.854136359288636	-1.50853071437919	2.02229892638068
18000	19000	-0.937835185973053	-1.71004623345383	2.4157006718837
19000	20000	-0.650583111842014	-1.99457614038123	2.1983174751252
20000	21000	-0.464056902668959	-1.7299573078976	1.83301571192533
21000	22000	-0.250954026644354	-1.38869775035683	1.67134154029008
22000	23000	-0.306419474897114	-1.38664083011358	1.26274664574921
23000	24000	0.0473587224226505	-1.17458650497656	1.30597805279269
24000	25000	0.062478615587048	-0.758008968691094	1.45028409646285
25000	26000	-0.186172478384315	-0.875227911697139	1.87716053063685
26000	27000	-0.0952067140654032	-1.21351888928983	2.16569908046586
27000	28000	0.28181470139578	-1.43429539237796	2.37643230410036
28000	29000	0.293506910432938	-1.6851435202522	3.54037423031719
29000	30000	-0.294805623366596	-1.07641754622498	2.73293874971519
30000	31000	-1.22212213114007	-1.18024048344768	2.47827344071578
31000	32000	-1.30305804840901	-1.44916956490227	2.0957713842606
32000	33000	-1.54051751087053	-1.84725639353807	2.28918159278585
33000	34000	-1.44960187303259	-1.86721344892057	1.86005170611159
34000	35000	-1.13621628519569	-2.08889627591913	1.92965598279676
35000	36000	-1.14095218758679	-2.33176144047473	1.58249759285912
36000	37000	-1.40590637974426	-2.44144761187307	1.12905724954692
37000	38000	-0.977238597604012	-2.71137581618018	1.06293415247145
38000	39000	-0.866168235574269	-3.36857066539542	1.17141068756937
39000	40000	-1.09287195323297	-3.26269778773297	0.723228560396504
40000	41000	-1.49596767992171	-3.23785014092654	0.669939627712994
41000	42000	-2.77302218704604	-2.919285180011	0.292284931154698
42000	43000	-1.96023117172906	-3.48887497577511	0.325011318938536
43000	44000	-1.77786030325353	-3.87449590759968	0.169673216892063
44000	45000	-1.75531205761799	-4.27422376883546	-0.0547906996647953
45000	46000	-2.1007355044171	-4.0473226272736	-0.106892481895428
46000	47000	-1.31420693465221	-4.62265240579286	-0.906149774385414
47000	48000	-1.80050360583318	-3.82870913791055	-0.293791569378524
48000	49000	-1.3110078842836	-3.75233156952205	-0.110820933567788
49000	50000	-1.51923970533661	-3.49758612977952	0.27806677881148
50000	51000	-1.6577814265827	-3.69369048051862	0.688178751865561
51000	52000	-1.94419862376843	-3.50263988762443	0.786880418451479
52000	53000	-1.75432909659148	-3.42003476915091	1.09291480891679
53000	54000	-2.16671199004585	-3.47877047085214	1.22760206072107
54000	55000	-1.9954440667453	-3.1167375202914	1.35341968876186
55000	56000	-2.2294703558848	-3.03128702109442	1.65420859857897
56000	57000	-2.31873355422379	-2.67789281691464	1.3807789587801
57000	58000	-2.40187139382565	-2.52940402630955	1.75577005431838
58000	59000	-2.60387514592504	-2.81841648350487	1.97583550846731
59000	60000	-2.16045485776163	-2.7828920633263	2.02874146537248
60000	61000	-1.95851895514357	-2.61402131223909	1.69707337426957
61000	62000	-2.10600637839196	-2.29158340371968	1.91640980862214
62000	63000	-2.24906994937581	-2.11323370165208	1.56793540041332
63000	64000	-2.1877649624243	-1.8446476944266	1.86574865058
64000	65000	-2.20181704102114	-1.41939427481732	1.67441826153501
65000	66000	-2.5196115172576	-1.13337008366127	1.7208231131522
66000	67000	-2.1871983344937	-0.963267820509147	1.72682065903505
67000	68000	-1.82891113822889	-1.02458288287555	1.7484763902813
68000	69000	-1.63832142221317	-1.42120666554143	1.51242317826206
69000	70000	-1.68499397194725	-1.33770625853214	2.09306618180323
70000	71000	-1.59275230369224	-1.3979023587686	2.5616385194484
71000	72000	-1.43829744901454	-1.50011180277165	3.00476452345919
72000	73000	-1.41948364684133	-1.41589465686012	3.38624008538704
73000	74000	-1.24465532750844	-1.76338095903401	3.46015978703687
74000	75000	-1.66364071338345	-1.68229941403582	3.52195481587627
75000	76000	-1.44779263127174	-1.59379391790502	3.77214309101947
76000	77000	-1.50537904184209	-1.20211081912341	3.81718618766185
77000	78000	-1.08129658025884	-1.45763118886595	3.93177983045711
78000	79000	-1.03662869746464	-1.23506402784708	3.53935907903159
79000	80000	-0.593098434186524	-1.52414033795879	3.5445438653345
80000	81000	-0.725569016501182	-0.921749043192252	3.40126075795583
81000	82000	-0.760125259558045	-1.25121237040979	3.05543111790451
82000	83000	-0.91746418106106	-0.825018687116355	2.91539736114697
83000	84000	-1.32921350205184	-0.626869069309893	3.00266428661478
84000	85000	-1.82670384446428	-0.50390735958709	3.04251879450268
85000	86000	-2.3433921835881	-0.341462658924377	2.87985222268677
86000	87000	-2.81833955981011	-0.0906015770277963	2.93001569165418
87000	88000	-2.75214207541728	0.000633274322332048	2.41202148779975
88000	89000	-3.06686983048728	-0.146508008091295	2.34641978777986
89000	90000	-2.7847685338605	-0.375607471661162	2.21077018706221
90000	91000	-2.37853390849142	-0.293103378020219	2.33272859284835
91000	92000	-1.20292521838755	0.353278564165652	2.76000232983299
92000	93000	-1.88916587290475	0.0635787314102819	2.36684259582858
93000	94000	-2.30318152887108	0.465958934295945	2.33758725100627
94000	95000	-3.48883942174856	-0.296790778000426	1.79652462613516
95000	96000	-3.80620760542447	0.0633595646993714	1.71696828939505
96000	97000	-3.64286842809489	-0.106734582649686	1.34024048426841
97000	98000	-3.88792660988265	-0.351045340000702	1.12569502532604
98000	99000	-3.99264718561752	-0.731863682409993	1.32681027228528
99000	1e+05	-3.85543264528045	-0.417199881072506	1.5575719285631
1e+05	101000	-3.5807918398857	-0.673001091658074	1.54234460664342
101000	102000	-3.37604452202049	-0.415743645135357	1.28041203246569
102000	103000	-3.5530610246602	-0.647846337453282	0.922738854429272
103000	104000	-3.61114442050834	-0.225380490362916	0.750856175450477
104000	105000	-3.51848083389359	0.115822799969821	0.360177451147173
105000	106000	-3.39248070490764	0.159416957563524	1.03535245448987
106000	107000	-3.28900166216818	0.296617479665889	1.52879746386903
107000	108000	-2.89367191908738	0.434565415835639	1.69605023713286
108000	109000	-3.08835465692481	0.6311492841706	1.95406143135118
109000	110000	-3.4010171872018	0.485956123898761	2.14624310513652
110000	111000	-3.1122622004894	0.134006638771059	1.98750872491921
111000	112000	-2.93178004974714	-0.124636980396411	1.61015132590171
112000	113000	-2.96350083517481	-0.464461788124815	1.76862879944658
113000	114000	-2.57036322939719	-0.268098780666964	1.81358638548786
114000	115000	-2.59608436543336	-0.628034173950173	1.30378308271968
115000	116000	-2.14838354478892	-0.834492938491277	0.939011497899445
116000	117000	-1.65334089760959	-0.782736684143936	1.21529675225542
117000	118000	-1.3655569580253	-0.86248113821266	1.55268035394551
118000	119000	-2.17602539311509	-1.11448363670178	2.30050849465138
119000	120000	-2.88989642225147	-1.38186109165001	3.07005638237404
120000	121000	-1.92427255691671	-0.664466875738518	2.46803695079468
121000	122000	-1.4916841193025	-0.623753912240197	2.2686724034751
122000	123000	-1.19699591063899	-0.992736483967637	2.09005635044757
123000	124000	-0.76963341462347	-1.04699341136309	2.23768720674007
124000	125000	-0.446896007380043	0.183361518998316	2.40871873073312
125000	126000	-0.824139196832561	-0.735972687879675	1.7988248515772
126000	127000	-0.736236538715897	-1.07977468558882	1.47251622788978
127000	128000	-0.760403676331372	-1.17056592636925	1.09183083722494
128000	129000	-0.417123875914681	-0.723186215326553	0.281732450666694
129000	130000	-1.14533518355799	-1.428209170786	0.698158472603353
130000	131000	-1.2614653251406	-1.88843726932666	0.72271770638849
131000	132000	-1.16832962041207	-2.37029883779297	0.611459328448236
132000	133000	-0.855027756260951	-2.07095644155188	0.332137032441577
133000	134000	-0.58261652101337	-1.75129239736777	-0.00362314135476891
134000	135000	-0.429102844512802	-2.02443891729293	0.412229340568673
135000	136000	-0.365920771551471	-2.41503223020911	0.351039474173607
136000	137000	0.00516762163855491	-2.5843764400397	-0.96579558532074
137000	138000	0.000566146592066351	-2.41992076897971	0.105006331177764
138000	139000	1.02632847320306	-2.67569735109157	-0.725513612378376
139000	140000	0.805304185012427	-2.96640895838907	0.240190916432804
140000	141000	0.392167289428879	-3.01087594132586	0.239541910701422
141000	142000	0.46088013632943	-2.96911581327705	0.656421689446806
142000	143000	0.602808162600117	-2.91909763985742	1.11806446991319
143000	144000	0.0783764568108606	-2.8052181308454	1.19493447663776
144000	145000	0.0014797487319794	-2.89410533802021	0.746077528269541
145000	146000	0.123715134408998	-3.2658357845928	0.690558243875038
146000	147000	-0.0193571385689858	-3.3263887684125	0.340128195005582
147000	148000	-0.260826560850653	-3.76987075321558	0.410798524819175
148000	149000	-0.401886624069122	-3.26794661329781	0.497211644981966
149000	150000	-0.522080247038667	-2.9690177105086	0.843487299024358
150000	151000	-0.49449550922483	-2.7934781140587	1.20326033857929
151000	152000	-0.441220515966157	-2.44708622044712	1.38663222556787
152000	153000	-0.294037163284409	-2.14960154800088	1.64150946861937
153000	154000	0.0292836643384087	-1.76446941595577	1.58968743308652
154000	155000	0.248494023406048	-1.58590364599584	1.15606824679272
155000	156000	0.447940265271605	-1.98416120487825	0.99974768742855
156000	157000	0.823812401865	-2.33042704830787	0.854429527427325
157000	158000	0.662553975611817	-2.55885105198624	0.515737597109684
158000	159000	0.992412504080062	-2.72723002218468	0.596802570867522
159000	160000	1.02735432630125	-2.42548120795539	0.2931236236295
160000	161000	1.47662277124818	-2.35221730822571	0.210935920182353
161000	162000	2.98243584805636	-0.429865296744746	-0.44164521567852
162000	163000	3.18111962296052	0.304452863383948	-0.693499962349281
163000	164000	3.00586390285215	0.8625669018436	-0.571198508263197
164000	165000	3.00773276952532	1.49576095888771	-0.400200223828671
165000	166000	2.72333340790938	1.99013030019605	-0.498761772781024
166000	167000	2.4590395474507	2.23674685296744	-0.815484753354172
167000	168000	2.17451781045411	2.575348572608	-1.1301258584335
168000	169000	2.06029880022462	2.0812537866146	-1.33390239157529
169000	170000	1.85176159708327	2.07714229842011	-1.70784394932093
170000	171000	1.33746144941641	1.9655054027941	-1.77940892415977
171000	172000	0.792367211356119	2.19587762902998	-1.55187841231507
172000	173000	0.593369564222946	1.75448945600587	-1.35675090562457
173000	174000	1.01122565747656	1.64683440553529	-1.44641601045352
174000	175000	1.45834833576459	1.77713782574297	-1.22016548873428
175000	176000	1.14087539588627	1.61428158079353	-0.896886411384352
176000	177000	1.00771954574281	1.99403376737326	-1.01280161740777
177000	178000	0.897971003834032	2.1013783434421	-0.577268032927402
178000	179000	1.07658237873908	2.52885005018863	-0.759128620908928
179000	180000	1.41826697004609	2.12449423039152	-0.765428614545313
180000	181000	1.30598970860649	1.94566970390167	-0.432211326925222
181000	182000	1.41347961267566	2.26916208244504	-0.295657786741777
182000	183000	1.80039787921471	2.09324630908333	-0.454997172217244
183000	184000	2.08436020566013	2.37119386468284	-0.434702151373206
184000	185000	2.20866067109472	1.98455237518748	-0.518949073364745
185000	186000	2.25012812304071	1.85944264791397	-0.120586930140838
186000	187000	2.48808045865067	1.53975578296166	-0.58699161109384
187000	188000	2.88136209587983	1.67808418571119	-0.855704696414018
188000	189000	3.38807928371024	1.30151320566764	-0.802645319650858
189000	190000	3.41382575162777	1.01228592594779	-0.315277662722555
190000	191000	3.63256509971986	0.709628961212365	-0.200400043733028
191000	192000	3.36603412974821	0.651536690234611	0.0613589166953786
192000	193000	3.37302913139452	1.31919214585278	0.252674418129966
193000	194000	2.70871717916795	1.25221658315709	0.329116347584863
194000	195000	3.11136178332516	1.30902483649333	0.770980133752822
195000	196000	3.05084783625008	0.913275410100288	0.582575944323845
196000	197000	3.22313181722914	0.817841089713386	0.933197787654209
197000	198000	2.94408857778457	0.91740811710728	1.25465352714452
198000	199000	2.81112100410377	0.601959506122421	0.966760409104106
199000	2e+05	2.50536664456011	0.395819717970075	0.718352772307305
2e+05	201000	2.26566380594706	0.0214683244365135	0.580497472542711
201000	202000	2.13887400964979	-0.338643365862805	0.801485187781616
202000	203000	2.14133202110594	-0.737857933894892	1.03606696406841
203000	204000	2.03091841698153	-0.579404827532653	1.4394254419802
204000	205000	1.75084124284177	-0.476477562919236	1.8160289009614
205000	206000	1.4612246621172	-0.4596306749109	2.21865984386736
206000	207000	1.60728820486748	-0.422845662217431	2.66020148649661
207000	208000	2.03419320128533	-1.04380953620036	3.61398005036123
208000	209000	1.68100988988787	-0.881579373431825	2.41970194681879
209000	210000	1.93795435435624	-1.25711390126248	2.32406696455762
210000	211000	1.54021665103256	-1.22921320578862	2.13114354525305
211000	212000	1.15159667066239	-1.22346603784872	2.28948263934335
212000	213000	1.15722036974517	-1.34779875508299	1.87446330310171
213000	214000	1.49173265583681	-1.30405653520119	1.66899535939755
214000	215000	1.76646132767376	-1.6366875749655	1.76259656082869
215000	216000	1.45862138062753	-1.78841427231481	1.99220883382027
216000	217000	1.12337820121042	-1.6787136832685	2.1727725772805
217000	218000	0.841490239682799	-1.72129867520776	1.88515687849038
218000	219000	1.16137257650412	-2.00528300486526	1.75098027353739
219000	220000	1.04298863279793	-1.72518941907025	1.46166373628348
220000	221000	1.42953477836474	-1.75148869451943	1.46458151929746
221000	222000	1.98193528464803	-1.58833721521185	1.16570293720155
222000	223000	1.86058312658368	-1.1346302692371	1.35733759540823
223000	224000	1.76409880685331	-0.917654049091127	1.71563316526569
224000	225000	1.35012554091138	-0.729322441886387	1.70068437736196
225000	226000	1.59169746317921	-0.586334709271873	1.35001834107686
226000	227000	1.58920059869832	-0.770026978532017	0.825609003820769
227000	228000	1.33150289065142	-1.01882858032259	1.10164454704256
228000	229000	0.975910463386921	-0.776687892994665	1.24793255484519
229000	230000	1.30210563392834	-0.430916881759244	1.10955913195836
230000	231000	1.59953152573074	-0.133939032864079	1.13053038332035
231000	232000	2.23089522416077	0.184202589443782	1.4468514116194
232000	233000	1.864626432535	0.549150219269131	1.3851119317749
233000	234000	1.86183962214338	0.269250503896286	1.16936395710006
234000	235000	1.76595731371182	0.525763781267687	0.773466907009065
235000	236000	1.72786817096785	-0.0215142868279063	0.590247512116783
236000	237000	1.76233283238071	-0.275476103532533	0.047363833546117
237000	238000	1.98556345779119	0.0499203878543577	0.125760557122012
238000	239000	2.42585949880664	0.178560407522512	-0.0612638159525564
239000	240000	1.98123829279564	0.0529463379870795	-0.371705567638196
240000	241000	2.2036917014259	0.196985515590235	-0.890351477487202
241000	242000	1.77720450885658	0.291515096066689	-1.35115571107435
242000	243000	1.6094696975698	0.279741576034189	-1.71119565557202
243000	244000	1.34977815971264	0.139075803079495	-1.47892622948736
244000	245000	1.2193919009956	0.223939610343057	-1.84480552501518
245000	246000	1.25293586938305	0.517895315351699	-2.2277824377102
246000	247000	1.75048470470498	0.553959679411115	-2.40138473196618
247000	248000	2.01972095690973	1.1267585479974	-2.52559569325992
248000	249000	2.23284048096129	1.48681695451931	-2.54253318133456
249000	250000	2.60541091376519	1.61234357170862	-2.60733378020904
250000	251000	2.50041749040373	1.78289107974621	-2.30339535530797
251000	252000	2.76717167745443	2.0739698701225	-2.34738954786127
252000	253000	2.82992357026727	1.68850191538682	-2.09125813864053
253000	254000	3.3211425278137	1.52051818441612	-2.32322979807012
254000	255000	3.22227719246732	1.84628992276967	-1.94836118890406
255000	256000	3.18418291834129	1.46259482155389	-1.77985586123448
256000	257000	2.90116591011114	1.80075848735974	-1.65894247460368
257000	258000	2.811386182096	1.50684757095968	-1.44272784468922
258000	259000	2.49434101024705	1.76199519909611	-1.57860512455309
259000	260000	2.25525025532395	1.47904572886151	-1.19464398959817
260000	261000	2.49518144291554	1.84434914031816	-1.15222081100272
261000	262000	2.96080138884936	2.34527642017714	-1.12328377507611
262000	263000	3.14301196042586	2.1574346744391	-0.656465871442009
263000	264000	3.57467883622446	1.94176159859184	-0.911472163527025
264000	265000	3.75486422029169	1.73783236297941	-0.411895235068856
265000	266000	4.0288499998467	1.55302205083645	-0.646722097092751
266000	267000	4.27212814935948	1.97322072818522	-0.620725373971931
267000	268000	4.56146155662353	1.46205705224643	-0.493837839566673
268000	269000	4.77580044282935	1.47695760683954	-0.101618688585088
269000	270000	4.6554167561536	1.14881559591754	-0.25549022535408
270000	271000	4.37949954216289	1.35073328335331	-0.1484117996839
271000	272000	4.27320513038553	0.934082884117387	-0.171561685730868
272000	273000	4.51805922736293	1.16101965542152	0.157393388091768
273000	274000	4.6018725313747	0.818460925272151	0.16868046768155
274000	275000	4.26999535249395	1.13848198715102	0.534197307925404
275000	276000	4.23858683489116	0.707382760172093	0.45159478649151
276000	277000	3.87556959353839	0.817291834010737	0.436107320754992
277000	278000	4.00492221706581	0.462862103271267	0.660193936876594
278000	279000	3.7808871422548	0.85064409674408	0.826748829873863
279000	280000	3.69615401965537	1.00553222713994	1.21475886053568
280000	281000	4.28055974026018	1.07593330930032	1.29598993280802
281000	282000	4.26722788747362	0.745911920363709	0.960719067818584
282000	283000	3.971169277844	0.596476972264536	1.13653192109338
283000	284000	3.65211489713243	0.447212536414058	0.885174849733322
284000	285000	3.54816169707541	0.39799875367271	0.468909702791775
285000	286000	3.58928183663055	-0.00350598604673277	0.439747517615663
286000	287000	3.93282537548927	-0.220946398306391	0.743941818942208
287000	288000	3.44625654569408	0.0133877971651954	0.887538331126051
288000	289000	3.69189661204907	-0.0166421278385744	1.28465717686844
289000	290000	3.38236860373926	0.275220807582738	1.2939527031929
290000	291000	3.48802735037068	0.231254879796453	1.8071471818845
291000	292000	3.11781149014246	0.163108138759343	1.51427318133635
292000	293000	2.82137174868323	1.11244606592806	2.25970480962639
293000	294000	1.76482141077859	0.83140018466225	2.00740522378815
294000	295000	1.40789537330019	0.306641532531258	2.21175405886926
295000	296000	1.00632753066898	0.363379923215635	2.40310689478685
296000	297000	1.0533665954123	-0.0960593893235236	2.12446688743198
297000	298000	0.703083654722762	0.154063521187928	2.03302871199466
298000	299000	0.476109386804339	-0.376085175734033	2.05711699190888
299000	3e+05	0.389318148280185	-0.837589847913597	1.87610978835203
3e+05	301000	0.255492659252079	-1.19196708300631	1.83860135311319
301000	302000	0.214235334470887	-0.895763817305562	2.21659165953924
302000	303000	0.650731416029399	-0.968657304993394	2.33562842966354
303000	304000	0.868141230444831	-1.30092297897327	2.82172788356836
304000	305000	0.65090195114994	-0.751861801583035	2.78335786049902
305000	306000	0.729545481032228	-0.549485847603453	3.09180254453218
306000	307000	1.02499512701276	-0.517860828938843	2.77836386406562
307000	308000	0.713224165080657	-0.0871472970379147	2.73312337066457
308000	309000	1.24076961497878	-0.117720213273966	2.64742541216255
309000	310000	1.47774002712496	-0.00212583601629536	3.12331309159744
310000	311000	1.72202610448958	-0.0375724529282687	2.70855524801749
311000	312000	1.9765401621504	-0.158682191289832	2.89106931390162
312000	313000	2.16177716213519	0.231952856229746	3.10639631721999
313000	314000	2.25479958782777	0.00116376209361121	2.65652727527252
314000	315000	2.10532946384188	0.376499746116689	2.57695469003586
315000	316000	2.05034941619777	0.103317689786045	2.20410683360125
316000	317000	1.74859616749426	0.108878321429139	1.8175191650293
317000	318000	1.48542471324419	0.0347547005520654	1.53129792395879
318000	319000	1.12319024725855	-0.0711998708765116	1.29819558764789
319000	320000	1.23905287899399	0.302961397725866	1.08002766130119
320000	321000	1.14816953196599	-0.0395884957974622	0.790168058673261
321000	322000	0.93795686716451	-0.34421049098798	0.906583389961004
322000	323000	0.49222347397951	-0.534538046155155	0.768130731288483
323000	324000	0.680514082203375	-0.838263728131704	0.429004842657765
324000	325000	1.01849996981934	-0.60765645633057	0.202299046409196
325000	326000	1.16353543579779	-1.14291786513881	-0.652003841664458
326000	327000	1.80090155813053	-0.713181260140719	-0.674091086715975
327000	328000	1.83898375725588	-0.448132715791562	-1.12421719014766
328000	329000	1.69233763508734	-0.509228426687039	-1.47779427684042
329000	330000	2.08290108428694	-0.578532120656436	-1.552194226511
330000	331000	1.80029253975825	-0.595301892561131	-1.82771220293112
331000	332000	1.77566858271455	-0.171990274396936	-1.80392911223667
332000	333000	1.64514259407935	-0.163028588661238	-2.18712020411873
333000	334000	1.92003713201728	0.103175151206886	-2.11465946843556
334000	335000	1.7670007175244	0.106032234800085	-2.45893138481476
335000	336000	1.40063458514666	0.185308075303191	-2.71943036933424
336000	337000	0.998317606957382	0.140347482593081	-2.9924659360038
337000	338000	0.945885971886995	-0.167150652534044	-2.62230051534939
338000	339000	0.685133233090927	-0.0410017701907322	-2.87556278224937
339000	340000	0.693183308723383	-0.394642386719179	-3.08407378691654
340000	341000	0.350117124652318	-0.0838113302799924	-3.08489613550255
341000	342000	0.416091672854467	-0.297549372024885	-2.74669658788351
342000	343000	0.303238500770031	0.0481267988442461	-2.6583729434198
343000	344000	-0.0486453357614916	-0.126147406760212	-2.47398645336346
344000	345000	-0.073581542500083	-0.152373587492315	-2.01364111156797
345000	346000	-0.0853483930181261	-0.632688971171453	-2.00394232397658
346000	347000	-0.138056498711534	-0.798337749425148	-1.58486269419118
347000	348000	0.0730503100904922	-1.10201072069409	-1.47324438593503
348000	349000	-0.108681392050158	-1.40890447653511	-1.23739441166814
349000	350000	0.320176499288939	-1.46735788417524	-1.26156455734132
350000	351000	0.284384145388031	-1.41047068918443	-0.931788184243554
351000	352000	0.550431051646956	-1.56419308354705	-0.762368690767324
352000	353000	0.38181297143434	-1.46777875405674	-0.387585564501209
353000	354000	0.802079245174289	-1.59766048090885	-0.299843747392853
354000	355000	0.715212716086152	-1.43801951507317	0.0692104964233483
355000	356000	1.08445432079427	-1.52411560503052	0.101381066226641
356000	357000	0.914504765397278	-1.36734409359124	0.430812102191138
357000	358000	2.11483504222557	-1.85066337513777	0.394369329224145
358000	359000	1.09436252067039	-1.00306947942652	0.470241265485629
359000	360000	1.17910375414481	-0.584010265609202	0.644115396721196
360000	361000	0.29113397911324	0.191080935360425	0.498147931326335
361000	362000	1.36115938860696	-0.260741727024786	0.31680390398514
362000	363000	2.47727276544657	-1.21141314731408	0.0978646054161396
363000	364000	1.5093379245484	-0.686359545506591	-0.0906513505368257
364000	365000	1.39538605649801	-0.369558536328533	-0.447219165070159
365000	366000	1.07561551911721	-0.670979044418023	-1.08386098546682
366000	367000	0.707844296353332	-0.432280862988281	-1.00568519884773
367000	368000	0.517451366464899	-0.543247918921288	-1.39117297144465
368000	369000	0.795151269396075	-1.2255626149715	-2.34866673051212
369000	370000	0.460026036641652	0.0574158197104754	-1.78480020111893
370000	371000	0.510891093888205	0.269895112789662	-1.30805141743521
371000	372000	0.0667847943047089	0.392977763935894	-1.35351929292517
372000	373000	-0.299459822585611	0.510600381118011	-1.17136968223292
373000	374000	0.019002252887554	0.423085444634137	-0.815283367410145
374000	375000	0.237115581593801	0.863999685498559	-0.986642855792088
375000	376000	0.10831592573069	0.881480320039044	-1.47155543497726
376000	377000	0.341886147628841	0.854521244140693	-1.77331472953782
377000	378000	0.832531919574915	0.747534015953081	-1.72180175945954
378000	379000	1.30853823630553	0.686487139104014	-1.46444821506829
379000	380000	1.60056561201084	0.876690473325513	-1.74000959958739
380000	381000	1.75677210656577	1.35363027101887	-1.77587637051231
381000	382000	1.39578559918669	1.44183174377928	-2.12546689469674
382000	383000	1.88392389508403	1.77326632150168	-2.07635282101078
383000	384000	1.95423821354485	2.16565698210878	-2.24387646571657
384000	385000	1.61749454324343	2.45137641268432	-2.27440269581149
385000	386000	1.31222287264969	2.42707304927886	-2.61277111006959
386000	387000	1.07684553595404	2.22332324644106	-2.38203982534196
387000	388000	1.12093125811751	2.48392887594391	-3.00626753428049
388000	389000	1.0208124523688	2.08102844889489	-2.78663448019739
389000	390000	1.10675264968935	2.03886771636179	-3.14479238157165
390000	391000	1.40979401439128	1.87227811859058	-2.94668234702066
391000	392000	1.8167090578458	2.12732864820262	-3.17556345250387
392000	393000	1.87248231916941	1.76212388469049	-2.61245368238271
393000	394000	2.192678080875	1.69352405686792	-2.91903429166662
394000	395000	1.81102297919422	1.47909878595911	-2.95426701051158
395000	396000	2.10490285479021	1.25847140815559	-3.12391752403167
396000	397000	1.71426785075023	1.01429873802111	-3.31733655413054
397000	398000	2.17390717910847	0.7858890513978	-4.40022690353716
398000	399000	1.85305656078218	1.5041134974067	-3.49486429342266
399000	4e+05	1.49308628497258	1.73828939402784	-3.63264361866282
4e+05	401000	1.3657070597126	1.2650588241277	-3.59474504639155
401000	402000	0.896536461683681	1.4179479412699	-3.79365804175829
402000	403000	1.1051237240915	1.50469554973861	-3.31180900519766
403000	404000	1.27537457941061	1.23278834438244	-3.07302697928172
404000	405000	1.52656276984158	0.967292348334512	-2.8701075523927
405000	406000	1.33593981408823	0.725634671690158	-3.05514627477826
406000	407000	1.28004687562382	0.772260604594516	-3.4381402711154
407000	408000	0.927378377895279	0.738026083249025	-3.76082929872128
408000	409000	0.862936442296488	1.13072980485543	-3.29785579340631
409000	410000	0.734091898349869	1.39843488565491	-3.03653538953471
410000	411000	0.644935111938669	1.8202984347047	-3.17082672396093
411000	412000	0.19110362826826	2.13303982592247	-2.94296102089454
412000	413000	0.482807442877513	1.75410598248883	-2.79665009182704
413000	414000	0.28712925391117	1.4798897782369	-3.17601830054693
414000	415000	0.290907915825351	0.93952628181078	-3.19474239661508
415000	416000	-0.0318797857526715	1.04430244225533	-2.77929773370544
416000	417000	-0.429718155069722	0.863811820104585	-2.86307900742135
417000	418000	-0.271131091804464	0.463251687185618	-2.63216079516589
418000	419000	-0.167069089913114	0.761917084364956	-2.35288070981346
419000	420000	-0.332632026075578	1.27306151624991	-2.26688247730139
420000	421000	0.0951126092527825	1.19662162563896	-1.93888411301567
421000	422000	0.558227439468997	1.29090910231382	-1.9288126125513
422000	423000	0.332215426656209	1.69554563188475	-1.90742161134863
423000	424000	0.195400455594198	1.92124341653361	-2.28084729104183
424000	425000	0.311852036992812	1.52673651138971	-2.41935639557593
425000	426000	0.705199604659022	1.58766804807096	-2.29809091060407
426000	427000	0.649760049041376	1.98377234070729	-2.3353229441291
427000	428000	0.653141888326884	2.39444569174528	-2.14288561169081
428000	429000	0.791295012792199	2.49608909266975	-2.5904389650869
429000	430000	1.06550843231505	2.80477254864702	-2.48416960018368
430000	431000	0.867982471982863	3.02638526315497	-2.91653958957668
431000	432000	0.637664374408186	2.90088320690402	-2.43020972821695
432000	433000	0.276667392675605	3.08103256002575	-2.70889499912362
433000	434000	0.0671322054965462	2.79043159109206	-2.27416060323287
434000	435000	-0.469637035819949	2.71898296804232	-2.05992169203967
435000	436000	-0.671519189564459	3.17882705626252	-2.03180030062341
436000	437000	-0.916678253172913	2.70717614437508	-1.86950416978059
437000	438000	-1.20969114641375	2.87957137581069	-1.73454393822937
438000	439000	-1.18352001758339	2.49859652723022	-1.67357038130601
439000	440000	-1.46864948303924	2.60776893154258	-1.94844301818115
440000	441000	-1.55472729953035	2.27606654041946	-1.69342194089794
441000	442000	-1.68154728220427	2.61814904501477	-1.56388094296728
442000	443000	-2.06076787797069	2.98379630063907	-1.68105024745301
443000	444000	-2.13677127793933	2.56121676352695	-1.37509098862029
444000	445000	-2.15047496856783	2.13533397703306	-1.21089671566768
445000	446000	-2.01658221731452	1.79152720165021	-1.52882157851166
446000	447000	-2.0309432718151	1.52901440685215	-2.55071409584537
447000	448000	-1.15478800934604	1.19166567373428	-2.06116661289522
448000	449000	-0.813452444487408	1.05856814153965	-2.28465957630869
449000	450000	-0.63444815062994	0.70906279329453	-2.19348307755139
450000	451000	-1.07768750247086	0.736450082372346	-2.21444430451534
451000	452000	-0.853847778014516	0.865099916017529	-1.85608275301369
452000	453000	-0.621944360037055	0.8278056545449	-1.48711640459781
453000	454000	-1.05562615478496	0.85142751433363	-1.37804151487935
454000	455000	-1.23708906035218	0.608327606610283	-1.73605876442422
455000	456000	-1.48185261657826	0.66294075840438	-1.43656604214911
456000	457000	-1.65924312853616	0.298079885778512	-1.36426012086422
457000	458000	-1.79445188630494	0.560289129423752	-1.03534085701865
458000	459000	-2.15698978954749	0.59290057515129	-0.673117252604347
459000	460000	-2.52779984009818	0.807762616119447	-0.232802974799265
460000	461000	-2.19226827759028	0.668506864143436	0.00196097338234389
461000	462000	-2.51490552364216	0.138804895187342	0.0641708750128066
462000	463000	-2.06236888800784	0.155774836988844	-0.283673163246558
463000	464000	-1.56902586506135	0.310278282943913	-0.667089812041639
464000	465000	-1.14681314165267	0.450680515830775	-0.980211878946214
465000	466000	-1.08872922903587	0.254115321002716	-1.34928703069749
466000	467000	-0.778438328692705	0.333480698287677	-1.57098000754745
467000	468000	-0.713529996057685	-0.030167767120319	-1.46255532566687
468000	469000	-0.337073831487056	-0.0668239982152797	-1.57882781355004
469000	470000	-0.593879105936958	-0.231725653578346	-1.85098057607739
470000	471000	-0.459460946263613	-0.408652849226417	-2.21288871363247
471000	472000	-0.783253185329125	-0.302999613373945	-2.53119178093597
472000	473000	-0.612394005326786	0.0119645695494348	-2.24815272484144
473000	474000	-1.04156164043197	0.0662038858862165	-2.14391443068626
474000	475000	-1.27240955339037	-0.149548294577251	-1.79054398116557
475000	476000	-1.42422420992384	0.184562513548526	-1.89930062968381
476000	477000	-1.71575026437503	-0.0610196909975271	-1.8675706348003
477000	478000	-2.2072174661198	-0.0219243200666601	-1.67800018868405
478000	479000	-3.70579952893548	-0.368012917576106	0.323310001938939
479000	480000	-4.03664059891728	-0.256001652571417	0.535096966717967
480000	481000	-3.95413779621309	0.11187982643712	0.701561961955681
481000	482000	-3.88190910462638	0.338623687786105	1.1051197736602
482000	483000	-3.61509671711741	0.551327799261777	0.755497023562953
483000	484000	-3.17140129390128	0.727702306788411	0.621662762585225
484000	485000	-2.90420511092575	0.764803996515083	0.260780730146397
485000	486000	-3.00068151920121	1.14751207080909	0.460628945951103
486000	487000	-3.18704768207701	1.64137713243743	0.645706221486334
487000	488000	-2.9694683562274	1.24042036331222	0.874318230370804
488000	489000	-2.62600758340263	0.996902586599786	0.705408574750753
489000	490000	-2.6475809288904	1.38590986627622	0.652987614260479
490000	491000	-2.7744640805892	1.59608374253774	0.339683125645663
491000	492000	-2.67886932428783	1.23287102288832	0.190757812009059
492000	493000	-3.02505944703256	1.31417535056031	0.0643324620378248
493000	494000	-3.41281811761502	1.14699068681108	0.238696079095202
494000	495000	-3.51447328148443	1.07394658277295	0.760461680607642
495000	496000	-4.20488220648582	1.73800277149265	1.3450528890065
496000	497000	-3.16429971232468	1.34704610529696	1.42654081149547
497000	498000	-2.95306992522373	0.966234511449259	1.3748567837923
498000	499000	-2.96693831443945	1.02521026886739	1.70256379465269
499000	5e+05	-2.63389087297901	1.09978329043624	1.6002991428011
5e+05	501000	-2.61316357168543	1.27658105338682	1.23564702765248
501000	502000	-2.50546213311992	0.873827230671249	1.24617216245185
502000	503000	-2.16282234659538	0.689930908925103	1.62360497748089
503000	504000	-2.08150006338168	-0.0520150004573838	1.55288218239762
504000	505000	-2.03516025274584	-0.488332556677663	1.53943051899265
505000	506000	-1.61606033856229	-0.277835548818492	1.41794700561763
506000	507000	-1.30780862505121	-0.432375687615748	1.07269007483984
507000	508000	-1.44617954911035	-0.252211141023979	0.708495179017893
508000	509000	-1.79082389209935	-0.425255860026026	0.814355021031746
509000	510000	-1.65598058948446	-0.0154593169798017	0.985392292890857
510000	511000	-2.06160701851302	-0.0951738368315191	0.922565689058184
511000	512000	-2.19310410046228	0.302866213794697	0.92455107942409
512000	513000	-2.5476409804373	0.124970280918643	0.625448875492885
513000	514000	-2.17685776492958	0.465334507088765	0.485285942753179
514000	515000	-2.01598286984039	0.0486071634061877	0.523577872555156
515000	516000	-1.93494206482972	-0.255495700049853	0.211064849073156
516000	517000	-1.70615645918959	0.155010942085003	0.174573749366031
517000	518000	-1.62235206032555	0.220429913220099	0.548401392390195
518000	519000	-1.46005153203584	0.673650016287839	0.722393849546226
519000	520000	-1.67214359211453	0.826025855473534	0.195799579637759
520000	521000	-1.79498384887345	1.2653652672689	0.132216702106906
521000	522000	-2.11814124136041	1.3153735702416	-0.283019488013305
522000	523000	-2.40836473683365	1.4528075208158	-0.593533945627345
523000	524000	-3.29010161735395	1.2604143619445	-1.22495419522931
524000	525000	-2.48466597594245	1.84901679396038	-1.29658898743543
525000	526000	-2.46737726637743	2.14248763730042	-1.57969339062958
526000	527000	-2.79741216634862	2.170143107769	-1.37233839686292
527000	528000	-2.58945058436017	2.36398188190621	-1.05373373126775
528000	529000	-3.15686121530227	2.61188812686028	-0.230167143297022
529000	530000	-2.08551637841542	2.35085000527088	-0.741194832697088
530000	531000	-1.83986069515688	2.45270089784393	-1.08754583237436
531000	532000	-1.81347028978038	2.89265105885013	-1.09856625704007
532000	533000	-2.15049678703378	2.82512697431693	-0.864930578885524
533000	534000	-2.50821316782168	3.27199404928463	0.0919123472894702
534000	535000	-1.87698202477423	2.69058775270781	-0.703055489166871
535000	536000	-1.50406405648669	2.67774358331209	-0.679044549085562
536000	537000	-1.09147022621768	2.81139965403126	-0.544560859422829
537000	538000	-0.803812397712686	3.85568339799954	-0.225006837523398
538000	539000	-0.990916117081836	3.13620352015063	-0.975531261295363
539000	540000	-1.12780047371439	2.83050777159239	-1.13618625080838
540000	541000	-0.672891574371673	2.68000844511628	-1.11357556349539
541000	542000	-1.26881573092667	2.34724978924808	-1.15291101448784
542000	543000	-0.917077338216268	2.13254392858526	-1.28346223413914
543000	544000	-1.00892660228928	1.98906076479309	-0.871633545346479
544000	545000	-0.862041018340137	1.6360371910104	-1.10109059779268
545000	546000	-0.806070119840144	1.45694891007053	-0.674304117653184
546000	547000	-0.845639336868545	1.19772297862881	-0.294408072654625
547000	548000	-0.916017927950589	1.39981970162986	0.0813220288288188
548000	549000	-0.580681519457693	1.49454025566258	-0.177278331341851
549000	550000	-0.696096009264157	1.86442304083044	-0.377964318929988
550000	551000	-0.127506558989569	2.87977308680945	-0.28975790935454
551000	552000	-0.395915863423475	1.48495846317681	-0.614180972081176
552000	553000	-0.394945492471835	1.3354577702941	-1.0707626718934
553000	554000	-0.290872314367949	1.83858005118331	-0.941756947411951
554000	555000	0.137151609806728	1.79360031791819	-0.96018325428408
555000	556000	0.544917296772182	1.79523405465376	-0.772128769878365
556000	557000	0.788243030295381	1.64420597199092	-0.423074351066158
557000	558000	0.759189068271396	1.21785127241246	-0.426792393208634
558000	559000	1.02467743518295	1.24241547088485	-0.118631474628165
559000	560000	1.37240983866295	1.49518266044816	-0.131335838999105
560000	561000	2.03896424934736	1.84188855195703	0.777449533850264
561000	562000	1.28183178088327	1.22970934746055	-0.592619620962861
562000	563000	1.53048599038372	0.961854503521625	-0.465048309192118
563000	564000	1.54154708643437	0.895443046465867	-0.0455095810939375
564000	565000	1.89877226988002	0.608539706920977	-0.145751668994386
565000	566000	1.49347497520272	0.378648554525859	0.00913585784141121
566000	567000	1.33484508269943	0.556431870379778	-0.368756684893689
567000	568000	1.00218619282354	0.764686591993942	-0.481081397300963
568000	569000	0.847732384064711	0.544633226590495	-0.852438030760758
569000	570000	1.13196200135829	0.285053609627605	-0.695331933560351
570000	571000	0.824228499212932	0.0343098376731706	-0.599241059317541
571000	572000	0.864770219646647	0.272449875639515	-0.269954946618857
572000	573000	0.44955215229121	0.445610254985829	-0.324103723699582
573000	574000	0.418021674482522	0.849236266769987	-0.185985857520358
574000	575000	0.387239707786455	1.1880068517096	0.0506389442913129
575000	576000	0.0809455716115681	0.817210709780357	1.25245276254904
576000	577000	0.196772754848641	1.39773826609758	0.673507383521596
577000	578000	0.631358586533066	1.55690417456169	0.40062453754178
578000	579000	0.928931205161353	1.86987891038843	0.230596731871373
579000	580000	1.17942541395817	2.03110399122294	0.538616263774788
580000	581000	0.879574800570343	2.38761154070937	0.174861532750575
581000	582000	0.41856560367142	2.05543105219993	0.125250403966658
582000	583000	0.205004662364913	1.65016423326548	-0.208424385865549
583000	584000	-0.0314377109336984	1.12202222241963	-0.327464476425746
584000	585000	-0.402110642796893	1.06734942732531	-0.128945390514883
585000	586000	-0.354984062704693	1.14082683551238	0.309442442521692
586000	587000	-0.407048707136392	0.639928281209731	0.224478995889809
587000	588000	-0.779970039958211	0.885980303957853	0.196294649421626
588000	589000	-0.73623434090512	0.643522148840623	-0.144946100150046
589000	590000	-0.658420534495235	0.879107882410981	-0.568186848254643
590000	591000	-0.824213978020914	-0.254908105639375	-0.568901402213768
591000	592000	-1.09252089743138	-0.546772335003607	-0.863568223986287
592000	593000	-1.37341787191666	-0.73237651527348	-0.652818819588726
593000	594000	-1.35668361767492	-0.755998209531902	-1.08471196801047
594000	595000	-1.12555834158944	-1.08995150212273	-0.979080831597439
595000	596000	-1.53451780453408	-1.20585859338791	-1.23240336427982
596000	597000	-1.50971602684548	-1.3728234661644	-0.890819718971537
597000	598000	-1.84584273175499	-1.42060221214333	-1.04007407408796
598000	599000	-1.7958671251311	-1.018996114832	-0.874796647612233
599000	6e+05	-2.43211471775876	-0.441417415644562	-0.94871735874727
6e+05	601000	-1.39862549688954	1.30032810225482	-0.757088715966649
601000	602000	-1.25441428944051	1.63739227068102	-0.470386893261488
602000	603000	-1.63266364417332	1.65646327227352	-0.623210672985943
603000	604000	-1.63794323137902	1.72878353731799	-0.235228000897686
604000	605000	-1.56080654960202	1.28478622779004	-0.277653323018055
605000	606000	-1.34543612696426	0.957706157545401	-0.0845111022859468
606000	607000	-1.27829178566157	0.485262445157545	0.190036173168383
607000	608000	-1.32554248735181	-0.428107952590507	0.25241040119434
608000	609000	-1.44089696359107	-0.864632119157428	0.254905129582153
609000	610000	-1.4898516901289	-1.27423160284468	0.167516242907074
610000	611000	-1.36192069016033	-1.56812948061675	-0.00182475445130095
611000	612000	-1.74971762828749	-1.67033365622879	0.0919410898897253
612000	613000	-1.78639779974949	-1.99755450336801	0.464667792914249
613000	614000	-1.32537464973796	-1.88677453448248	0.283317419577947
614000	615000	-1.35778823917886	-2.27302519959691	0.140292952933334
615000	616000	-1.00059856594757	-2.23040944286112	-0.234607949528023
616000	617000	-1.50962016808252	-2.0075274903801	-0.220883078065845
617000	618000	-1.52886426829004	-1.83220249252267	-0.574628930006213
618000	619000	-1.84670580851965	-1.95230546625709	-0.72819378203888
619000	620000	-1.48247256539341	-2.01227648891161	-0.978345210198463
620000	621000	-1.49857521188845	-2.31118547469114	-0.738371293040483
621000	622000	-1.33652691957644	-2.53650096077341	-0.97320803654697
622000	623000	-1.44058628666318	-2.74627694087413	-1.45738077285177
623000	624000	-0.943581457344084	-2.84150484808313	-1.26564114387208
624000	625000	-0.815430555691442	-3.15049494754666	-1.01898820147423
625000	626000	-0.551817541149763	-3.55892056558583	-1.01098780442031
