0	1000	1.37999554447927	0.334424509058547	-2.42977853948054
1000	2000	1.75263641111692	0.612117478387189	-2.45572083920967
2000	3000	2.27943166865792	0.910432097889093	-2.5488226025404
3000	4000	2.413501794824	0.730217020957449	-2.0389254554176
4000	5000	2.34674951184671	0.282401850127188	-1.79625548322679
5000	6000	2.48706749564111	0.016078973438887	-2.38001742642077
6000	7000	2.09296451400925	0.360062668901889	-2.20094843815787
7000	8000	1.81769574713779	0.525513554146738	-1.80622438551309
8000	9000	1.67532220369945	0.0432734696070513	-2.04838644309445
9000	10000	1.74165009789197	-0.340172994135892	-2.41074098227018
10000	11000	1.47557916278314	-0.515490623470715	-1.94682542193643
11000	12000	1.15593808940965	-0.811582705455761	-1.6501955988276
12000	13000	1.33114573652343	-0.885438707947646	-1.12135146499938
13000	14000	1.54605662431366	-0.564709682989738	-0.712650556292448
14000	15000	1.81274804099842	-1.0461715856479	-0.582620388921066
15000	16000	1.75366380700025	-0.717868682496791	-0.105704017691597
16000	17000	1.92959435360033	-1.33880619020854	0.0210561107517343
17000	18000	1.61175267693226	-1.3140364531511	0.539687460779268
18000	19000	1.91720386467599	-1.88368071053026	0.410825100222311
19000	20000	1.37971233801864	-1.85185370177593	0.412115205804852
20000	21000	1.44821304921254	-1.69572739214021	-0.135007165322088
21000	22000	1.074989702018	-1.26866394351804	0.0792894403293889
22000	23000	1.09023296309067	-0.93690200379734	-0.348696119455967
23000	24000	0.647733106217626	-0.572685843166096	-0.310566599922133
24000	25000	0.336125196950816	-1.09824252638906	-0.193135349853388
25000	26000	0.386758057771175	-1.1132034310401	0.418621607489248
26000	27000	0.349008395889512	-1.18895921988068	0.999734057510884
27000	28000	0.330890532714915	-1.21491713241119	1.86360637302193
28000	29000	0.642138777949056	-2.27402700133792	3.01493355411716
29000	30000	1.22451972892436	-2.11020020689673	2.41914617747982
30000	31000	1.44263214003809	-1.28676730747696	1.64338635243278
31000	32000	1.66124012511779	-1.25153528646726	1.14071667653967
32000	33000	2.06183920660289	-1.00136640201772	0.903607452014569
33000	34000	2.35697789339023	-1.51133438641544	0.656798829284902
34000	35000	2.22349379664178	-0.994631379895854	0.368248788229664
35000	36000	2.53024899015405	-1.32458623521048	-0.0659761263132303
36000	37000	2.44673878173614	-0.738478238434655	-0.331711375280605
37000	38000	2.83947433435196	-0.992063991816435	-0.663979790838303
38000	39000	2.57090470849193	-0.676982417780375	-0.974265711517556
39000	40000	2.85206474136255	-0.382436662844577	-1.16855774035787
40000	41000	3.26839498375863	-0.408295824916206	-1.29107142871061
41000	42000	4.37378000530851	-0.678793725366331	-1.61030869302096
42000	43000	3.54016329582032	-0.0138301868735519	-1.35190574488495
43000	44000	3.28271799500184	0.317253955990796	-1.4024948219826
44000	45000	3.30083077935265	0.679322614497277	-1.57253911444725
45000	46000	3.4383267569029	0.406999294187135	-1.81432088307404
46000	47000	3.59645852765746	0.959906507795387	-2.79089898983154
47000	48000	3.00553156813823	0.444522174741895	-1.88344235324798
48000	49000	2.94085567351599	-0.0327891867151587	-1.75564781123534
49000	50000	2.99258054246526	0.0560025445391191	-1.27782917337771
50000	51000	3.2104443839322	0.130391546105715	-0.920081520508866
51000	52000	3.37761498784772	-0.21180899056899	-0.895411094863836
52000	53000	3.09972404107758	-0.186012037350091	-0.601902692791964
53000	54000	3.35857307250902	-0.547505761213248	-0.511175377073606
54000	55000	3.02063463509091	-0.455119581891717	-0.145289496362377
55000	56000	3.25360730294633	-0.798195262251558	0.0459663485672828
56000	57000	3.26361834686411	-0.513884734329637	0.429061561019684
57000	58000	3.13834672213491	-0.901300353706241	0.595922925776667
58000	59000	3.05904759461252	-1.33880225459448	0.542815332696292
59000	60000	2.92052737605661	-1.05889834347826	0.19621551425897
60000	61000	2.72097018071442	-0.652017765670717	0.310195479498658
61000	62000	2.84838582273466	-0.543960985065464	0.761562927531883
62000	63000	2.67768719348884	-0.976739710916745	0.81218621979086
63000	64000	2.96913282144218	-0.952799572276771	1.16062494847134
64000	65000	2.5178150460288	-0.867814365713728	1.33106435819787
65000	66000	2.40461482606855	-0.552259184537747	1.64327466371907
66000	67000	1.99594070621354	-0.856924089331166	1.58930902098657
67000	68000	2.34990257839956	-1.07799652815709	1.81011420232113
68000	69000	2.84370924532612	-1.35129721036352	1.63215956163475
69000	70000	2.35356473969191	-1.38272661403532	1.22931238604222
70000	71000	1.97925854261022	-1.5238715567869	1.56519496026495
71000	72000	2.03718291994	-2.00509230925748	1.50128659106832
72000	73000	1.61080764177057	-2.15874884834351	1.54121749891193
73000	74000	1.8300275253324	-2.55248710557614	1.3134742233549
74000	75000	1.41289209360332	-2.5315186675134	1.52976457643819
75000	76000	1.41976855023816	-2.82096667216276	1.26033896283751
76000	77000	0.991257946040779	-2.6286987875805	1.29527043558657
77000	78000	1.38732115511105	-2.51587252132108	0.929773289712771
78000	79000	1.80475193237986	-2.42150718296513	0.752974572384004
79000	80000	2.10219859995807	-2.07705635676349	0.973340632435673
80000	81000	1.46207655257996	-1.97321018308567	1.08270683934197
81000	82000	1.03058724965873	-1.70555149525759	1.00963119869498
82000	83000	0.96517299973274	-1.97314976415799	1.49370642325527
83000	84000	0.869371569502073	-1.49163379247843	1.6904219314433
84000	85000	1.25699885208978	-1.68357171078029	2.06447763337036
85000	86000	1.16583172114159	-1.16730605670557	2.28160798768102
86000	87000	1.42550885590989	-0.92664541064159	2.78603012768565
87000	88000	1.09366679397968	-0.395889176361927	2.7415161095002
88000	89000	1.10735356179384	-0.1399213937747	2.32575134364828
89000	90000	0.824715466221438	-0.564493125756176	2.1687823116487
90000	91000	0.742218167345341	-0.888631202894509	2.63292988748571
91000	92000	0.794681576993864	-1.58449018436835	3.56026448569101
92000	93000	0.114368194686459	-1.30096490099585	2.82778520860962
93000	94000	-0.0367672690894735	-0.932866360173403	2.50736611172595
94000	95000	-0.0236634305485155	-0.409432246275175	2.8716909020986
95000	96000	0.0292342688456849	0.0827313580966947	2.74039958482572
96000	97000	-0.338502819347034	0.252010224011868	3.02884215427669
97000	98000	-0.549764547714663	0.0910681656562625	2.59532274502081
98000	99000	-0.7643742144321	-0.165608014217682	3.04361958329115
99000	1e+05	-0.8422981529216	-0.309636001864231	2.55333830688376
1e+05	101000	-0.480670376852564	-0.582791335733525	2.53468739334448
101000	102000	-0.424437337377027	-0.258068310309229	2.11903280676356
102000	103000	-0.678775087466767	0.212306725674214	2.07110895124626
103000	104000	-1.01591127402841	0.395613732708176	2.47943504839149
104000	105000	-0.805491701870905	0.80593277304725	2.81061620189516
105000	106000	-0.270683984338116	0.650277127551935	2.51493895701265
106000	107000	0.173698456026585	0.579173908766706	2.27408992632642
107000	108000	0.636875948479445	0.571383819918764	2.43352700725536
108000	109000	0.953273058241255	0.453637325219918	2.77050119162428
109000	110000	0.76184168236818	0.193816226134144	3.13504656005702
110000	111000	0.5855696932783	-0.0341391529980562	2.64538641479121
111000	112000	0.277227328517176	-0.106052440065924	2.16634757331875
112000	113000	0.191467091261777	0.0986174996841056	1.66801029488692
113000	114000	0.75383392117059	0.132511065440565	1.84877697538381
114000	115000	1.14095134898228	-0.0442079703804392	1.49995766297977
115000	116000	1.03428875629654	0.419870717009875	1.11507787815257
116000	117000	1.49236313523002	0.191193968288524	0.738586147891099
117000	118000	1.75979133879993	-0.0884332346734081	1.17457047226087
118000	119000	2.26143796358673	-0.342083568847616	2.22999565584837
119000	120000	2.5208691682079	-0.766432072746461	3.10913157836355
120000	121000	1.70459883715642	-0.775201793551179	2.12841140188707
121000	122000	1.30867473337088	-0.647511252215492	1.55477607372013
122000	123000	1.47482811768119	-0.673928536593902	0.908265534480503
123000	124000	0.990567755610231	-0.851823574997695	0.762897097340901
124000	125000	0.141238892255562	-0.522132317711572	1.13421513234513
125000	126000	0.74022154523517	-0.234741270186268	0.739166410354548
126000	127000	1.1230958494591	-0.261556047471893	0.249709049599435
127000	128000	1.27663208021681	0.114688176124222	-0.189880124347085
128000	129000	1.7564747572455	0.528377836039476	0.113682514297558
129000	130000	2.34977101727942	0.397943762435247	0.143950588666668
130000	131000	2.44205449766194	0.0483219091707381	-0.252950465160002
131000	132000	2.19391983402943	-0.147381917620409	-0.681491342156703
132000	133000	1.96907924984151	0.0610372318105837	-1.13530705388667
133000	134000	1.64360802181192	0.558753534824133	-1.04728138839772
134000	135000	1.44531129592522	0.100848333240961	-1.36063998140599
135000	136000	1.07259391683463	-0.247244315815365	-1.32943554811373
136000	137000	0.647813899523528	-0.210341698657117	-1.89057641748478
137000	138000	1.1597498292378	-0.232224219604349	-2.35218727660526
138000	139000	1.74894470099464	-0.29290838666075	-3.53067513957404
139000	140000	1.31587818587108	-0.837936591108947	-2.72631345884971
140000	141000	1.15962827040269	-0.926956613562745	-2.26585135310785
141000	142000	1.51270658266987	-1.28616762456929	-2.18578366303108
142000	143000	1.03446331186576	-1.51138597039999	-1.88192149701293
143000	144000	1.46769372526809	-1.84773842742267	-1.74107490098438
144000	145000	1.41519427720792	-1.36496855264497	-1.49140833551725
145000	146000	1.84076267127589	-1.14586278288414	-1.69900595456308
146000	147000	1.973348279372	-0.747076198100458	-1.92622624640625
147000	148000	2.41370411691724	-0.500715291106851	-1.85204443192108
148000	149000	2.04868432257773	-0.655764786255759	-1.41047390720184
149000	150000	2.08147989154465	-1.10366046634578	-1.12828891466176
150000	151000	1.88183649436529	-1.55424803356792	-1.00860515031693
151000	152000	1.42794210664966	-1.67290818769752	-0.835532686711512
152000	153000	1.16904421561752	-2.04292657650223	-1.05703800502016
153000	154000	0.698004172317139	-2.24439047076422	-1.11933051828423
154000	155000	0.266712419284642	-1.86226785283395	-1.17239953152341
155000	156000	0.311684432023279	-1.73683858243513	-1.67087995322098
156000	157000	0.497019465049334	-1.62616559063175	-2.10514485554469
157000	158000	0.795532843654912	-1.50250478922087	-2.47123063040229
158000	159000	0.556563791910089	-1.02287848193327	-2.20066738066358
159000	160000	0.483995078926491	-1.22799820255407	-2.7867129445373
160000	161000	0.475037937627216	-0.732828090175971	-2.6595780307918
161000	162000	0.623316366938356	-0.877877572742714	-3.29508303103622
162000	163000	0.635119581983189	-0.240893111194592	-3.27169574255
163000	164000	0.169283565545662	-0.499828193243709	-3.03180741247483
164000	165000	-0.134229628930144	-0.4453495937269	-2.61376160383682
165000	166000	-0.395606432405492	-0.0614896498645924	-2.70082000637953
166000	167000	-0.681165984553187	0.322095652561001	-2.69366750759123
167000	168000	-1.15867697283969	0.615939115987234	-2.7432041723362
168000	169000	-1.23842154091039	0.438935123780198	-2.21825636005328
169000	170000	-1.63070848666195	0.507872386498177	-1.8783646999481
170000	171000	-1.70413344012811	1.06879388627826	-1.79861946489928
171000	172000	-1.53815239497719	1.67313460277392	-1.70534588260911
172000	173000	-1.38289590719192	1.58888345560429	-1.13766196974176
173000	174000	-1.25969121731258	1.06354551933719	-1.04629450669463
174000	175000	-1.26776869993526	0.605577689008483	-1.43532221567758
175000	176000	-0.727753536887195	0.515330845225787	-1.38107400450415
176000	177000	-0.810561329093752	0.991029830495836	-1.64205766040343
177000	178000	-0.467213580926909	1.39168200858825	-1.81740018667546
178000	179000	-0.728507255327518	1.31775103864483	-2.34248131775123
179000	180000	-0.404366080312958	0.852568542851406	-2.15161842210725
180000	181000	0.0091105212556464	0.631901091002242	-1.97752441846224
181000	182000	0.500261912211368	0.685361911394551	-2.1420918597668
182000	183000	0.291819265597134	0.643090744069505	-2.65201788834759
183000	184000	-0.155405977248528	0.522000194774522	-2.75290501098328
184000	185000	0.106529535431858	0.155300497547061	-2.46629684906216
185000	186000	0.579450019007285	0.0690931653474532	-2.64549124589134
186000	187000	0.0961117617392001	0.0687841306517453	-3.02870112876781
187000	188000	-0.347872187370288	-0.152052762558557	-3.22652427432955
188000	189000	-0.311062945714884	-0.704592549013685	-3.32351528081286
189000	190000	-0.141872283599552	-1.03637133040319	-2.91601453929881
190000	191000	-0.00981689625690531	-1.19795712799062	-2.53185193236453
191000	192000	-0.118655678981575	-1.37315028500114	-2.14170075409453
192000	193000	-0.469085748040431	-1.14998461216465	-1.8576041187235
193000	194000	-0.906052853904893	-1.42720660429343	-1.65120077667216
194000	195000	-1.05743183891927	-1.82826030632202	-2.02188586929128
195000	196000	-0.571661612283287	-1.89605114061243	-1.85236825593055
196000	197000	-0.657662445679789	-2.37684046709582	-1.87537553100486
197000	198000	-0.607138760150506	-2.17143409735114	-1.40437738852122
198000	199000	-0.779082751084135	-2.55007776698164	-1.17426820460397
199000	2e+05	-0.632846133442021	-2.15059213509508	-0.850618550557237
2e+05	201000	-0.931043164219052	-2.08890092137905	-0.426598517548944
201000	202000	-0.64934762198965	-1.71514352108402	-0.165568596943445
202000	203000	-0.761618835485634	-1.68553725590127	0.39221725701285
203000	204000	-0.343445858025959	-2.01795760381129	0.316993103547571
204000	205000	-0.184609445683968	-2.49194694300214	0.416525449719361
205000	206000	0.118634416697502	-2.69034136154457	0.769708927281309
206000	207000	0.369322545328775	-3.10307748006877	1.03990546405375
207000	208000	0.473762634838439	-4.13196143523238	1.80452507440047
208000	209000	0.0802488647358708	-3.09677388353472	1.51411642460024
209000	210000	0.0515422134821296	-2.64052591841654	1.55025005070528
210000	211000	0.268091630913542	-2.24341932553811	1.42852290558908
211000	212000	0.392020278433386	-2.00764463194031	1.87466471065319
212000	213000	0.00718214315808862	-1.69070625993042	1.56935638027182
213000	214000	-0.345382496659153	-2.08594983320229	1.55592039700274
214000	215000	-0.474103741581515	-2.54054117860739	1.71048511712731
215000	216000	-0.172912395710607	-2.52751756191109	2.10979976685052
216000	217000	-0.0435577821441109	-2.06031478734006	2.12341403056498
217000	218000	-0.323889363908921	-1.65842904408459	2.0959776593457
218000	219000	-0.570706794011975	-2.07939820301604	2.23566202604176
219000	220000	-0.871612923463551	-2.32168474535234	1.95708977301817
220000	221000	-0.867209876520843	-1.88763645714715	1.72992427004655
221000	222000	-0.844135284507449	-1.41467626139604	1.41100820717731
222000	223000	-0.505960336648697	-1.62157385982195	1.06916570100692
223000	224000	-0.276971536649799	-2.07828866277614	0.997736930127588
224000	225000	-0.390708023788072	-2.5782545082887	1.08280615136631
225000	226000	-0.711926427313643	-2.40729714614425	0.68502832156242
226000	227000	-1.10795643130048	-2.09264105269011	0.914003615298473
227000	228000	-0.960634702137442	-2.31663762065388	1.335634729088
228000	229000	-0.880265569104503	-2.85070994074712	1.49066983191571
229000	230000	-1.03292659691402	-2.66100226860665	0.930056929517897
230000	231000	-1.04804564013824	-2.75655412958257	0.460006779565347
231000	232000	-0.964100197361383	-3.21614407562724	0.0764435245333243
232000	233000	-0.542573665674384	-2.93577780034771	-0.141689384017469
233000	234000	-0.755467215537785	-2.52827658777447	-0.0551405504664653
234000	235000	-1.31968868351942	-2.65480264735821	-0.152345195455017
235000	236000	-1.44299091650906	-2.20225196563653	0.116859472177223
236000	237000	-1.50770799504734	-1.68427181726634	0.284473019035093
237000	238000	-1.68057705263675	-1.62510947435671	-0.181399008268939
238000	239000	-1.29109211393522	-1.21619578204727	-0.444730918773686
239000	240000	-1.80083737028137	-1.34937891553851	-0.680870937647723
240000	241000	-2.00812744434689	-0.882143554103268	-0.926213156518914
241000	242000	-2.27005975336445	-0.566686340270706	-0.476869257624596
242000	243000	-1.96918953303214	-0.521521067634146	-0.0485851655611591
243000	244000	-1.98464968065771	-0.157148323164413	0.315411241914202
244000	245000	-2.2471399336364	0.110227543171027	-0.0694641436227078
245000	246000	-2.65713330843946	-0.0920529357030851	-0.319629934292256
246000	247000	-2.90502422865621	0.0779433235178156	-0.695451525725927
247000	248000	-2.90039970190908	0.188067810093713	-1.20585142757433
248000	249000	-2.59875778343703	0.47706967767777	-1.46585737348596
249000	250000	-2.77645002590882	0.228784955662619	-1.81309130383017
250000	251000	-2.53451577412218	0.524732637123573	-1.92761763494731
251000	252000	-2.16405338963065	0.457730285000923	-2.10297366721921
252000	253000	-2.28599749175889	0.0361256478225635	-2.09059184967228
253000	254000	-2.42680234687695	-0.256136842483618	-1.65626349528153
254000	255000	-2.17878479613187	-0.506976825687262	-2.00925265350329
255000	256000	-1.80682344798521	-0.282006300207165	-1.85933305068384
256000	257000	-1.71936672019725	-0.413550857821574	-2.39584373308391
257000	258000	-1.4811528452246	-0.0497659482548575	-2.25184636553784
258000	259000	-1.31992397891621	-0.550844569811191	-2.02701110848581
259000	260000	-0.890624139336073	-0.233460294955711	-1.92251020115097
260000	261000	-0.927942428741805	-0.276081381880204	-2.45440492574032
261000	262000	-0.996204975519135	-0.0698648682170871	-3.0537679885536
262000	263000	-1.21841022518774	-0.545075801458931	-3.02308704556116
263000	264000	-0.750408294184566	-0.680096500377365	-2.95130292787613
264000	265000	-1.05605929035461	-1.13964454643086	-2.77453270726892
265000	266000	-0.816273871315872	-1.11486259800691	-3.1633750913424
266000	267000	-1.28629508096999	-1.29277116386715	-3.36013431827192
267000	268000	-0.738307388324449	-1.48309186033934	-3.3917461330693
268000	269000	-0.904158064629655	-1.81733894551794	-3.48602318017307
269000	270000	-0.556836537389586	-1.86871769244677	-3.34086606899951
270000	271000	-0.804113692241355	-1.93334943923477	-3.12998133001838
271000	272000	-1.07766218883619	-1.68681224682925	-2.97614700961858
272000	273000	-0.660390976784559	-1.54466807980353	-3.00162493640922
273000	274000	-0.34231482163838	-1.52122389802556	-3.23483648808774
274000	275000	-0.0967133947075288	-1.89120963740361	-3.18832702111062
275000	276000	-0.513151410423808	-1.89641224657483	-2.82770642778373
276000	277000	-0.191915352861593	-1.69746798150916	-2.76122584613529
277000	278000	-0.505090595377858	-1.43111233942736	-2.56884523188816
278000	279000	-0.724064222419299	-1.75937359841427	-2.45445587375287
279000	280000	-1.00684086110116	-2.11859927958601	-2.50936977010052
280000	281000	-0.895886650522283	-2.47362256118779	-2.92773887280632
281000	282000	-0.409046599267554	-2.30642288437133	-2.87944146121859
282000	283000	-0.512580463148126	-2.25978149381853	-2.48474406084235
283000	284000	-0.317854788333423	-1.95105122168569	-2.27672403559224
284000	285000	0.068068003772631	-1.77559254424508	-2.35741829311924
285000	286000	0.165083748559854	-2.08456372931427	-2.65684813873197
286000	287000	0.48761335679594	-2.37361530531474	-2.31295611929847
287000	288000	-0.0259559074427699	-2.39740980844362	-2.19430306344427
288000	289000	0.0035802245169319	-2.17484099268559	-1.74190622490729
289000	290000	-0.128445793767758	-2.58426674134794	-1.7595546949257
290000	291000	0.0580759347264599	-2.68785910838293	-1.29687974757147
291000	292000	-0.345667052051293	-2.82575510149323	-1.48504679897525
292000	293000	-0.950967068296763	-3.80140195224331	-1.53617517515465
293000	294000	-0.373387247105734	-3.30548062716223	-0.918098842311667
294000	295000	-0.106768245073586	-3.05330934316854	-0.519375834743815
295000	296000	0.268945077218201	-2.83277487791314	-0.781758767056885
296000	297000	-0.139743512491266	-2.46724366922726	-0.707211779242982
297000	298000	-0.0590560563085357	-2.52499697216251	-0.194738416644977
298000	299000	0.576489560722573	-2.68851726318962	-0.284117264637761
299000	3e+05	0.387792383375877	-2.15117671292427	-0.472149164281331
3e+05	301000	0.912140568501499	-2.10492033477704	-0.469778887598349
301000	302000	0.668846086341628	-2.06203676766886	0.0664567505422004
302000	303000	1.03703414892659	-2.50797361258774	0.187207478190446
303000	304000	0.840247674951206	-2.35160654054859	0.728314983469072
304000	305000	1.10579711242866	-2.92065432430256	0.619828855898267
305000	306000	0.674325108921026	-2.88501068018817	0.665058536878328
306000	307000	0.70684734869018	-3.19392425619655	0.33168930669411
307000	308000	0.307006577863586	-3.03437446010655	0.05556160081019
308000	309000	0.114545481340027	-3.4337729981617	0.176114896100516
309000	310000	0.31098885904542	-3.43451995882488	0.616362477340713
310000	311000	-0.0724977230860615	-3.3180872739038	0.835329429184929
311000	312000	-0.260457432533437	-3.27448476258785	0.518157167176494
312000	313000	-0.131100600877284	-3.92478038296133	0.606981076530949
313000	314000	-0.391814314421779	-3.58577381774761	0.664784250581821
314000	315000	-0.458832131947054	-3.61821599840549	1.03926939654457
315000	316000	-0.757477204672498	-3.46481940017448	0.740028982050223
316000	317000	-0.658739303412633	-3.14302244809302	0.990174258279841
317000	318000	-1.06634614646011	-3.10731065266855	0.980909455152057
318000	319000	-1.39755318630754	-2.99078485362704	1.25687927132238
319000	320000	-1.62491463923392	-2.81485403478012	0.854436840940394
320000	321000	-1.57592223071286	-2.39259776456071	1.05556501553719
321000	322000	-1.39451581638701	-2.57645024266467	1.41374438547283
322000	323000	-1.45714913981365	-2.6130651057179	1.94019448767628
323000	324000	-1.52664400683389	-1.98984515897113	1.52405715969218
324000	325000	-2.00002089123705	-1.98372160567816	1.49721415248782
325000	326000	-3.10133313943923	-2.11818223407776	1.91560055669996
326000	327000	-2.33589590292155	-1.76401142590885	1.15689067820652
327000	328000	-2.24435803830171	-1.3523193518545	0.722246981842722
328000	329000	-2.59948200027883	-1.16662113617494	0.501626329907675
329000	330000	-2.62743726115721	-1.02423460389799	0.942015273097843
330000	331000	-2.72366780992586	-0.677034397573326	0.674021985558003
331000	332000	-2.23832888385146	-0.626472750773841	0.710233553238523
332000	333000	-2.32880027477766	-0.771073671997439	0.299418285405344
333000	334000	-2.21608342984149	-1.13185766228879	0.0518449641587883
334000	335000	-2.63560577272602	-0.873499589953579	-0.0618721261320441
335000	336000	-2.85158621323171	-0.48186427060788	0.116997761041952
336000	337000	-3.18183297855082	-0.0980198216770584	0.0169801622757879
337000	338000	-2.95407900317534	0.317623573210519	0.169285902899777
338000	339000	-2.73228666444395	-0.0823995003976803	0.405643300620557
339000	340000	-3.22113278429795	-0.064783657203042	0.617824772615366
340000	341000	-2.84986879014791	-0.00749032218102413	0.939625346253426
341000	342000	-2.87927363803394	0.396905245581652	0.680973167808753
342000	343000	-2.43012378534972	0.240689644895606	0.708690703704805
343000	344000	-2.48917360143757	0.572887221995862	1.08908390818731
344000	345000	-2.2736800706081	0.44551903240022	1.55493189885315
345000	346000	-2.03327284007626	0.335886640116082	2.01362414641492
346000	347000	-1.70538339053536	-0.0347994429366572	2.08896994522386
347000	348000	-1.62305354301017	0.0735448503649296	2.46825147481734
348000	349000	-1.86320656597265	-0.270124303613892	2.58308012620728
349000	350000	-1.45380812841572	-0.229907249012064	2.66535605116378
350000	351000	-1.54082553230674	-0.536338011024303	2.60094846707921
351000	352000	-1.31009907985478	-0.503862993257143	2.33287262408198
352000	353000	-1.25328098069983	-0.858350453309227	2.75435808429545
353000	354000	-1.18789713952086	-0.958875627166596	2.28754148848903
354000	355000	-0.870250691354775	-1.28895151180534	2.47818491685323
355000	356000	-1.03309738614044	-1.38964812682312	2.02887126798109
356000	357000	-1.25159879571269	-1.74480963081646	2.26676169233226
357000	358000	-1.99983201797756	-2.24820490740492	2.99439893538541
358000	359000	-1.54454127085139	-2.03531561121047	1.97514070245978
359000	360000	-1.79889877806331	-2.42506134095778	1.46276957067881
360000	361000	-2.69161291830171	-3.07879657206981	1.45752174495188
361000	362000	-2.19279037188418	-2.53934605076857	0.887826204011605
362000	363000	-2.74829839633781	-2.50136427092677	0.28095226290994
363000	364000	-1.87275130941426	-1.87540321279423	0.800474929579257
364000	365000	-1.59410727225451	-1.34607087281987	0.850753359722196
365000	366000	-1.28441838334831	-0.897108731773003	1.15579199137571
366000	367000	-1.52313436972796	-0.676787215909481	1.55202863212422
367000	368000	-2.07065417650684	-0.615219664949847	1.77908563757464
368000	369000	-2.99673617818912	-0.215283857109853	2.05162241351701
369000	370000	-1.90769751848026	-0.0446953815359248	1.23293240589164
370000	371000	-1.36026796215664	0.136163174913801	0.884485206934672
371000	372000	-1.11222290601363	0.654503628117223	0.81809976714963
372000	373000	-0.70327391599855	1.06330213511201	0.842739216693176
373000	374000	-0.356372498320769	0.698913672462301	0.483682052418478
374000	375000	-0.745725732032102	0.715323631891322	0.0127070379141169
375000	376000	-1.20643485198618	1.07977570820444	0.0715459374983217
376000	377000	-1.76808060671148	0.866461366897746	0.0685059782902933
377000	378000	-1.67606349977921	0.461754299885816	-0.326028708741721
378000	379000	-1.78827328926373	0.0879222529091396	-0.743490201542091
379000	380000	-1.85094319059227	0.120491346997641	-1.27556476011618
380000	381000	-2.19471528656169	0.494213526680894	-1.08294116470336
381000	382000	-1.89521945701973	0.927156571089787	-1.03977264651803
382000	383000	-2.11481693431015	1.23524491981753	-1.37654453871485
383000	384000	-2.47421584750926	1.29299345915019	-1.72489992524226
384000	385000	-2.47915273212225	1.76044879850399	-1.58814956949512
385000	386000	-2.86065941291659	1.78937694298717	-1.29757096982278
386000	387000	-2.43792881210839	1.62596833992899	-1.08756342480197
387000	388000	-2.71135668783399	1.85354015344123	-0.743307220710858
388000	389000	-2.78843511720324	1.39239043108752	-0.939529439637101
389000	390000	-3.1278454823929	1.66869612386475	-0.812543975755709
390000	391000	-3.39050408494504	1.57318867724675	-1.1438489143225
391000	392000	-3.33833534704989	1.35594275273027	-1.63665941690716
392000	393000	-2.82588987642784	1.06470013585707	-1.39686880504655
393000	394000	-3.08771460722266	0.741718491535199	-1.61451104469869
394000	395000	-2.99019420934619	0.746807462952922	-1.10385032490554
395000	396000	-3.36281526269036	0.557791321697056	-1.22390365632652
396000	397000	-3.68271757504378	0.528099453426593	-0.854566479734404
397000	398000	-4.79980831060919	0.746631782907806	-1.18506588937444
398000	399000	-3.65726644084387	1.03886156757232	-1.16730171599454
399000	4e+05	-3.27624561347497	1.11210167628922	-0.963364645852704
4e+05	401000	-3.60036801551124	1.07999622021403	-0.612401934117255
401000	402000	-3.75009876000016	1.55509813290486	-0.326900184043029
402000	403000	-3.26319365318972	1.36398171293026	-0.463148918142985
403000	404000	-2.88095522108347	1.11035887624696	-0.567424751111289
404000	405000	-2.51582914220366	0.834255892323849	-0.625539433902145
405000	406000	-2.92645598931108	0.601030613486118	-0.519822631905231
406000	407000	-3.36815547684583	0.630224334243665	-0.421286440707637
407000	408000	-3.59821866568389	0.85777112877567	0.0309392271475431
408000	409000	-3.0441000336692	1.05359106048203	-0.021678366948951
409000	410000	-2.85095980097541	1.45529102383384	-0.218315653330046
410000	411000	-3.13245864923208	1.90910733290043	-0.343167356688584
411000	412000	-2.90937908874734	2.45932119653708	-0.386618495962752
412000	413000	-2.64213188599864	1.99535560816843	-0.175761305691601
413000	414000	-3.00904182625869	1.71910079131284	0.174614556288038
414000	415000	-3.04608059693045	1.59260872412157	0.692338119995858
415000	416000	-2.50016633912809	1.23887942142762	0.475637488594762
416000	417000	-2.43461591849103	1.45154486902815	0.98843998256685
417000	418000	-1.96541029064055	0.941139253906957	0.851796007549042
418000	419000	-1.92182939257934	1.47666015200627	1.07869661135817
419000	420000	-1.58612485898447	1.54942827931242	0.673870288381975
420000	421000	-1.75294188321182	1.54447840609894	0.183432375695469
421000	422000	-1.73872760674081	1.40148141092269	-0.37415820712404
422000	423000	-1.77487533731918	1.98526989094676	-0.169773535853487
423000	424000	-2.07443479857777	2.20611587551195	0.259181931680176
424000	425000	-2.33898731636538	1.75515406521077	0.206845028293849
425000	426000	-2.34159991659853	1.43581852161307	-0.228944738512907
426000	427000	-2.15906068727061	1.69002014853061	-0.62356356083999
427000	428000	-2.16804424514168	2.21126485717718	-0.556051743942607
428000	429000	-2.22229276825714	2.08880135956742	-1.07106028475049
429000	430000	-2.76008724643909	2.22104067445191	-1.05989612612649
430000	431000	-2.53291293739471	2.45020460088656	-1.48973603917351
431000	432000	-2.44148347115523	2.51163906426459	-0.895252286805662
432000	433000	-2.04889252600458	2.73848037020523	-1.11463400074634
433000	434000	-1.80700182914032	2.66176871234499	-0.613386266616095
434000	435000	-1.32952978745093	2.85876992482789	-0.315856983879966
435000	436000	-1.07453067334454	3.25575244723067	-0.501674299417817
436000	437000	-0.775023237348382	3.10073611236817	-0.0932644807770046
437000	438000	-0.468121967774017	3.37642978935072	-0.126758153356576
438000	439000	-0.620623538593806	3.28146528854056	0.262726247686182
439000	440000	-0.189617313357271	3.01400204815001	0.0135237819757292
440000	441000	-0.344684910058953	2.94913050138996	0.425809652365775
441000	442000	-0.178028318513029	3.35366603406444	0.300805030725932
442000	443000	-0.141718013231217	3.87135591882825	0.415183538530143
443000	444000	0.127861562079642	3.47707882393261	0.569499227071249
444000	445000	0.0279753546940572	3.08549085999653	0.721286358743615
445000	446000	-0.39158344589539	3.29011947072299	0.910978311425272
446000	447000	-1.29046382406985	3.87985961396664	1.35710311996024
447000	448000	-1.07604727978497	2.82091557197466	0.872493480923649
448000	449000	-1.14494123131725	2.34599868418222	0.570031307373486
449000	450000	-1.52472667137208	2.19634689791614	0.927492391762051
450000	451000	-1.07111661775404	1.84776825493931	0.999883855078351
451000	452000	-0.937951392596922	2.33054754725397	1.11717127119585
452000	453000	-0.489295218815301	2.04049105383008	0.787518716526847
453000	454000	-0.412475954786986	2.48460043299422	1.19188466006262
454000	455000	-0.482067009036614	1.99679704151569	1.33864165615065
455000	456000	-0.700907906120099	2.26999073160332	1.75162155624346
456000	457000	-0.25166905449711	1.99141193216894	1.79007736089212
457000	458000	-0.292209273297643	1.91175762628219	2.29019464960793
458000	459000	0.209702910070577	1.81869346187465	2.10771604630531
459000	460000	0.440105280707205	2.2541296681624	2.25442403750482
460000	461000	0.732278720743657	2.21921354793583	1.8301898641474
461000	462000	0.753954252694876	1.71069013243508	1.59515305069332
462000	463000	0.527610019626834	1.34552994745041	1.97349395036855
463000	464000	0.170947976902156	1.11506710046331	1.61763315566136
464000	465000	-0.203843122261854	1.39590553376849	1.9085604200642
465000	466000	-0.517422944211016	1.4045793733836	1.39828643744956
466000	467000	-0.64453842865752	1.10029000902042	1.87900381530916
467000	468000	-0.738627160656487	0.77107758971802	1.46376717002947
468000	469000	-1.09514042788969	0.754275346802414	1.94125984608575
469000	470000	-1.35473667102472	0.734849015738486	1.49036539205823
470000	471000	-1.69423745113679	0.864686636335727	1.9815935061228
471000	472000	-1.90916465506799	0.925284315166832	1.47901326378642
472000	473000	-1.776653633993	1.37187348789975	1.74809098729001
473000	474000	-1.30818006539894	1.4261477012141	1.47135314798202
474000	475000	-1.28956260693483	1.84570643453075	1.88292994397249
475000	476000	-0.869721784454357	1.59579865868606	1.89259827157983
476000	477000	-1.06377679902866	1.37666082036799	2.30572097759913
477000	478000	-0.689165668847186	1.51043090730119	2.66401954038632
478000	479000	-0.319152725894428	1.14429111177527	2.9762082298815
479000	480000	0.0501073271141696	1.1275664452557	2.71796090131652
480000	481000	0.263605058140693	0.854678382787574	3.04984404543574
481000	482000	0.415695871154766	1.34482595204442	3.09796855417053
482000	483000	0.795690576826851	1.06316328353307	2.93393459184513
483000	484000	0.705105632273339	1.35773577766194	2.50735090951238
484000	485000	1.07561411754637	1.11040468870162	2.29361567567209
485000	486000	1.26303770255747	1.49635634844188	2.46696323807147
486000	487000	1.61209044795246	1.90749266873556	2.78260708487099
487000	488000	1.69729469498828	1.38900427843752	2.64412700564357
488000	489000	1.90540519629266	1.28897723670775	2.22834215438488
489000	490000	1.51225381386269	1.38355618758198	2.02479772412889
490000	491000	1.63321199871601	1.86525259218843	2.12016586870897
491000	492000	1.1392308530833	1.75125926515228	2.00337031626414
492000	493000	1.1142391852712	1.9842856905197	2.38867655561654
493000	494000	0.89767855389761	1.7882353636012	2.76548551175647
494000	495000	1.10905051361438	1.44371512856543	3.02800815766947
495000	496000	1.48428193282997	1.509783761593	4.16507795119288
496000	497000	1.51684872463799	1.07110309764791	3.1591061584677
497000	498000	1.42323376936308	0.954059734903945	2.74827211181232
498000	499000	1.34192621129862	0.626566635168226	2.54119960204704
499000	5e+05	1.6670189125062	0.506627762710319	2.79386713877659
5e+05	501000	1.71646613226094	0.76903036286416	2.31203646881686
501000	502000	2.00208200228065	0.901172703579565	2.6787324241956
502000	503000	2.3149274222719	0.518454763560118	2.3693707226197
503000	504000	2.00703928370018	0.176287858816768	1.93584286180895
504000	505000	2.43363132078817	0.348830991533411	1.64390375182379
505000	506000	2.25541166088434	0.387536912695577	1.12612811109071
506000	507000	2.59508630341229	0.795275038010281	0.989916228663301
507000	508000	2.01966943764879	0.972668521383951	0.868584480737526
508000	509000	2.40154511662467	1.26865051977628	1.24254056904676
509000	510000	1.9238115672815	1.32325996014639	1.4009086311988
510000	511000	2.05283731814823	0.959364117747345	1.74150319710516
511000	512000	1.62227205682073	0.640840229684904	1.70756386751674
512000	513000	1.11166958142283	0.712344373780421	1.86800327574236
513000	514000	1.18892740417273	1.19250383155811	1.56984229006717
514000	515000	1.52111490148185	0.951336064020277	1.21916514176742
515000	516000	1.14242105782016	0.928997609097724	0.751374740030454
516000	517000	1.04137150548241	1.46730516766243	0.7497726483825
517000	518000	1.5022330551804	1.5681693187176	1.04222556419003
518000	519000	1.90223104786399	2.03556600259924	1.26371623526819
519000	520000	1.35101040463865	2.22542308243801	1.14345957566408
520000	521000	0.863521366876555	2.28257235915833	1.0352775988589
521000	522000	0.450262234661725	2.37053627042521	1.33668562032894
522000	523000	0.277996815343396	2.68554576485783	1.71469690609333
523000	524000	-0.186130436062227	3.55570043216726	2.37072683270722
524000	525000	-0.0496902702829346	3.12319360714582	1.30819900192737
525000	526000	0.153813523893661	2.84240786493869	1.06339308971479
526000	527000	0.438917825615058	3.13681223776411	1.10484697118991
527000	528000	0.278067428269284	3.53950346034123	1.07619606817369
528000	529000	0.76923196733227	4.51755966733168	1.12172640815901
529000	530000	0.601919571871721	3.32715915997672	0.667949747756674
530000	531000	0.300232139368637	3.00526547718367	0.399000437627583
531000	532000	0.225905117019246	3.36157192497551	0.0494868814793607
532000	533000	0.511338223041156	3.56746748557198	0.256395787535333
533000	534000	1.4812333247663	4.19586286127478	0.493148190316844
534000	535000	0.654083997943368	3.20676498437065	0.26442315220282
535000	536000	0.564792559066583	3.05125359748233	-0.098358368978903
536000	537000	0.773103980309706	3.19048301221117	-0.506088502313361
537000	538000	0.953649926475973	3.72129254725915	-1.51246308616657
538000	539000	0.293188822279084	3.16912980848184	-0.768541109683752
539000	540000	0.132023618233502	2.95630748060188	-0.446182832901863
540000	541000	-0.017834609060046	3.59372920421425	-0.553658542948465
541000	542000	-0.346826092551482	3.15482695924855	-0.581287371132962
542000	543000	-0.340525848859107	2.689870686194	-0.507452876898859
543000	544000	-0.550304818501794	2.57037594398798	-0.0378634425415265
544000	545000	-0.0173360203401233	2.35301892744994	-0.267220514698867
545000	546000	-0.210786136406136	2.13374339309511	0.162798803713496
546000	547000	0.195441971825513	1.74191625309313	0.101859771404169
547000	548000	-0.121104492504235	1.46498637507561	0.497100105129396
548000	549000	-0.625356402561835	1.64559787376618	0.11069460977609
549000	550000	-0.920700609652578	2.15126333294061	-0.314249165514751
550000	551000	-0.956318240196519	3.03001227218085	-1.46725483874532
551000	552000	-0.377855028508752	2.2117979688137	-1.01187418037576
552000	553000	-0.335798962212744	1.84134285739126	-0.545940086165407
553000	554000	-0.834977196386966	1.84074106696728	-0.83196796622463
554000	555000	-0.556201086631162	1.76191049375825	-1.31062599898691
555000	556000	-0.146324876939685	1.39821128293176	-1.31296112408714
556000	557000	-0.180811473026308	0.864815622804789	-1.2729636610938
557000	558000	0.067762926403232	0.371516515608932	-1.0641746519142
558000	559000	0.377047611949013	0.431739991748747	-1.51536340989506
559000	560000	0.21314434295764	1.19409362208919	-2.27145715599193
560000	561000	-0.365453816044773	1.47950373039245	-3.20903923002743
561000	562000	-0.429763183622294	0.179283248516952	-1.87277833695734
562000	563000	-0.267696871137834	-0.257034946183036	-1.50418839908286
563000	564000	0.0416186164854268	-0.714261491617546	-1.31944439907138
564000	565000	-0.10959677595024	-1.15452828199294	-0.939983491617807
565000	566000	-0.309367484850215	-0.903298708001415	-0.4476041011771
566000	567000	-0.245951578922266	-0.426778027703983	-0.764750839773804
567000	568000	-0.369637002029701	0.113390215466026	-0.720849330607665
568000	569000	-0.931259243029857	-0.0807359382473812	-0.715054243180878
569000	570000	-0.975603268522778	-0.33391891755487	-0.191401010788273
570000	571000	-0.714398602057613	-0.678301646471803	0.245444625255326
571000	572000	-0.193404932654649	-0.383810441952594	0.314422038843084
572000	573000	0.203884636077787	-0.0203871046959177	0.0308190653165466
573000	574000	0.596160888922758	0.366775516767492	-0.230452097825934
574000	575000	1.16957627451273	0.858057278469688	-0.290855126051395
575000	576000	2.23500394948715	1.80322450092981	-0.122838761547594
576000	577000	1.63085702121409	1.19845726565761	-0.656561478194591
577000	578000	1.11113164704788	0.928472413760953	-1.03528194352909
578000	579000	1.22308711521118	0.842077725633415	-1.57115865667831
579000	580000	1.19627579826992	1.11584766037837	-1.97760226755506
580000	581000	0.82868110731891	1.6009144666851	-2.0128171337409
581000	582000	0.529665699057007	1.26642516522745	-1.57954388377779
582000	583000	0.397097651155127	1.10387180304229	-1.01296793699888
583000	584000	0.00547786319350187	0.96691816598766	-0.476750111160743
584000	585000	0.3798533168793	1.10833545534245	-0.000689286927411342
585000	586000	0.698790753875658	1.27624613928884	-0.473478142082652
586000	587000	1.17702392478269	1.64513564273499	-0.52877578886426
587000	588000	0.864066715450423	1.82037698776088	-0.114725044326718
588000	589000	0.439910953207899	1.85003274426351	-0.597623331715472
589000	590000	0.574180879508577	2.05868392101527	-1.0748240054514
590000	591000	1.06405775038405	1.90182227148964	-1.35004850781342
591000	592000	1.40033532503933	1.60830664464447	-1.67378473573271
592000	593000	1.74271909470393	1.44594768205824	-1.34621788659179
593000	594000	1.87025496546512	1.85104915088973	-1.63125687505056
594000	595000	2.26969879449543	1.6178087132128	-1.50104882848633
595000	596000	2.2133469841882	2.01375592348758	-1.17480680311867
596000	597000	2.26247672421485	1.57285836346523	-0.955004028826523
597000	598000	1.87137334609784	1.86992979364578	-0.862983717515192
598000	599000	1.75043233679242	2.3015807131256	-0.549296913592056
599000	6e+05	2.23524603501638	3.29144599488937	-0.383829881746688
6e+05	601000	1.28481543027107	2.79130781314181	-0.100430021611665
601000	602000	0.858602275411618	2.47828589837667	-0.162955521536944
602000	603000	0.538596374908085	2.54466158452179	0.235196025030308
603000	604000	0.953994132936757	2.77133197648904	0.491135604969422
604000	605000	1.07216461959223	2.25264872973152	0.414805821218127
605000	606000	1.60570698929572	2.13155405628095	0.407651840721227
606000	607000	1.70765795209394	1.57020812915809	0.460392824038886
607000	608000	2.2410259954042	1.60679671087203	0.670073141342785
608000	609000	2.37731953492695	1.16148607939967	0.413292128159789
609000	610000	2.60660826907412	0.987551621004727	-0.0485819613089961
610000	611000	2.40216607459946	0.885009251202012	-0.490593927710414
611000	612000	2.89898396772292	0.972819050427632	-0.633263451494673
612000	613000	3.30704894457475	0.570536811319315	-0.511245255683362
613000	614000	2.73470801587836	0.361808702418533	-0.683250746968808
614000	615000	2.54266391534913	0.209029651503675	-1.13088742891376
615000	616000	2.23264447755657	0.651888276081711	-1.01338056777715
616000	617000	2.59293306945381	0.626809591058728	-1.37498410546349
617000	618000	2.58107869637904	1.0737073085166	-1.22591906117612
618000	619000	2.92087515378785	1.00184565084093	-1.50692263798279
619000	620000	2.61362597806089	1.15323581215773	-1.79085538267006
620000	621000	2.21680669401018	0.925094475370737	-1.6126015698948
621000	622000	2.03690350603099	1.18384175798314	-1.93951457404388
622000	623000	1.92278736029104	1.55075877486366	-2.3575172811008
623000	624000	1.52670859043223	1.13230773338409	-2.38081833976787
624000	625000	1.04720608876783	0.717054340775258	-2.39734207795947
625000	626000	1.12866139980824	0.482814908669603	-2.98241543015941
