0	1000	-1.9236775653845	-1.65982672710674	-0.642396057818049
1000	2000	-1.88755313618116	-1.68651716650566	-0.54411596230013
2000	3000	-2.01939236076625	-1.74282159547658	-0.382459000847571
3000	4000	-1.80207175252086	-1.69123128843509	-0.414286899365156
4000	5000	-1.73345739935368	-1.67818619515576	-0.320886480608426
5000	6000	-1.75055400211916	-1.49706024207759	-0.191159674289546
6000	7000	-1.65248039286581	-1.68905971032668	-0.19353365304342
7000	8000	-1.56140731082182	-1.71360559537529	-0.149914820295864
8000	9000	-1.59299027021893	-1.74405414150874	-0.029221558307472
9000	10000	-1.46066747141313	-1.73889617512375	-0.0222789748478902
10000	11000	-1.43313802932231	-1.76700268817709	0.0943999682236972
11000	12000	-1.53555449481967	-1.83450681115774	0.298319883341454
12000	13000	-1.31558959898847	-1.7770927004908	0.23645849794714
13000	14000	-1.18928626834514	-1.84217339193605	0.225613803214587
14000	15000	-1.14783482164503	-1.84440246069598	0.347082017385498
15000	16000	-1.13843723050133	-1.97577023038169	0.42856312432715
16000	17000	-1.00947474336466	-1.87728328268038	0.453655204051668
17000	18000	-0.888267600538523	-1.97771654580896	0.412897658071935
18000	19000	-0.868447647087112	-1.92028962145764	0.564698445329052
19000	20000	-0.817880082471917	-2.06349222398518	0.619225991237807
20000	21000	-0.726143915441486	-1.94908123513927	0.651675209063087
21000	22000	-0.618909271544536	-1.99049201000556	0.667002424203917
22000	23000	-0.593952313695951	-1.92513800174554	0.764017010447947
23000	24000	-0.480742398132478	-1.97619563389729	0.791362672012619
24000	25000	-0.489682599985256	-1.9366103240947	0.953001062656579
25000	26000	-0.309128292377004	-1.90249538257726	0.895103983300842
26000	27000	-0.327825026984693	-1.82719640774905	1.02091393479152
27000	28000	-0.258575270069417	-1.82907628245728	1.14976321583228
28000	29000	-0.299734829817386	-2.35011734244181	1.71779329170607
29000	30000	-0.132362453357453	-1.79434877918532	1.43724850048809
30000	31000	-0.108100976662359	-1.61184130414245	1.2879601518285
31000	32000	-0.0620254831955485	-1.53381872052933	1.33772799817366
32000	33000	-0.0102821924356068	-1.42141348330129	1.29122054810937
33000	34000	0.00527156840801125	-1.44345514287171	1.45603926060627
34000	35000	0.054324881142327	-1.36413135098025	1.5112367366582
35000	36000	0.0309004156072099	-1.35854915208642	1.64032984347993
36000	37000	-0.02432800060551	-1.27571016613815	1.86239321955713
37000	38000	0.176850773220191	-1.24021841981853	1.73435594809415
38000	39000	0.40933261310191	-1.27304982923496	1.73415426095697
39000	40000	0.285272499105732	-1.15421780031049	1.82836520043243
40000	41000	0.337621212387783	-1.09139343621332	1.92138864129143
41000	42000	0.179369795318458	-1.3807237001773	2.61579914493158
42000	43000	0.454614986554177	-1.01146915244042	2.0868784197739
43000	44000	0.567830350090071	-0.912919361322881	2.09300161262091
44000	45000	0.563465041106286	-0.768356634435072	2.11063601364169
45000	46000	0.70340703368025	-0.789301373549439	2.18212340354587
46000	47000	1.19282182861615	-1.26518353737309	2.43990106850761
47000	48000	0.816023293599306	-0.641574611242793	2.2537424264097
48000	49000	0.790189070324557	-0.558368972215609	2.47345134752062
49000	50000	0.933663526580735	-0.507123326125112	2.31116425773815
50000	51000	0.977362665539736	-0.403095455040292	2.27577390644884
51000	52000	1.08132036526088	-0.41548982926888	2.31635245746077
52000	53000	1.11608758744195	-0.307213888824568	2.32703378613839
53000	54000	1.25557502808763	-0.326633698430703	2.24356569673721
54000	55000	1.26208333016406	-0.255303827198485	2.36834389858777
55000	56000	1.33434364520705	-0.281613529744517	2.46250323858954
56000	57000	1.47907530642216	-0.231611960464537	2.42762458141401
57000	58000	1.39563280834155	-0.128768928209755	2.49575582082517
58000	59000	1.48923536715044	-0.0114006842905285	2.48245826799025
59000	60000	1.4596691695267	-0.00615814944471776	2.64351169954361
60000	61000	1.35549851964516	0.0586948684589032	2.70702683576597
61000	62000	1.43751908129514	0.154956736482355	2.72568892355235
62000	63000	1.36309863322448	0.242140593483611	2.66474903123562
63000	64000	1.40407140946597	0.306296669422747	2.77559215870743
64000	65000	1.29392427002898	0.361389436758398	2.822462868757
65000	66000	1.39094889123118	0.457417756181296	2.86522423604706
66000	67000	1.3467568339609	0.501030175304375	2.75765886311808
67000	68000	1.38083471293046	0.593474010934132	2.73800144122337
68000	69000	1.53314237150085	0.744827449975591	2.79966569064809
69000	70000	1.34231827511091	0.713491176129833	2.6499744158578
70000	71000	1.25529099669385	0.792361612576187	2.6509784056822
71000	72000	1.31201893012749	0.869023706544436	2.54302822774561
72000	73000	1.18882915540736	0.861089076479311	2.54329103372026
73000	74000	1.13928979744083	0.936393021216336	2.45978087863504
74000	75000	1.06892282439175	0.929007997401724	2.58919109846827
75000	76000	1.08811552237121	1.0314114172073	2.58595100871567
76000	77000	1.1444782587704	1.13110396004134	2.67024026608924
77000	78000	1.00660748304817	1.19774069912004	2.56108278908523
78000	79000	0.928275513263269	1.12999294974544	2.68834022336807
79000	80000	0.819642807584596	1.32576998100398	2.800808001325
80000	81000	0.705415320144347	1.09088927838498	2.76023345891896
81000	82000	0.63083690391251	1.09751164177154	2.58682315615264
82000	83000	0.574987362892043	0.945674577999929	2.60626626712843
83000	84000	0.576607611918588	0.820967759878532	2.51347780671962
84000	85000	0.401696192368129	0.888888998424018	2.46574562484493
85000	86000	0.387154456193911	0.707593733182757	2.44257920939235
86000	87000	0.156375426700435	0.726235879072936	2.37921819607899
87000	88000	0.349068368374059	0.685312450715828	2.26590183957115
88000	89000	0.374040554244837	0.697116438564365	2.1703724097483
89000	90000	0.338216657290931	0.589959095713662	2.15038059491011
90000	91000	0.360528688575223	0.625730033184848	2.03394905495551
91000	92000	0.556590142848306	1.16729804615159	1.69124388222656
92000	93000	0.34166997100804	0.512497380432131	1.89394220750026
93000	94000	0.136234924640837	0.465190487109727	1.8174590884589
94000	95000	0.359508101949172	0.400235037507423	1.75528523133279
95000	96000	0.420301263914166	0.257424013276391	1.77453219963043
96000	97000	0.441178323066721	0.31313669510657	1.63113998198229
97000	98000	0.435633331771929	0.207919683103397	1.55774782619496
98000	99000	0.611080421618977	0.219580255017157	1.53086415902162
99000	1e+05	0.522517483736291	0.148571703114285	1.44683051856106
1e+05	101000	0.545701478591079	0.163570767799981	1.34268439047101
101000	102000	0.550702666392745	0.0228045614360863	1.35741271058543
102000	103000	0.690507574137716	0.0151499325130808	1.25461341403826
103000	104000	0.551963880296882	0.0273829330021006	1.17727119143509
104000	105000	0.632453632635258	0.107093126129404	0.971963580888137
105000	106000	0.498985939479558	-0.0714196616569169	1.06356129177337
106000	107000	0.381439289807329	-0.131493811441636	1.09974454328888
107000	108000	0.307452396167985	-0.137732754982808	0.982340918897847
108000	109000	0.266217614820131	-0.241173759651612	1.04289163220978
109000	110000	0.289925303040008	-0.378695233679801	0.990718547580289
110000	111000	0.144240967503083	-0.342729908794661	1.0765577703434
111000	112000	0.0834134490476573	-0.313238906349861	0.952566888784536
112000	113000	0.00886641747681448	-0.405452876670249	0.960289496335964
113000	114000	-0.0947305077931978	-0.439198487034893	0.892883613547526
114000	115000	-0.262097489109051	-0.446157002026288	1.06228383452864
115000	116000	-0.457359184641859	-0.485934852159044	0.89331280941262
116000	117000	-0.329446696155571	-0.594880042165472	0.786217551710722
117000	118000	-0.380572314419639	-0.697615282840741	0.705418102113984
118000	119000	-0.647959905154108	-0.750240394040737	0.700398129072398
119000	120000	-1.21222889921777	-0.703330478940834	0.644178720564746
120000	121000	-0.604434724391674	-0.738597023492979	0.32854000527142
121000	122000	-0.447163017067909	-0.837793459575875	0.2577559699099
122000	123000	-0.528733535577295	-0.784015763297956	0.161220845998493
123000	124000	-0.479124531054945	-0.744048675361729	0.0627064487389086
124000	125000	-0.275523282445442	-0.163718322238343	-0.0831143782816357
125000	126000	-0.497686749842812	-0.686061432055637	-0.146799284852094
126000	127000	-0.516722938021114	-0.802623097840401	-0.212488779680103
127000	128000	-0.541542004786185	-0.79330454944627	-0.308138764270039
128000	129000	-1.14490004741793	-0.422669743792884	-0.400032176710821
129000	130000	-0.617331237356584	-0.809086382649732	-0.500556269802005
130000	131000	-0.637804669975969	-0.865223824446736	-0.652468968135015
131000	132000	-0.540475997980805	-1.03507810297184	-0.73651390888774
132000	133000	-0.663817904976522	-0.908243737585703	-0.825542057571946
133000	134000	-0.802814598848682	-0.775432966114882	-0.935279341736212
134000	135000	-0.689980922882431	-0.93796464371565	-0.960713892919155
135000	136000	-0.711996392090674	-0.971411496568595	-1.06985894812663
136000	137000	-1.30108762122605	-1.15026768724614	-1.47875677002896
137000	138000	-0.651695069207901	-1.02717776090591	-1.21341070073246
138000	139000	-0.707694136081423	-0.467416952523492	-1.591946567322
139000	140000	-0.654962391772987	-1.06899144111096	-1.36944220892163
140000	141000	-0.558289431936742	-1.14269837606967	-1.41920993037287
141000	142000	-0.573467923587995	-1.21854662337221	-1.53155437668835
142000	143000	-0.616641368517274	-1.21905273218936	-1.7760042014026
143000	144000	-0.464381773605479	-1.38018968328666	-1.68130385346413
144000	145000	-0.34799427137488	-1.44874758892215	-1.56285284618392
145000	146000	-0.431152828050967	-1.56557532888257	-1.59030913323232
146000	147000	-0.475418510159083	-1.66124445680552	-1.57357403831584
147000	148000	-0.599303851603533	-1.75805516739126	-1.71253271481092
148000	149000	-0.4089148355186	-1.78342427825159	-1.58800831077154
149000	150000	-0.408216348419096	-1.85947765021003	-1.50829742964006
150000	151000	-0.289992130594128	-1.89607717938256	-1.53929202730674
151000	152000	-0.332500814046866	-2.00124287309858	-1.54509694311146
152000	153000	-0.244985137185288	-2.0874155248744	-1.53791072909553
153000	154000	-0.348881180952684	-2.22406676890721	-1.53277814393476
154000	155000	-0.170742433064111	-2.29463565337519	-1.59833675529988
155000	156000	-0.24212945918511	-2.31345070036564	-1.72948851439277
156000	157000	-0.255636130666267	-2.28868264176038	-1.87812487848301
157000	158000	-0.196829812318425	-2.41162225758623	-1.83134866381967
158000	159000	-0.118763193651907	-2.44030989723195	-1.90472678425138
159000	160000	-0.169739462840413	-2.55377363795154	-1.93792157089194
160000	161000	-0.087045192042155	-2.59537085087099	-2.07232824564385
161000	162000	-0.130401568993058	-2.65734611695924	-2.30492685149535
162000	163000	-0.0288805767752748	-2.94398574105204	-2.35539283407587
163000	164000	0.180849091618258	-2.86842354620667	-2.21612962916747
164000	165000	0.170067022779789	-3.00318988771887	-2.0970125667139
165000	166000	0.320021735447409	-2.96793991662002	-2.05895932327418
166000	167000	0.345439988892359	-3.0897871757329	-2.0160980832561
167000	168000	0.498394213083381	-3.21899464360706	-2.10761778715281
168000	169000	0.45241290320268	-3.13673548099037	-1.90045752812319
169000	170000	0.531530951446005	-3.19880002572402	-1.84572110908612
170000	171000	0.435064380246845	-3.26715322112802	-1.7438896453418
171000	172000	0.596301032778574	-3.42582842437205	-1.66108880574507
172000	173000	0.587003231448517	-3.1817021825401	-1.6203819766971
173000	174000	0.676977037466196	-3.08470696506951	-1.61993940514298
174000	175000	0.657937627293095	-2.98558393333499	-1.50247947519827
175000	176000	0.804369730899296	-2.96799419551424	-1.57130350306744
176000	177000	0.873246002116991	-2.99782443722534	-1.4547282061541
177000	178000	1.01891105938879	-3.04572555778991	-1.51859571934174
178000	179000	1.14934138005227	-3.19234838454965	-1.35818700659734
179000	180000	1.11038267231027	-2.95045616146592	-1.3344837150195
180000	181000	1.17464509724415	-2.85259127367676	-1.31927556958822
181000	182000	1.1949662803859	-2.83025339545896	-1.22527004935122
182000	183000	1.29737566185586	-2.78696309023647	-1.2834873087323
183000	184000	1.31404742702764	-2.70492382653262	-1.16950777821301
184000	185000	1.42147440544498	-2.77442282687868	-1.17413651871391
185000	186000	1.50452203633579	-2.76264453786735	-1.04884093363458
186000	187000	1.62785254652489	-2.86088559144284	-1.1502269480048
187000	188000	1.76433853526008	-2.82222761903863	-1.02173752163704
188000	189000	1.9554870266393	-2.98334075580341	-0.95855892955443
189000	190000	1.95692713287809	-2.80740093367537	-1.11645639653719
190000	191000	1.98695291244184	-2.78112055561216	-1.20897103947278
191000	192000	2.06052137328065	-2.84910398595894	-1.24779087138866
192000	193000	2.22292374290723	-2.98996830989698	-1.30170931867128
193000	194000	2.19654367236094	-2.82736630806192	-1.54103154755686
194000	195000	2.22347999423833	-2.6041141870413	-1.40597356740731
195000	196000	2.08347662161193	-2.53689607418094	-1.38570731423832
196000	197000	2.07964482152782	-2.43772058443926	-1.31998363235717
197000	198000	1.96063075091513	-2.36155060375675	-1.3809136410793
198000	199000	2.06591886492777	-2.25734377115912	-1.31380829369599
199000	2e+05	2.02057094392603	-2.27866561368446	-1.1746367125084
2e+05	201000	2.14981838564375	-2.2496031007138	-1.15390273446508
201000	202000	2.12914486007886	-2.16147213951036	-1.08585956856732
202000	203000	2.14649695440791	-2.03493368558118	-1.09706933541808
203000	204000	2.23743219493841	-2.08199713849044	-1.01833188643133
204000	205000	2.32173392690551	-2.01527484956772	-1.0566451756426
205000	206000	2.38333960042465	-2.01316198170644	-0.936158216626298
206000	207000	2.48825035136332	-1.92260179646201	-0.985466372097513
207000	208000	3.09405634246386	-2.32293024948215	-0.677569518111167
208000	209000	2.63881335917163	-1.76496655272367	-0.904084868255916
209000	210000	2.68961561694527	-1.64534842399824	-1.01244052032975
210000	211000	2.69718420126503	-1.58717210220564	-0.879197880574756
211000	212000	2.71251445802656	-1.56599831431971	-0.755985070124314
212000	213000	2.69920802466935	-1.46369442957544	-0.835757852004199
213000	214000	2.79759322368721	-1.41597097134925	-0.82071186738144
214000	215000	2.75251638573623	-1.2932017460426	-0.863746601851693
215000	216000	2.86231012751145	-1.26119257905842	-0.749778814534578
216000	217000	2.92046173001287	-1.20971576685764	-0.852327560661038
217000	218000	3.03883329185457	-1.18433434314593	-0.810405780651587
218000	219000	3.02755526157801	-1.1504872616835	-0.94396026189307
219000	220000	3.03291479942827	-1.03268164144235	-0.924615004609457
220000	221000	3.11565775529034	-1.01803403021926	-0.998482075019602
221000	222000	3.3469039933752	-0.980802698340987	-0.990906783780011
222000	223000	3.1516007497334	-0.87682214536865	-1.0279103231629
223000	224000	3.05975770580354	-0.856831288200098	-1.09746277484848
224000	225000	3.06646661165873	-0.731890321629475	-1.08928842318729
225000	226000	3.02730731638298	-0.771340423774363	-1.21452631704002
226000	227000	3.16271023468772	-0.761150545813743	-1.30328521078549
227000	228000	2.96761882366006	-0.810504058463486	-1.41061938621941
228000	229000	3.0649699194594	-0.651872772596307	-1.47990523060501
229000	230000	2.94563578500556	-0.618448282254785	-1.41227098779096
230000	231000	2.87319735283986	-0.556973045239471	-1.44709294296624
231000	232000	2.86417946057207	-0.47050394543871	-1.67375841624789
232000	233000	2.84749860388887	-0.374607200065356	-1.47003476711116
233000	234000	2.86723322205923	-0.313193993014424	-1.38117651087674
234000	235000	3.03732789954853	-0.173636481942182	-1.4293415661145
235000	236000	2.89439362229665	-0.211229711599923	-1.27893560807251
236000	237000	2.77738524298999	-0.205238546308128	-1.29532347088109
237000	238000	2.71502211744062	-0.11069659744692	-1.26574809225465
238000	239000	2.72783703256409	0.0448023871596646	-1.09377093108466
239000	240000	2.53791267402216	0.0337701547844882	-1.25402779957899
240000	241000	2.51075061328913	0.176299292021965	-1.44863449461176
241000	242000	2.38155631287067	0.16180275269901	-1.22869289538281
242000	243000	2.25729860094642	0.175060737823774	-1.22624684796409
243000	244000	2.18520982324637	0.23346640879738	-1.1848278588111
244000	245000	2.15741733239221	0.334808707282568	-1.24414648437474
245000	246000	2.08601213955104	0.551517563694258	-1.19504577688764
246000	247000	1.98065258716532	0.32614349580766	-1.21652007878338
247000	248000	1.91455816332844	0.303319420442381	-1.09783162553463
248000	249000	1.85000058215859	0.233634576287063	-1.18444195881654
249000	250000	1.75174907823654	0.215622777991822	-1.12430834158749
250000	251000	1.73648951333378	0.15007045547463	-1.21574066067675
251000	252000	1.60816588989728	0.19165960605809	-1.28074153697699
252000	253000	1.64914632142874	0.0462937779736467	-1.25645812408445
253000	254000	1.61614945012575	-0.0575581584573875	-1.44740895634
254000	255000	1.5842401418692	-0.0995823933219404	-1.20863525363662
255000	256000	1.43139865911479	-0.121094947179094	-1.18176346159564
256000	257000	1.52230927383604	-0.214857727532413	-1.12045494426029
257000	258000	1.51459194321718	-0.330659331733195	-1.15623055064015
258000	259000	1.52076966978067	-0.340025864639337	-1.00713756223103
259000	260000	1.3696108920011	-0.412272155254987	-1.02455644559454
260000	261000	1.47380961061328	-0.482453988216686	-0.985722534580534
261000	262000	1.58915741432188	-0.662173884328275	-1.06524979210994
262000	263000	1.41913111555439	-0.645089822001478	-0.915022636360181
263000	264000	1.17817714113027	-0.74644808325841	-0.898013658370192
264000	265000	1.29596943326616	-0.667312457544984	-0.699699244192389
265000	266000	1.41145536850221	-0.68442673631697	-0.609621737329889
266000	267000	1.55247468954707	-0.851902118853428	-0.599289713902254
267000	268000	1.46892273408775	-0.71394587026362	-0.437157147811064
268000	269000	1.40236648618641	-0.73258242600783	-0.315631403193971
269000	270000	1.51637708872582	-0.721678025843951	-0.260568785333314
270000	271000	1.52255510215328	-0.766706444961666	-0.168800595054184
271000	272000	1.46463346544811	-0.752097928112592	-0.0334184979383537
272000	273000	1.61135055277012	-0.791807413741897	-0.0696945397878744
273000	274000	1.68388268546641	-0.721560824343686	-0.0204076610825916
274000	275000	1.81360633905473	-0.805750404313217	-0.0740603623898387
275000	276000	1.75111080699886	-0.832871456931438	0.0639580232551794
276000	277000	1.78347006620399	-0.932300554318456	0.112909162798711
277000	278000	1.78874697630747	-0.859018570363688	0.219426799265659
278000	279000	1.89809509730151	-0.902714330497795	0.231823651162871
279000	280000	1.90619825929736	-0.968673267531106	0.367730407818759
280000	281000	2.11893249153638	-1.04798398416594	0.459197702664171
281000	282000	2.0619606725544	-0.839769758724549	0.359238186513574
282000	283000	2.13407739438216	-0.804366935534456	0.277314320277726
283000	284000	2.15771520559033	-0.720436370530511	0.33803427971727
284000	285000	2.275105337246	-0.726562275686731	0.291297111872425
285000	286000	2.29522620601927	-0.626679525014347	0.397030677238103
286000	287000	2.50300374767488	-0.649200639084566	0.538162422068062
287000	288000	2.44157094454034	-0.466049103039789	0.398405176827628
288000	289000	2.51473937648191	-0.376416082824184	0.273701578811382
289000	290000	2.54741137413324	-0.310451408749001	0.395912994031306
290000	291000	2.59975323244763	-0.208637265301267	0.57353128828423
291000	292000	2.66129600686553	-0.210444705879602	0.382694479611156
292000	293000	3.39564082505757	-0.494764672197949	0.606054521630152
293000	294000	3.07390206455993	-0.0596091295061047	0.472652822759984
294000	295000	2.85536089726891	0.0204786717073531	0.347413096030536
295000	296000	2.78134934192795	0.195068838942101	0.395871599132948
296000	297000	2.81231787034168	0.336380087538703	0.285253905029486
297000	298000	2.76144658652999	0.454558086335531	0.42680273104522
298000	299000	2.95936311721491	0.584244720766555	0.420624514935034
299000	3e+05	2.76029846643547	0.636460741112439	0.36064538903704
3e+05	301000	2.66900392153313	0.668779883323045	0.321038680055832
301000	302000	2.72696056222215	0.762864527343291	0.349971669179815
302000	303000	2.73507453783897	0.8170215436359	0.235516106635753
303000	304000	2.91991188205905	0.976180511229196	0.206660441392343
304000	305000	2.72608719382822	0.958919622898747	0.318867357467287
305000	306000	2.63034302005918	1.02562553809626	0.295598334215732
306000	307000	2.70118210613377	1.10576246927939	0.400442504820757
307000	308000	2.7985485476995	1.28530741287125	0.509870134976522
308000	309000	2.5722105392532	1.19444291544915	0.461262724131167
309000	310000	2.46398577903963	1.17157251471534	0.641338832717878
310000	311000	2.43022271367045	1.21279170010014	0.430908310151341
311000	312000	2.36331757727808	1.28206037215938	0.438589540481331
312000	313000	2.33932620330027	1.48983237394131	0.506318341423902
313000	314000	2.26024740270026	1.31830619733608	0.338291324118551
314000	315000	2.13023148217668	1.23486295988001	0.332448616266558
315000	316000	2.16505708480029	1.29156519240885	0.170504970967893
316000	317000	2.07783665067578	1.38989393761176	0.202260200933346
317000	318000	2.05696752240332	1.40190775060919	0.0964430679792249
318000	319000	1.95494204228656	1.46190568813761	0.0858658930775774
319000	320000	1.9884525472523	1.5113375538184	-0.0755111454135257
320000	321000	1.87361132952483	1.62197063528009	0.00363057009559827
321000	322000	1.89023231534219	1.71705177907	-0.0658226415983231
322000	323000	2.01197209164961	1.89450437415634	-0.026968175889383
323000	324000	1.88272133249688	1.82024454337923	-0.225558951492119
324000	325000	1.77053134970687	1.92354520101546	-0.176419906817509
325000	326000	2.23857734467705	2.44709131477539	-0.583297995055046
326000	327000	1.69375341783136	2.0879018599094	-0.330227045867783
327000	328000	1.55823257157832	2.0135734067955	-0.330484039496567
328000	329000	1.47445427366806	2.0865711541895	-0.323876929350997
329000	330000	1.41804661249673	2.01955350510647	-0.434442630860788
330000	331000	1.34676147947486	2.1316386022116	-0.413753763162669
331000	332000	1.24638302782216	2.07147042726735	-0.467583782231079
332000	333000	1.18275488348272	2.16237913158008	-0.406732203985199
333000	334000	1.16437417217935	2.06867242900021	-0.335824095702887
334000	335000	1.14285480727608	2.14540682470013	-0.243482298036255
335000	336000	1.06918332759438	2.03135242380802	-0.192157868972691
336000	337000	0.984275083851782	2.15844325184658	-0.142558932462762
337000	338000	0.847213544135594	2.07565233181642	-0.186566287149587
338000	339000	0.893960129681506	2.05980073660175	-0.0548153613172838
339000	340000	0.909962119228122	2.11863006333387	0.0822081234622986
340000	341000	0.755567553035936	2.04982647139829	0.0421798961269802
341000	342000	0.795954759254379	1.94239264466842	0.109060291458058
342000	343000	0.699861064312945	1.91814400493657	0.160295562286154
343000	344000	0.754588616948205	1.86775249285908	0.246797064402184
344000	345000	0.630961163788116	1.88059276595734	0.34436241603605
345000	346000	0.747088287391624	1.72527957490473	0.398163783938994
346000	347000	0.66742173199231	1.66386875530343	0.272878334562466
347000	348000	0.684780999691737	1.54810805419602	0.28010743356052
348000	349000	0.764086501437493	1.45517383538151	0.186526051035161
349000	350000	0.609104879974779	1.46293251504284	0.167729390012462
350000	351000	0.574278396530784	1.51172713790875	0.0768317054048708
351000	352000	0.484365449372067	1.46072675243044	0.0442376014396954
352000	353000	0.474731465411917	1.43461093819613	-0.117685971852785
353000	354000	0.33446448216008	1.40608661137154	-0.0259642693490234
354000	355000	0.300356707852171	1.53576282558177	-0.0544085227051084
355000	356000	0.182641268306753	1.50799068035466	-0.0132616883797876
356000	357000	0.129936675158123	1.56689831942452	-0.106635368917758
357000	358000	-0.015807564519564	2.18061605962912	-0.471986740000666
358000	359000	-0.0506973457240406	1.55023012568346	-0.102582442778054
359000	360000	-0.137497181104255	1.53959956126895	-0.057483430766494
360000	361000	-0.561623611115762	1.33904827299266	-0.48329240294338
361000	362000	-0.30830914557283	1.57685170850285	-0.0554842480648545
362000	363000	-0.442338895681426	2.1790670817032	0.146031103331179
363000	364000	-0.436841384055982	1.53530761283746	0.15220992891313
364000	365000	-0.465277509221463	1.39915341193314	0.22052868742158
365000	366000	-0.453367053037953	1.18328163185746	0.280160205878773
366000	367000	-0.568626147782755	1.3447249301776	0.328456229402186
367000	368000	-0.623293371000774	1.33862216325684	0.466067722317665
368000	369000	-0.668343467407994	1.67535270770412	1.07646637532161
369000	370000	-0.9224352096537	1.36359651056118	0.651186630812099
370000	371000	-0.966838139337309	1.31231358189149	0.428178714011928
371000	372000	-0.982764296644034	1.19282651020109	0.372140368207614
372000	373000	-1.07161010901487	1.18885312416676	0.335878458243636
373000	374000	-1.06807190825255	1.0714693154716	0.245045203208451
374000	375000	-1.27725838633745	1.16787126465709	0.128617996150324
375000	376000	-1.26774889816587	1.04155782705759	0.310484137498226
376000	377000	-1.3427332309239	0.995544992010909	0.340436913111606
377000	378000	-1.50752489794957	0.949605707367963	0.227166891819883
378000	379000	-1.40817648443421	0.883813748621322	0.41229390030834
379000	380000	-1.50367005949276	0.968307596389476	0.506785559874237
380000	381000	-1.44683831080095	0.812013029036996	0.617343891682095
381000	382000	-1.51605558570289	0.944087344916402	0.817318805337187
382000	383000	-1.63085071508023	0.779862251031659	0.710701882044021
383000	384000	-1.75101387496226	0.737979742138395	0.675487555228394
384000	385000	-1.74342854812707	0.629874720224819	0.776332802280719
385000	386000	-1.85999765087697	0.673711731083606	0.809025916971575
386000	387000	-1.88757136217811	0.614643640648009	0.907782712899283
387000	388000	-1.99286905463028	0.4930184940014	0.866848119126525
388000	389000	-2.00598902323671	0.592278134726338	0.961149716593264
389000	390000	-2.09001112024194	0.59557421841695	0.983375366323888
390000	391000	-2.08970556395792	0.56046568736596	1.09284966621175
391000	392000	-2.1672282312741	0.517018677835889	1.28755637075077
392000	393000	-2.25172572944996	0.586881517734997	1.0562302064557
393000	394000	-2.33207997462322	0.676771133373293	1.05498011677636
394000	395000	-2.41239585892551	0.563102889881827	1.03607870452166
395000	396000	-2.51813891802486	0.65035185729928	1.06814340703554
396000	397000	-2.62443228934647	0.558736181973935	1.13388596756523
397000	398000	-2.98428266556573	0.418087270195033	1.77453356117297
398000	399000	-2.8134573674787	0.646199444246664	1.04189440259373
399000	4e+05	-2.89136731682961	0.766094348411851	1.11392457125951
4e+05	401000	-2.97877913263783	0.694456050913773	1.01029488909068
401000	402000	-3.1816640186174	0.655474618990613	1.08140329777657
402000	403000	-3.0688566714651	0.795450464384042	0.941433631553512
403000	404000	-3.09304081712844	0.892358603473147	0.932820626113168
404000	405000	-3.11487648683319	0.899187836112921	0.827438540342683
405000	406000	-3.16389234084004	0.975656086680944	0.854750372692628
406000	407000	-3.18063377572664	1.07505292631556	0.890371707077637
407000	408000	-3.413703876629	1.0544545597856	0.900961356240259
408000	409000	-3.26041704404763	1.04769412198551	0.753457712418912
409000	410000	-3.22276622309014	1.1008656264069	0.682239774171624
410000	411000	-3.32008394712975	1.08168845405804	0.61353258823535
411000	412000	-3.40516654288678	1.03416251552363	0.405698289066514
412000	413000	-3.32183679890632	1.2229562487119	0.513973703526249
413000	414000	-3.428405032996	1.30053600250253	0.471344982625574
414000	415000	-3.57093574297325	1.46403843555655	0.41137626560205
415000	416000	-3.32863684351194	1.47263695496501	0.383841533349402
416000	417000	-3.25543556265571	1.58220213933333	0.473544220609521
417000	418000	-3.19923135811914	1.61103816654402	0.328115424353135
418000	419000	-3.22733947640412	1.72848325399082	0.326177030473217
419000	420000	-3.27974128905362	1.7890023381603	0.118669489608754
420000	421000	-3.21452328554558	1.89181187496464	0.306193390897636
421000	422000	-3.08346559960194	1.92029071062875	0.329301180598097
422000	423000	-3.09734645873458	2.02754304543604	0.456027302444952
423000	424000	-3.05988368548452	2.0919019234102	0.308593878604481
424000	425000	-3.17237468805005	2.17560140712533	0.318044283250085
425000	426000	-3.07903494162689	2.26557369981853	0.313769191917324
426000	427000	-3.14372317116318	2.32384371447397	0.251634667966276
427000	428000	-3.09623692475209	2.39846706773472	0.139824781939122
428000	429000	-3.12434308939258	2.45567235088883	0.268776032124175
429000	430000	-3.2218952761656	2.51971045165314	0.270345219583445
430000	431000	-3.42756172455624	2.61152931467689	0.282080878786072
431000	432000	-3.18445934870726	2.69825462033569	0.321354154878073
432000	433000	-3.14696159853786	2.88750746799685	0.154233203105193
433000	434000	-3.14746454070765	2.8676708681693	0.375469943518983
434000	435000	-3.18447849119621	2.87063860365235	0.506482801060602
435000	436000	-3.30406980690672	3.06659032089802	0.523792160471781
436000	437000	-3.10813507359155	2.98613303298875	0.583536285428682
437000	438000	-3.00146238417114	2.97416398759872	0.593048871172948
438000	439000	-3.03854878738468	3.00558987367314	0.702245636121995
439000	440000	-2.93591963535731	3.08969380678867	0.693906961577529
440000	441000	-2.94030951209464	3.03818967200287	0.838362710111293
441000	442000	-2.94629449276233	3.14758825950781	0.835658834761694
442000	443000	-3.09369836459656	3.29079824308881	0.935809387544596
443000	444000	-2.88250277737565	3.26545614532656	0.892716925283524
444000	445000	-2.79051801796802	3.19996649536766	0.969999039351488
445000	446000	-2.76891188376816	3.33274937059736	1.05984532460673
446000	447000	-2.99504170363109	3.65194917132339	1.64103395564535
447000	448000	-2.57250740449081	3.29878494362495	1.05207301064455
448000	449000	-2.4646906265061	3.24267843756785	1.07337195317348
449000	450000	-2.38827166045025	3.32152196343535	1.00020637645447
450000	451000	-2.30074993673894	3.20300602228688	1.02254515754129
451000	452000	-2.28345484684921	3.28096518338416	1.10608292058631
452000	453000	-2.17006648142579	3.32307601617588	1.10646778253765
453000	454000	-2.19859209125457	3.27461948963449	1.24803773625632
454000	455000	-2.15686054806202	3.40675285836725	1.30054435849099
455000	456000	-2.06281124917096	3.34012437829794	1.31193249109027
456000	457000	-2.03833350105589	3.28322867723713	1.41013726332226
457000	458000	-1.97637748602436	3.38762461398743	1.39159233140765
458000	459000	-1.97382873541375	3.46558322126005	1.51541357291301
459000	460000	-1.82883976283037	3.47052138440668	1.41286377027052
460000	461000	-1.74995836894414	3.41956200013832	1.5088088534712
461000	462000	-1.62972107103354	3.58887247006777	1.63952231480214
462000	463000	-1.54080938553556	3.36592364534041	1.52293896725008
463000	464000	-1.53249137254579	3.37242090015877	1.36434887697068
464000	465000	-1.51417813330625	3.25000027117531	1.31347690917433
465000	466000	-1.42568693647315	3.33421260663683	1.23184448237783
466000	467000	-1.36539090593639	3.2374945497763	1.24129601653067
467000	468000	-1.29494908514436	3.25160528094073	1.17803690507077
468000	469000	-1.26979921423539	3.14193402078562	1.15488844919422
469000	470000	-1.1652401947287	3.19773672324721	1.16141136133156
470000	471000	-1.08275341366935	3.10065400269403	1.19012012129985
471000	472000	-0.959587222329511	3.2103835186957	1.16664260236104
472000	473000	-1.02831349590334	3.15549622943152	1.0295926075317
473000	474000	-0.970812412054499	3.24653459595642	0.94849190412942
474000	475000	-0.981660017296878	3.13274999480735	0.841167008221977
475000	476000	-1.04055825909535	3.22381945792305	0.789676037248197
476000	477000	-0.987446479646321	3.23231942574502	0.696601409561053
477000	478000	-0.842681506047425	3.34603848064162	0.591248742681872
478000	479000	-1.0918563230041	3.23065009172023	0.563119709509135
479000	480000	-1.13943407066779	3.35988653006071	0.540070438361815
480000	481000	-1.25963432454311	3.30228546933263	0.500724251456123
481000	482000	-1.28140382236785	3.44331884526296	0.404847904214558
482000	483000	-1.44767379719953	3.38233948745844	0.419671214200201
483000	484000	-1.41159801299286	3.30808033552309	0.295512997683598
484000	485000	-1.48160748170574	3.1778610172743	0.253541996366341
485000	486000	-1.50320790883034	3.2839130141484	0.146551868437959
486000	487000	-1.63255209329257	3.46703986378339	0.0470429036543996
487000	488000	-1.53754101528944	3.25558718046386	-0.0298501720585006
488000	489000	-1.64258982126466	3.16529402821984	-0.0236260687759367
489000	490000	-1.60041124770933	3.14050736820512	-0.136618542229327
490000	491000	-1.6975021118491	3.06378588566971	-0.157494861937738
491000	492000	-1.62666758212066	3.072290138746	-0.252425688554535
492000	493000	-1.65774533928165	3.09959965779299	-0.347946630530562
493000	494000	-1.7748359408316	3.03554840875901	-0.421468511146216
494000	495000	-1.63852185201796	3.08605089874822	-0.510450874161134
495000	496000	-1.78462161319653	3.76623717760676	-0.898924968505921
496000	497000	-1.60382875953469	3.10033733785464	-0.716567184233135
497000	498000	-1.57527839658825	2.96564880034878	-0.660061169575308
498000	499000	-1.51611724273456	2.94466476408413	-0.724891749186456
499000	5e+05	-1.54789823113799	2.85055814752145	-0.726599654966341
5e+05	501000	-1.43937944195634	2.84184884742623	-0.771184743337478
501000	502000	-1.50642039142251	2.82299721432634	-0.887930953469416
502000	503000	-1.45688671288216	2.89621914219997	-1.11804628033916
503000	504000	-1.40982503753136	2.69339175806674	-1.00936400893295
504000	505000	-1.3551495599198	2.59094445705125	-1.04376208964659
505000	506000	-1.23832413745609	2.53919888354223	-0.970233509383947
506000	507000	-1.20317616667643	2.53434645593985	-1.14977873598262
507000	508000	-1.26778845695106	2.4071930403391	-1.11351060079373
508000	509000	-1.35700932150981	2.32638028903244	-1.14258431429596
509000	510000	-1.24959997609437	2.24340117143343	-1.16006539067381
510000	511000	-1.29739373283814	2.21833772975569	-1.25237126848875
511000	512000	-1.22012067803743	2.15741741124407	-1.31314569933036
512000	513000	-1.34998786404467	2.16773170306238	-1.43371318200218
513000	514000	-1.21200285775913	2.07071040321307	-1.50631480771176
514000	515000	-1.28415708384357	1.96716794380945	-1.42818350461917
515000	516000	-1.3515792905719	1.84847166249934	-1.35997661241173
516000	517000	-1.35268870960041	1.85046152845609	-1.50626256347191
517000	518000	-1.2723126462529	1.79522581880419	-1.51892576426262
518000	519000	-1.35081343582256	1.76064596735613	-1.73974062976702
519000	520000	-1.21056202278503	1.67437715281774	-1.59691774670168
520000	521000	-1.18439934062944	1.55259783810066	-1.48672090223808
521000	522000	-1.13446116218354	1.5382065729957	-1.62200258537477
522000	523000	-1.14993274917851	1.4160673343109	-1.65208380928682
523000	524000	-1.49604613858374	1.30019702011264	-2.30862554914987
524000	525000	-1.04575794555806	1.2884736588211	-1.68077519174648
525000	526000	-0.931226891487413	1.25468061386684	-1.65491104334212
526000	527000	-0.971471813905786	1.13593584057562	-1.69896295743783
527000	528000	-0.881544328555611	1.12072626235911	-1.83261818265554
528000	529000	-1.04754609753219	0.766335196296913	-2.39923271150714
529000	530000	-0.6853858180383	1.02145354409572	-1.76786120108917
530000	531000	-0.662915273414786	0.90368660325651	-1.7051855922318
531000	532000	-0.533731973709039	0.957894344809373	-1.66216421891789
532000	533000	-0.491547090341093	0.872589056071601	-1.73911226249838
533000	534000	-0.184139751286179	1.23818699095991	-2.34385018349997
534000	535000	-0.393050647713217	0.79641815045911	-1.70289166668649
535000	536000	-0.331877395459222	0.738785793038994	-1.68229255339171
536000	537000	-0.255661187576759	0.702942740199266	-1.79567581864514
537000	538000	-0.043455205434219	0.500772250974815	-2.42541617673416
538000	539000	-0.159031048284211	0.556672001036701	-1.65906491197292
539000	540000	-0.0696633395267481	0.477892433589103	-1.62566980053892
540000	541000	0.141471098986326	0.495589319865797	-1.70902895739233
541000	542000	0.0708272589235766	0.382579162885747	-1.51107507892095
542000	543000	0.0549347154474211	0.231709657378643	-1.55194547715285
543000	544000	0.104928738907498	0.151044312169626	-1.44523108128136
544000	545000	0.161088980092924	0.0171654910427286	-1.52471285857338
545000	546000	0.168663500276544	-0.00484513924984612	-1.3737360563163
546000	547000	0.187705742213241	-0.124059761096463	-1.36082741261809
547000	548000	0.250662375404924	-0.147926815626736	-1.24709655143454
548000	549000	0.26486446575748	-0.263890835413328	-1.29754849694254
549000	550000	0.321566180831507	-0.388603172092708	-1.22452826664762
550000	551000	0.485528466341319	-0.907159469757644	-1.16784594688145
551000	552000	0.722288963299996	-1.38060595358879	-0.722647210066076
552000	553000	0.544184615269453	-1.40892780410931	-0.675742290093563
553000	554000	0.761812543323309	-1.47788543602542	-0.622985667048126
554000	555000	0.768635485646809	-1.58539284862023	-0.683471009718477
555000	556000	0.835719001776665	-1.61177671682722	-0.598121646771551
556000	557000	0.793731414195469	-1.69454631935706	-0.511588791151671
557000	558000	0.900107840730356	-1.75489570793298	-0.560178408231748
558000	559000	0.890467403777875	-1.84942361819997	-0.502730338525072
559000	560000	1.032298462603	-1.84689118533522	-0.439418670397184
560000	561000	1.48424399034932	-1.91533054400375	0.134242293903599
561000	562000	0.97957982918972	-2.02655963447867	-0.361669412728789
562000	563000	0.964905391465449	-2.13889201432079	-0.40335165406562
563000	564000	0.935664148295274	-2.20573565880288	-0.307060863217185
564000	565000	1.07057106693752	-2.30143832626756	-0.34847229805993
565000	566000	1.03519987616281	-2.37246349127353	-0.17722278944291
566000	567000	0.957202393362706	-2.44460479043078	-0.278176512811752
567000	568000	0.829940932240536	-2.45509510638793	-0.297226731340784
568000	569000	0.881964214973608	-2.59287417774777	-0.334277875985573
569000	570000	0.824051282115337	-2.59204451661499	-0.228284765323271
570000	571000	0.858994486144328	-2.68548114991113	-0.168524745340544
571000	572000	0.738411568288946	-2.69859037661008	-0.141544716696808
572000	573000	0.737324997298172	-2.83417113487542	-0.153196025602225
573000	574000	0.70273643157025	-2.79837464066438	-0.0322491792891922
574000	575000	0.685457589814988	-2.90733414081281	-0.0220738007280741
575000	576000	1.17029401784971	-3.53108323914859	0.189838772572271
576000	577000	0.675248489756595	-3.25546025463707	0.185753634748888
577000	578000	0.53445020940694	-3.08687561208895	0.146614598908271
578000	579000	0.427287037033716	-3.03437069842682	0.213093591478517
579000	580000	0.332651363736341	-3.13043720657432	0.250017140403153
580000	581000	0.358571259329729	-3.18545738486403	0.488842329524396
581000	582000	0.110856950990459	-3.38273489379744	0.428802214593789
582000	583000	-0.0563580577093602	-3.13288835267884	0.508521491633173
583000	584000	-0.0302088826908127	-3.00857556530258	0.278194511265924
584000	585000	-0.126364857533098	-2.92360500020804	0.25115763645685
585000	586000	-0.216917875245665	-2.86022826226713	0.321293668329682
586000	587000	-0.196963021314574	-2.81741651113366	0.137901426465707
587000	588000	-0.338831697748345	-2.84375135209736	0.12480403877897
588000	589000	-0.392760465536952	-2.80610533981761	-0.00309772276141963
589000	590000	-0.565569874365464	-2.84148903317058	0.0520703295501251
590000	591000	-0.621219189068339	-3.03278679972295	-0.0846550099428824
591000	592000	-0.661807765241272	-2.8107201221373	-0.12272916369913
592000	593000	-0.651637395799238	-2.77671566654239	-0.253003542920608
593000	594000	-0.779216050092544	-2.76208339027602	-0.181759359314483
594000	595000	-0.874524012524343	-2.85618137882761	-0.246370381939158
595000	596000	-0.916792068325908	-2.69182437726547	-0.247894655978813
596000	597000	-1.0058914220115	-2.70323418594821	-0.330858290434969
597000	598000	-1.05750992135711	-2.58933967967484	-0.345114550321592
598000	599000	-1.13522703732743	-2.66280618168961	-0.402954628559756
599000	6e+05	-1.55702919983598	-3.36493688911723	-0.248205281003724
6e+05	601000	-1.31248943529332	-2.71396004368726	-0.500319111861149
601000	602000	-1.3322092298368	-2.55275730660259	-0.493765473790761
602000	603000	-1.40264847084444	-2.54761088561062	-0.593920899729298
603000	604000	-1.50081365079596	-2.49328609541146	-0.542788119446157
604000	605000	-1.51327573903893	-2.49464787681212	-0.679170707386424
605000	606000	-1.55104311494229	-2.36683344887375	-0.693732279799095
606000	607000	-1.58464133514466	-2.42575314307207	-0.824535783664361
607000	608000	-1.72432319087829	-2.41597755458493	-0.766023389977234
608000	609000	-1.73321672937186	-2.36382477873345	-0.892120196717795
609000	610000	-1.81444237207374	-2.30098994808808	-0.848226851686631
610000	611000	-1.86482505804848	-2.28033931495801	-0.932013406871152
611000	612000	-2.00130496538552	-2.33786468438151	-0.923936554857118
612000	613000	-2.17412258202615	-2.3589154303975	-1.07136032912604
613000	614000	-2.02574310302727	-2.16419968155736	-1.01587594339561
614000	615000	-2.06541008347682	-2.13209456480633	-1.1169072976704
615000	616000	-2.15950586807903	-2.04149760209087	-1.31011304336175
616000	617000	-2.05703023222971	-1.97298316705525	-1.11427838749204
617000	618000	-2.09200722640213	-1.89644288312034	-1.04614243530148
618000	619000	-2.10612110828593	-1.79671737410565	-1.11368559965682
619000	620000	-2.21408565290015	-1.79393454066327	-1.01327435282485
620000	621000	-2.11517680196133	-1.75760124292177	-0.955320680810754
621000	622000	-2.11968202790508	-1.65378812494625	-0.932811107483298
622000	623000	-2.30064562836485	-1.50250517388508	-0.911661670994116
623000	624000	-2.16116362653978	-1.62186892559325	-0.740596838239993
624000	625000	-2.02080736714586	-1.64628141115938	-0.7375330799447
625000	626000	-1.94590076653647	-1.45351423397682	-0.706196266487795
