0	1000	1.86672498828797	-1.70311711625272	-1.29616444664829
1000	2000	2.0103139909641	-1.42507130526907	-1.46761803481097
2000	3000	2.2595139366131	-1.25059362450652	-1.81960658129776
3000	4000	2.14421766644216	-1.00581264642493	-1.3432453559939
4000	5000	2.10108805551202	-1.0514506406213	-0.866270978458636
5000	6000	2.56061190013722	-1.79351463708269	-0.700651368036485
6000	7000	2.10294702526748	-1.40670035066693	-1.02240670040815
7000	8000	1.75290422914312	-1.10195346179249	-1.15148990623113
8000	9000	1.69866120951757	-1.45394239903043	-0.930301815455035
9000	10000	1.75949372564788	-1.8615534548704	-0.863905258760502
10000	11000	1.64464707931853	-1.52210950135931	-0.514860691879222
11000	12000	1.22521369270473	-1.5508186248838	-0.0874721937503398
12000	13000	1.58006622097813	-1.2434644403943	-0.00206442669928255
13000	14000	1.43594774097906	-0.951507648538226	0.337503327021215
14000	15000	1.81951959442137	-0.751305049239224	0.218766285163168
15000	16000	1.63251300770859	-0.366162360867556	0.125070186602172
16000	17000	1.79744894663703	-0.0276351223997142	0.554779180865399
17000	18000	1.55065598223433	-0.0255376031352682	1.01948333773314
18000	19000	1.98834102054583	-0.20457235712602	1.28855857890826
19000	20000	1.57720540814615	-0.398124693837483	1.48367439738278
20000	21000	1.69935232220861	-0.621091512834672	1.02726982395583
21000	22000	1.19619374848107	-0.579621339949034	0.938652254477846
22000	23000	1.00774942932598	-0.650791016875129	0.476724755665991
23000	24000	0.538193607563782	-0.72736304663573	0.515211220334317
24000	25000	0.513395322164222	-0.917256343568508	1.06795597282661
25000	26000	0.636335833723337	-0.327104915548674	1.06445877416485
26000	27000	0.648791752159589	0.12724595127183	1.31106140393296
27000	28000	0.824354977896963	0.0857936711751817	1.787694232783
28000	29000	1.99309365171907	-1.07264713958531	3.31913547363961
29000	30000	1.3865947398906	-0.224726997952658	2.10324504185295
30000	31000	1.46266153251127	0.553069742532911	1.41160307198061
31000	32000	1.88706202586992	0.400206130578458	1.09191073812835
32000	33000	2.50612631678252	0.42341708943817	1.06471161370348
33000	34000	2.21313001494023	0.189217141197994	0.762975318069401
34000	35000	2.20851306264299	-0.26790625571942	0.740138905612351
35000	36000	2.2045982467552	-0.350900396724898	0.265753012133789
36000	37000	2.58464863238695	-0.920527555377699	0.240341830389323
37000	38000	2.23445939333979	-0.760604753257332	-0.159277771241111
38000	39000	2.65748114862726	-1.43109437455	-0.101950802393982
39000	40000	2.36985990154826	-1.16596209486107	-0.48719512521584
40000	41000	2.74420495824501	-1.27989488557302	-0.611866371572869
41000	42000	4.44567229293254	-1.70247225589313	-0.71527082803992
42000	43000	2.92935147958278	-1.25267104182173	-1.03286090118917
43000	44000	2.57026646701158	-1.42074776669227	-1.01042508405946
44000	45000	2.78167559766766	-1.67378432859964	-1.24502998756843
45000	46000	2.56372033951995	-1.44592566169968	-1.40995762165806
46000	47000	2.8293793533391	-2.94593877038064	-2.24208408406725
47000	48000	2.35755146160829	-1.68009887761176	-1.24293989308545
48000	49000	2.76905193736281	-1.0107328524716	-1.49148337305484
49000	50000	2.50337556170172	-1.08826702321387	-1.13770379691696
50000	51000	2.5623011719981	-0.929316923338866	-0.823138576567482
51000	52000	2.89428069159588	-0.892325879179746	-0.839824877028013
52000	53000	2.76563168656252	-0.823531938367165	-0.492585489845675
53000	54000	2.87249933184087	-0.462780695608268	-0.651071280445731
54000	55000	2.74972390823159	-0.48512848995538	-0.236368225225701
55000	56000	2.7319261054788	-0.112065816015339	-0.232467825074333
56000	57000	3.11680051086754	-0.0383826585754601	-0.106063036356561
57000	58000	2.91142508364645	0.224353449438602	0.180592028937693
58000	59000	2.82992256627865	0.314205839918055	-0.161877622474654
59000	60000	2.86284747544879	-0.16025469510807	0.193242896905932
60000	61000	2.51250351561279	0.0264067719363392	0.087362072172148
61000	62000	2.64104843907941	0.166761138658097	0.456701192544178
62000	63000	2.44830785829713	0.482111180575802	0.129156785260459
63000	64000	2.66419895940397	0.633555689499165	0.464792645469995
64000	65000	2.32512076470023	0.946511955462547	0.536413023677329
65000	66000	2.24761469665915	1.43850411936634	0.649016505120234
66000	67000	1.86703521817607	1.41397163006468	0.873071176216243
67000	68000	1.8193728969091	1.10800524739223	0.578320252994097
68000	69000	1.83492643825512	0.628226596983214	0.548050132586486
69000	70000	2.1149900324362	0.820571504362541	0.999242797477599
70000	71000	1.84084989936561	0.870957835363692	1.34583940735964
71000	72000	2.15437649469891	0.886139751909461	1.68086537263869
72000	73000	1.78938323221677	0.688656159879351	1.76393098173501
73000	74000	2.0906864851172	0.623935591672482	2.03138499931016
74000	75000	1.66790440525995	0.714171957446759	2.09506568300572
75000	76000	1.88407941217731	0.932359820235266	2.03912911059575
76000	77000	1.68411060810622	1.01701042181072	2.33261845785952
77000	78000	1.92281513720545	0.686337948341542	2.41354304000753
78000	79000	1.78282421030748	0.331384877255022	2.11259818763037
79000	80000	1.57435830922693	0.316619235075378	2.56301669316676
80000	81000	1.34840232883232	0.333915725607959	2.00019538576525
81000	82000	1.17093145227301	0.623109924947399	2.30490035130021
82000	83000	1.08736805036708	0.685656869788645	1.75798636564319
83000	84000	0.989356921161691	1.09258791196005	2.07329297573354
84000	85000	1.36156563793897	1.14941020541526	1.76390123295229
85000	86000	1.26568043845508	1.61521659195371	1.80338824979485
86000	87000	1.56172224284043	2.03191280678263	1.70751507209604
87000	88000	1.12394412306903	2.04145420962478	1.35882994391951
88000	89000	1.45196704347127	1.99319838707313	1.07164239553365
89000	90000	1.14830258604061	1.67227710284839	1.07904282727589
90000	91000	0.88629264069714	1.52035580198818	1.42477422662116
91000	92000	0.805578808108539	2.52486192701786	3.14053788853831
92000	93000	0.391428931964574	1.58309288676673	1.59206706380253
93000	94000	0.112601523470462	2.01303142729312	1.56017384519887
94000	95000	0.612606192619946	2.16774437919236	1.13224163257723
95000	96000	0.714255692433929	2.67561512318191	0.942971805666525
96000	97000	0.460554640944899	2.36295789585468	0.639381649671829
97000	98000	0.0997906789772906	2.17422694871032	0.533843743609724
98000	99000	-0.17883455176027	2.53241259040245	0.901870926761051
99000	1e+05	0.036344610580142	2.18698779433763	0.975436348258338
1e+05	101000	0.252715590918392	1.86414178356287	0.946556162644171
101000	102000	0.292836708845761	2.51471709025922	1.08468430240202
102000	103000	0.195831865985292	2.82823441114046	0.703947563654144
103000	104000	-0.0854374947558784	2.56801201044394	0.430620849337249
104000	105000	0.107744177842971	3.23024403046427	0.276978675709133
105000	106000	0.668336568253844	2.80783215874607	0.434420571482067
106000	107000	0.907636552668542	2.38317691765252	0.432273064945281
107000	108000	1.33325009178389	2.16934552121402	0.523960743947243
108000	109000	1.56844497189815	2.5013298927605	0.620071598499184
109000	110000	1.28258610279852	2.81717765308166	0.753099070831988
110000	111000	1.15438126387874	2.38266562903691	0.941083456463608
111000	112000	0.888156747140568	1.9721137514175	0.752850390839098
112000	113000	0.670626136815008	1.58926614926653	0.66631248850413
113000	114000	1.23506292095389	1.53964626978993	0.62355272774334
114000	115000	2.01609110520246	2.00681821664656	0.990209193469632
115000	116000	2.47547369146361	1.89017107051347	0.380311254746419
116000	117000	2.20143406778637	1.05621874004581	0.0760732567755776
117000	118000	2.60143260244699	1.0973698270954	0.936566431910607
118000	119000	2.27287213170437	1.50422878121518	1.27533091045929
119000	120000	2.97832789872056	2.46529495882191	2.31526695041526
120000	121000	1.65678109152491	1.39660625755873	1.39621537571093
121000	122000	1.23836100841546	1.10622181622985	1.15115911213247
122000	123000	1.35660593637309	0.638703794264976	0.969974972527156
123000	124000	1.58674857512837	0.12879493848333	1.51779609826721
124000	125000	3.3659136471067	-0.274099877365604	2.61469219773546
125000	126000	2.25439261225397	0.149745330493249	1.53753018373538
126000	127000	1.14579796075418	0.239364548594001	0.545631963515834
127000	128000	1.25693806853048	-0.199385324753804	0.389620682606642
128000	129000	3.32870943824498	-1.39240358028129	1.64347774530915
129000	130000	2.63086834161821	-0.514959784560457	0.598530269770332
130000	131000	1.99395271945226	-0.0606433960864559	-0.293278298905689
131000	132000	1.59054774914471	-0.360470827730279	-0.456443214468794
132000	133000	1.58150530994665	-0.848264078473148	-0.553220276244558
133000	134000	1.17037484133216	-0.820532294653238	-0.975601908515638
134000	135000	1.1321078002841	-0.963267529137879	-0.29771443889
135000	136000	1.15941482606428	-1.36775714603911	-0.535550762342481
136000	137000	0.834087312452399	-2.87274711928863	-2.14639286343571
137000	138000	0.950464634211521	-1.80105652676341	-0.567483537217606
138000	139000	1.28573539419089	-3.7702664572493	-1.11594091158694
139000	140000	0.968633411373666	-2.32006759346176	-0.245820151077391
140000	141000	1.38124630692454	-2.16195398235734	-0.39017386804096
141000	142000	1.32283485941683	-1.99849708175985	0.0265380166663555
142000	143000	1.63819320377857	-2.24864439489787	0.29571387116201
143000	144000	1.58375160407283	-1.65491726893103	0.361371907363635
144000	145000	1.99214147102749	-1.89192485751149	0.0392966160497735
145000	146000	1.65522580356877	-1.79866072312403	-0.195229681392155
146000	147000	1.9190713306282	-1.9366032187458	-0.465461813791679
147000	148000	2.18463190279886	-2.14351044488727	-0.832467451182205
148000	149000	2.11357737190716	-1.57013161824992	-0.563942185644943
149000	150000	1.98077044197108	-1.24646780634589	-0.260845061411083
150000	151000	2.13806091242975	-1.34922116723613	0.128558587664453
151000	152000	2.01222342325183	-1.0689394520607	0.466504176895253
152000	153000	1.70036527885724	-1.12264097798747	0.806495148440064
153000	154000	1.29794903944176	-1.13052895603638	1.1266286686222
154000	155000	0.915518764448663	-1.30614436050837	0.800134271895049
155000	156000	0.624597624920224	-1.57771891214792	0.478818150866437
156000	157000	0.892795540993777	-2.01217287912967	0.619994865879744
157000	158000	0.905527715716137	-2.26335768152318	0.245836289285539
158000	159000	0.794661137332312	-1.92155888185344	-0.00571595018826059
159000	160000	0.374173018494133	-2.02660592753451	0.00266078451330175
160000	161000	0.42989696809414	-2.50295643373936	0.0357453736461653
161000	162000	0.441472639501198	-2.51302164789791	-0.52908432794112
162000	163000	0.2134962899127	-2.97355545915228	-0.373897806034546
163000	164000	-0.0324287190547606	-2.5050189038693	-0.324836289604556
164000	165000	-0.304854812617628	-2.67809239599628	-0.624675070299273
165000	166000	-0.46062359574111	-2.35888770105047	-0.860393399259059
166000	167000	-0.803232581173232	-2.07499123543685	-1.00799541457501
167000	168000	-1.09485855347608	-2.02336960991167	-1.45509178908608
168000	169000	-1.27041642193326	-1.72693541754427	-1.06323284421824
169000	170000	-1.52270771785132	-1.47860227370551	-0.813121022213017
170000	171000	-1.49143771414404	-1.05081887645625	-1.14622152239302
171000	172000	-1.08253154839776	-0.875709105643976	-1.6117669059592
172000	173000	-1.08207469593438	-0.464342153828393	-1.19030040305831
173000	174000	-1.30621527616202	-0.603023857492961	-0.761075795064345
174000	175000	-1.24620408874408	-1.11674269100846	-0.535598111586869
175000	176000	-0.819302097757152	-0.890071167445554	-0.632062375013921
176000	177000	-0.935690066250176	-1.16891177895801	-1.06259278041364
177000	178000	-0.513268163375847	-0.879391686365868	-1.17788262560074
178000	179000	-0.578199859949513	-1.30246265199817	-1.64920197472946
179000	180000	-0.516564841791018	-1.29637850721122	-0.764534300902165
180000	181000	-0.082471974350338	-1.34436648735857	-0.865592078884854
181000	182000	-0.11426562121216	-1.28590246336615	-1.32715975732464
182000	183000	-0.543073924157282	-1.6072310891632	-1.1587710593224
183000	184000	-0.365161423734805	-1.97183829232035	-1.32260195314732
184000	185000	-0.298749099095075	-1.92329220554758	-0.882792590185869
185000	186000	0.133620371385078	-2.00530191459696	-0.850219964153075
186000	187000	-0.208570298689183	-1.99067120587501	-0.41698792804838
187000	188000	-0.608033632559266	-2.12961613210964	-0.472548871253129
188000	189000	-0.83854606030013	-2.36914019843967	-0.153603524782497
189000	190000	-0.415222288259513	-2.37401871269944	0.00816608449043786
190000	191000	-0.0734458271362949	-2.62790665426512	0.16113879748438
191000	192000	-0.0925344835718879	-2.24412344258523	0.296394405225947
192000	193000	-0.361084904655056	-1.80335032855262	0.318072291375463
193000	194000	-0.963917691105163	-1.68608839224441	0.335316376064308
194000	195000	-1.15897839044234	-2.18265027968123	0.557209754674394
195000	196000	-0.748589549896871	-1.95546156273708	0.63818967548884
196000	197000	-0.883171715485362	-2.04948327004703	1.07475844754919
197000	198000	-0.691436296851393	-1.65435235949311	1.0615958312033
198000	199000	-0.923141828066475	-1.69909004948594	1.48411525109533
199000	2e+05	-0.646101224099248	-1.28586854540745	1.39301420849525
2e+05	201000	-0.820133048629788	-0.845378283926805	1.50765686150115
201000	202000	-0.393487603722091	-0.602681967478976	1.3104806557087
202000	203000	-0.587548063251118	-0.109248669404821	1.41080053775474
203000	204000	-0.18639228830589	-0.3548397770122	1.69905884787498
204000	205000	-0.399597339795624	-0.566800470675531	2.01920015744234
205000	206000	-0.237393742115795	-0.405155520252522	2.398001502129
206000	207000	-0.0301668540684733	-0.311490461029032	2.80216506205511
207000	208000	-0.0621231448194896	-0.0249273423994092	4.61676431918415
208000	209000	-0.359591345138803	0.00219835453990585	2.85346191970569
209000	210000	-0.124013038867035	0.421382873355713	2.7772187013373
210000	211000	0.0492587061802781	0.185360097213932	2.41252791273581
211000	212000	0.352092381843446	0.376392205417655	2.12135338085602
212000	213000	0.034500344482583	0.556581159235776	1.84302838346709
213000	214000	-0.31445959497868	0.505581701756383	2.15987852961253
214000	215000	-0.504135207361521	0.923993599805048	2.3012428279926
215000	216000	-0.0320051234178858	0.955150251188589	2.29517898515828
216000	217000	0.384250117161445	0.891003064290182	2.10999705640685
217000	218000	0.342954019657993	0.931454463474583	1.61701272835568
218000	219000	0.0422462843329159	1.23603758460921	1.82032560045217
219000	220000	-0.37217903510872	1.3561937384341	1.91395162995602
220000	221000	-0.429839154432828	0.933636940332361	1.75656540230344
221000	222000	-0.407874994682711	0.568388009565047	1.3827533838064
222000	223000	-0.108398342770515	0.178933810825166	1.52408064669926
223000	224000	-0.252941296742782	0.0351699199844679	1.97520560950462
224000	225000	-0.459038361247448	0.0366280200974722	2.37745632026489
225000	226000	-0.73392302196469	-0.198492257576326	2.01345190654581
226000	227000	-0.843513554870624	0.258324453652099	1.84386274117828
227000	228000	-0.867261784080434	0.493692526019119	2.24772770582291
228000	229000	-0.806533937331461	0.434388580338803	2.70158887715533
229000	230000	-0.900651142682387	-0.00624425125504534	2.40655949267678
230000	231000	-0.989209085919527	-0.441690686102305	2.29431203696091
231000	232000	-1.22468180439487	-0.952123026590734	2.72143306241216
232000	233000	-0.833673366801676	-1.00948478861925	2.4544938562305
233000	234000	-0.908519951898992	-0.835727007789681	2.09595154131874
234000	235000	-1.4679436963974	-0.887195926786963	2.14833860892281
235000	236000	-1.24648134648137	-0.475903630425313	1.86470432206089
236000	237000	-1.35152316120679	-0.116933311015757	1.52257180778441
237000	238000	-1.27771036080478	-0.546006975971277	1.33510426408714
238000	239000	-1.47161875649893	-1.10123495066942	1.3469894155864
239000	240000	-1.54532810070161	-0.691421874553885	0.916383506959935
240000	241000	-2.05896958496731	-1.03720974000189	0.921188203025666
241000	242000	-2.05631990618119	-0.581429809051161	0.590375391189819
242000	243000	-1.86400944916853	-0.172157750255239	0.523043090239595
243000	244000	-1.95153717815773	0.284111888108331	0.506075341306463
244000	245000	-2.0381636879747	0.0895040739289374	0.0862787278065037
245000	246000	-2.28365646484787	-0.167035622198576	-0.207001944058692
246000	247000	-2.47673067155667	-0.610844329136231	-0.18529291357065
247000	248000	-2.63052495080595	-1.08301996158341	-0.303350604786311
248000	249000	-2.3619774864871	-1.37997307292801	-0.519348151287509
249000	250000	-2.37841222060102	-1.72566119514453	-0.75389662660611
250000	251000	-2.03686004194913	-1.70855901487081	-0.54700121140241
251000	252000	-1.95623158123657	-2.09398674452421	-0.746040858068087
252000	253000	-1.73140369057933	-1.92829347240638	-0.381789617809605
253000	254000	-2.09020830710174	-2.18992659761996	-0.0915859678241767
254000	255000	-1.6846548008151	-1.8029592727266	0.063957688051756
255000	256000	-1.57213902545866	-2.2698376984907	0.0672354938844427
256000	257000	-1.20671843678067	-2.04993100118198	-0.083148189223522
257000	258000	-1.34328310440352	-2.19811008097075	-0.475817506951977
258000	259000	-1.29375067692751	-1.64448907619072	-0.278260486754441
259000	260000	-0.787905705036697	-1.57040477282987	-0.265941314249945
260000	261000	-0.964992905007658	-1.84249403194308	-0.625803375289028
261000	262000	-1.19238889311766	-2.49199669459736	-0.971548257004345
262000	263000	-0.839662045570885	-2.49601922422428	-0.654056012226962
263000	264000	-0.964440372503681	-2.93320510284037	-0.526561159101272
264000	265000	-0.535286143667356	-2.78521803758741	-0.233942551985874
265000	266000	-0.875424317456075	-2.7762232658462	-0.0272329505294881
266000	267000	-0.569177645731744	-3.27145228600927	-0.213390207553331
267000	268000	-0.749983121410939	-3.08966996687413	0.189320270761147
268000	269000	-0.460849150942036	-3.26809286146924	0.354441995517984
269000	270000	-0.457282578332285	-2.95684261743148	0.224458483023109
270000	271000	-0.648444144888092	-3.02552084300674	0.536588467432635
271000	272000	-0.758422944723785	-2.69533456518379	0.419974663965088
272000	273000	-0.396975450946534	-2.77947662995289	0.482106451454106
273000	274000	-0.146261260478557	-3.01492429097169	0.469160756025041
274000	275000	-0.25260779583949	-3.07128549399535	0.844017847907456
275000	276000	-0.094610737590674	-2.67121363901006	0.706683338126256
276000	277000	-0.506254422221746	-2.72562775632307	0.872698433702848
277000	278000	-0.321471733127463	-2.37400788464617	0.657224567588651
278000	279000	-0.623535434870062	-2.36508548155523	0.871523272860101
279000	280000	-0.789275180105702	-2.54081561931885	1.21195314181918
280000	281000	-0.475199408108621	-2.95395074974361	1.33012065730901
281000	282000	-0.191403259349565	-2.65591712271223	1.09940060681353
282000	283000	-0.385924729560552	-2.41252483814564	1.27285182810906
283000	284000	-0.270567399155555	-2.16849391132387	1.00328704019223
284000	285000	0.0407956898553421	-2.04863802836074	0.754205838286118
285000	286000	0.290467370409307	-2.38207471009471	0.704618968672709
286000	287000	0.467288680705493	-2.5334887020235	1.15458585690996
287000	288000	0.100196357573515	-2.24197315442437	1.24207992835365
288000	289000	0.170391293534983	-1.82842847775738	1.32920678693007
289000	290000	-0.254304169594448	-1.87992268481369	1.39288408393583
290000	291000	0.00426818922696755	-1.97534342930123	1.9108108907744
291000	292000	-0.421139123237121	-1.83877623179665	1.75318915339858
292000	293000	-0.543859365636842	-2.84898085618398	3.20463336258535
293000	294000	-0.612621080097182	-1.52451719525505	2.20888012115291
294000	295000	-0.378290195788302	-1.01475047531594	2.19514560985283
295000	296000	-0.0739783532371067	-1.35964939595316	2.33683689318276
296000	297000	-0.12422516485908	-1.19545306835898	1.77301898367741
297000	298000	0.249401488256842	-1.06981215321574	2.0519128420778
298000	299000	0.224050945195508	-0.754514169550926	1.6363377063507
299000	3e+05	0.708305743395234	-0.840414014065247	1.8301108606875
3e+05	301000	0.993743679109813	-0.654483326036351	1.49772683295398
301000	302000	0.632598558891372	-0.358130037892223	1.65433394440681
302000	303000	0.401986179726121	-0.143105405088052	2.0157642784332
303000	304000	0.656846903508891	0.402876693241783	2.60478468430087
304000	305000	0.642478194013354	-0.0769919708646489	2.48408869891762
305000	306000	0.779668043283943	-0.468924446909707	2.37053373222608
306000	307000	0.315793027022437	-0.45733710702114	2.45046794554669
307000	308000	0.499657534032173	-0.950726604255728	2.62042766118737
308000	309000	0.0236758392277594	-0.815232738336758	2.4756918591516
309000	310000	0.183596510918873	-0.733673478378594	3.07914905384014
310000	311000	-0.205409331673531	-0.63897085923832	2.85094638317491
311000	312000	-0.403837476460058	-0.865720521908907	2.700315595804
312000	313000	-0.243606811743815	-1.13720421774371	3.20840954277627
313000	314000	-0.446363549959482	-0.874382891546365	3.02957324822113
314000	315000	-0.480158208525434	-0.597626615386605	3.23855027910552
315000	316000	-0.773209788133979	-0.735148566941992	2.97616422380096
316000	317000	-0.635710227755834	-0.410653445909625	2.8196002971136
317000	318000	-0.971385932320689	-0.415256029440131	2.69375339218716
318000	319000	-1.15776233309454	-0.0436242051244879	2.77368038118889
319000	320000	-1.48081444533553	-0.353240524701927	2.58864180792672
320000	321000	-1.34770666719499	-0.101953290172627	2.28410528341632
321000	322000	-1.30828348739496	0.255795309905994	2.4345821578513
322000	323000	-1.40011484883153	0.695835918499654	2.63008170553562
323000	324000	-1.53409594532547	0.757914686759802	2.16240217572402
324000	325000	-1.7155042755294	0.352973032721093	2.07988865680694
325000	326000	-3.49207398951779	0.109776188027521	2.56585379374189
326000	327000	-2.00408791242987	0.0830910505674986	1.68850318624726
327000	328000	-1.95386067082242	-0.146512635326046	1.21568474250689
328000	329000	-2.3185313522606	-0.126884678386751	0.945360429435495
329000	330000	-2.24467343379819	0.255030543587133	1.12746785515855
330000	331000	-2.47327647723478	0.254952151103794	0.788628135088054
331000	332000	-2.46731816066884	0.102434814866122	0.388742581415456
332000	333000	-2.69884876534428	-0.222526723447951	0.558022328323072
333000	334000	-2.38872578419161	-0.378291548754277	0.312348031518765
334000	335000	-2.78606224153727	-0.508925881255055	0.180414971565196
335000	336000	-2.81485440526017	-0.117904609642515	-0.0418974696188189
336000	337000	-3.02526917458723	0.208318211513547	-0.276630972179688
337000	338000	-2.61723122976105	0.298961867577456	-0.498373672454156
338000	339000	-2.62162138127235	0.335200312057665	-0.0781791820547502
339000	340000	-2.88743823689351	0.68031185338781	0.0530818315136552
340000	341000	-2.7790867864969	0.783141229436972	-0.394533716479541
341000	342000	-2.42788165562198	0.733781176437276	-0.0925525412961672
342000	343000	-2.31948955325622	0.752125515691577	-0.496233460876049
343000	344000	-2.0026229680428	1.02089870036364	-0.229041222246734
344000	345000	-2.22249347480817	1.39600855970729	0.0894493738888987
345000	346000	-1.74467504649247	1.26010918928631	0.277344006083108
346000	347000	-1.86505718042085	1.65954342209098	0.494022961437064
347000	348000	-1.52620597108135	1.59551521274198	0.683293052755543
348000	349000	-1.84598090959293	1.74435318631582	0.957079871190557
349000	350000	-1.49455310436876	1.81380265061968	0.993227149682056
350000	351000	-1.49887396533834	1.52757607986809	1.07784698852129
351000	352000	-1.50191268233299	1.68585220561763	1.35359097458798
352000	353000	-1.12668660524103	1.59935273761262	1.27418176564798
353000	354000	-1.40301882104359	1.32737821245809	1.50307048685692
354000	355000	-1.07333866016153	1.43143201018822	1.70961046503753
355000	356000	-0.993817749878909	1.07099604347693	1.52403877977967
356000	357000	-1.1825350256714	1.07512375994383	1.94519154565229
357000	358000	-2.06118965382023	1.95877822419317	3.17327078473636
358000	359000	-1.22844431165987	0.676446556593674	1.8546682656394
359000	360000	-1.28706123108635	0.23290962405065	1.9849555465012
360000	361000	-2.875944876994	-0.902846367534721	2.96748569794799
361000	362000	-1.70869077716338	-0.183063202553766	1.99466518763571
362000	363000	-3.10843942743436	1.12730623039344	2.51241262785771
363000	364000	-1.63156430128954	0.414472349173542	1.59597683583147
364000	365000	-1.5451659580813	0.231887608210077	1.16258196917097
365000	366000	-1.74994039418608	0.854396870525546	1.28076867737039
366000	367000	-1.49408536001642	0.867683372847847	0.846023119238388
367000	368000	-1.98384437291361	1.09278048293769	0.847091048573117
368000	369000	-3.59859113190823	1.84583595512312	1.05030728614527
369000	370000	-2.19093397664856	0.867551209837499	0.386048048030624
370000	371000	-1.60736177798411	0.629526975804578	0.159153552326293
371000	372000	-1.23770276861932	0.795335041856126	-0.147094971664853
372000	373000	-0.736018568862678	0.982141063070476	-0.309454440686224
373000	374000	-0.508501025328109	0.663678419096155	0.0153582031656372
374000	375000	-0.749925047835749	0.351394126421723	-0.390265181329853
375000	376000	-1.15556166583142	0.346279314717885	-0.707059786137289
376000	377000	-1.67474843400366	0.479497625397773	-0.621475940193827
377000	378000	-1.72160533883278	0.034482933010868	-0.370574840163864
378000	379000	-1.7111015236904	-0.417482603979934	-0.0759072078353862
379000	380000	-1.95459315170745	-0.863100859908486	0.108791930478399
380000	381000	-1.95317896896593	-1.02304688890153	-0.348965917563849
381000	382000	-1.90422573174776	-0.675471089127291	-0.693075511998095
382000	383000	-1.94550501876356	-1.24700067949627	-0.808533750605586
383000	384000	-1.91363753941879	-1.64798697563383	-1.06561291301946
384000	385000	-2.13296739901987	-1.60387280210757	-1.4337073552852
385000	386000	-1.84458606275839	-1.21520667900543	-1.48172466825813
386000	387000	-2.23864416976331	-1.15758654021044	-1.64002757432182
387000	388000	-2.06729685402128	-0.860851183852591	-1.27377825938908
388000	389000	-2.20013163592094	-0.672921481856631	-1.67317466130185
389000	390000	-2.49209275097939	-0.783555495884024	-1.42230681527412
390000	391000	-2.69647553066087	-0.935659523690462	-1.72999936965897
391000	392000	-2.845942680718	-1.36581490352706	-1.42616170025517
392000	393000	-2.43143005988368	-1.28444758781003	-1.09817306013419
393000	394000	-2.41629303297614	-1.0112111671951	-0.791125762277594
394000	395000	-2.84905351195705	-1.25607469538139	-0.833221609344577
395000	396000	-2.78492723235709	-0.825713328535463	-0.778138991858531
396000	397000	-3.20952530390689	-0.663812933220479	-0.724797006046843
397000	398000	-4.73626607817306	-1.10904653810914	-1.15663279093035
398000	399000	-3.01519841517839	-0.937616720126056	-1.1297308644647
399000	4e+05	-3.0918758420863	-0.747436759457389	-1.48088354882158
4e+05	401000	-3.05653412163211	-0.454203490427837	-1.11172288251696
401000	402000	-3.1856155140755	-0.234515297437721	-1.60826190879928
402000	403000	-2.74803486047099	-0.386691537120291	-1.37526780082021
403000	404000	-2.53478887532151	-0.513450037694685	-1.02620045846806
404000	405000	-2.49093089825096	-0.205612325369755	-0.732789042461843
405000	406000	-2.83579667111582	-0.379791863162585	-0.52906220095603
406000	407000	-2.99261420829943	-0.0751483378533282	-0.782060218781304
407000	408000	-3.35294258787936	0.0264399425463846	-1.07161290501745
408000	409000	-2.72174116195189	0.050080888632982	-1.160117156232
409000	410000	-2.39704164292178	-0.103981941403993	-1.37642002872981
410000	411000	-2.53497440102483	-0.327439970837242	-1.80579700903826
411000	412000	-2.25698092217762	-0.164400059138621	-2.27114615395863
412000	413000	-2.0541255906798	-0.20723896880569	-1.7966939001504
413000	414000	-2.45729933329107	0.169147732470899	-1.77675221911301
414000	415000	-2.73382764611911	0.537333029081826	-1.44203715171384
415000	416000	-2.15906282844629	0.567779941445337	-1.51891066870853
416000	417000	-2.10871784122549	0.673708537919994	-1.08854241600511
417000	418000	-1.8346114620041	1.04655252448735	-0.766685844657744
418000	419000	-2.15737406338411	1.16170307578896	-1.08471035561782
419000	420000	-1.7924891486162	0.931939235033224	-1.71123868833777
420000	421000	-1.46623786656053	0.464711325466984	-1.21301153661505
421000	422000	-1.60133269965767	-0.0387896376869092	-0.951213666524686
422000	423000	-1.34844086422116	-0.039661247416832	-1.46222679020095
423000	424000	-1.60923048815221	0.122537543392465	-1.88534121743679
424000	425000	-1.87237156064962	0.0804701753729623	-1.45763747885114
425000	426000	-1.98562694111207	-0.297028667926894	-1.16575044862086
426000	427000	-1.7065816589496	-0.536926946655945	-1.44208698725626
427000	428000	-1.48482154762576	-0.585930974021969	-1.83626938743158
428000	429000	-1.74802975357364	-0.967169549585443	-1.8227595264486
429000	430000	-2.18898459716271	-0.959362300890303	-2.03326001150582
430000	431000	-1.96408586082547	-1.33942336677759	-2.20646749647975
431000	432000	-1.90084563939479	-0.6807440510167	-2.14625787328709
432000	433000	-1.59669215613001	-0.890933819621397	-2.45668150619556
433000	434000	-1.51490227764585	-0.33322785893659	-2.27921137109693
434000	435000	-1.07581112330401	0.0493105520927731	-2.21422225729878
435000	436000	-1.11227312553567	0.1528292678148	-2.69263394972803
436000	437000	-0.613373317310048	0.304141954913371	-2.39549764599044
437000	438000	-0.641304226565615	0.603299138767936	-2.65020139869702
438000	439000	-0.659214614336821	0.688822239972331	-2.24038506628908
439000	440000	-0.666298990446265	1.03059986286033	-2.54906348987402
440000	441000	-0.41861623328444	1.03035480334367	-2.20380774710289
441000	442000	-0.250776790461016	0.946237803283589	-2.55276856797818
442000	443000	-0.211425504265538	1.17182867728731	-3.00460189313887
443000	444000	-0.0902727538465425	1.31892237183613	-2.59033924600675
444000	445000	-0.0373879029251184	1.35394267067434	-2.19749221531584
445000	446000	-0.465828804282238	1.52086146876734	-2.07003871805445
446000	447000	-1.70860132072258	2.2928677700507	-3.08341481170308
447000	448000	-1.02006530044664	1.27528439280895	-1.73180567310879
448000	449000	-1.2499285485559	0.981727589413251	-1.39555087575938
449000	450000	-1.65209744896829	1.21867246985415	-1.25450711678511
450000	451000	-1.37911356593648	1.60673038050119	-1.25992499817096
451000	452000	-1.22397110255929	1.21848972793482	-0.93072138415209
452000	453000	-0.823111007981626	0.946433509088797	-0.911881510408069
453000	454000	-0.620672064732169	1.41374744242775	-0.999175859624168
454000	455000	-0.851596239563168	1.73347879381837	-1.30502091347686
455000	456000	-0.722959157218436	2.06796041442457	-1.0068969188903
456000	457000	-0.2905383975892	1.93604742236675	-0.897439321680918
457000	458000	-0.320538179407377	2.30921002082654	-0.550438249890699
458000	459000	0.128435994039718	2.08412793411871	-0.521485115869733
459000	460000	0.316635366390414	2.36256337921559	-0.941421970800952
460000	461000	0.605725752558461	1.94101671470411	-0.928486336200142
461000	462000	0.650741514133537	1.73526158604735	-0.443207583430365
462000	463000	0.356770733665893	1.75550370158484	0.0241909972786907
463000	464000	-0.0722870115146017	1.51254626708406	-0.0909187727148521
464000	465000	-0.413094514282696	1.68160572841133	-0.405182946194013
465000	466000	-0.851537177350429	1.46501305761681	-0.541632895787802
466000	467000	-0.83029069704499	1.73820828748937	-0.0992477568673678
467000	468000	-1.10959382057612	1.34975847300749	-0.051019879096111
468000	469000	-1.34509524786651	1.72357478157943	0.145854072710956
469000	470000	-1.574933091147	1.3977070567599	-0.183219066903893
470000	471000	-1.84253352818867	1.77969038707084	-0.0698834530196253
471000	472000	-2.18718390484034	1.55921233340778	-0.398115216842215
472000	473000	-1.80289251514957	1.676235446503	-0.574658735429986
473000	474000	-1.37321133535066	1.63413295656661	-0.603179503656373
474000	475000	-1.34875291981202	2.08782869996629	-0.776021121047505
475000	476000	-0.965626475187112	1.97304919869846	-0.572527989160342
476000	477000	-1.15809301582827	2.15632638440631	-0.230557815378195
477000	478000	-0.911476641473317	2.57742311988764	-0.119803552081845
478000	479000	-0.430966807886885	2.37807413026725	0.142363957135925
479000	480000	-0.229548084350493	2.75484984085555	0.0677490948253191
480000	481000	0.0625268412188301	2.44327328161412	0.0849773836144094
481000	482000	0.2738702178102	2.84061398772832	0.154317510994988
482000	483000	0.514844652532649	2.47365601096363	0.0937002542578987
483000	484000	0.391698124120346	2.64731616959266	-0.328290772639527
484000	485000	0.673416724445422	2.29294606440123	-0.375838700656995
485000	486000	0.864114565795974	2.66213525200651	-0.474915917981917
486000	487000	1.15369329711292	3.12484956712298	-0.698158202294497
487000	488000	1.23115805709424	2.82800799395371	-0.345427466175536
488000	489000	1.09450452154362	2.36907211495932	-0.244147389314105
489000	490000	1.32924794792619	2.44980309928944	-0.5677245327439
490000	491000	1.17791759479484	2.63513601068369	-0.906180639443491
491000	492000	0.869969005556356	2.35333434475465	-0.844848553559472
492000	493000	0.696281450691328	2.72803855321685	-0.854057078134534
493000	494000	0.600159988526369	3.04168064172137	-0.531551280439418
494000	495000	0.731738609099458	2.92905277714341	-0.0918074726776375
495000	496000	1.1118510247117	4.68015959963792	0.0783061597283493
496000	497000	1.19337403012893	3.13461873986994	0.0653793222152592
497000	498000	1.1177174644275	2.73804051410072	0.0955908269178584
498000	499000	1.31214175608319	2.52465153478524	0.273737520777182
499000	5e+05	1.542410733309	2.80725873235895	0.174956790680988
5e+05	501000	1.50389866816768	2.38922210593598	-0.0675941671326736
501000	502000	1.68891190401398	2.70152819421018	-0.241621189670768
502000	503000	2.04395504643666	2.59393878408551	0.182043702680397
503000	504000	1.87310233893356	2.11180177935941	0.302204148522373
504000	505000	1.82532612809761	1.67433145988518	0.38257263401533
505000	506000	2.19228135492418	1.545600445032	0.0589221744953743
506000	507000	1.73519332709942	0.933340123122952	0.0187798252105954
507000	508000	1.95466035593171	1.14330969390325	-0.417357576327921
508000	509000	1.63908400727764	1.40044583648504	-0.108897350155633
509000	510000	1.96601294632679	1.68713788954508	-0.410472171262893
510000	511000	1.60751708713518	1.92914798242449	-0.239506889086348
511000	512000	1.30487648815155	1.84399912399942	0.121589620855575
512000	513000	0.849017768723733	1.9483173632955	0.0536687415891199
513000	514000	1.20176511773503	1.89292548033033	-0.570929048532403
514000	515000	1.12436664425554	1.51133346253482	-0.201290896675768
515000	516000	0.952569784850746	1.10941827114661	0.0840295593350048
516000	517000	1.00658749836121	1.02531522494673	-0.445191670680234
517000	518000	1.35458850544559	1.34229596696467	-0.66104978567339
518000	519000	1.67557766093158	1.732447232996	-1.04309027497664
519000	520000	1.20043500035601	1.63619519231969	-1.32759517892689
520000	521000	0.780509227040031	1.48270260745355	-1.18314662259654
521000	522000	0.632222045882387	1.82699888565423	-1.5658553320583
522000	523000	0.203888369231917	2.03538705433963	-1.53702483424063
523000	524000	-0.0769088243161745	3.43705362634831	-2.6306221850663
524000	525000	-0.105737035970283	1.81864438226306	-2.13647708842972
525000	526000	0.190786059688266	1.60125494105337	-1.98582267756259
526000	527000	0.323555261784252	1.76471075004296	-2.28810707115013
527000	528000	0.180434998433678	1.64423327264893	-2.62444221533635
528000	529000	0.763865739403974	2.37636988356791	-3.90045904250699
529000	530000	0.482552618464751	1.30683014236461	-2.41665544761225
530000	531000	0.155854600907561	1.0395590010247	-2.37020833356111
531000	532000	0.145839132526429	0.806201433606636	-2.71228382565831
532000	533000	0.33196083205818	1.12694827054252	-2.75918841482025
533000	534000	1.49005649247869	1.53755400225758	-3.90734926769282
534000	535000	0.516223046901229	0.913334329599058	-2.50970501391514
535000	536000	0.48365965251762	0.565495246264986	-2.37467847332443
536000	537000	0.756885942444503	0.306684933781995	-2.60746543880268
537000	538000	0.851914201232643	-0.100493965258198	-4.25390096678297
538000	539000	0.291756999939791	0.222721068266448	-2.67577992785237
539000	540000	0.111812102346431	0.264150816076304	-2.34031290539698
540000	541000	-0.0842037080448538	0.361494885837262	-2.94053430343338
541000	542000	-0.185769318872865	0.517299705508249	-2.46676289030288
542000	543000	-0.0329609590410931	0.710559926932361	-2.10176956267847
543000	544000	-0.0744744466052465	0.37729447782293	-1.86252174954824
544000	545000	-0.134508842396395	0.985776478092247	-1.70123944432589
545000	546000	0.144299391180271	0.667850075572636	-1.41484281513295
546000	547000	0.501991827276458	0.906170726956259	-1.14430131432672
547000	548000	0.45408279609456	1.21856194026928	-0.734961152053064
548000	549000	0.0519548873896208	1.2343001757705	-1.00667689070851
549000	550000	-0.15929330265261	1.50543806995123	-1.38011799286354
550000	551000	-1.21965285688275	2.89591668114821	-2.32500699038304
551000	552000	-0.33197253524422	0.86394061949152	-1.22645724486724
552000	553000	-0.356379215171527	0.384568610108492	-1.2279878442122
553000	554000	-0.64192601832847	0.423145674798433	-1.67789222298245
554000	555000	-0.615475866865333	-0.128621689839343	-1.66803751421981
555000	556000	-0.426395072800596	-0.268171579112865	-1.20129681685341
556000	557000	-0.495057609562188	-0.393329574308075	-0.706773964149926
557000	558000	-0.450549445452645	-0.259894115815009	-0.2167441048729
558000	559000	-0.125298955263147	-0.679864848136042	-0.188595999087542
559000	560000	-0.203762474478831	-1.15991223095696	-0.186803465383372
560000	561000	-0.0597326194740128	-1.10356005732293	0.632366139909409
561000	562000	-0.768649390380133	-0.79729367101913	-0.0438157129046956
562000	563000	-1.1762482937609	-0.78455996297295	0.237314394207684
563000	564000	-0.909719852517304	-1.01020255913348	0.646953666124637
564000	565000	-0.798895068062862	-0.634891989470739	0.943160635329273
565000	566000	-1.10348766743487	-0.237224468131407	0.847930606426316
566000	567000	-0.547879544833258	-0.225503909926114	0.611603702268405
567000	568000	-0.870495856150839	-0.216908033491165	0.203810525370122
568000	569000	-1.13199155401542	0.216505568264207	0.102693019165891
569000	570000	-1.19915802136864	0.295803860976036	0.596141500127338
570000	571000	-0.917788185854613	0.712626037980293	0.817055978485719
571000	572000	-0.480052015835695	0.449210834461301	0.716336885607674
572000	573000	-0.0254047954383692	0.523928843810917	0.410074967080377
573000	574000	-0.0207685589842736	0.0443077474080601	0.125933443491807
574000	575000	0.276679671352696	-0.0945612362785355	-0.288171711064105
575000	576000	0.633311905328591	0.433707490306409	0.26256292488221
576000	577000	0.863912782947165	-0.236038737514851	-0.289031674046521
577000	578000	0.541366395732737	-0.651198891476865	-0.492163334033125
578000	579000	0.619494950491921	-1.08389024198996	-0.765437951705964
579000	580000	0.663598200557467	-1.469519549201	-1.1080464789233
580000	581000	0.432541010029798	-0.937300289126194	-1.40834233044681
581000	582000	0.144112875075659	-0.712039891400952	-0.971816706341826
582000	583000	0.0822582279194857	-0.161112722748065	-0.876697883101381
583000	584000	-0.10450792184792	0.442500935899736	-0.622229695119627
584000	585000	0.359898463064423	0.667093644766295	-0.594753226140845
585000	586000	0.532778721784507	0.238495026959486	-0.8840723535417
586000	587000	0.937676996342491	-0.0147420402356392	-1.1097768123104
587000	588000	1.07251085674155	0.513651298510876	-0.898032368034516
588000	589000	0.865442141180851	0.494086352165105	-1.36649649554501
589000	590000	0.385019512704629	0.18722896156924	-1.46796601315284
590000	591000	0.158480889457036	-0.365555067712498	-1.98190318474905
591000	592000	0.61508169693869	-0.192291385286348	-1.85271639858033
592000	593000	0.648176151765372	0.0860677439450239	-2.1971359921566
593000	594000	0.821883624698904	-0.271805838658415	-2.27456201431459
594000	595000	1.14017223027768	0.00420577061275207	-2.42529441976627
595000	596000	1.23242485544479	-0.343776711384843	-2.16343090030153
596000	597000	1.46240488817863	-0.0251546657170832	-2.06468204645871
597000	598000	1.19647179950591	-0.122394426006861	-1.79749344899756
598000	599000	1.07664714760831	0.32226919372487	-1.99122266707669
599000	6e+05	2.28584037649584	1.01975607193099	-3.2836775662647
6e+05	601000	0.915681243300911	0.787054199318739	-2.12161725757898
601000	602000	0.51577386473546	0.63668325941067	-1.83225943047868
602000	603000	0.395965147287675	1.02680028178955	-1.96553986589384
603000	604000	0.793723291611343	1.27440874213946	-2.06118984907401
604000	605000	0.609421609692132	1.22805751804814	-1.59876089556226
605000	606000	1.11424495419763	1.0329649292739	-1.61466892008096
606000	607000	1.24283275893903	1.02007748091317	-1.13929368359036
607000	608000	1.75342657396696	1.10671794903445	-1.13695282785251
608000	609000	1.76164129106864	0.733593101268534	-0.858112664952017
609000	610000	2.01019497365745	0.33972385154009	-0.890570653659984
610000	611000	1.77284709343352	-0.0160600504087059	-1.01185574916679
611000	612000	2.19059113429131	0.0458320926566122	-1.26973906216577
612000	613000	2.53314559808539	0.0117368235041881	-0.89384849073798
613000	614000	2.12386231745577	-0.376603277071647	-0.642906535893355
614000	615000	2.28245762562748	-0.522702400966666	-1.01750473792569
615000	616000	1.75342705398461	-0.598605110996788	-1.02698573971498
616000	617000	2.04329681314683	-0.413321922341501	-1.39947892009632
617000	618000	1.65104517409974	-0.253844356337743	-1.51217032065617
618000	619000	1.89269739051166	-0.258427923267244	-1.86057993834929
619000	620000	1.5969310144732	-0.565730310721975	-1.8296609885547
620000	621000	1.91010256888916	-0.759269934301896	-1.68226129104346
621000	622000	1.60849491124209	-0.994267438394529	-1.67095809601266
622000	623000	1.67079461672584	-1.16186015730264	-2.14777135720381
623000	624000	1.34775489420002	-1.33444930790206	-1.78901788473772
624000	625000	1.49481221147836	-1.50575760536158	-1.41908500388868
625000	626000	1.57653689476334	-1.98837897990096	-1.5317077752955
