0	1000	-2.21022707324232	-1.75250069335129	-1.20524976800493
1000	2000	-2.38563406091566	-1.73806943203607	-1.36522668350691
2000	3000	-2.72263894442878	-1.80750181010822	-1.30726967632587
3000	4000	-2.40170618194095	-1.49923251318801	-1.28900074699857
4000	5000	-2.45523077992106	-1.51007520291725	-1.04932728593916
5000	6000	-2.79175545329958	-1.40543682362312	-1.30549133269025
6000	7000	-2.58136763718084	-1.28162724970432	-1.01756118051996
7000	8000	-2.43949221963394	-1.16231069961723	-1.16782391738617
8000	9000	-2.415398043848	-1.07050832521108	-0.889613418868628
9000	10000	-2.42473501410597	-0.887318563281336	-1.07923890524756
10000	11000	-2.67905115445271	-0.909810260956925	-1.05952030866034
11000	12000	-3.04768390976194	-0.884432890921657	-1.14852905330084
12000	13000	-2.75439885171849	-0.658957074554368	-1.24272676605505
13000	14000	-2.67547750601686	-0.5498480779551	-0.992066964807094
14000	15000	-2.48547879589708	-0.4777191624127	-1.17185790069512
15000	16000	-2.53695872935363	-0.259344354524715	-1.01521704603479
16000	17000	-2.53307411786033	-0.233618794807639	-1.30401437755592
17000	18000	-2.83731216070687	-0.264373089588945	-1.33297778926533
18000	19000	-2.69223538431446	-0.032999562077785	-1.38027725806679
19000	20000	-2.93778021200971	0.0489206103856058	-1.3424383897658
20000	21000	-2.71951274890254	0.100489074840608	-1.161177372138
21000	22000	-2.84534585125905	-0.0518716889604643	-1.04004850315326
22000	23000	-2.8481661811431	0.135540384549775	-0.918979777324632
23000	24000	-3.07923630223402	0.0539712728534598	-1.01657872190763
24000	25000	-3.14383228919903	0.249366705371757	-0.853599347428878
25000	26000	-3.19852931272728	-0.0542388722287478	-0.786910357243688
26000	27000	-3.16072802902735	-0.0173546985560642	-0.555130256683144
27000	28000	-3.51909379542523	-0.0560272140683437	-0.632401376523383
28000	29000	-4.55645677326635	-0.0296387663631488	-0.60000771972073
29000	30000	-3.80413280859181	-0.170249879672158	-0.284430951489323
30000	31000	-3.29251022001098	-0.160851574322274	-0.212599560308233
31000	32000	-3.07523978409271	-0.281399846059861	-0.202050159723589
32000	33000	-3.01932681395621	-0.205443965036212	0.0368708839240326
33000	34000	-2.96807794913141	-0.501320728825256	0.0709181667268343
34000	35000	-3.00956528406204	-0.427582095210194	0.310177446036444
35000	36000	-3.23521610725763	-0.583664822130648	0.24443325597932
36000	37000	-3.38826011533603	-0.644872505555012	0.544148080149446
37000	38000	-3.09919725365754	-0.832268835905193	0.432230145360423
38000	39000	-2.81188757514592	-0.88103926300265	0.518694275802587
39000	40000	-2.96204776588576	-0.862963669446776	0.766825874448604
40000	41000	-3.20144266617804	-0.90480181541093	0.895475611782491
41000	42000	-4.07325217561727	-1.15123148218096	1.25868325404228
42000	43000	-3.17213051760483	-1.02377866179547	1.21588535072616
43000	44000	-2.83628685727927	-1.05464291554829	1.12421170812759
44000	45000	-2.70565379302345	-1.06518224224225	1.35935652107184
45000	46000	-2.90575065096651	-1.29027122578849	1.43563096815028
46000	47000	-3.60277621588998	-1.46562647602611	2.07538551617244
47000	48000	-2.8048184303678	-1.56208364551153	1.65359252325875
48000	49000	-2.65718232834918	-1.33799281010774	1.76868278527431
49000	50000	-2.44531538326203	-1.47245801303282	1.51672538715988
50000	51000	-2.26159496804141	-1.31627900263096	1.62970581243251
51000	52000	-2.17907374109354	-1.48996151823664	1.49432610753352
52000	53000	-2.0017683855919	-1.43657423761252	1.65943268613774
53000	54000	-1.95864574468358	-1.65520163694326	1.45307603557245
54000	55000	-2.02203238611145	-1.68044768308001	1.72645344315624
55000	56000	-2.14558507074672	-1.86420473286751	1.63406478685729
56000	57000	-2.15627084005095	-1.9282489828209	1.90024044591277
57000	58000	-1.97900966101245	-2.02974497926947	1.74284200900663
58000	59000	-1.77409901916676	-1.92065157451206	1.65232261775084
59000	60000	-1.73973173319435	-2.14387029116163	1.78219515878056
60000	61000	-1.68914607922244	-1.93413569979898	1.90666879657116
61000	62000	-1.78279028862128	-2.12953566513427	2.03112812558641
62000	63000	-1.77372538566738	-1.95507572952047	2.16367898178925
63000	64000	-1.59650114176084	-2.10520620362855	2.1879976529328
64000	65000	-1.40585337773953	-2.05515044369735	2.10096997539284
65000	66000	-1.33669825697961	-1.84189054997991	2.02558930608107
66000	67000	-1.45722366080231	-1.76607463869153	2.19152001937897
67000	68000	-1.45316099278229	-1.87756868544216	2.37411106975666
68000	69000	-1.38206996609869	-1.95290480703058	2.68101265968702
69000	70000	-1.61913345404787	-1.71138498995655	2.49677965087331
70000	71000	-1.43478092645311	-1.56375322599427	2.47241792827818
71000	72000	-1.67617721614274	-1.51270066266037	2.34048579479763
72000	73000	-1.49100984809127	-1.3575879427144	2.36508924009292
73000	74000	-1.68696627977763	-1.24991212767075	2.31604819533862
74000	75000	-1.63586111963235	-1.33121341616316	2.56523791303402
75000	76000	-1.8280773637013	-1.28566495057177	2.50324136814258
76000	77000	-1.96668109343783	-1.45848412106299	2.63654537760235
77000	78000	-1.90972550151945	-1.2157722481704	2.75992271087145
78000	79000	-1.7539625280447	-1.40501587914352	2.83850389560598
79000	80000	-1.57450634225409	-1.48490324294996	3.0904375709499
80000	81000	-1.63268024496395	-1.16661080678792	3.04435668748907
81000	82000	-1.37962795653514	-1.18517066445357	2.91091019669279
82000	83000	-1.56267708134911	-1.00180284711661	2.77691381000839
83000	84000	-1.2989467108099	-0.950272292729383	2.68950610642647
84000	85000	-1.50785414631914	-0.75718024811052	2.85316169698394
85000	86000	-1.20626218124567	-0.742044952325588	2.88613783440839
86000	87000	-1.37782979375636	-0.464185657162345	3.03888647023763
87000	88000	-1.31336038771445	-0.546813289422928	2.66071562027428
88000	89000	-1.46496378747613	-0.578445321562592	2.49726855290311
89000	90000	-1.5273721321629	-0.377265725234601	2.58185842099252
90000	91000	-1.70746797150598	-0.3515109714697	2.73233545786637
91000	92000	-2.00959844343692	0.0583522096465438	3.62131776900525
92000	93000	-1.81753590357628	-0.0504348639148786	2.72652318527716
93000	94000	-1.57029021875562	0.112429735211655	2.65856906177295
94000	95000	-1.64241489867528	-0.0350132739536213	2.33170057432009
95000	96000	-1.34312627175283	-0.0617413861615577	2.2460232197954
96000	97000	-1.55222726770629	0.0456960885833449	2.06988791898938
97000	98000	-1.36693265913868	0.249545758147806	2.1999336567733
98000	99000	-1.61593849739998	0.377868639070435	2.05941877133064
99000	1e+05	-1.34681994379685	0.38804481700278	1.95350727482531
1e+05	101000	-1.36155469520808	0.170695579791057	1.81585541747955
101000	102000	-1.13702917145126	0.374042935451999	1.77675055960795
102000	103000	-1.28417178749443	0.308584966936464	1.54329358493602
103000	104000	-1.42489275908611	0.551313691726962	1.59916752132587
104000	105000	-1.80524588712167	0.572120186114241	1.64080299341119
105000	106000	-1.59290146972494	0.491202740243513	1.33178508423644
106000	107000	-1.62893595260121	0.189786970941212	1.36535243974345
107000	108000	-1.41606363553198	0.230265164449028	1.12584604769017
108000	109000	-1.53744847955377	-0.0628977773342364	1.19245393258936
109000	110000	-1.27478918234117	-0.0565835434531814	0.960506998927017
110000	111000	-1.56789027823498	-0.256980686302681	0.940656768070421
111000	112000	-1.57000008020257	0.00507916441647204	0.739411335310902
112000	113000	-1.84954650908858	-0.101533906508756	0.774569573350105
113000	114000	-1.9109094181025	0.181033564962469	0.738084474104473
114000	115000	-2.27818827985354	0.0404927807446189	0.867193584248172
115000	116000	-2.23043322643075	0.407014270074148	0.662184557911679
116000	117000	-2.33672789974041	0.191494874742352	0.39587590125657
117000	118000	-2.59898380907319	0.437595587015218	0.500622161475988
118000	119000	-3.16850207705117	0.663098427275487	0.735917295779637
119000	120000	-3.85964871081063	1.0725971690059	0.827259822927662
120000	121000	-3.03286914504406	0.846885972682812	0.346922640063691
121000	122000	-2.69450212285762	0.711352738166863	0.155275933460404
122000	123000	-2.55692891253323	0.720616446412604	-0.111684974537832
123000	124000	-2.8980554833629	0.903727555540818	-0.118552907810163
124000	125000	-3.74493912044543	1.43164229225223	-0.203887785728133
125000	126000	-2.88704148933161	1.21683770948412	-0.324753803747954
126000	127000	-2.46359722030668	1.12204891113813	-0.320390661481556
127000	128000	-2.57473709914993	1.37800888983876	-0.323074382675876
128000	129000	-3.22193307610222	2.15258697937103	-0.275860361697951
129000	130000	-2.61398286877823	1.65720049755587	-0.592238756627366
130000	131000	-2.24550547418211	1.52871054867964	-0.55805056322702
131000	132000	-2.26215155131467	1.36542780548777	-0.826029595904645
132000	133000	-1.92506613977328	1.37592311857348	-0.70187097279242
133000	134000	-1.94006265282249	1.16290384694366	-0.972787159636377
134000	135000	-1.82538980030566	1.46970816301424	-0.99618795396456
135000	136000	-2.05722923169536	1.67806861203633	-1.09277737152583
136000	137000	-2.64758063455016	2.38698626650098	-1.29869585090475
137000	138000	-2.33191581912236	1.97379175521486	-1.50349601376185
138000	139000	-2.39303111482607	1.91336870041173	-1.95126944878934
139000	140000	-1.6868542522312	1.50775883228089	-1.45225642652632
140000	141000	-1.39447226091253	1.33114481705847	-1.26528404022247
141000	142000	-1.17539345302921	1.19780458328819	-1.36377210940855
142000	143000	-1.30554557236845	0.898414639220243	-1.27110871696574
143000	144000	-1.02056242776325	0.929464761898936	-1.45732760054811
144000	145000	-0.944592414566798	0.906871116592399	-1.12068590860729
145000	146000	-0.755148189397745	0.853367466972703	-1.33310783964787
146000	147000	-0.773022323130184	0.653957669161826	-1.18271816013896
147000	148000	-0.756486679189903	0.399676414497915	-1.42744990015574
148000	149000	-0.528746666827715	0.537347394559116	-1.1850039712119
149000	150000	-0.476545682627829	0.689948656878899	-1.3868940946107
150000	151000	-0.289327743273626	0.761086806449702	-1.19397470952211
151000	152000	-0.211032764440376	0.67091646927787	-1.44742319030468
152000	153000	-0.0907371777207007	0.494545695808696	-1.27603233783893
153000	154000	0.0220736800575752	0.442745415878402	-1.55443093854945
154000	155000	0.254534310833734	0.537874942456692	-1.34120897213471
155000	156000	0.177843995909516	0.753498326576795	-1.51065972519094
156000	157000	0.310329524159704	0.860742579976547	-1.28280455612275
157000	158000	0.309235323108935	0.945693989566181	-1.56318010991066
158000	159000	0.505479153593791	0.97955895321366	-1.44815955536086
159000	160000	0.502282662263462	1.09643501563761	-1.66942709958252
160000	161000	0.738572729104314	1.12490210433251	-1.54304625835948
161000	162000	0.916447868891419	1.05562270825183	-1.83189191950809
162000	163000	1.14337657656545	1.29649645602845	-1.61768484727114
163000	164000	0.899353844915504	1.39686572548323	-1.82009879354644
164000	165000	0.786846997696634	1.54787925667339	-1.5909808783977
165000	166000	0.731160747034871	1.63278283285864	-1.80714377824145
166000	167000	0.933923918500787	1.75449971516235	-1.75374552891288
167000	168000	1.20288029772168	1.90329453630941	-1.91046409330557
168000	169000	0.856717596134246	1.85658962256164	-1.96288152077516
169000	170000	0.769865840671373	1.70608808780912	-2.11106912152686
170000	171000	0.972782183843917	1.7683695528904	-2.23473803897043
171000	172000	1.05105097826988	2.00919508179847	-2.44121817763904
172000	173000	0.78335874282203	1.98278347223866	-2.23489179085324
173000	174000	0.581595933485581	1.87694595048745	-2.29306351634
174000	175000	0.485208909185026	1.9899247317748	-2.0753751750466
175000	176000	0.486976091741225	2.12840122847387	-2.29191231527718
176000	177000	0.632759264512508	2.25513086627643	-2.09931371793821
177000	178000	0.63134026215926	2.38141640761323	-2.37136018263475
178000	179000	0.716738280391557	2.7022662198452	-2.27151037836699
179000	180000	0.38296900598286	2.51952977768789	-2.27392249179005
180000	181000	0.386323171954503	2.49275261434458	-2.01877829756136
181000	182000	0.178448313995309	2.40645309094865	-2.09786048108996
182000	183000	0.193189912894554	2.49767709636709	-1.84480514170716
183000	184000	-0.0574549184383426	2.46677663052395	-1.96661539221818
184000	185000	0.0288611385184498	2.71865250415578	-1.91029588986466
185000	186000	-0.100141725137608	2.72463831551952	-2.17320130918406
186000	187000	0.0293833070038296	3.00455007129037	-2.07563468730005
187000	188000	-0.189610190299767	3.01418359057943	-2.29149058595197
188000	189000	-0.265531968097514	3.33699002979711	-2.19743104056635
189000	190000	-0.404706711514845	3.04998615650796	-2.05706871425974
190000	191000	-0.483825736122107	2.85897954705581	-1.98937314652026
191000	192000	-0.644421007360734	2.92378780327544	-2.13148199908809
192000	193000	-0.771991651533786	3.17603552496573	-2.31171105402178
193000	194000	-1.00335297519991	3.25688778974399	-2.07279466362202
194000	195000	-0.848504819503026	3.06302603360127	-1.86397566911231
195000	196000	-0.719844959821921	2.8939745453528	-1.70393966406342
196000	197000	-0.546530062230491	3.06370016022828	-1.68372822188579
197000	198000	-0.754722687412447	3.23218246765732	-1.55391636839053
198000	199000	-0.498393788659338	3.3622426080116	-1.60258186093715
199000	2e+05	-0.514503888200528	3.21253944806724	-1.35543137185437
2e+05	201000	-0.278864592159386	3.21015227436119	-1.52424439665044
201000	202000	-0.285745682121938	3.05040871210816	-1.3238470173202
202000	203000	-0.0357820879429605	3.14655774051574	-1.37666962751676
203000	204000	-0.165201079786609	3.24720243320614	-1.15160474636454
204000	205000	0.0213105325845904	3.39157772705285	-1.27338794561605
205000	206000	-0.091871741263498	3.56798948091567	-1.14097179784272
206000	207000	-0.00155332667937816	3.83420016372124	-1.18486935395073
207000	208000	0.0994168111849668	4.81026736341014	-1.36067784216731
208000	209000	0.0650005021121185	4.03387746479822	-0.842393246558025
209000	210000	0.183293037664932	3.81229819906987	-0.800522488991798
210000	211000	0.0195135335714864	3.70234243221217	-0.59957454921093
211000	212000	0.224405952236777	3.53735637651076	-0.592292375136644
212000	213000	0.0875101497211389	3.61675094353753	-0.36918097668871
213000	214000	0.307102733387059	3.73132324247879	-0.425806771800586
214000	215000	0.144236115337795	3.90126543883937	-0.264221220572329
215000	216000	0.414918112135421	3.91315971373789	-0.244143131415758
216000	217000	0.295814832574873	3.78986824149502	-0.0385547367872587
217000	218000	0.397977227637301	3.57446374933853	-0.110745591278043
218000	219000	0.472906127194496	3.68386558302382	0.10258892347867
219000	220000	0.633707167295691	3.67639089045139	-0.105016835658285
220000	221000	0.697216666038516	3.85092491368919	0.0179373846480085
221000	222000	0.976189867855086	4.02217806034828	-0.162806190916548
222000	223000	0.931518844702995	3.69740292060358	-0.05918055884854
223000	224000	0.810568371368952	3.52107295282386	0.0522124149067406
224000	225000	0.992269910083979	3.50359607595487	0.179373427051658
225000	226000	0.872601135581599	3.713734653036	0.249742698059427
226000	227000	1.14515989043098	3.79190572010644	0.237525475445375
227000	228000	0.912132737486499	3.97723815746216	0.402671623551393
228000	229000	1.06896744705596	3.80241755910964	0.532659383294913
229000	230000	0.801398649169381	3.62652997349733	0.489618273806842
230000	231000	0.870519762866957	3.68807534025238	0.669847770379743
231000	232000	0.669117836959401	3.82281141482504	0.887808141490762
232000	233000	0.779293781223853	3.49489960820633	0.832986988257314
233000	234000	0.948354074836474	3.4005858433281	0.728069098308444
234000	235000	1.24483171988178	3.57858107204294	0.962182561972029
235000	236000	1.18350586881757	3.3191637240255	0.70480057732809
236000	237000	0.981879967673962	3.15042813861805	0.627472273363273
237000	238000	1.00240348650869	3.08845093009754	0.858477758626344
238000	239000	1.2203554485095	2.99291150075827	1.09372988836948
239000	240000	1.31376595834784	2.92101219840154	0.777755396355648
240000	241000	1.51002688182797	2.92910809463224	0.510285478537685
241000	242000	1.30995238527203	2.66269277781993	0.653333171264972
242000	243000	1.11765005429045	2.55547226583828	0.532281224524781
243000	244000	1.1578327833601	2.37578161639558	0.699959773446851
244000	245000	1.33651769364228	2.33999967378875	0.497471867950648
245000	246000	1.52474238957762	2.16252646334927	0.756278031038232
246000	247000	1.33324141553185	2.06893831215575	0.436254887290055
247000	248000	1.17184852155247	1.98596014475186	0.629133759939924
248000	249000	1.07911310584468	2.05180499836306	0.358657422750196
249000	250000	0.936707982374281	1.91470709068421	0.505786888902282
250000	251000	0.894859963304942	1.90870787883519	0.250905922033067
251000	252000	0.716986306522794	1.72921130723945	0.369244976182659
252000	253000	0.676260936466354	2.01929684995883	0.317461553937641
253000	254000	0.555391222185447	2.0341445566466	0.675832384400652
254000	255000	0.469824756586176	2.18200380873401	0.335696575596944
255000	256000	0.285174377721592	2.0264977301119	0.45141047470711
256000	257000	0.322143131644243	2.03259288758282	0.167080220126728
257000	258000	0.201806667090767	1.81780306825245	0.26831683583631
258000	259000	0.148263820238968	1.8689174051332	0.0104086920979337
259000	260000	-0.098222312108799	1.79992258011859	0.219278902188789
260000	261000	-0.0521929667240227	2.05412377604984	0.12253300870096
261000	262000	-0.140225615719635	2.35930235324245	0.247888753636435
262000	263000	-0.221908364299352	2.27100557240577	-0.0531369751544184
263000	264000	-0.310223133415598	2.00677575551645	-0.252156317493734
264000	265000	-0.551923048314106	1.92145858937799	-0.0414330293805147
265000	266000	-0.508826063199205	2.14176670756865	0.120583674586227
266000	267000	-0.759457694910512	2.39208732887445	-0.13764632599988
267000	268000	-0.731125892602221	2.3143391563042	0.200726712806125
268000	269000	-0.930423845775005	2.10520538291086	0.129504945052024
269000	270000	-0.846583725022078	2.13630120040253	0.410213462358293
270000	271000	-1.10819502874901	2.10540735440493	0.360002151394731
271000	272000	-1.07767751772303	2.09500456024612	0.64096107345677
272000	273000	-1.12588578124653	2.31818751368867	0.471147893335006
273000	274000	-1.04448864435817	2.53765608151126	0.455193553892255
274000	275000	-1.33773988213398	2.5947045257485	0.480445684152559
275000	276000	-1.27017161449269	2.41833062442557	0.673701764064783
276000	277000	-1.0433988815598	2.45937890853605	0.752774854653029
277000	278000	-1.21514780386938	2.51180288347101	0.906325167284054
278000	279000	-1.08703691786779	2.72239005477131	0.80429488263248
279000	280000	-1.28961098576616	2.78507373132518	1.00823366150144
280000	281000	-1.09265249439417	3.08495790028926	1.05743167800305
281000	282000	-1.01100238855705	2.71334554879976	1.129067183065
282000	283000	-0.800058251129783	2.69816506806374	1.01418426597145
283000	284000	-0.834116397097528	2.47672485402919	1.12695010087759
284000	285000	-0.692161395055943	2.64698840495168	1.26205012127566
285000	286000	-0.922879102153513	2.51454287509393	1.40672132875944
286000	287000	-0.866997591724629	2.81910043622797	1.63824869197617
287000	288000	-0.756113596552955	2.43995496024216	1.63531160731017
288000	289000	-0.463720097606207	2.50931612341615	1.58931107469366
289000	290000	-0.529807994180653	2.35688706876701	1.8178183239949
290000	291000	-0.383959773999357	2.67685433357168	1.94073548373134
291000	292000	-0.553047504073922	2.60142457191172	2.15262425206091
292000	293000	-0.643831807586568	3.38714555676712	2.82519273302032
293000	294000	-0.370316516332538	2.70392610202859	2.59853022917291
294000	295000	-0.234354185129004	2.4202573304021	2.31436827057705
295000	296000	-0.0390229405413296	2.27456761529694	2.1528669507733
296000	297000	-0.0957950136374069	2.00680346861338	2.26408328893416
297000	298000	0.101487695736055	2.17004360187378	2.4439389267731
298000	299000	-0.0333983669959372	1.97242936183388	2.70634562286727
299000	3e+05	0.196717436099046	1.89219583362025	2.42828188784846
3e+05	301000	0.192637797461629	1.71089108080427	2.30139367399268
301000	302000	0.400065980815972	1.79034089991689	2.25447308835431
302000	303000	0.477204479299662	1.98268520988557	2.36198429109304
303000	304000	0.688086872236756	2.09876476241719	2.58582851965127
304000	305000	0.613652805645992	1.76581403450637	2.45706914818949
305000	306000	0.475028086386443	1.56514689631149	2.47339842494981
306000	307000	0.476099262906469	1.67535865824796	2.70185409854785
307000	308000	0.63548094052793	1.8201561989141	2.97797505502717
308000	309000	0.670653533162956	1.5407479596281	2.80585952205946
309000	310000	0.550481018166369	1.2759901885747	2.86726892021521
310000	311000	0.739724646214605	1.40819411034381	2.58590694673041
311000	312000	0.91278182157675	1.51271029432232	2.6536741338354
312000	313000	1.20835755656853	1.65391688108483	2.7317668107581
313000	314000	1.04749123487672	1.30795349246731	2.68771135196051
314000	315000	1.13318755315419	1.39813911062652	2.44132036156994
315000	316000	0.922471576696427	1.16155521812089	2.47636863870916
316000	317000	1.06958578028355	1.14982035337511	2.26512738434906
317000	318000	1.06145923859135	0.950646859988498	2.40738611117985
318000	319000	1.32056280348904	1.03317752093676	2.44596367869489
319000	320000	1.21340949332514	0.785863733506516	2.60012490604014
320000	321000	1.43167625069533	0.751444895553877	2.36745136902645
321000	322000	1.33843995973355	0.533714622867113	2.49109722458438
322000	323000	1.67339091293212	0.660601179549926	2.66806068090999
323000	324000	1.46956819652565	0.397177140904617	2.77939043574651
324000	325000	1.74176940811255	0.417946338898557	2.89755769318947
325000	326000	2.09448358484378	0.199991725493974	3.75269433048351
326000	327000	1.85020734491204	0.0620101425590756	2.85403659966576
327000	328000	1.72488618345473	0.087049037375438	2.55334313868632
328000	329000	1.56014459593627	-0.0286105611450626	2.38685763794118
329000	330000	1.76725372857704	-0.188782116493853	2.51234565924912
330000	331000	1.58762356010596	-0.332857190795781	2.3634404163989
331000	332000	1.83441622429371	-0.430014240576302	2.34836321737868
332000	333000	1.69899793557803	-0.325345277257793	2.10869295877563
333000	334000	1.94319168606337	-0.380831913244564	2.10694049253068
334000	335000	1.92025258511874	-0.10471617000677	2.1435204796522
335000	336000	2.17934196194405	-0.27270440052347	2.25249136220533
336000	337000	2.19565159188829	0.029815947195659	2.22787895901239
337000	338000	2.44693293492754	-0.0809515829865073	2.12745891231339
338000	339000	2.19605027161881	-0.0806191039966342	1.93460770851819
339000	340000	2.44666289620786	-0.250683720724242	1.84047794719662
340000	341000	2.2101384312343	-0.236433395948937	1.68090455223901
341000	342000	2.3088772493686	0.0251771332780085	1.67655770591241
342000	343000	2.06938071058191	0.0137345698267876	1.63237495970564
343000	344000	2.1962893029183	-0.0320865338309937	1.42337106834703
344000	345000	1.89918405073271	-0.0911385283206585	1.41281303476756
345000	346000	2.00979991878364	0.114585727203327	1.24127236358012
346000	347000	1.85778117301868	0.265298405225677	1.42149961976194
347000	348000	2.05702037840874	0.342472650655857	1.54075283571951
348000	349000	1.95894228353237	0.603759098392759	1.50529616804362
349000	350000	2.24907387438322	0.527629044969886	1.5377625831741
350000	351000	2.15066004213792	0.49226114663757	1.28943621645197
351000	352000	2.36090738768711	0.365987613600233	1.29833646511326
352000	353000	2.36481866248757	0.558489744002184	1.06098192913101
353000	354000	2.6191399950152	0.42916363487721	1.22065561347512
354000	355000	2.53286270680761	0.720569497334445	1.27539496369993
355000	356000	2.72831547046473	0.610331087920703	1.42809020874411
356000	357000	2.83493038569175	0.818570812468306	1.52138599647461
357000	358000	3.61610573524239	1.20527704721913	1.95749566561948
358000	359000	3.10623562739039	0.873234285541998	1.29476324173496
359000	360000	3.22876686851198	0.720008740849364	1.12812191151978
360000	361000	4.16903533693644	0.826932162335249	1.27880402325101
361000	362000	4.02856720997746	1.11555385114999	0.995056987914985
362000	363000	4.2064956693603	1.55870906007818	0.753267164208196
363000	364000	3.45571265893723	1.06703484229665	0.605133067432475
364000	365000	3.1867349495496	0.918970418822661	0.534675895598412
365000	366000	2.90431140799321	0.940364856459387	0.424857828160722
366000	367000	3.08179057398354	0.895008869953868	0.191100983702798
367000	368000	3.35852040166261	0.961193588932098	0.0869315659456751
368000	369000	4.22889605142234	1.26172300415731	-0.271830514055535
369000	370000	3.63350290390255	0.71116694028193	-0.155428621075436
370000	371000	3.21198629765263	0.507201155973067	0.00444921154293148
371000	372000	2.98316090130599	0.396621899194482	0.113578678067933
372000	373000	2.75652683050028	0.338931667911682	0.093637191073694
373000	374000	2.78672348552677	0.472390266517536	-0.154347437434932
374000	375000	2.93294908024223	0.435239404393206	-0.467505584938588
375000	376000	2.87960873138465	0.17026914474539	-0.207374366056835
376000	377000	2.6949551511713	0.0546406814557574	-0.17861592396149
377000	378000	2.48476204888686	-0.152305665010155	-0.184386415918092
378000	379000	2.67928317317276	-0.135913267789172	-0.423914213719552
379000	380000	2.92946680402458	-0.0812249936830502	-0.386716828805214
380000	381000	2.97200324164012	-0.289059520220378	-0.565415128687207
381000	382000	3.29142310627373	-0.235430657296582	-0.417221007095611
382000	383000	2.94926448359821	-0.419890927617971	-0.27121141950315
383000	384000	2.95521216186455	-0.3394638986215	-0.0418959774267229
384000	385000	2.91322372466115	-0.609086860826135	-0.0416572674909452
385000	386000	3.10491570443744	-0.512192113374747	0.0822300561745533
386000	387000	3.19105903300721	-0.663531505217106	-0.110144499693182
387000	388000	3.39251286717311	-0.554335900455856	0.0553432533933675
388000	389000	3.18402398700746	-0.799966405143843	0.0706297968661385
389000	390000	3.26405927871847	-0.726977799820338	0.223235257323948
390000	391000	3.4311223439005	-0.843986058810047	0.0577047067882127
391000	392000	3.73642284872999	-0.854729334368425	0.119145900663817
392000	393000	3.42386062426939	-0.888228567907302	0.293757309050039
393000	394000	3.28559986159067	-1.05771250282403	0.256760790094339
394000	395000	3.36266117375326	-1.00005129881979	0.485749234098805
395000	396000	3.45430441432467	-1.17860604913142	0.376103144019135
396000	397000	3.65780602788978	-1.18482397737603	0.480318572641712
397000	398000	4.60387672131181	-1.61446583116575	0.457670919282607
398000	399000	3.56113645114285	-1.36454864369982	0.632225506752606
399000	4e+05	3.36017633925668	-1.41077484827934	0.534022453834471
4e+05	401000	3.39712289763425	-1.38668990078975	0.768732404297247
401000	402000	3.55096915891318	-1.71267201682657	0.606065821878588
402000	403000	3.32801932179837	-1.57327648613703	0.782523714817949
403000	404000	3.18782595839278	-1.5714622291675	0.672310753516441
404000	405000	3.12861479939055	-1.54823095838272	0.858269588880905
405000	406000	3.06282321848787	-1.68654012889733	0.767155513377287
406000	407000	3.18028898570482	-1.83416503783223	0.774902503577084
407000	408000	3.29278727925536	-2.06059657418819	0.928116244700076
408000	409000	3.08897670308178	-1.79175391672907	0.977443406739304
409000	410000	2.90507348681627	-1.72697284858408	0.957900768555187
410000	411000	2.90175402847982	-1.91974451603429	0.879602892111932
411000	412000	2.80543087656903	-2.17765322303495	0.874836140647001
412000	413000	2.85588161327398	-1.9871137812186	1.1067273188499
413000	414000	2.91694562944296	-1.86783632781251	1.28775078640636
414000	415000	2.95174836849872	-2.16728976196741	1.43973070523626
415000	416000	2.68141972349393	-1.90810840979051	1.36724345291904
416000	417000	2.5284395590708	-2.05223327381738	1.21645877425249
417000	418000	2.42981389827992	-1.87797559999705	1.38807444729528
418000	419000	2.47628970842944	-2.08784848362269	1.46772557702175
419000	420000	2.60153594447993	-2.26398320387611	1.73405258142761
420000	421000	2.33485718937971	-2.09674929470942	1.66472370192884
421000	422000	2.21953299940272	-2.16068764529718	1.46062365259763
422000	423000	2.0874535869601	-1.99700437439155	1.67739176881962
423000	424000	1.99270736054257	-2.13699318422082	1.48026462955442
424000	425000	2.10418616458231	-2.30508441454825	1.68921924472058
425000	426000	1.94703443049973	-2.37190104983376	1.53769512896469
426000	427000	1.87203065967861	-2.3013837265	1.73096030033882
427000	428000	1.67838114743063	-2.27609381009404	1.59527996730702
428000	429000	1.7232550413238	-2.45100771369428	1.74716496262935
429000	430000	1.80409818438462	-2.60711380177478	1.62335769962442
430000	431000	1.94026525240076	-2.84297833809795	1.84489257549059
431000	432000	1.64088783385988	-2.72315968905417	1.82362428954109
432000	433000	1.49269040700457	-2.61989769462284	2.08267461479678
433000	434000	1.42131807372471	-2.66524309009668	1.72995898027467
434000	435000	1.46123586362981	-2.79355063321101	1.54283953018017
435000	436000	1.53895045169088	-3.12112993858039	1.63562690156837
436000	437000	1.27779605570716	-2.93102297457611	1.57669875882153
437000	438000	1.23103793922929	-2.87755625264863	1.76847488187779
438000	439000	1.1023172723275	-2.79543443965502	1.5932514450346
439000	440000	1.00515416587714	-2.81955447780119	1.81037245836513
440000	441000	0.948468640616589	-2.9650872495719	1.61740837254757
441000	442000	1.00176089475593	-3.05765408715452	1.77839957694939
442000	443000	1.1052668332121	-3.36890511027869	1.72749424783369
443000	444000	0.851584832860434	-3.14290389109806	1.89316008770179
444000	445000	0.796294874854533	-3.22568751064564	1.66699172285228
445000	446000	0.765295929689085	-3.40003648589912	1.87976146504312
446000	447000	0.620459581632051	-4.24881013754015	2.39622476654747
447000	448000	0.537462551014052	-3.33927329930294	1.745063682704
448000	449000	0.484962531194016	-3.12682797519851	1.69110638918934
449000	450000	0.529909120969114	-3.06064624154541	1.47338798237248
450000	451000	0.307588007255098	-2.98370314372272	1.55608516718681
451000	452000	0.333767461806001	-3.12404053854769	1.36817415147569
452000	453000	0.332776643553422	-3.34792646866423	1.45621318274248
453000	454000	0.16986715352001	-3.28675684192667	1.31341687078278
454000	455000	0.110084867066653	-3.28035934143499	1.57803649783103
455000	456000	0.0278881137104873	-3.09344871360774	1.44419735586514
456000	457000	-0.109807123519619	-3.17935012263025	1.60831600886322
457000	458000	-0.0895524157308228	-3.25066619209999	1.37379007071457
458000	459000	-0.116529504987214	-3.50181522210021	1.45046333903888
459000	460000	-0.302740059480425	-3.25878644765545	1.38182900610611
460000	461000	-0.377753178500774	-3.44844328469639	1.47314006931268
461000	462000	-0.659122797260195	-3.38715801573195	1.61395082226312
462000	463000	-0.597898684354926	-3.49165081402881	1.26901480194019
463000	464000	-0.596015822673875	-3.18219934781788	1.25350350286548
464000	465000	-0.501283504160302	-3.33732514325754	1.05704114765861
465000	466000	-0.479333966314614	-3.03705880686233	1.07116847034909
466000	467000	-0.455190300822225	-3.16905026473802	0.877874204947472
467000	468000	-0.574990306338265	-2.99086314715532	0.854759057760736
468000	469000	-0.665145600593008	-3.18631866123238	0.756704032905098
469000	470000	-0.806945971617095	-3.02791546138588	0.850546631072509
470000	471000	-0.931246393697327	-3.25462423604449	0.771480185757488
471000	472000	-1.08406943638188	-3.00685917090601	0.78183489455519
472000	473000	-0.946875135179539	-3.07929479311865	0.567624781043936
473000	474000	-0.844856545037037	-2.8347264013887	0.59777302237758
474000	475000	-0.948454153728792	-2.83421165083311	0.363402628447891
475000	476000	-0.742506609696	-2.96145095357282	0.369869530915575
476000	477000	-0.898386522035944	-3.0662520690615	0.227023786307896
477000	478000	-0.992756929735057	-3.40657028788	0.162233031317297
478000	479000	-0.715749121980185	-3.1745721729799	0.0855743367109803
479000	480000	-0.564248721325235	-3.19283940611792	0.293692811438002
480000	481000	-0.451257438113692	-3.11011922724312	0.100996250464931
481000	482000	-0.472974225157872	-3.46239274436684	0.221782007630769
482000	483000	-0.346777035701192	-3.37273943250946	-0.0155230270870771
483000	484000	-0.21992785671955	-3.29613394602478	0.242017517675697
484000	485000	-0.0492737216526144	-3.12975707970917	0.158077133343214
485000	486000	-0.01359677848962	-3.38296447222068	0.103435151885439
486000	487000	0.0649613297714917	-3.72201122486235	0.0226223445756344
487000	488000	0.0574308472425222	-3.41926076641799	-0.156052565584183
488000	489000	0.259562401550746	-3.35109250874571	-0.0249350550379814
489000	490000	0.170656065990623	-3.18873634847524	-0.192246175098913
490000	491000	0.395237058249001	-3.13166800360684	-0.103536450787662
491000	492000	0.354021118484126	-3.19828260112454	-0.331457480987919
492000	493000	0.555276652934942	-3.28855748200275	-0.273957058845126
493000	494000	0.433277278284162	-3.41862677384009	-0.471032711957252
494000	495000	0.651121343926404	-3.49853005993122	-0.504322078563668
495000	496000	0.65300766729337	-4.39832052913994	-1.07364751853168
496000	497000	0.687901285899154	-3.44066637439577	-0.767356060477115
497000	498000	0.591280591454633	-3.22662874759751	-0.705611492723605
498000	499000	0.661191470853305	-3.10742363940521	-0.583103504035354
499000	5e+05	0.612214803464558	-2.9960192363172	-0.740338667572431
5e+05	501000	0.842531217672425	-3.05883298966024	-0.671396003863531
501000	502000	0.766194902267832	-3.07365230737696	-0.908203747327721
502000	503000	1.04339679627266	-3.22713305856121	-1.00458195511191
503000	504000	1.00774381813434	-2.93954745141752	-0.875119848441388
504000	505000	0.875637405115023	-2.75864724883139	-0.872664998539252
505000	506000	1.0207757044405	-2.72194534780213	-0.638337578545107
506000	507000	0.920281043087072	-2.510226186429	-0.815975867384527
507000	508000	1.1855518110319	-2.64203932503765	-0.813750652948723
508000	509000	1.12160363506622	-2.57866938883852	-1.02660581578633
509000	510000	1.30024186223161	-2.43095928208998	-0.85084892302564
510000	511000	1.24958891832894	-2.38737841883544	-1.04879096534493
511000	512000	1.45696345791607	-2.48824065489223	-1.02646747104727
512000	513000	1.37741367774771	-2.6169310084623	-1.25888819707406
513000	514000	1.5787012006549	-2.41258367562418	-1.23420391025155
514000	515000	1.32393644646243	-2.35103936056649	-1.3403056651776
515000	516000	1.34378999976427	-2.09901028988449	-1.21446025495205
516000	517000	1.32231395453963	-2.149513306693	-1.46148952999092
517000	518000	1.52445606015516	-2.15544271602565	-1.39835593360454
518000	519000	1.55578470534338	-2.37007571691891	-1.73490293255167
519000	520000	1.72115545721207	-2.1540245863107	-1.52254614533195
520000	521000	1.53566106486662	-1.94339588408039	-1.63299618519912
521000	522000	1.7773023525275	-1.91872667725099	-1.58159204173457
522000	523000	1.79542123622662	-2.04499346204775	-1.79347744771366
523000	524000	2.25482054789962	-2.57172699648566	-2.52070746842915
524000	525000	1.8336084193115	-1.84622785732326	-1.93058542904112
525000	526000	1.74047460716557	-1.66289644304789	-1.83914836874335
526000	527000	1.95828790892891	-1.61553451578181	-1.83877956153854
527000	528000	2.13356538657417	-1.68476618736624	-2.00305291204881
528000	529000	2.845158722556	-1.8799359950734	-2.61566874099862
529000	530000	2.09094481521507	-1.41322303645551	-2.10303113983619
530000	531000	1.96233389178986	-1.27540505947915	-1.98543344851117
531000	532000	1.78922492180412	-1.21122202998774	-2.11331391186822
532000	533000	1.89666511449789	-1.29259399787063	-2.29218559750891
533000	534000	2.18861032493953	-1.53196469307032	-3.19756446294763
534000	535000	1.90344871822926	-1.07960589638498	-2.32151629290003
535000	536000	1.87254402032406	-0.909295239856025	-2.25868388520522
536000	537000	2.05758378820689	-0.885858214514094	-2.46253361014583
537000	538000	2.55146145934562	-0.74604457697256	-3.24717084959847
538000	539000	1.8991244738146	-0.650788026503146	-2.49166602937034
539000	540000	1.78959086092765	-0.573261207645598	-2.29499162553737
540000	541000	1.60841493769171	-0.535122055573431	-2.60798299327121
541000	542000	1.7299104298746	-0.267181192584372	-2.40780048820304
542000	543000	1.47701068383317	-0.403779472826596	-2.30903970574443
543000	544000	1.51155362830484	-0.186156368601604	-2.16652620541017
544000	545000	1.22831810921765	-0.216699596033952	-2.24180305287853
545000	546000	1.37639599211375	-0.00844026507602643	-2.38664314997075
546000	547000	1.13960055806244	-0.105800566017842	-2.50452322103896
547000	548000	1.16294288912683	0.161311830934732	-2.53557702077509
548000	549000	1.0000758628456	0.137996335625485	-2.73613542598756
549000	550000	1.0993910613496	0.204385999691806	-3.03706320987909
550000	551000	1.2573402176339	0.346020321964266	-3.86824497793102
551000	552000	0.697821805388489	0.463954678044698	-3.19767956547947
552000	553000	0.672013973426238	0.642321541967169	-3.02111103837693
553000	554000	0.339239753449515	0.658871195291168	-3.03330259371551
554000	555000	0.3954475790197	0.916840677842658	-2.95245809181503
555000	556000	0.120385299853771	0.864282766541201	-2.97652414858242
556000	557000	0.184538833262761	1.13375924343879	-2.99331193844259
557000	558000	-0.0622923505730357	1.06812978061088	-3.10052947515077
558000	559000	0.0497262253898066	1.23908496409906	-3.23592576559238
559000	560000	0.00992491571711951	1.27152697938397	-3.51792477031849
560000	561000	0.157805491206872	1.70090877494461	-4.37507075418102
561000	562000	-0.167038405387968	1.48321896449913	-3.37943637437038
562000	563000	-0.169945605532657	1.49933256517179	-3.10795069300914
563000	564000	-0.365513088145257	1.40659136619326	-3.19313793469266
564000	565000	-0.323827422686991	1.72612742058341	-3.19632812113994
565000	566000	-0.567043701900588	1.61884571412506	-3.26209510142755
566000	567000	-0.541750500693961	1.70470982402294	-3.02552688497728
567000	568000	-0.476388566306589	1.51322635993851	-2.92952278975424
568000	569000	-0.599355858365441	1.66284404280019	-2.78254396340778
569000	570000	-0.640004509099434	1.40481017383427	-2.80809682012729
570000	571000	-0.81321037852616	1.54147118133971	-2.83016637294715
571000	572000	-0.804425856829598	1.37133615940861	-3.00078362227623
572000	573000	-0.999601166841193	1.57343256696438	-2.96860047130983
573000	574000	-1.00685344539546	1.36529921494645	-3.0991904211398
574000	575000	-1.10585520754731	1.53417536976298	-3.19667003093824
575000	576000	-1.48302977405663	1.96366447340929	-4.18101189853502
576000	577000	-1.4768781198499	1.50777409848872	-3.51962863667591
577000	578000	-1.3780534177022	1.31589041663743	-3.14634972123636
578000	579000	-1.2902917624901	1.1558794146626	-2.9416864433923
579000	580000	-1.52861793908964	1.19073113625701	-2.88893727708442
580000	581000	-1.76299082814708	1.19575012888271	-3.11956641226025
581000	582000	-1.70729062330693	0.933470787462967	-3.33970889581881
582000	583000	-1.44484016222314	0.724984113560483	-3.28050083661784
583000	584000	-1.46431446215044	0.693741832343434	-2.95776221210088
584000	585000	-1.44536404118687	0.715384628672	-2.71980238269132
585000	586000	-1.71497763289606	0.745803676089353	-2.69919826546495
586000	587000	-1.52492852074909	0.546390499561719	-2.53860784792619
587000	588000	-1.76897341835045	0.473177362935179	-2.54156292487549
588000	589000	-1.64381671642786	0.248162592048268	-2.61186811347708
589000	590000	-1.96961652864912	0.260216807226121	-2.59114946795304
590000	591000	-1.8743023692856	-0.0336343018947317	-2.75832217813822
591000	592000	-1.88271342796345	0.0436746855265604	-2.38461753823329
592000	593000	-1.67020531198692	-0.0663484978414571	-2.29826102458792
593000	594000	-1.90637918715943	-0.170359801724646	-2.2436023376018
594000	595000	-1.75469205644498	-0.338552447669879	-2.45320662802391
595000	596000	-2.00010979653632	-0.402206951651442	-2.30831916833785
596000	597000	-1.77038563714965	-0.514305620129582	-2.19692704467401
597000	598000	-1.96046251648353	-0.641488790183495	-2.12977910991589
598000	599000	-1.96484699411498	-0.759069131521768	-2.35611625797388
599000	6e+05	-2.58901945581359	-1.08819381910359	-3.19907120983843
6e+05	601000	-2.03893899427748	-1.07481532182398	-2.45572132643295
601000	602000	-2.01631530604471	-1.02984898016611	-2.17668688924476
602000	603000	-1.80584940368435	-1.00056861468987	-2.05006747350304
603000	604000	-1.97169311078985	-1.11899526359524	-1.89071576497058
604000	605000	-1.72519334029114	-1.17563351426157	-1.88540527634424
605000	606000	-1.84206729022125	-1.31853471914656	-2.08334965549968
606000	607000	-1.5919502454266	-1.39825815941735	-1.980934234546
607000	608000	-1.79140734253278	-1.54342842022768	-2.00619461382855
608000	609000	-1.71029749776428	-1.52562562584705	-1.76007232531362
609000	610000	-1.91376124562512	-1.60667410104533	-1.78283455237763
610000	611000	-1.76745972591366	-1.76660655706254	-1.79447481604977
611000	612000	-1.93646431226566	-1.85184076914595	-1.99647236736382
612000	613000	-1.71983335794879	-2.1183098010404	-2.01028868155648
613000	614000	-2.0150258262951	-1.89560672094147	-1.71872389777579
614000	615000	-1.91724931131867	-2.06644679793587	-1.76837250395431
615000	616000	-2.03346122206391	-2.39163675554069	-1.78708322760448
616000	617000	-1.92562855927516	-2.16527829738412	-1.57334346393728
617000	618000	-1.87529641624481	-1.97637199191984	-1.47051406032442
618000	619000	-1.76420250993322	-2.15485139555641	-1.37581693362775
619000	620000	-1.84735437981608	-2.07644129406504	-1.17567020501719
620000	621000	-2.0104258918446	-2.01995825723555	-1.293212093575
621000	622000	-2.072514957025	-2.22480470556577	-1.27442428493539
622000	623000	-2.26191185941745	-2.44752152616801	-1.13791341237081
623000	624000	-2.26254431165493	-2.10310787958392	-1.09852650706141
624000	625000	-2.29044812254145	-1.99536118665378	-1.32870331619926
625000	626000	-2.6008842558025	-2.22104669873151	-1.39955934692512
