0	1000	-0.178269147756248	-2.37944115230172	0.662195692601134
1000	2000	-0.166224957153501	-2.54543111250824	0.54879964073798
2000	3000	-0.101406457942253	-2.86810557005622	0.265617782968922
3000	4000	-0.304864548348308	-2.69376453029563	0.405906774104822
4000	5000	-0.429235216326168	-2.79694420945236	0.535192377325898
5000	6000	-0.617747134083952	-3.09187175902613	0.536719923154149
6000	7000	-0.665430259478251	-2.78438011931815	0.703515442471014
7000	8000	-0.733332803476452	-2.65180693502099	0.593126992511066
8000	9000	-0.931438525366386	-2.72866977271003	0.62992749928316
9000	10000	-0.853353958550594	-2.57112345840292	0.777936532497091
10000	11000	-0.82854920374508	-2.62028107795351	1.01138617501053
11000	12000	-1.18709629026303	-2.74557937444207	1.16760140282446
12000	13000	-0.918500493252654	-2.60475404952161	1.35825557237532
13000	14000	-0.701112498867517	-2.50660890108314	1.4225549159489
14000	15000	-0.664637717345333	-2.71857392049397	1.37876114607448
15000	16000	-0.653910872184491	-2.95642710768566	1.44158873721584
16000	17000	-0.672070892688391	-2.75800064953447	1.63837702274698
17000	18000	-0.934965270872305	-2.90199426955833	1.66661468526046
18000	19000	-0.865171027173433	-2.76808271113635	1.88677189599266
19000	20000	-1.12053371212972	-2.69673394893301	1.85022967610513
20000	21000	-0.927476358549872	-2.53682093885587	1.81814787496894
21000	22000	-1.00315917636777	-2.35286149566218	1.85649617630979
22000	23000	-0.960758759407394	-2.41322239118992	2.04787350859842
23000	24000	-1.13578380355342	-2.28167267199884	2.06496824308073
24000	25000	-1.02630579572624	-2.27634432478106	2.29955935582405
25000	26000	-0.722340299757855	-2.23917968559103	2.27497936998416
26000	27000	-0.717648672218638	-2.02913696221623	2.15992495659655
27000	28000	-0.807349220543394	-1.84587465171963	2.29610108703068
28000	29000	-1.74339446694686	-1.61389951506344	1.94690042944781
29000	30000	-0.581124957662291	-1.72022231879394	1.98466622872449
30000	31000	-0.417750130884534	-1.89137583494059	2.23552870536889
31000	32000	-0.262456265273093	-1.93030989925701	2.20197700148357
32000	33000	-0.152225198564341	-1.82110503306231	2.38270901868987
33000	34000	-0.115122800211361	-2.06616007343004	2.32679486908883
34000	35000	0.0448572969377983	-2.00537800765122	2.2218670971191
35000	36000	0.223752428588703	-2.00819182430073	2.38376293015664
36000	37000	0.210210028727943	-2.33938527736409	2.5480556429345
37000	38000	0.148614894176084	-2.28606828570045	2.21538170133104
38000	39000	0.212699907342256	-2.58332046588523	2.10146846593266
39000	40000	0.194658645382334	-2.2388453465917	1.94717727017482
40000	41000	0.318550575356917	-2.23446931196457	1.77827814832664
41000	42000	1.25320432180169	-3.15618378861956	2.02401838267956
42000	43000	0.631672870113702	-2.13191098385414	1.85004400817547
43000	44000	0.509416050374632	-1.8982629112478	1.83044376348601
44000	45000	0.564078959806572	-1.68690942221296	1.71023472269197
45000	46000	0.668037215796372	-1.6744385456433	1.95203878252126
46000	47000	1.12436302668766	-1.85345412074634	3.13865920851477
47000	48000	0.832293684885138	-1.46406098739974	1.95457090768445
48000	49000	1.21054279555076	-1.45383441092209	1.96869109246748
49000	50000	0.98124960844034	-1.19116025658445	1.92663999167094
50000	51000	1.06471631839799	-1.00106811433192	2.00895524339984
51000	52000	1.03047223125275	-0.866581814006837	1.85926454557753
52000	53000	1.20258814419643	-0.756902726007936	1.92388714442215
53000	54000	1.36060583003441	-0.844097591388435	1.71070888883165
54000	55000	1.40608645887625	-0.659813574157299	1.83946698215625
55000	56000	1.34438848838628	-0.501330419498908	1.72740193726811
56000	57000	1.52695245615349	-0.455107832441208	1.98394011894653
57000	58000	1.62159605423036	-0.426002220380791	1.74596846303464
58000	59000	1.8652686108972	-0.511321510089833	1.77629129175954
59000	60000	1.84097893494471	-0.266024821247902	1.66024970084546
60000	61000	1.91691597203037	-0.204677734173451	1.88672258127769
61000	62000	1.91317831188775	-0.0339082571630353	1.74132442963797
62000	63000	2.13006565547393	0.0237891047501575	1.83424559967637
63000	64000	2.02288820202166	0.232545761091749	1.75165159977758
64000	65000	2.25704915515278	0.283465916775917	1.68882718477632
65000	66000	2.222456295912	0.525030579765353	1.66596657034846
66000	67000	2.11979563899199	0.446198025950709	1.81540869279071
67000	68000	2.26074502829176	0.420373480757962	1.93779912808454
68000	69000	2.49539620946299	0.465600453802285	2.19357889394482
69000	70000	2.1519512602691	0.411245377407576	2.18375994587186
70000	71000	2.09957549796942	0.581725571333012	2.26764786036418
71000	72000	2.06203915397025	0.422307901480915	2.4262195352248
72000	73000	1.88484689352387	0.484992354656265	2.33189251376352
73000	74000	1.66142697460734	0.529846999133551	2.27003956384035
74000	75000	1.63269849909199	0.438489383919089	2.47986391054216
75000	76000	1.67607897464928	0.617645559464446	2.48535204801918
76000	77000	1.66884542234293	0.600690731109349	2.72410145971176
77000	78000	1.47723567664497	0.791118795011064	2.56877428427763
78000	79000	1.69893488454646	0.920429706645013	2.54434109419622
79000	80000	1.75009676318864	1.19330303896531	2.73435205377548
80000	81000	1.64443574360191	1.186575571208	2.32492941848848
81000	82000	1.51669361574745	1.36200717329844	2.10916649812053
82000	83000	1.32839747949531	1.3185194348392	2.29364455964912
83000	84000	1.31428133979117	1.57483135556358	2.30371850741071
84000	85000	1.0364555519473	1.47266968823411	2.34941057929056
85000	86000	0.919172523672528	1.55702272430178	2.08641557452957
86000	87000	0.654588576063718	1.73872293812686	2.28306956145422
87000	88000	0.645941090158845	1.47021872563549	2.11785643687032
88000	89000	0.615773271376087	1.28887119177503	2.14314203273247
89000	90000	0.430561148825654	1.31106580457129	2.03707166472773
90000	91000	0.369118660106259	1.19067606421276	2.21823316601118
91000	92000	0.335658498408902	1.73644548627598	3.51007094239642
92000	93000	0.125178739827105	1.35031024074549	2.2246672631009
93000	94000	-0.180439686859779	1.480944728792	2.45412746710634
94000	95000	-0.12968796471747	1.19588654055124	2.23309541823825
95000	96000	-0.192827337219174	1.02166472983375	2.05698326682168
96000	97000	-0.0883314514301762	0.925122940608371	2.26467936131471
97000	98000	0.0211816289638036	0.910012300247219	2.46684923793852
98000	99000	0.0279409300666528	0.644998402662836	2.3994365178135
99000	1e+05	0.154614813476343	0.810300933887021	2.27605779276153
1e+05	101000	0.29065438295416	0.820481616218821	2.41789986509821
101000	102000	0.405990329417292	0.757879830827488	2.21624457870645
102000	103000	0.379281027373815	0.72128163089073	1.93142821190585
103000	104000	0.653865307011582	0.744571576070582	1.86845791429241
104000	105000	0.850855214485345	0.811439487819374	1.60771528663112
105000	106000	0.757042504704902	0.53119771100279	1.76286810663072
106000	107000	0.815712316250202	0.525484078760087	1.99808851128453
107000	108000	0.997851996731537	0.408329364551248	1.95118864861372
108000	109000	0.799987187420131	0.326997618518647	1.93726371011956
109000	110000	0.791592986011629	0.078244716960027	1.94199204809486
110000	111000	0.565216248149489	0.221074577432284	2.05603877444006
111000	112000	0.620757229333954	0.197694685528098	2.30677402407248
112000	113000	0.440812044684807	0.112546322257343	2.26303419608873
113000	114000	0.52783384238652	-0.0168840050433682	2.43117046875491
114000	115000	0.457239601773375	0.00710944852925006	2.82285100003271
115000	116000	0.154174665207569	-0.224467959007966	2.65889719596935
116000	117000	0.181940914034565	-0.252976600063116	2.29533611613979
117000	118000	0.0298629646773398	-0.434242435241733	2.30343722426336
118000	119000	0.0206530194647504	-0.368340307358405	1.95711462111246
119000	120000	0.320646330092397	-0.396592583713718	1.07548674687503
120000	121000	0.278118330852498	-0.72232170677029	1.98033459324479
121000	122000	0.237606964615042	-0.950860768117531	2.16717324509421
122000	123000	0.0896516734743031	-0.922013837563275	1.96473419490941
123000	124000	0.0587653656430106	-1.1208803291499	1.90517314406829
124000	125000	0.26601473523064	-1.20996656706052	1.01413181344132
125000	126000	-0.150525012200887	-0.989188317413554	1.70580603433839
126000	127000	-0.272217386615386	-0.954723037029724	1.91384429544841
127000	128000	-0.440002611558408	-0.886376675721173	1.85952388034207
128000	129000	-0.81280070175108	-0.997777962044694	0.992674080375921
129000	130000	-0.7789537609556	-0.86947405513195	1.75755966506966
130000	131000	-0.73724716073354	-0.818124598895399	2.01106830823478
131000	132000	-0.990584163110626	-0.859394766171243	2.23929401526514
132000	133000	-0.910375184755536	-0.65310296467427	2.00171348712835
133000	134000	-0.821695698760938	-0.37878332168808	2.17128379777644
134000	135000	-0.889013320837671	-0.470793110084868	1.88145403564072
135000	136000	-1.10029430351239	-0.444512290123581	1.89882062088343
136000	137000	-2.11291608893253	-0.996659747660549	2.48071740428133
137000	138000	-1.33857275083972	-0.246850436514462	1.78058913521925
138000	139000	-1.50826997795316	0.0543526031463536	3.0360230745714
139000	140000	-1.62541980617256	-0.243350125638044	1.72328600400253
140000	141000	-1.59993906803853	-0.0881531981334458	1.54711799452598
141000	142000	-1.79195236337669	-0.0230134893484659	1.68194573881898
142000	143000	-2.05581092975714	-0.0266765278854755	1.94279168636594
143000	144000	-1.87063765535892	0.272510178344685	1.87840843576092
144000	145000	-1.70669194047849	0.432934097782977	1.70500670153806
145000	146000	-1.90341051944514	0.306409976431074	1.59260306227341
146000	147000	-2.03970208795283	0.444494722237044	1.5354620523174
147000	148000	-2.35313674356771	0.532412503359526	1.58509099779635
148000	149000	-2.16240513588413	0.333112834189885	1.38330280865524
149000	150000	-2.03460010709622	0.382169375844827	1.23507510082782
150000	151000	-1.99424754585357	0.156633585027866	1.18729080757547
151000	152000	-1.98191712121601	0.242716811223209	1.0038264076058
152000	153000	-1.8209575597878	0.116866535156701	0.949950453842891
153000	154000	-1.82500685370782	0.337748991737748	0.74497230425608
154000	155000	-1.79222032447232	0.0637689508964468	0.578954066605193
155000	156000	-2.04150864342149	0.118163640618223	0.639807742601521
156000	157000	-2.1740586975214	-0.119530971382124	0.68188088352852
157000	158000	-2.34182145032573	0.0532895997265091	0.765534888919305
158000	159000	-2.44517935755606	0.0413842927568984	0.946409626548547
159000	160000	-2.63970154026255	0.00803574085244819	0.840369460200216
160000	161000	-2.6309339412054	-0.206678726142884	0.991380103394617
161000	162000	-2.98746691857202	-0.153702801445976	1.0965191886348
162000	163000	-2.94406199024772	-0.562842420540334	1.27404000613674
163000	164000	-2.81797196569573	-0.600942260659434	0.908257571659897
164000	165000	-2.60474078062115	-0.769257068527756	1.01597201767105
165000	166000	-2.60153084883811	-0.859202578838193	0.748160745967445
166000	167000	-2.65257445590856	-1.07208191432524	0.828296719732223
167000	168000	-2.81572311619307	-1.34277814506564	0.746370816867164
168000	169000	-2.49031547743662	-1.25022660314246	0.699287690610127
169000	170000	-2.32788061414069	-1.25054135870376	0.827332331769566
170000	171000	-2.38854857183511	-1.51599117918135	0.847936921544491
171000	172000	-2.36111720365188	-1.79125523801063	0.569312240466625
172000	173000	-2.15195712637704	-1.52796432336223	0.60397508184564
173000	174000	-2.23951623445441	-1.41408004929789	0.41984140189864
174000	175000	-1.97892920895013	-1.32105024508522	0.416820143474132
175000	176000	-2.04676705665314	-1.17377681669399	0.153904908093714
176000	177000	-1.90053546627636	-0.979244228214638	0.162359600677425
177000	178000	-1.86176279853894	-1.05265502000731	-0.111351064831857
178000	179000	-1.65213528018799	-1.37891426149749	-0.238788977472788
179000	180000	-1.54184827547354	-1.17238077141889	0.0483928138379568
180000	181000	-1.45288342610344	-0.959817788740605	0.0445921262647308
181000	182000	-1.28243962099493	-0.999864503106833	-0.0453484893259251
182000	183000	-1.25153825022274	-0.884139292048166	0.154776253438754
183000	184000	-1.06010101336681	-0.819520538977134	-0.00446244760387278
184000	185000	-1.22835548207587	-0.645470930362902	0.00166401659846822
185000	186000	-1.19613316329182	-0.550612050407485	-0.245607048915296
186000	187000	-1.35892762299442	-0.264885161773431	-0.175437185151674
187000	188000	-1.38442005666603	-0.190073640007259	-0.499416281439753
188000	189000	-1.60064210046869	0.111028915192795	-0.610042728482429
189000	190000	-1.29093941382753	0.163350676247387	-0.485843304731547
190000	191000	-1.10921755534152	0.249198465713341	-0.452010574863017
191000	192000	-1.03378659839766	0.083502777402249	-0.574464079977489
192000	193000	-1.02532002466392	0.312403278735028	-0.861735481527464
193000	194000	-0.645759701266272	0.113276446407223	-0.754143438586333
194000	195000	-0.771153881442221	0.408676963623635	-0.495081760064368
195000	196000	-0.719141678846794	0.178594417792384	-0.336407016650215
196000	197000	-0.762554009114616	0.329369770105044	-0.184507639748209
197000	198000	-0.571887171550311	0.190652318059535	-0.0409437278713463
198000	199000	-0.794845744151747	0.303186120457255	0.119943010500352
199000	2e+05	-0.616229660192301	0.479425992785823	0.118291749717334
2e+05	201000	-0.822776415216157	0.592336937501784	0.0173853947940287
201000	202000	-0.655664280558208	0.697619653648332	-0.077013767569982
202000	203000	-0.713925856238223	0.898094384691814	0.0744834756566742
203000	204000	-0.486023039607442	0.893062269351749	0.0240994392610876
204000	205000	-0.324470357142359	0.915627873072792	0.198140701863345
205000	206000	-0.070761586827765	1.01139525420184	0.1752611957718
206000	207000	0.00686335388504261	0.84231883258229	0.343528408465661
207000	208000	0.544924005320838	0.0903691231956782	0.289779910632916
208000	209000	0.265192478883745	0.95729419076397	0.548877570052399
209000	210000	0.395518891766358	1.20634789898911	0.578314956448835
210000	211000	0.232346833558839	1.13459485757586	0.7622825573331
211000	212000	0.313133008785769	1.09418671452373	0.970131164969823
212000	213000	0.0839413925356583	1.11913269758653	0.944110968546221
213000	214000	0.0516720522592256	1.28610713206634	1.0772771897721
214000	215000	-0.0706051831595217	1.40741614949935	0.937724359445212
215000	216000	-0.0483319935655849	1.52854110631647	1.19345321925588
216000	217000	-0.210672461795012	1.3970820850957	1.31024315209509
217000	218000	-0.272850876488203	1.54026339749156	1.46864168360336
218000	219000	-0.429079714078591	1.59513272371528	1.29090962940845
219000	220000	-0.640767275541359	1.54923458128617	1.33944763341509
220000	221000	-0.693636089823408	1.74954353792282	1.37012221286904
221000	222000	-0.568280831096479	2.00451033477942	1.62045607983222
222000	223000	-0.71396937997778	1.6917694524531	1.61525143674063
223000	224000	-0.756907455592069	1.51188558554293	1.7045165201259
224000	225000	-0.945653247865258	1.4250924880831	1.64617389249155
225000	226000	-1.01800958248826	1.61783580746087	1.74880047265026
226000	227000	-0.932451450877075	1.7742216451292	1.94535260604251
227000	228000	-1.22802362087292	1.78298405953643	1.95018142313218
228000	229000	-1.12617629529021	2.04912394691644	1.82030028161165
229000	230000	-1.21530720969834	1.879647735217	1.67753392574311
230000	231000	-1.39559098867851	1.84531222270324	1.63857061156523
231000	232000	-1.70127593735309	1.96507482566941	1.68883135386996
232000	233000	-1.57115013152501	1.80777045846774	1.3990088739591
233000	234000	-1.39798936332487	1.89233149210173	1.36768798730112
234000	235000	-1.49163969894678	2.20441670736043	1.34314379054531
235000	236000	-1.22060331683073	2.00201151147537	1.25913625337433
236000	237000	-1.2010820369203	1.78884292092313	1.17563089435052
237000	238000	-1.21456625128145	1.84426242070328	0.964404831771234
238000	239000	-1.52240795775482	1.95821017780888	0.810357251815738
239000	240000	-1.30228043176356	1.66701957691995	0.736598069678614
240000	241000	-1.24999104189206	1.36825801909236	0.895703515365574
241000	242000	-1.37953327557448	1.42259507574654	0.595788691049784
242000	243000	-1.33082290906668	1.50536593658074	0.398347997570965
243000	244000	-1.33323978886676	1.33274717132011	0.350500983825481
244000	245000	-1.53316638576725	1.38052115605297	0.284615616785745
245000	246000	-1.50366546428676	1.09155575952406	0.108668566673109
246000	247000	-1.81591132514712	1.16984191239194	0.225668874535765
247000	248000	-2.02709531876314	1.03003937986505	0.21021452502067
248000	249000	-2.21377956731827	0.90760173421193	0.165453726006583
249000	250000	-2.32396617118753	0.759255639797868	0.269976313867531
250000	251000	-2.48247523900896	0.719052860818156	0.13733061028124
251000	252000	-2.43913752496796	0.584148042108137	-0.0614616648945071
252000	253000	-2.63172470924556	0.51180744641332	0.0944607744657662
253000	254000	-2.85922273036931	0.284827055182254	0.238874870611673
254000	255000	-3.05652943638703	0.035007679305936	0.0375969882518331
255000	256000	-3.06754392112176	-0.189553098708921	0.168712471273119
256000	257000	-3.25569376208301	-0.189241329767256	0.000498271275442265
257000	258000	-3.40273760702891	-0.229460784601229	0.162073350417701
258000	259000	-3.57815163459933	-0.297752216418489	0.00481119657009731
259000	260000	-3.57309039460448	-0.524164097749592	0.20452437207159
260000	261000	-3.64849163814605	-0.543016985273001	-0.00320187684536389
261000	262000	-3.96553214935352	-0.588859180810336	0.259099911324588
262000	263000	-3.92271245149098	-0.573925208131646	-0.0652600846753078
263000	264000	-3.93023541875393	-0.962788167328075	-0.00373881650633435
264000	265000	-3.7829556515628	-0.763371769023988	-0.309856802705824
265000	266000	-3.58024987395637	-0.804442516894334	-0.172194986953733
266000	267000	-3.50929884018194	-1.05804416953996	-0.395710426047758
267000	268000	-3.43681436552518	-0.674675913789575	-0.335617425441191
268000	269000	-3.25996704785809	-0.661743490937315	-0.16944173805889
269000	270000	-3.20930568098293	-0.46974372916984	-0.320172781916863
270000	271000	-3.05977107031252	-0.583595067579525	-0.346834009990245
271000	272000	-3.0196401861349	-0.58699021794758	-0.595514264663716
272000	273000	-2.92463831436144	-0.415930516332794	-0.418779188201537
273000	274000	-2.76956161711515	-0.50471653190247	-0.315266644597751
274000	275000	-2.61952248058874	-0.49376433132147	-0.530035855756524
275000	276000	-2.70869391703217	-0.277620279311918	-0.386329078580883
276000	277000	-2.72970424514293	-0.191584116636912	-0.584756461242511
277000	278000	-2.82855372746152	-0.0391827981027625	-0.445808601819277
278000	279000	-2.96352221092547	-0.00305094743142493	-0.606623667567044
279000	280000	-3.13956087062936	-0.00485862996276565	-0.768663697048069
280000	281000	-3.01671570646556	0.298248228941339	-0.930500298367847
281000	282000	-3.10162176716056	0.258386164292215	-0.617534444825035
282000	283000	-2.93885430413026	0.334618398465543	-0.531426695951018
283000	284000	-3.09091195965044	0.355732450853556	-0.407097532270373
284000	285000	-3.0816342722274	0.575133771740699	-0.481666845878878
285000	286000	-3.29395512806668	0.539001526795869	-0.374270877843234
286000	287000	-3.51702252289146	0.795860987901726	-0.386187901051927
287000	288000	-3.23428265238213	0.676228038769153	-0.146881987849549
288000	289000	-3.27943546927557	0.727887545470373	0.112997724811811
289000	290000	-3.0743959745481	0.826269030070569	0.00947487856631243
290000	291000	-3.18218468628358	1.15000717864678	-0.0188934472936155
291000	292000	-2.91724320157563	0.986957457224676	0.101274775406423
292000	293000	-4.09450691187768	1.26159222481071	0.884502896691631
293000	294000	-3.11051784434095	1.30768897338104	0.48417851027843
294000	295000	-2.73294344114325	1.34510672747108	0.338526463158211
295000	296000	-2.89539577423308	1.5494845018782	0.17594282473091
296000	297000	-2.71423399623	1.75187665837575	0.288469532155584
297000	298000	-2.73602428923163	1.77250273495237	-0.0203623826992586
298000	299000	-2.48919142499514	2.03666506713678	0.0661776514020301
299000	3e+05	-2.44713254062558	1.74465271085092	-0.0312272711657957
3e+05	301000	-2.35398351908782	1.63125456778729	0.0746886871725334
301000	302000	-2.35838086581081	1.57656579189485	-0.145171897633802
302000	303000	-2.39937249959191	1.6520324638011	-0.365964908987056
303000	304000	-2.39666791807047	1.56139663547805	-0.714625494522998
304000	305000	-2.17949526855421	1.51546234373137	-0.441753983329395
305000	306000	-1.99300489163563	1.63434118228731	-0.523400967463076
306000	307000	-2.04491799671886	1.80797802270247	-0.32470641356277
307000	308000	-2.10265691209465	2.17550522127295	-0.46264880517654
308000	309000	-1.82776207199625	1.96239140321623	-0.377614938732226
309000	310000	-1.55958170081061	2.09770327731679	-0.524503715901906
310000	311000	-1.60557979048041	1.94108350106954	-0.226668020616321
311000	312000	-1.56399048629082	2.09796507590445	-0.122881078320976
312000	313000	-1.61182765501889	2.39593265262326	0.0308419311667529
313000	314000	-1.51662989611961	2.03018192282145	0.12086854547818
314000	315000	-1.26076820303711	2.09881879591266	0.0697828632519081
315000	316000	-1.16319475451075	2.08436155486951	0.327860410650272
316000	317000	-0.949484320567386	1.98062090224557	0.250577991462944
317000	318000	-0.804983241929061	1.97109653802301	0.378779762397904
318000	319000	-0.705292853172971	2.15861232550267	0.348883059564762
319000	320000	-0.657130876505078	2.09336631929494	0.606544814256347
320000	321000	-0.425206900386503	1.99596773000119	0.447985287059041
321000	322000	-0.444673831579785	1.93289688563651	0.248628501311028
322000	323000	-0.182316199538056	2.1470201601358	0.118893141472068
323000	324000	-0.415608037751333	1.95024154946087	-0.102172954412163
324000	325000	-0.625376823173456	1.93690121422393	-0.277347686848231
325000	326000	-0.676709737579116	3.28620976884426	-0.586879882823391
326000	327000	-0.48140065056887	1.93047762805706	-0.57351830461229
327000	328000	-0.462949365972486	1.65970763301373	-0.551003854334272
328000	329000	-0.385052794582034	1.53148243007641	-0.720255369448971
329000	330000	-0.186804493730003	1.66732528979818	-0.806107761182032
330000	331000	-0.413816837160655	1.70723418155635	-0.924885132880751
331000	332000	-0.276670355498619	1.90200162953248	-0.96879315078352
332000	333000	-0.415697880402033	1.86456019526148	-1.14465367913457
333000	334000	-0.19651941595631	1.8007593229498	-1.18695753186945
334000	335000	-0.29432162773976	1.59958136765604	-1.22080910074169
335000	336000	-0.260526103919696	1.71505809492533	-1.44473687741803
336000	337000	-0.520959004269207	1.67440998714198	-1.41855630329083
337000	338000	-0.570550130263081	2.00345227428951	-1.47358374518647
338000	339000	-0.599420857404041	1.82781795372759	-1.61772339731477
339000	340000	-0.591410036987364	1.95300238826271	-1.81887992165399
340000	341000	-0.747278157128769	1.71687448799222	-1.8227672108432
341000	342000	-0.926497012469677	1.83029234312411	-1.7112736513948
342000	343000	-1.06432600388964	1.83024317056694	-1.86173462707032
343000	344000	-1.1450183041102	1.99013273873905	-1.76220127596758
344000	345000	-1.33454757578415	1.98793293575047	-1.9389991936446
345000	346000	-1.45908832939476	1.97768972312565	-1.64009436385738
346000	347000	-1.3827055366496	1.72897707914334	-1.66181704812048
347000	348000	-1.354941467111	1.65635836238114	-1.45478354908178
348000	349000	-1.61723650788277	1.57415720987673	-1.40528337874746
349000	350000	-1.42819030912743	1.38289429660209	-1.42619673070916
350000	351000	-1.44523510379575	1.40482319848761	-1.62352973769682
351000	352000	-1.45202955548357	1.21220227650857	-1.65765214037353
352000	353000	-1.63727056887227	1.26897987863755	-1.84130834220073
353000	354000	-1.40667971558848	1.36534536843261	-1.92870843953741
354000	355000	-1.2160851249292	1.29457696392764	-1.80044617765131
355000	356000	-1.25039177173407	1.08520474759891	-1.89823258549148
356000	357000	-1.0357598872225	1.0241603650959	-1.83194388622199
357000	358000	-1.40542970101087	-0.150202379394819	-2.34490709498191
358000	359000	-1.0740953092705	0.946526477350622	-2.06408398177236
359000	360000	-1.06712535746374	1.1285323082802	-2.10248218893378
360000	361000	-1.75548300453032	0.474116301884012	-3.13945243226369
361000	362000	-1.13731651934892	1.05638678648524	-2.4606259775559
362000	363000	-1.58850535788674	1.64921380871597	-3.43535516725301
363000	364000	-0.955405070787511	1.34168842984336	-2.44416926186283
364000	365000	-0.80327488674163	1.24420959247887	-2.23806746687224
365000	366000	-0.543223463275812	1.26741684961626	-2.45492577192388
366000	367000	-0.613013349358084	1.11687435518292	-2.09122454673927
367000	368000	-0.529172188302815	0.899033757840391	-2.23236427377189
368000	369000	-0.561561408733569	0.233332048233285	-3.36187351004453
369000	370000	-0.42367067601443	0.517849476226637	-2.19442165753106
370000	371000	-0.184075781734017	0.753688195390673	-2.06226776938323
371000	372000	-0.315993769753592	0.833231541475764	-1.88068430445023
372000	373000	-0.179048168768113	0.949414910772681	-1.812107867504
373000	374000	-0.19769491365993	0.800737593486918	-1.58191382369083
374000	375000	0.0722806782306912	0.488579491967138	-1.57286211183225
375000	376000	0.16004775665329	0.81109296070067	-1.60093723908723
376000	377000	0.176500574533298	0.979755256867526	-1.51588092538084
377000	378000	0.22029950228478	0.915567482827465	-1.20143853517385
378000	379000	0.401037484048939	1.09104033985851	-1.42822321747766
379000	380000	0.304577146665882	1.28024353121834	-1.58898422133663
380000	381000	0.500514369721412	1.48375505722689	-1.38851892351987
381000	382000	0.697251283105599	1.78928011597986	-1.34704752936167
382000	383000	0.490999521922633	1.69231300857777	-1.65554421740059
383000	384000	0.435914941016025	1.72525701046281	-1.88882250321353
384000	385000	0.526197306618271	1.9714104692469	-1.87595870758842
385000	386000	0.294057647650656	2.00833158487479	-1.93167182675907
386000	387000	0.30101064839112	2.19666536622738	-1.81878979541142
387000	388000	0.158790951006764	2.40353213324228	-1.70286442703186
388000	389000	0.242505473701379	2.40772742767277	-1.93654346310402
389000	390000	0.103047943523067	2.34251780526005	-2.03351184135737
390000	391000	-0.0140480723340456	2.53105894138772	-2.01359658828378
391000	392000	0.0653637225660321	2.89140210964848	-2.08722856155724
392000	393000	0.134644047571442	2.5782896381381	-2.24580714937285
393000	394000	0.321869204166826	2.53523440034024	-2.34638915264389
394000	395000	0.0988977650433027	2.58335243574349	-2.50386143331179
395000	396000	0.279431599475086	2.75370102897901	-2.51215820839537
396000	397000	0.150925944794028	2.81727558381099	-2.73792959018942
397000	398000	0.346800130748045	3.52555481259191	-3.52848309231079
398000	399000	0.353149145121934	2.61892926630393	-2.80333456433319
399000	4e+05	0.600765810175153	2.55677627389006	-2.79237708130549
4e+05	401000	0.432527286807574	2.35750199617724	-2.76099997944044
401000	402000	0.245999428463869	2.25192257755444	-3.03804349341667
402000	403000	0.283097558782197	2.14982147076328	-2.70308242852477
403000	404000	0.353227004545433	2.02112402276312	-2.56405850336937
404000	405000	0.439390596591991	1.87776943748851	-2.70657103503859
405000	406000	0.308072880047779	1.74272796929417	-2.62853483142135
406000	407000	0.136735633568864	1.66096692143447	-2.74283404443868
407000	408000	0.23072837120123	1.60542487057711	-3.08045335987216
408000	409000	0.356618282775718	1.5230337320397	-2.77902990810656
409000	410000	0.330527240143476	1.41929465713146	-2.60894126698357
410000	411000	0.361980465726095	1.2446595994705	-2.75440561468445
411000	412000	0.544030495683284	1.00146189687749	-2.95666077058441
412000	413000	0.646736163683938	1.25636295625282	-2.63522795335219
413000	414000	0.828312895448298	1.26867178606493	-2.82524570975826
414000	415000	1.06695777757554	1.55117953811776	-2.86200694272858
415000	416000	1.0391925343335	1.33841511079348	-2.50907926708749
416000	417000	1.20847586360522	1.51986067005935	-2.40520950654371
417000	418000	1.31255350684183	1.23234264439886	-2.43850733925341
418000	419000	1.44890198513096	1.31230032397022	-2.26775396199774
419000	420000	1.75136940413195	1.3323166213372	-2.38377849387675
420000	421000	1.58406913574377	1.13479274320639	-2.11013382426257
421000	422000	1.35591107252157	1.08832522937254	-2.06183433609042
422000	423000	1.47510752534252	1.28355982534569	-1.85184901624326
423000	424000	1.19814545393165	1.22031548403327	-1.85356512620664
424000	425000	1.28470494868147	1.00198729815777	-1.73319309521478
425000	426000	1.08874913947788	0.886387314773673	-1.80543156047675
426000	427000	1.14025379840084	0.683870123549753	-1.77223125476236
427000	428000	1.06299393427961	0.460531895623172	-1.70030904507027
428000	429000	0.928736887078375	0.6591674808492	-1.71471003480697
429000	430000	0.868473641458786	0.69281746196272	-1.92455402280116
430000	431000	0.784065454330297	0.552546592398922	-2.2247835966013
431000	432000	1.14772633027337	0.689699168572768	-2.13123401952577
432000	433000	1.28931217532341	0.503555711818673	-2.4323670303884
433000	434000	1.42425347975144	0.57190582287396	-2.10691849172904
434000	435000	1.6535344634873	0.647512829918613	-2.15069929273174
435000	436000	1.87266092637868	0.591911259286638	-2.40797130758013
436000	437000	1.89181142873763	0.599041826924303	-2.00345389681105
437000	438000	1.92594761550622	0.602757179282932	-1.80662786527742
438000	439000	1.90935266975535	0.394472844760597	-1.86016670978921
439000	440000	2.08758109882631	0.343945440315868	-2.00225867555577
440000	441000	2.19804358166208	0.230948777717563	-1.7974948959855
441000	442000	2.30871649194354	0.386272176012444	-1.84262270700077
442000	443000	2.50492750057921	0.197962677900952	-2.13773467738716
443000	444000	2.55495538480787	0.395252477876728	-1.89372559238662
444000	445000	2.46107040745984	0.587552014845294	-2.01102653703071
445000	446000	2.63620898333854	0.711661954285697	-1.84251409277033
446000	447000	3.16550222883951	1.63971988952998	-2.184275721908
447000	448000	2.40218056153319	0.775926057602536	-1.63150814110378
448000	449000	2.3145531249848	0.626636072656753	-1.48385176569512
449000	450000	2.5007432337072	0.61233676441395	-1.35366674916499
450000	451000	2.37442254207167	0.804371573013758	-1.24027471365913
451000	452000	2.31174518519763	0.622873868087836	-1.15639811823013
452000	453000	2.10958804519707	0.589056842486283	-1.10515291733173
453000	454000	2.2453748831658	0.713432012148999	-0.90719954054088
454000	455000	2.07962394877209	0.872536721989562	-1.00989855409304
455000	456000	1.99714921418391	0.751458642247721	-0.835861658370857
456000	457000	1.78073094357224	0.774560220936765	-0.801597899060011
457000	458000	1.87425887273325	0.836140985136695	-0.599128950292718
458000	459000	1.72571595379475	1.04031481026523	-0.518121794312775
459000	460000	1.7431137710538	0.818652619938512	-0.352200692244246
460000	461000	1.9495205500964	0.950483384628387	-0.323523624370355
461000	462000	2.15457774585377	1.23415559089494	-0.197891277626456
462000	463000	1.79537071859602	1.1815021506222	0.0227799796606159
463000	464000	1.87057959890882	0.973465840187431	0.175934432111892
464000	465000	1.64218030491954	0.927329924766915	0.218579568611451
465000	466000	1.81705815958221	0.940367439753783	0.424223502449996
466000	467000	1.65160422338865	0.819379831905781	0.455378143766655
467000	468000	1.60772315443844	0.981672157511252	0.554122972613925
468000	469000	1.39703793356134	0.938410020543499	0.626005041132348
469000	470000	1.38578288639187	1.15294101279392	0.674270583201422
470000	471000	1.15810633843188	1.14853654126202	0.747062304431366
471000	472000	1.22702238783635	1.4232514390545	0.749833957991381
472000	473000	1.24007267687007	1.24743434119044	0.958781101333877
473000	474000	1.39658008916628	1.41260582102713	1.0088543723735
474000	475000	1.3933117677411	1.25420199953507	1.22624382729288
475000	476000	1.53528712338658	1.18172915433166	1.09994963260184
476000	477000	1.70725371072616	1.19997395661454	1.20533803683882
477000	478000	1.92166587636524	1.47221262380277	1.16361169315657
478000	479000	1.94660568172783	1.0624100340685	1.02602607094743
479000	480000	1.8650944304798	0.823349126921133	0.997532828670414
480000	481000	2.10372474850211	0.775625700956636	1.05428847453682
481000	482000	2.30213104965761	0.832786121125287	0.869084929904597
482000	483000	2.34700702866573	0.55188720177184	0.977084006774334
483000	484000	2.15631484500637	0.573403411443777	0.80340655145641
484000	485000	2.09821545349317	0.319251882299495	0.851079347186864
485000	486000	2.19580557355996	0.377520719453229	0.605058822636138
486000	487000	2.47562501537275	0.102071392169973	0.557326200498355
487000	488000	2.28083980607605	0.261745000845511	0.302650847406797
488000	489000	2.0736574466721	0.114759337200858	0.259765043634963
489000	490000	2.10248746380556	0.255809403626106	0.0648274391940023
490000	491000	1.86258522358459	0.265050143648257	0.0214462768250203
491000	492000	2.00835218219009	0.202312538520728	-0.140795943756064
492000	493000	1.93926251760945	0.0144912207547724	-0.090265488991762
493000	494000	1.97341607329977	0.0125068977117047	-0.353192238512405
494000	495000	2.20471308579433	-0.116015456011234	-0.202920686088196
495000	496000	2.90928643740219	-1.08534785744159	0.469366629675114
496000	497000	2.51598237699979	-0.288851211684751	-0.2061880734962
497000	498000	2.4445490335409	-0.132599535391296	-0.413116827103865
498000	499000	2.61920449218419	-0.09083467381527	-0.408292943593976
499000	5e+05	2.6019993953129	-0.231042387745977	-0.540383885758938
5e+05	501000	2.6048766985643	-0.0279979849057883	-0.627244979672715
501000	502000	2.8354509604628	-0.0958414049451883	-0.563385573151418
502000	503000	3.15876376585089	0.0221924721605651	-0.427040959552826
503000	504000	3.03491587657768	0.092273270822731	-0.759839969890211
504000	505000	3.13894686646224	-0.0783430143959254	-0.840340957385631
505000	506000	3.24960608613378	0.0625184323354227	-1.02633478859334
506000	507000	3.35592340064933	-0.224345259579646	-1.03399760454066
507000	508000	3.17959575635931	-0.172626239538132	-1.18696376489673
508000	509000	2.97564739691931	-0.227279407295698	-1.1430780956233
509000	510000	3.0216649252002	-0.258247238787783	-1.36219429416471
510000	511000	3.07066109100322	-0.418441830186876	-1.25402246528281
511000	512000	3.16038073785966	-0.481289141408719	-1.43156519091411
512000	513000	3.1857474457025	-0.692676179051592	-1.25059456034077
513000	514000	2.95386862607882	-0.730141205159996	-1.45231554000824
514000	515000	2.83359462347607	-0.653673118854243	-1.23714387388403
515000	516000	2.59323305358361	-0.542155800731419	-1.17932735549916
516000	517000	2.71553252197683	-0.703576248662963	-1.00618981283022
517000	518000	2.63435957430221	-0.801986093886985	-1.14362643741294
518000	519000	2.69502061656858	-1.12093449841983	-1.03600512139975
519000	520000	2.44793471255679	-0.99548798434975	-1.25214092479398
520000	521000	2.19400775527058	-0.961126930809056	-1.16048771052216
521000	522000	2.21887633131469	-0.846349811075297	-1.37104566744001
522000	523000	2.35698741387265	-0.878449724123344	-1.53185853426086
523000	524000	3.13002557163118	-1.20220838641092	-2.59945122007137
524000	525000	2.30316519014996	-1.15194590260713	-1.65973815781185
525000	526000	2.23007714934632	-1.35734906157634	-1.67390193760384
526000	527000	2.07132312485174	-1.23448736599941	-1.55471809509827
527000	528000	1.92363807497491	-1.14535553017525	-1.76698705034042
528000	529000	1.68580881420685	-1.18557888158772	-2.88622504315811
529000	530000	1.70092329655052	-1.10079209628098	-1.52327921342795
530000	531000	1.64538741193872	-0.98924703785963	-1.32168885173287
531000	532000	1.4642085355534	-1.04878258106343	-1.08368210451186
532000	533000	1.24083275928567	-1.01340974691141	-1.11066271986346
533000	534000	0.810218008466991	-0.811708876483821	-2.24882324605277
534000	535000	1.09431766488963	-1.08238934454524	-0.937689394184496
535000	536000	0.895229309755432	-1.07470736903319	-0.870418561018286
536000	537000	0.682697449896005	-0.959079133216907	-0.988991278945308
537000	538000	-0.0644692156931537	-0.836173115580235	-1.88722328397922
538000	539000	0.490581385360109	-0.967170805943547	-0.709188833607677
539000	540000	0.303541136979297	-0.966364268998792	-0.562017014220999
540000	541000	0.17432719840875	-0.669716344234115	-0.6112873192418
541000	542000	-0.0168683613519225	-0.994621979509335	-0.692423081262052
542000	543000	-0.0607575840695789	-1.06126423884926	-0.419275074106275
543000	544000	0.0874278630371127	-1.25977715428596	-0.464419048967614
544000	545000	0.19676881127999	-1.17420714428659	-0.180441099361373
545000	546000	0.375496659299884	-1.32813890240759	-0.328419402905849
546000	547000	0.53974765623318	-1.21862325358719	-0.193620036239905
547000	548000	0.703421781492426	-1.27848415492046	-0.361256119584318
548000	549000	0.638496858469774	-1.48988289219243	-0.264051388909346
549000	550000	0.834510464540505	-1.51365552123383	-0.0982380704091319
550000	551000	1.62662487108003	-1.91133451507564	0.669147399015709
551000	552000	0.747445717422951	-1.82479076353189	-0.268913033458428
552000	553000	1.07331918378525	-1.9322824501624	-0.292233241591322
553000	554000	0.821976662239182	-2.13062949657818	-0.190466524036115
554000	555000	0.628299471710999	-2.20292139568062	-0.26832007603384
555000	556000	0.783957082853869	-2.35153404720158	-0.293910896570669
556000	557000	0.745299477348636	-2.40878253978528	-0.519271372176556
557000	558000	0.819283546644221	-2.59615188433424	-0.383804188262767
558000	559000	0.608286043936003	-2.64482246582296	-0.415716300941175
559000	560000	0.671033661916126	-2.85144348094806	-0.276979245430205
560000	561000	0.423826491729403	-4.03642483655858	-0.609174220666584
561000	562000	0.686911895459624	-2.8999099746974	-0.618470306060722
562000	563000	0.844849447520439	-2.7570682947099	-0.695224739075555
563000	564000	0.746396457588455	-2.71380039633039	-0.89504284362733
564000	565000	0.952819258486722	-2.89847205093529	-0.983261720417754
565000	566000	1.04262835846781	-2.61191446302248	-1.0888573356286
566000	567000	1.19104990849421	-2.6840216791425	-0.900280414011521
567000	568000	1.15360184939374	-2.4855098126472	-0.786247828878992
568000	569000	1.23522703225877	-2.65142927924496	-0.605843226564323
569000	570000	1.37600460563361	-2.51099727705447	-0.720197862026376
570000	571000	1.45696014757723	-2.70525309698365	-0.746246167756406
571000	572000	1.57628064307704	-2.61420093447968	-0.562630620665936
572000	573000	1.68359998212801	-2.81655830013981	-0.505009225308033
573000	574000	1.81264126590547	-2.68189954969032	-0.655545676723095
574000	575000	1.80544456007837	-2.86865955922935	-0.752033949530149
575000	576000	2.42470578964327	-3.70841522587497	-0.0389452885414652
576000	577000	2.00291858098298	-3.31088206819963	-0.879038387964534
577000	578000	2.1555868115724	-3.00249729133297	-0.967117389030275
578000	579000	1.99031539873545	-2.97513885446862	-1.14154286227119
579000	580000	2.10086240283168	-3.06366836862606	-1.33666281156184
580000	581000	2.45161827090115	-3.05273604896023	-1.51550529072007
581000	582000	2.62659853474281	-2.74998548692676	-1.25461669278512
582000	583000	2.6005051053209	-2.31532651476582	-1.161607088558
583000	584000	2.27149569721687	-2.09215030344673	-1.15993291816584
584000	585000	2.09654713265183	-2.1526808144779	-1.28793488362708
585000	586000	2.13432085503621	-2.25495922088691	-1.49581617360569
586000	587000	1.85272740937344	-2.34396770205365	-1.41564340957727
587000	588000	1.77131003124645	-2.1811188484027	-1.57901648507504
588000	589000	1.7028482123641	-2.33251346202964	-1.74845763454616
589000	590000	1.74536809436225	-2.05288418363928	-1.8464561188835
590000	591000	1.45217260336097	-2.2136466152599	-1.9889096847193
591000	592000	1.49920873857128	-2.06293406766802	-1.6782574020821
592000	593000	1.27913515669433	-2.08002558775081	-1.65677536667351
593000	594000	1.45379640970716	-1.91904409849061	-1.54206897358817
594000	595000	1.36766808259647	-1.75868846638651	-1.7171648625215
595000	596000	1.3435861523028	-1.71094080915417	-1.42919518563439
596000	597000	1.1402810228466	-1.77748165263607	-1.45365750188059
597000	598000	1.07265379112371	-1.8154473998084	-1.24853685467148
598000	599000	0.906380752636698	-1.68301761706773	-1.30612689654332
599000	6e+05	0.369247984051098	-2.14855147590109	-2.53367743417775
6e+05	601000	0.62696619761993	-1.60764014404802	-1.38477869291175
601000	602000	0.528102856133892	-1.81735466420193	-1.23825894600582
602000	603000	0.538800909093663	-1.64741400613832	-1.09464335488413
603000	604000	0.501627387507246	-1.81001300939506	-0.949009278859014
604000	605000	0.310920811644651	-1.69493508329574	-1.03530494203504
605000	606000	0.233956329551917	-1.90869889008726	-1.00602413316224
606000	607000	0.138773783572328	-1.79475100779103	-0.78572774071757
607000	608000	0.14677985602612	-2.01954444275391	-0.677780901527442
608000	609000	0.157439949532561	-1.85506246839321	-0.526489094877956
609000	610000	0.0844786111542911	-1.96265775375904	-0.323579847066214
610000	611000	0.0452296954525163	-1.98343834472903	-0.126315382023436
611000	612000	-0.071423915132843	-2.18500079739835	-0.0449719660701023
612000	613000	-0.237343987831449	-1.98164077063356	0.23747786544397
613000	614000	-0.0234785568205463	-2.2105767404814	0.366171228028086
614000	615000	0.140141227569123	-2.28793367232424	0.519391241910266
615000	616000	0.496525278398219	-2.60510095058869	0.711384328645097
616000	617000	0.217618661397431	-2.45227813743968	0.779657344062397
617000	618000	0.0682876506863527	-2.5887124687929	0.824922901804294
618000	619000	0.149900393960333	-2.71821849036774	0.983399457594451
619000	620000	-0.0590463862331698	-2.67246062758424	1.10801920359178
620000	621000	-0.026834641849731	-2.48539062237308	1.02600593208041
621000	622000	0.119896440793879	-2.40390914765633	1.12560656154517
622000	623000	0.400332643078947	-2.2458185908017	1.15162987606444
623000	624000	0.0549973608891381	-2.06505268096488	1.02205261109293
624000	625000	-0.0466408861488721	-2.21411863090014	0.864889834975473
625000	626000	-0.321144002829072	-2.07853503794108	0.791015249784224
