0	1000	-1.51893271168556	-2.45180602511237	-1.86477417660392
1000	2000	-1.37795519106042	-2.50893272416312	-2.24072478054436
2000	3000	-1.269942140868	-2.56816077880917	-2.76755083220294
3000	4000	-1.09490595555707	-2.11698213445128	-2.45492898910812
4000	5000	-1.43969416126807	-2.16053457635418	-2.28870247173149
5000	6000	-1.95519965230443	-2.17306693849674	-2.14080090413372
6000	7000	-1.30260064775433	-1.90744803425112	-2.12562558165896
7000	8000	-1.04031343105266	-2.21024571838955	-2.05364758513903
8000	9000	-1.12784175903133	-2.26592569913432	-1.64732653412106
9000	10000	-1.52196019188716	-2.42601220422943	-1.3349277849526
10000	11000	-1.37870663313269	-2.41653290588045	-0.747516754014046
11000	12000	-0.85646415495921	-2.68319011360452	-0.77001040905392
12000	13000	-0.810985191725926	-2.03955349757451	-0.688381698510264
13000	14000	-0.430377186032652	-1.87430421324454	-0.743814741278626
14000	15000	-0.694312977413102	-1.32281376541453	-0.861256563501942
15000	16000	-0.311791313411606	-1.13780317389428	-1.00719748303479
16000	17000	-0.574974053355707	-0.844779559851769	-0.747252983086684
17000	18000	0.0554952438349748	-0.764235462854966	-0.330512435626814
18000	19000	-0.430966647807373	-0.728995130344788	-0.0271073380365604
19000	20000	-0.135853371785697	-1.02397506717625	0.0755971964886994
20000	21000	-0.35521735981533	-1.28654102122095	-0.0156838118480683
21000	22000	-0.071211868823427	-1.32567404893645	-0.409172472362917
22000	23000	-0.000464503332955935	-1.68261331980055	-0.44552219208366
23000	24000	0.451031744922975	-1.52926637246038	-0.565989891574293
24000	25000	0.524070303878418	-1.49150481754006	-0.0163145758810822
25000	26000	0.665416777584582	-1.00337819868693	-0.122628217036192
26000	27000	0.99063321830056	-0.68751661427855	0.17564055127806
27000	28000	1.41811884016117	-0.581476231347771	0.289747622228461
28000	29000	2.06896761980999	-0.367082198151633	-0.143638918786234
29000	30000	0.970990278315835	-0.107292736091696	0.0838535722783913
30000	31000	0.202873644934235	-0.0226539984050317	-0.260205375852063
31000	32000	-0.286751934565307	-0.254520303432871	-0.412634974773828
32000	33000	-0.433906286277358	-0.306781791370647	-0.885162864102449
33000	34000	-0.817949703926285	-0.231710137863808	-0.456504596104309
34000	35000	-0.846212201733413	-0.631045011845459	-0.67633949731561
35000	36000	-0.688064389824753	-0.585539451850145	-1.17333950191934
36000	37000	-0.974150262724963	-1.09065842057812	-1.3107272587343
37000	38000	-1.40898963060772	-1.00818165653987	-1.30073621333084
38000	39000	-1.88200177187622	-1.23660416439606	-1.51982262500544
39000	40000	-1.54489556682382	-1.37563454176936	-1.8224075833202
40000	41000	-1.81526891088063	-1.33315810594493	-2.06846846306251
41000	42000	-3.07619083886003	-1.08022989423948	-2.2378788037517
42000	43000	-1.90515121511023	-1.2948931505202	-2.44984958784264
43000	44000	-1.71740609974095	-1.59362691377727	-2.43344309589036
44000	45000	-1.88065130077577	-1.69142592880902	-2.74245060245623
45000	46000	-1.78094888176657	-1.92396057244699	-2.52821748540468
46000	47000	-2.00235276860971	-1.91634029076196	-3.60362156991447
47000	48000	-1.56723918085575	-1.76279527437067	-2.67864835843631
48000	49000	-1.63362489949714	-1.29842594563953	-2.8870149436113
49000	50000	-1.52245238061507	-1.32861366466712	-2.35082389557605
50000	51000	-1.75253087523962	-1.0104284745858	-2.36669833861426
51000	52000	-1.59633693064471	-1.03645520020812	-2.09392133814199
52000	53000	-1.76947093150056	-0.750275597978101	-2.02764989201216
53000	54000	-1.39982522783066	-0.735780416534502	-1.92613517868124
54000	55000	-1.63782940266584	-0.663829153351689	-1.57687404641286
55000	56000	-1.40738992159204	-0.360938543778099	-1.67830824098941
56000	57000	-1.57260413658081	-0.107417579784295	-1.49852375426807
57000	58000	-1.51730587568827	0.0111243856810647	-1.14975538332409
58000	59000	-1.42696914487485	-0.35996356959137	-0.853678770808062
59000	60000	-1.48126207592221	-0.452354842804548	-1.24458765609638
60000	61000	-1.11478148286061	-0.387050887723974	-1.22367122506915
61000	62000	-1.07990610263292	-0.0250992195525213	-1.46706555640095
62000	63000	-1.05658974000362	-0.0251337454297875	-1.04013804668797
63000	64000	-1.28190913468248	0.313325366636701	-1.11618595813257
64000	65000	-1.12759372996653	0.388545927999544	-0.740209074190628
65000	66000	-0.951943588659042	0.700895940156178	-0.513328319379622
66000	67000	-0.632304262373244	0.499956938808348	-0.583482707999205
67000	68000	-0.669016161522038	0.465722848724166	-0.928728008662151
68000	69000	-0.532412307299111	0.159493028763085	-1.16615202966392
69000	70000	-0.52696714456753	0.0868449059040202	-0.582154909388854
70000	71000	-0.58806688116394	0.141610812524636	-0.175078249009232
71000	72000	-0.461982115137532	0.0216971741475379	0.24556605859259
72000	73000	-0.120295605776995	-0.041341138942077	0.381808426765012
73000	74000	-0.404378688107647	-0.235609430217575	0.650628289001283
74000	75000	-0.0496374680064722	-0.27688433987615	0.658420161583362
75000	76000	-0.143287483917921	-0.236780079579447	0.928493549623087
76000	77000	0.188372462472805	-0.497749144163586	1.0270843149158
77000	78000	-0.300005986132146	-0.630821744669942	0.836435989797324
78000	79000	-0.172813115164527	-0.61536363852381	0.461491987864657
79000	80000	-0.574104731427709	-0.489058586170817	0.219113738209643
80000	81000	0.0766398921009875	-0.429806565646118	0.211092521380061
81000	82000	0.451223216263071	-0.525650586148857	0.589944998927904
82000	83000	0.491582804246433	-0.138387530243728	0.305951949472877
83000	84000	0.580718018860069	0.208165320342158	0.6329862767841
84000	85000	0.20660958436035	0.199457938534486	0.367116885847014
85000	86000	0.23222041362638	0.633168011589339	0.0998351585796079
86000	87000	-0.0700993227177692	0.996064272310554	0.0387541215396259
87000	88000	0.139723444342333	1.2917306100591	-0.353180232707992
88000	89000	0.368304079201384	1.13416759197095	-0.697958107388862
89000	90000	0.555315300030194	0.984916074465038	-0.320847931693568
90000	91000	0.748509912007214	0.51341420797012	-0.0814764639329564
91000	92000	1.59041642216722	-0.0215969613144377	0.187649827893691
92000	93000	1.20533238084561	0.589344734273996	0.573795826429173
93000	94000	0.995954369289591	0.904668339336503	0.746495986009827
94000	95000	0.946781890176002	1.24354976855667	0.148809447959197
95000	96000	0.688087783905286	1.61731239696424	-0.0580326340309044
96000	97000	1.13160524120836	1.76475250747199	0.0158918156613584
97000	98000	0.99447886913408	1.91974404895334	0.440727365407549
98000	99000	1.33078592946798	1.72491606245281	0.638995012100341
99000	1e+05	1.55837704880414	1.4419554851	0.704958732561104
1e+05	101000	1.62279186243532	1.06625453861468	0.768638955803378
101000	102000	1.41178152781612	1.45798622184528	0.287627670829774
102000	103000	1.57918355559032	1.86881590582175	0.288939607940211
103000	104000	1.28442333720631	2.13155671592523	0.114078212921197
104000	105000	1.05704567477024	2.45409499624616	-0.154402193074189
105000	106000	1.08067654196229	2.0183951598542	-0.354798628219588
106000	107000	0.737038351300725	1.90643784554289	-0.71157922145913
107000	108000	0.561618261429246	1.6433236889632	-0.966773499271606
108000	109000	0.142950133458931	1.88417491975399	-0.970968555388079
109000	110000	-0.0105630521287492	1.7674125900508	-0.570044217462817
110000	111000	0.498681683772474	1.57493629337512	-0.458728032640127
111000	112000	0.971279564124167	1.31995640377716	-0.504423344800061
112000	113000	1.0604702079668	0.83513465209616	-0.589706937016087
113000	114000	0.774165608973336	0.854966224145935	-0.869168765789526
114000	115000	0.631212681768722	0.397679640694125	-0.746172638188857
115000	116000	0.767481930229922	0.315473597959577	-1.45645330010929
116000	117000	0.279508966362676	0.0235008133609793	-1.5630089255837
117000	118000	0.00719052367758863	0.367962215117929	-1.39625273076205
118000	119000	-0.142636173065299	0.659499389458144	-1.11728867677964
119000	120000	-0.89259766903498	1.5235011982339	-0.614588274951847
120000	121000	-0.0872049987707555	0.683823049497356	-0.442757810935697
121000	122000	0.145536405008373	0.334817732623178	-0.587443731516902
122000	123000	0.342298764033026	-0.0357317766679136	-0.895870596095223
123000	124000	0.328926956146693	-0.436747122381838	-0.478760199980786
124000	125000	1.51791905755856	-0.522871289908265	-0.709634372511506
125000	126000	0.773559300592034	-0.556889959028702	-1.02982645507838
126000	127000	0.291167478052459	-0.660647471154062	-0.981185096413025
127000	128000	0.191939742921605	-1.04161318698681	-1.56113225258712
128000	129000	0.192530355636685	-0.923961521357242	-2.06524486401288
129000	130000	-0.254657749583628	-0.566069915773915	-1.81176408074287
130000	131000	-0.824971837202437	-0.852443290331855	-1.94271198228885
131000	132000	-0.5916604453426	-1.22908917248243	-1.81585184989634
132000	133000	-0.792125881460024	-1.62716347522701	-1.77051102837342
133000	134000	-0.455126411340543	-1.94840248231234	-1.83060995403886
134000	135000	-0.414041531826711	-2.04161783753736	-1.30996908566114
135000	136000	-0.678398568124473	-2.45330180604779	-1.24031003991062
136000	137000	-0.759198232241199	-3.54429948540862	-1.17472300910728
137000	138000	-1.30883267964841	-2.77072827465824	-1.04051665956838
138000	139000	-1.88932499487232	-3.66786967585168	-0.778912255685528
139000	140000	-1.6933608825974	-2.7480032793988	-0.420855348628798
140000	141000	-1.70335025040901	-2.27529758207577	-0.480938207141389
141000	142000	-1.34688241485089	-2.37554863828585	-0.271339017352973
142000	143000	-1.17474552670935	-2.73145285621234	0.0290145791826122
143000	144000	-0.946727872111266	-2.22671963996334	0.0941804739267872
144000	145000	-1.22788842566467	-2.0246770063374	-0.198211399049599
145000	146000	-1.3767554454346	-2.02100301896	-0.683227202100848
146000	147000	-1.4264568470162	-2.03842421766663	-1.14816459424496
147000	148000	-1.83440987908676	-1.90687342203018	-1.30522174723676
148000	149000	-1.18699932133085	-1.83854769337228	-1.25444283172141
149000	150000	-1.13102049427355	-1.53311774327537	-0.690825670764034
150000	151000	-1.09615278593215	-1.64125890737725	-0.271829947612185
151000	152000	-0.664356623785452	-1.69033541108148	-0.142201237523652
152000	153000	-0.835666458985166	-1.7994649814602	0.316220379202975
153000	154000	-0.56364902896616	-2.21523206950439	0.52811800091174
154000	155000	-0.569847924007576	-2.38395072340763	1.0411335434491
155000	156000	-0.834897139038485	-2.61964241540441	0.80858480097117
156000	157000	-1.2802818734539	-2.37212438143045	0.761085082254419
157000	158000	-1.60399775257409	-2.74639331076361	0.552339914891345
158000	159000	-1.67136900551842	-2.25629267043665	0.206162640806465
159000	160000	-1.89496809645341	-2.43570477111314	0.515844298157164
160000	161000	-2.05193385122204	-2.02199166617988	0.440111345944979
161000	162000	-2.42719930950627	-2.568920572533	0.514306646237975
162000	163000	-2.59211360606702	-2.17966457949636	0.115673458952185
163000	164000	-2.51676551157879	-2.20189771114504	0.796731451903951
164000	165000	-2.71450024150021	-1.87785588840992	0.788891235843067
165000	166000	-2.55885071240487	-1.36801828927145	0.82948541898254
166000	167000	-2.40137973472547	-0.889015317443811	0.984299623895308
167000	168000	-2.51241142631902	-0.346648270975233	1.02960796013673
168000	169000	-2.05277966131222	-0.139141341121388	1.28835878480729
169000	170000	-2.06170941392671	0.40429017461191	1.58414197676292
170000	171000	-1.78315174626311	0.947490169549545	1.58054096723601
171000	172000	-1.86376173082999	1.30644687114154	1.13164877666799
172000	173000	-1.28204360215029	1.36532319751803	0.972746166003635
173000	174000	-1.21431192262121	0.985688821559387	1.23876901910423
174000	175000	-1.4611228833891	0.442701161921225	1.25349480107677
175000	176000	-1.71956544808614	0.17226669453751	1.05457057629302
176000	177000	-1.5089833764603	-0.0999312345967143	0.581028711913712
177000	178000	-2.08105796277186	0.0425810360654883	0.248453838429774
178000	179000	-1.94031473908691	-0.446154523595226	0.77802560931211
179000	180000	-2.37347752199529	-0.546612238001398	0.302380845863909
180000	181000	-1.90770715474817	-0.821278464434166	0.194074083447902
181000	182000	-2.20101747509539	-1.09854794790419	-0.160232490578362
182000	183000	-2.37932006986922	-1.14103049522085	0.468236435044729
183000	184000	-2.73357602308497	-1.17892249142034	0.333828839287648
184000	185000	-2.52005374729942	-1.50765174504957	0.326532347484461
185000	186000	-2.2191187744031	-1.706009598552	0.0445835366302159
186000	187000	-2.08563112753798	-1.50283571212199	0.486258487298634
187000	188000	-2.11881243201707	-1.51371560388661	0.871868792478266
188000	189000	-2.23227019991129	-1.73295351925925	1.16345584918073
189000	190000	-2.20084461149571	-2.13047957248635	0.96574900702588
190000	191000	-1.95808014303604	-2.48017074176088	0.882878645174623
191000	192000	-1.64268498767592	-2.09752980577142	1.00973447853106
192000	193000	-1.13857216871509	-1.90985950965575	1.15176723327571
193000	194000	-1.31998109317026	-1.74768470080049	1.62770835891182
194000	195000	-1.59416509443581	-1.9195355207812	1.94852290421682
195000	196000	-1.29669532879478	-2.15825449714886	1.7788269534365
196000	197000	-1.14045200318467	-2.51217617172134	1.85163419828589
197000	198000	-0.943881146400922	-2.15597035689915	2.07739556954008
198000	199000	-0.527001567582473	-2.13267737393136	2.1794393397295
199000	2e+05	-0.236446564414229	-1.85540378694745	2.19399564715443
2e+05	201000	0.21840803727386	-1.7509244512699	2.09663040644286
201000	202000	0.74706400355835	-1.89857323204537	1.84464406593384
202000	203000	1.08713285800133	-1.72369067974231	2.01620799595716
203000	204000	1.3040007192237	-1.38881170285213	1.86836970702832
204000	205000	0.921625290969094	-1.1442499555173	1.77949368376995
205000	206000	0.600796974812415	-0.939800710197505	1.55105186818246
206000	207000	0.661014634709421	-1.27583886164028	1.39617867365793
207000	208000	1.70239251465526	-1.81975016719364	0.937359902750529
208000	209000	1.06390403924147	-0.965029099077627	1.35448314964221
209000	210000	0.825027211266176	-0.503201478835665	1.34507548203014
210000	211000	0.89081063343708	-0.136721262665668	1.27315026374851
211000	212000	0.953382671611831	-0.115947431612015	0.843510382124942
212000	213000	1.36537454224176	-0.31681365257698	0.919637394867918
213000	214000	1.41574438052093	-0.433714829927492	1.38595692698277
214000	215000	1.13672993233242	-0.364913680991655	1.58905883216378
215000	216000	1.01441583216442	0.0210548854308636	1.60458401856469
216000	217000	1.02666510440353	0.289885582177542	1.25658425718337
217000	218000	1.49697966483503	0.158815445221885	1.04148594682385
218000	219000	1.44517513433207	0.0853238879753772	1.42862736601402
219000	220000	1.31634470059418	0.0745763058835196	1.84529444812717
220000	221000	1.67180740727923	-0.199317554855313	1.8881460446537
221000	222000	2.25786335811939	-0.25311004766739	1.5551458389566
222000	223000	1.79302157421899	-0.547160879750516	1.49308331404355
223000	224000	1.51477737738317	-0.913874746602967	1.57322281943357
224000	225000	1.17588831842797	-0.787786608264513	1.79980195527573
225000	226000	1.33803277475463	-1.1279407356214	2.22973472489894
226000	227000	1.6578659255572	-0.752573629668759	2.44102570743546
227000	228000	1.7069173803278	-0.520669465470051	2.16280326613055
228000	229000	1.25581460935427	-0.307620968097678	2.03678524935039
229000	230000	1.13510947889766	-0.70528604452312	2.27282611217136
230000	231000	1.04830697689677	-0.986571139357696	2.47393228577018
231000	232000	0.861817533537579	-1.49948127389394	2.48798329977872
232000	233000	0.536120281306082	-1.72614644341712	2.36939753218185
233000	234000	0.320637902871538	-1.47299679762739	2.48635173577701
234000	235000	0.519846360386933	-1.4632824234446	3.07124828623198
235000	236000	0.56866665669673	-1.00285267149361	2.97951780259721
236000	237000	0.636913949325421	-0.217846507161263	2.87207965279804
237000	238000	0.331788820431091	-0.016011356029412	2.58037758883476
238000	239000	-0.26259990846834	-0.156320350842309	2.95742067018985
239000	240000	-0.494949706653484	0.0911073505868229	2.53796191239741
240000	241000	-0.597974401644902	0.516341477411417	2.90588951866263
241000	242000	-0.378046381656588	0.700779252648179	2.43935703140376
242000	243000	0.055039264284337	0.949583100739561	2.43813722165854
243000	244000	0.168068202262009	1.04217959667793	2.05834747488087
244000	245000	-0.0692216851514083	1.53831213226787	2.21117712082772
245000	246000	-0.396544088675414	1.38758669159906	2.42868796401257
246000	247000	-0.776857664881545	1.41347141227423	2.77846095395012
247000	248000	-1.1947979855063	1.40537915073898	2.40248469205964
248000	249000	-1.50937954189779	1.26382114505525	2.6354440599692
249000	250000	-1.74831274333143	1.17803574990755	2.42235891459092
250000	251000	-1.85792642209194	0.904497061144773	2.46848883385259
251000	252000	-2.04614236809165	0.890424296150976	2.21412354754079
252000	253000	-2.04327395864818	0.532524581386427	2.47089544997992
253000	254000	-1.6258147923615	0.413334885048654	2.42578071541426
254000	255000	-1.92791158666461	0.226296602794963	2.3967816580958
255000	256000	-1.75093894876238	0.091311158763614	1.97166667797728
256000	257000	-2.07507652324266	-0.153801985420956	2.11697971725162
257000	258000	-1.94509530130528	-0.343036271101421	1.71294110933986
258000	259000	-2.13715237221156	-0.702916583442613	1.75300273407418
259000	260000	-1.80323209530772	-0.906785900831948	1.44449706967055
260000	261000	-2.21276525004984	-1.19358374580896	1.36684971546315
261000	262000	-2.84077676962054	-1.16992599561153	1.27104025234468
262000	263000	-2.60608675151281	-1.42900529516397	1.63413694146371
263000	264000	-2.79550876838633	-1.84245202044518	1.31610988913378
264000	265000	-2.28100569846012	-1.86433821255047	1.62456902520651
265000	266000	-2.51826203692114	-2.07553985779431	1.54423264251197
266000	267000	-2.82539414405743	-2.12726161299706	1.96155508340886
267000	268000	-2.53492192374381	-2.40748736610616	1.64431283799995
268000	269000	-2.55735659503201	-2.62913714284865	1.88281796443194
269000	270000	-2.32429701397236	-2.6817779000267	1.69204279410408
270000	271000	-2.28725555859893	-2.4723120009366	1.87607055312679
271000	272000	-2.27806230724137	-2.18286907359738	1.92075324550523
272000	273000	-2.22890568587276	-2.34730393198491	1.58707445813422
273000	274000	-2.38002562726601	-2.47295277262488	1.40120796859532
274000	275000	-2.27373398332046	-2.7787208881147	1.32486499471375
275000	276000	-2.01948151745878	-2.73713892735544	1.5721040528059
276000	277000	-1.91566517725183	-2.47334123774371	1.40791574800446
277000	278000	-1.89135133634644	-2.1956756822123	1.38953816681416
278000	279000	-1.87189876958813	-2.27446799398018	1.79944015579046
279000	280000	-1.66934646814161	-2.43771981774416	2.10376114302858
280000	281000	-2.11952406173596	-2.70575783647139	2.20149195567505
281000	282000	-1.88324087174469	-2.65013052040456	1.85130801258256
282000	283000	-1.60915130253151	-2.68306308051176	1.72081502474821
283000	284000	-1.51193532506649	-2.40417937756205	1.51295049563661
284000	285000	-1.5847652086893	-2.49920473979958	1.22718727866101
285000	286000	-1.57896405874458	-2.83114822812224	1.11099480388302
286000	287000	-1.26533558885723	-3.11212652068926	1.28967663066564
287000	288000	-1.18832297891743	-2.62338582980307	1.39217682257726
288000	289000	-0.970810281594104	-2.31484248084669	1.40952322348766
289000	290000	-0.739267805245039	-2.42344071923025	1.6491567243618
290000	291000	-0.564630779326134	-2.71493601783498	1.59213292714881
291000	292000	-0.642560841668001	-2.57894173246632	1.88844779603534
292000	293000	-0.31834162878961	-3.18226785074748	2.67494447452717
293000	294000	0.0322260395297877	-2.45392988647315	2.11262662929943
294000	295000	-0.00918239260049161	-2.0953385259915	1.89517728624349
295000	296000	-0.260440797229125	-2.18038412210497	1.58730227391163
296000	297000	-0.127831131068512	-1.74250276848446	1.63990353728475
297000	298000	0.254881987685749	-1.90751425152309	1.64745075053643
298000	299000	0.48354741053055	-2.12350487066517	1.20953049788888
299000	3e+05	-0.151165789857743	-1.846827200037	1.06599829910365
3e+05	301000	-0.247326835951444	-1.75879716223798	0.683325341660482
301000	302000	-0.101497208469811	-1.4133162443458	0.745271385105498
302000	303000	0.278902805937936	-1.19190563975566	0.841974706122574
303000	304000	0.592619138649066	-0.956652633122726	0.746134484673219
304000	305000	0.0395464438466599	-0.959115710963249	1.15635353776715
305000	306000	-0.204781449251261	-1.01650810324625	1.3592566474751
306000	307000	0.202488441998132	-1.24438570853323	1.39767016388495
307000	308000	0.345523346745244	-1.64051412992795	1.42547655506849
308000	309000	0.132306908969556	-1.32150794670446	1.72410307852507
309000	310000	-0.0854652953552008	-0.989455412672879	1.83747586173503
310000	311000	0.278738047862398	-0.887848315851836	1.86038970836776
311000	312000	0.354634534526826	-1.23077585829659	1.99359020363228
312000	313000	0.0408956476387796	-1.08012577050743	2.26292812945387
313000	314000	0.330534129766981	-1.03235792524402	2.17720841302532
314000	315000	0.350216826122047	-0.775312904219439	2.29373725575429
315000	316000	0.581317634617513	-1.00009491166929	2.30318382895497
316000	317000	0.689456850069343	-0.696397765860719	2.29530892519787
317000	318000	0.963650300385503	-0.585279184925179	2.50248165742378
318000	319000	1.26833046155027	-0.672539876798473	2.6517545499691
319000	320000	1.21210704270392	-0.570176309875709	3.01802494330732
320000	321000	1.14659170622701	-0.281781607728373	2.78375528515278
321000	322000	1.25312990854282	-0.210928149701068	2.53046058512342
322000	323000	1.78711651779193	0.0908892134983215	2.54795069320064
323000	324000	1.33956989160755	0.13624425156739	2.39653705277573
324000	325000	1.17297121223715	0.244608451022898	2.69391792734792
325000	326000	1.35472256008109	0.179976096942205	4.04597407461438
326000	327000	1.01446664763454	0.393102256569901	3.10299575883565
327000	328000	0.746815718196153	0.716247245876951	2.8952675223639
328000	329000	0.643782809818347	0.97631553334628	3.19867628451627
329000	330000	0.831140616955266	1.11099571153524	2.9222878436958
330000	331000	0.604936581145003	1.33138061552182	2.88350269261598
331000	332000	0.3935877927719	1.273262096841	2.57448486178047
332000	333000	0.469049153032836	0.912888774437162	2.70899782818825
333000	334000	0.107678389720895	0.674645991013814	2.86639702634834
334000	335000	0.0379914284050523	1.02147100182747	3.04365254273867
335000	336000	-0.0245005876018028	1.38077825357971	2.71339421519737
336000	337000	-0.156206367315902	1.82399960242383	2.92896215943065
337000	338000	-0.0217039298275425	1.99109664193785	2.62699907093752
338000	339000	0.215500966406181	1.72930585868716	2.80273664889126
339000	340000	0.6138245078147	1.76171637146401	2.55870173875623
340000	341000	0.376893781051429	2.10157160955429	2.71977439709578
341000	342000	0.26869236979339	1.86242648044717	2.3437804984157
342000	343000	0.272925161579512	2.23117337659109	2.21775759923989
343000	344000	0.577280459588741	2.00084570402184	1.97756514506055
344000	345000	1.08374017208179	2.4087513541072	1.87948184292602
345000	346000	1.45652817358326	2.31012975464215	1.31866244616823
346000	347000	1.51241231525588	1.92450186321954	1.28111153493792
347000	348000	1.8319108761206	1.91550171376349	1.13927335094899
348000	349000	2.02787563578411	1.81959824881396	1.45712396777894
349000	350000	2.05003378220577	1.60574928737529	1.26887454078721
350000	351000	1.76963748861102	1.59341172674392	1.25126367018906
351000	352000	1.91536300881084	1.39468349045885	1.10169414457898
352000	353000	1.93947144061574	1.26415639939831	1.39875599331585
353000	354000	1.93044760989209	0.938016625414183	1.09682772468108
354000	355000	1.68128433208188	0.868177660351051	1.30810614513151
355000	356000	1.67123436939703	0.517155034098491	1.50596427680947
356000	357000	1.7026850479588	0.49772234471425	1.87815251960602
357000	358000	2.69843893147894	0.486096890939766	2.39795839354258
358000	359000	1.76896879364415	0.184576114179674	2.06500935921186
359000	360000	1.64858385136856	-0.348810485243033	2.55886541790377
360000	361000	2.07783748025741	-0.376903301051331	3.50833130101795
361000	362000	1.55791799611232	-0.141425430861699	2.95143207529372
362000	363000	2.08064419842842	0.67886897020209	3.40722845952224
363000	364000	1.47543389799319	0.56286977836075	2.6403432754255
364000	365000	0.903748237873306	0.715873924139758	2.41647352869856
365000	366000	1.09670277856769	0.748043884815549	1.86874016818522
366000	367000	1.36462485647893	1.1048647938539	1.76141637463329
367000	368000	1.59023775523835	1.42118380512272	1.93212716292757
368000	369000	2.06870665762437	2.20701249951123	2.41257040925386
369000	370000	1.30985317635433	1.93666126959213	1.785946012543
370000	371000	0.972289118144844	1.81834613223568	1.19067985754548
371000	372000	2.04872121871853	1.40574909654457	0.416188051310657
372000	373000	2.0431501106501	1.37872963407361	-0.388417212884586
373000	374000	1.9473880553261	0.836154949840281	-0.563510163355233
374000	375000	1.59401959891201	0.894316010099739	-0.12897414451671
375000	376000	0.247751031727071	1.55190077126564	0.943164772379672
376000	377000	0.0280404556852893	1.49758150348668	1.20743904581009
377000	378000	-0.319234286626325	1.32388076699011	1.61135379350857
378000	379000	-0.73180133235956	0.889096291560453	1.8158247714561
379000	380000	-1.00684739895237	0.890559574336324	2.23527839189246
380000	381000	-1.42341005615638	0.838915588868605	1.87849258361182
381000	382000	-1.14685084716158	1.51906942091029	1.72241121665167
382000	383000	-1.67125916601467	1.25743182290561	1.91391503940959
383000	384000	-1.63638561033204	1.67984672310958	1.83892967034697
384000	385000	-1.8772915231962	1.94255379175467	1.65893873624145
385000	386000	-1.40954856717353	2.13692508714504	1.78372614132263
386000	387000	-1.69743725534018	2.43021200734383	1.79187704802038
387000	388000	-1.09834194171643	2.15511584264179	1.75068929331401
388000	389000	-1.33210961124091	2.52567653902056	2.01344029694261
389000	390000	-1.34725933207037	2.18771827261002	2.14172107451125
390000	391000	-1.60529726327227	2.48857780673907	2.25228903197787
391000	392000	-1.80929936293625	2.05848813856462	2.21276121624937
392000	393000	-1.68795295142365	1.63005907471934	2.39446888803299
393000	394000	-1.36286217238693	1.77795467269395	2.38309568480182
394000	395000	-1.5920661735916	1.88674413114372	2.733385191432
395000	396000	-1.21922052502608	1.7423674388046	2.73665665055983
396000	397000	-1.17595736168439	1.97464489850991	2.9842426096465
397000	398000	-1.68719642289856	2.63475410193929	3.57777645580415
398000	399000	-1.50303064111647	2.22802198370907	2.64601594593712
399000	4e+05	-1.18983457859721	2.05517211320866	2.59698902994738
4e+05	401000	-1.06703374055517	2.43409754766776	2.68146333900614
401000	402000	-1.05747842415398	2.92857289000457	2.60181126783677
402000	403000	-1.09974134688598	2.5728499212069	2.34853700282286
403000	404000	-0.908322866918342	2.23388995902775	2.27402030402126
404000	405000	-0.818050811640264	1.80270596892133	2.12882909044481
405000	406000	-0.744241042278471	1.8955377359411	2.49156973191869
406000	407000	-0.796244912634157	2.17732921316392	2.73569484265843
407000	408000	-0.43298846971363	2.48982182626797	2.8738061143709
408000	409000	-0.619952147622248	2.5424084141067	2.48219544551345
409000	410000	-0.73813020538523	2.49263042955782	2.02290075525918
410000	411000	-1.04905678854096	2.73608543268278	1.84745381480178
411000	412000	-1.05872599217722	3.1063650517386	1.68228649379128
412000	413000	-0.698252725611352	2.96800430034995	1.89306642643667
413000	414000	-0.520876174354671	2.92940969986783	2.22729591429136
414000	415000	-0.101115937427133	2.79040452428805	2.12687365070536
415000	416000	0.0877598584733802	2.96716978870432	1.65195846501221
416000	417000	0.383430878696769	2.55993168945961	1.46802156230266
417000	418000	0.946249288772972	2.77734575623231	1.38991135910562
418000	419000	0.563820949555866	2.37680578973929	1.17899930338321
419000	420000	0.432628107013667	2.7281339218033	0.803102774049404
420000	421000	0.0365289974929062	2.1373916274025	1.04245857605663
421000	422000	-0.449380411187824	1.95711703551249	1.56320971801902
422000	423000	-0.492938481523049	2.49898867180765	1.05810018507842
423000	424000	-0.116830924534206	2.68228819764691	1.29638175861722
424000	425000	-0.466064131876693	2.79167141951485	1.47728825240245
425000	426000	-0.557524540414958	2.36510898136841	1.75492899663995
426000	427000	-0.79998186971561	2.58281099902412	1.52155353143645
427000	428000	-1.15707829487165	1.98853632212809	1.22804422486553
428000	429000	-1.31769029624463	2.42633414001162	1.4153737456119
429000	430000	-1.5900551213751	2.22627940200199	1.46399955374426
430000	431000	-1.69267992297715	2.83048661754167	1.40732275117578
431000	432000	-1.58087668399175	2.41477121488039	1.13049743653865
432000	433000	-1.13788695225698	2.38842781248719	0.858420701596673
433000	434000	-0.612184693880234	2.29773758156662	0.242266359481399
434000	435000	1.78410279780592	1.06670444477516	-1.65349449454292
435000	436000	2.53895557685579	1.08557338929803	-1.95986481119772
436000	437000	2.2368212147796	0.925013716619378	-2.49650081099001
437000	438000	2.55012221659448	1.02577691694019	-2.49301159037696
438000	439000	2.30865710835624	0.874904227947895	-2.78477200115336
439000	440000	2.41562516968878	1.3549248070219	-2.52821097288393
440000	441000	2.0754673854396	1.22315576493301	-2.56072463190462
441000	442000	2.27141841184469	1.21114095183241	-2.81783286304636
442000	443000	2.63084192701652	1.18376159734056	-3.12913329233165
443000	444000	2.23098286827963	1.23104417454094	-3.12429429374124
444000	445000	2.20102878497357	1.54870722285708	-2.91485532920452
445000	446000	2.19474620217561	1.750033613642	-2.45284696120125
446000	447000	3.43695662641191	2.15911072575892	-2.2888483079193
447000	448000	2.51230084473752	1.70469454806	-1.87476433514096
448000	449000	2.4203073356349	2.17627553424496	-1.6570304554526
449000	450000	2.4468849526224	1.87129367808612	-1.22740109850079
450000	451000	2.09172473181159	1.77324362699472	-1.04456355437265
451000	452000	2.30510071554791	1.63902962042644	-1.44044216672843
452000	453000	1.9577728809108	1.43407346053039	-1.55600196030863
453000	454000	1.98281226709841	1.73925453386744	-1.95944567203543
454000	455000	2.01405605910693	1.96972646157868	-1.62655241261983
455000	456000	1.90613953752228	2.34031940347221	-1.53156229645497
456000	457000	1.68016136913863	2.14628927508976	-1.20457590769086
457000	458000	1.45756795204251	2.44727503223866	-1.47398449253806
458000	459000	1.37455554531943	2.02822075996617	-1.70143721403831
459000	460000	1.15920916858217	2.24798732294723	-1.98378275386029
460000	461000	0.971865156247485	1.88258234629493	-2.16894807765825
461000	462000	0.923792485297935	1.65032265157538	-1.84909702967961
462000	463000	1.08555422874073	1.63485270964145	-1.42836278792813
463000	464000	1.08667425078845	2.09731358120754	-1.28575399420312
464000	465000	1.45829630730579	1.70286537409832	-1.00155083530533
465000	466000	1.49469415092659	2.18370366250231	-0.769016293860731
466000	467000	1.74191736587041	1.96803741448259	-0.587011434523162
467000	468000	1.79011189936673	1.9137391182121	-0.184581659195407
468000	469000	2.0976870391804	2.129763489626	0.185511104076716
469000	470000	1.63874442549859	2.27316249839603	0.456554605679412
470000	471000	1.58443990150249	2.42383238301942	0.842799243417131
471000	472000	1.21673276886925	2.70463762066834	0.840387397353043
472000	473000	1.66512415972476	2.72799229960577	0.548459226248944
473000	474000	1.61045502234402	2.65376393336474	0.00873022229653118
474000	475000	1.89693297020969	2.50174522191644	-0.35730313243701
475000	476000	1.97791242086875	2.37051841528096	-0.679157644850809
476000	477000	1.5692665927466	2.60854715238293	-0.618844555533153
477000	478000	1.32722469478876	3.04798742244175	-0.644367835782767
478000	479000	0.968218707732678	2.56884004753292	-0.591316537906496
479000	480000	1.00267473866934	2.5093721951421	-0.942918626087685
480000	481000	0.530587191343397	2.49824133386299	-0.877967696950608
481000	482000	0.660227552921786	2.58763811739332	-1.16842612439391
482000	483000	0.38744615360509	2.33392461623744	-1.28124951121259
483000	484000	0.59702008682965	2.10220937675728	-1.55795128194714
484000	485000	0.418735099227894	1.76106242144894	-1.73752291538855
485000	486000	0.215930182903932	2.13917393860835	-1.85931952141901
486000	487000	0.106366323347712	2.51778636703527	-2.31353230539846
487000	488000	0.0052988119533743	2.10505493993522	-2.11949805606334
488000	489000	-0.267764627899461	1.62033760634819	-2.0803907302878
489000	490000	0.160020373296933	1.77771663914182	-2.07903711226146
490000	491000	0.097234820981948	1.83630444205167	-2.4119763775658
491000	492000	0.576523411461346	1.75872360963697	-2.11494384349788
492000	493000	0.532645505597515	2.15641786142637	-2.13367362735078
493000	494000	0.555353395096449	2.43261518701394	-1.9492263157889
494000	495000	0.313255600551872	2.52596846760786	-1.61953582360982
495000	496000	-0.470731853075914	3.37643443089008	-1.67895914753656
496000	497000	-0.15552895966083	2.34584260908191	-1.57780726310645
497000	498000	-0.206247359407764	1.9869922114267	-1.41720999113849
498000	499000	0.0553937628093319	1.91960038116917	-1.30750785234445
499000	5e+05	-0.341237114543625	1.67824579156213	-1.39381376884217
5e+05	501000	-0.0865982246729005	1.62704292223612	-1.6451480612102
501000	502000	-0.423301405911346	1.93792996282603	-1.71415315538767
502000	503000	-0.701638009291137	1.40931190088386	-1.93960701853936
503000	504000	-0.704185077149093	0.994818808723168	-1.59645049593152
504000	505000	-0.460104450728759	0.92655679780888	-1.89221291113646
505000	506000	-0.708982026174556	0.527352370799024	-1.90842651458555
506000	507000	-0.219057861021324	0.342873063995494	-1.97763073623768
507000	508000	-0.426383476750046	0.528281269584642	-2.40007908953561
508000	509000	-0.00557814239522687	0.4758463858038	-2.29039927465585
509000	510000	-0.254170394537118	1.02234389976402	-2.38138222165133
510000	511000	0.0338015118460465	1.00342141744545	-1.99355378700416
511000	512000	-0.0441789512979167	1.19749834292089	-1.48717335077315
512000	513000	0.327974890399701	1.27675060687029	-1.33222886201351
513000	514000	0.357285517098145	1.27301293649971	-1.99339383188802
514000	515000	0.544763932171002	0.94641996499022	-1.80967372471814
515000	516000	0.346175851056586	0.500209281908448	-1.87982263421145
516000	517000	0.627032852206376	0.466866546186805	-2.2605249462977
517000	518000	0.354220494306406	0.781088699346841	-2.41130000549915
518000	519000	0.271931479611719	1.03162152200965	-2.8785310270192
519000	520000	0.742629250817349	1.30528981355824	-2.68163938442143
520000	521000	1.01326732714618	1.36194927917388	-2.48317830184847
521000	522000	1.2092586128504	1.66336649768326	-2.62378380268701
522000	523000	1.45988048660696	1.97413240330014	-2.27657744630263
523000	524000	2.04420636316684	2.9579880707109	-2.9352620307541
524000	525000	1.82652123068266	1.96252472736053	-2.57503055009824
525000	526000	1.91469866552706	1.664046399726	-2.60136175645866
526000	527000	1.73547403666598	1.65129585497593	-2.86499854479479
527000	528000	1.97669765342826	1.70357624067047	-3.16340890042013
528000	529000	2.10165879447524	1.97329166565521	-4.08523564973437
529000	530000	1.87151914203129	1.36087286186759	-3.20660739275932
530000	531000	1.85402186804937	1.20984461641606	-2.87573013132507
531000	532000	2.05347621557822	0.949796020842107	-3.06327507645239
532000	533000	1.92465205790783	1.09009133315441	-3.36775177949061
533000	534000	1.79006288214098	1.34744872989515	-4.23663761547209
534000	535000	1.74163986037557	1.08801216474963	-3.12342673729275
535000	536000	1.79161368228334	0.716411433398612	-3.14656617624052
536000	537000	1.71699820838037	0.460884522338336	-3.3865924787694
537000	538000	2.12505085482218	-0.166048228948199	-4.11652775434814
538000	539000	1.97583285131025	0.283642296938907	-3.00583012371658
539000	540000	2.21578329061825	0.479223621670439	-2.97040680378305
540000	541000	2.24264665628465	0.101626936791997	-2.6515397481104
541000	542000	2.50623094945263	0.577299245494463	-2.65408152287255
542000	543000	2.01223795235678	0.556371478861159	-2.53110613995338
543000	544000	2.19868169411307	0.527870303851182	-2.17086190546783
544000	545000	1.72874803732438	0.695729436951998	-2.22573806547518
545000	546000	1.714230301313	0.0766939234703829	-2.30060021510867
546000	547000	1.31660377904668	0.331584096464849	-1.91479660959381
547000	548000	1.58650040031366	0.433507325609392	-1.33047140266807
548000	549000	1.72667195763916	0.607826654724078	-1.65411697801786
549000	550000	2.29585953663017	0.782567298514875	-1.48983840599985
550000	551000	3.21572449194897	0.165602173054968	-1.28745398314836
551000	552000	2.36196698030253	0.150925309459043	-1.69303961476855
552000	553000	2.0439067329696	0.0207590081083609	-1.90925446737333
553000	554000	1.95308912199616	-0.410471476883267	-2.19336004150975
554000	555000	1.82834682535184	-0.54736000259182	-1.70990868937527
555000	556000	1.40258874128931	-1.06418488344462	-1.47127423915407
556000	557000	1.19955586844461	-1.48415727710785	-1.28404536156128
557000	558000	0.661000099744081	-1.9452507028299	-0.884502113642117
558000	559000	0.239698106877074	-2.19556929232301	-1.01828339346836
559000	560000	0.207761122377672	-2.78944506618353	-0.946110258554162
560000	561000	0.659425246583318	-3.61687191529816	-0.860675255474206
561000	562000	0.238846035900084	-2.73166671158802	-0.255929932706524
562000	563000	-0.24594879858797	-2.49247224673693	-0.228887598841223
563000	564000	0.0302056493078288	-2.60237843586378	0.349504789324369
564000	565000	0.203829782744815	-2.07467705624149	0.466607783611166
565000	566000	0.691060664348584	-2.34632582316463	0.233784873067194
566000	567000	0.533398270124046	-1.91432351652329	-0.0207855246011507
567000	568000	0.851468482119905	-2.19814097286426	-0.345788693437801
568000	569000	1.13196985034331	-1.74492087773272	0.0294589837403599
569000	570000	0.976241126751664	-1.61748877659902	0.47360576738092
570000	571000	1.43284279901862	-1.15205870990229	0.135683974798455
571000	572000	1.24045165648928	-1.23108838730762	-0.202759267676398
572000	573000	1.02677392884102	-1.07357868187544	-0.715688656497044
573000	574000	0.713113512099149	-1.1736881772648	-1.15569100429736
574000	575000	0.553597803835311	-1.45087925991666	-1.71590260108461
575000	576000	1.28011935084695	-2.50489718305875	-1.93817476665878
576000	577000	0.50346698109466	-2.16236089562873	-1.88530567344761
577000	578000	0.105150594273416	-1.73488834260863	-1.95904740216059
578000	579000	-0.261502404208476	-1.87994547754649	-2.23615633477349
579000	580000	-0.16478086112849	-2.25243615062981	-2.3886608927784
580000	581000	0.413662699192038	-1.79836447864139	-2.53990063980922
581000	582000	0.815135764846081	-1.81631854346224	-2.20504753475799
582000	583000	0.99592044099887	-1.41207073196357	-2.0130058359215
583000	584000	1.18140132273731	-0.842442948063873	-1.92720857049436
584000	585000	1.12458509033138	-0.38685520980164	-1.62752772246913
585000	586000	0.725444908778197	-0.430187256468853	-2.00302172708342
586000	587000	0.603653998078283	-0.446443478134716	-2.44138278782107
587000	588000	0.987312964226429	-0.171015581855346	-2.51888453804788
588000	589000	1.35095245524537	-0.571032113672366	-2.53446938625103
589000	590000	1.00541846298779	-0.892032730469425	-2.39401810600013
590000	591000	0.521140795275398	-1.15486423844124	-2.89817444361341
591000	592000	-0.0400450634613923	-1.53128958876451	-2.59628794869325
592000	593000	0.0275541698576845	-1.71524502615762	-3.02089882996518
593000	594000	-0.288681522008157	-1.68559182933719	-2.81345281417671
594000	595000	-0.258832456250785	-1.45023210327401	-3.24457662807901
595000	596000	-0.529908954449786	-1.14535562779045	-3.097304872935
596000	597000	-0.179379772634807	-1.1879132255576	-2.90286930910448
597000	598000	-0.258765728197221	-0.875260924578554	-2.89607392732739
598000	599000	0.319299675158074	-0.505108927244689	-3.1075778887573
599000	6e+05	0.606243441445355	-0.0827599753236862	-3.83532236502383
6e+05	601000	1.19240383649355	0.260948596217461	-3.24803076710949
601000	602000	1.22437123839978	0.415619241264048	-2.82116692073405
602000	603000	1.43788375549257	0.676949589293907	-2.84906172468259
603000	604000	1.28712071088439	0.996104217106522	-2.84484093053218
604000	605000	0.972742092062484	0.766754605393329	-3.02505538040329
605000	606000	0.618853748940722	0.547375878334112	-2.85199696817219
606000	607000	0.250812077283126	0.329141877931423	-2.96485891837769
607000	608000	-0.0279204613965575	0.208106218493482	-2.7096199898916
608000	609000	-0.462138248187398	-0.035085664771482	-2.58967197659847
609000	610000	-0.551717031151884	-0.534594745994849	-2.60017463589702
610000	611000	-0.670264345010123	-0.944837978616723	-2.54387320862082
611000	612000	-0.948310883632319	-0.844819122440383	-2.72580789492348
612000	613000	-1.31942637491787	-0.612318766410033	-2.60627826604211
613000	614000	-1.18482399366615	-1.08507388983918	-2.31381929395296
614000	615000	-1.01436819813951	-1.40995999635983	-2.10420497718861
615000	616000	-0.862127413429954	-1.70803918465193	-2.28945749756129
616000	617000	-0.779963345685324	-1.38697564203027	-2.53834166292063
617000	618000	-1.06008900725712	-1.5162659804982	-2.6206222151677
618000	619000	-1.08387962980525	-1.44527323521824	-2.97072468333464
619000	620000	-1.20021431303098	-1.78925540301776	-2.76204879589246
620000	621000	-0.878610334776925	-1.88144398722202	-2.75831742385491
621000	622000	-0.729961265880266	-2.04230310582161	-2.530427530759
622000	623000	-0.559440023777358	-2.45961200798055	-2.78547324128812
623000	624000	-0.600610314709144	-2.43571080990708	-2.26243052573305
624000	625000	-1.06886406491288	-2.68705755583789	-1.79021452829025
625000	626000	-1.94092005835838	-2.82036092272226	-1.53172338710205
