0	1000	-2.47848169666852	1.26431387577805	-0.641335755601675
1000	2000	-2.15895749392225	1.51489415982467	-0.574633463922679
2000	3000	-2.33855988266894	1.44363379110379	-0.0425302743867922
3000	4000	-2.58211779888555	1.91665710009045	0.0172758274121842
4000	5000	-2.88539070135433	1.81817556816436	0.241368826837828
5000	6000	-2.94877032925348	2.25549347184465	0.547557807297613
6000	7000	-2.500655347302	1.94244484976469	0.67500068834911
7000	8000	-2.59368153223054	2.12738346930447	0.999750459840804
8000	9000	-2.49416941255488	1.7266444423826	1.04058373692695
9000	10000	-2.25131229586447	2.05847025284398	1.20856789947319
10000	11000	-2.07380098577288	1.92791429968391	0.895734510648705
11000	12000	-2.00702623947993	2.46141804894331	0.865429656478051
12000	13000	-1.77290427682404	2.00739028863996	0.52608770072068
13000	14000	-1.61882495548037	1.6536630187941	0.840545013344241
14000	15000	-1.32068262582567	1.89972491907255	0.698800699454457
15000	16000	-1.31450939769119	2.27733850444009	0.949650984427533
16000	17000	-1.19612580386093	1.87456480237395	1.18955588466976
17000	18000	-1.12919895235309	1.4048903032635	1.20207185511197
18000	19000	-0.811195544478839	1.37106508272199	1.58811851636054
19000	20000	-0.349019432973837	1.32346909708994	1.47190152289277
20000	21000	-0.711173645132238	0.871031585180124	1.56485605999892
21000	22000	-0.254514435143877	0.818172650456213	1.51632502252933
22000	23000	-0.0684408831022567	0.730059805785305	1.9962451867866
23000	24000	0.0238470373536597	0.988715368689829	2.37391774676901
24000	25000	0.00367887654913914	1.48472117313724	2.31935681152367
25000	26000	0.150603334981812	1.30529259854184	1.86792280616791
26000	27000	-0.256578986926753	1.14299946993571	1.98300329862902
27000	28000	-0.549626267596498	1.36938710747652	2.25722006430282
28000	29000	-1.72288829298647	1.03290081775969	1.58654789331305
29000	30000	-1.13738080338033	0.807468914151452	0.595844881878228
30000	31000	-0.496680607659037	0.7861382504645	0.581561153831702
31000	32000	-0.363856896854443	0.687528768892803	1.01369020627096
32000	33000	-0.825272700366099	0.52546322030351	1.13233248328145
33000	34000	-0.557908022814744	0.372343601148835	1.48270012733344
34000	35000	-0.183986856144865	0.201591840373119	1.7682033890928
35000	36000	0.205966835234101	-0.119505315688818	1.94329307637333
36000	37000	0.0890320723658627	-0.260913003403725	1.39335094752
37000	38000	-0.0989145138200466	0.186356382560526	1.17995311279586
38000	39000	0.193915060231033	0.139916156503872	0.698330068925498
39000	40000	-0.203711385467862	0.250428595587834	0.420889125533986
40000	41000	-0.0263421870091984	0.65153704640662	0.334581205638387
41000	42000	0.542936480584805	1.57874906294774	0.657399512924486
42000	43000	-0.207423167927204	1.14395507747293	0.872087084792571
43000	44000	-0.686320900383572	1.0823622311145	1.03471569502155
44000	45000	-0.764388919125653	1.37182357938829	0.631301385386932
45000	46000	-0.752187558576569	1.694242480523	0.998711921585919
46000	47000	-1.35513442869136	2.59708859871853	1.76423952424002
47000	48000	-1.65000957341433	1.81226882392405	1.36329380355764
48000	49000	-1.61790777621059	1.23728415865635	2.39156698315233
49000	50000	-1.44419383779078	0.818850791233474	2.70415512771854
50000	51000	-1.3663925951234	0.436975354203099	2.90686456756234
51000	52000	-1.38921565009402	0.545937873091594	3.30725434633642
52000	53000	-1.20092256618661	0.201126619670662	3.22072271007585
53000	54000	-1.2148798252258	-0.244527979235121	3.10347405001527
54000	55000	-1.28740774666061	-0.0999924767560553	3.50770831560696
55000	56000	-0.949267780035294	-0.218406491485255	3.7444376728479
56000	57000	-0.510041830840231	0.0624211991115983	3.90261815539012
57000	58000	-0.18572565242999	-0.161396962443605	3.6445442821337
58000	59000	0.0653070677769144	0.207813432351036	3.67935604824305
59000	60000	0.493175286636969	-0.0153422359602311	3.53582979088163
60000	61000	0.802287267186325	0.340398868437921	3.57504589513398
61000	62000	0.948095614102805	0.225251732323638	3.20288311275018
62000	63000	0.631584484511271	0.434664588133958	2.98955243994399
63000	64000	0.288115370546688	0.0793079528901469	2.92656095566983
64000	65000	-0.0991258533650237	0.322076969233118	2.86401270953044
65000	66000	0.144297523327914	0.192221908969618	2.48053458895602
66000	67000	-0.322327028495386	0.170735230640371	2.35707260660198
67000	68000	-0.634341290314374	0.0662173849457059	2.05470059962605
68000	69000	-1.09577581515789	0.1267878005666	2.26474668675567
69000	70000	-0.69075375627999	-0.292889459047151	2.39752478224439
70000	71000	-0.282327049556617	-0.45718081645704	2.34383954956776
71000	72000	-0.0258122085185708	-0.614902694767944	2.69457927897288
72000	73000	-0.150256195304833	-0.200044140675669	2.71337033175207
73000	74000	-0.524875161594351	-0.310705427739399	2.86432618537232
74000	75000	-0.501785144268227	0.0775815450847128	3.17420318197043
75000	76000	-0.827440683923123	0.0699905440951506	3.44287710968204
76000	77000	-1.15553298964832	0.349407143120283	3.72006693716186
77000	78000	-1.56834463002424	0.12055383579999	3.83421631565193
78000	79000	-1.69627457745291	0.169946376326718	3.38692509846824
79000	80000	-1.97171582001282	0.343490765711011	2.91363001507559
80000	81000	-1.97288811008577	-0.205335863594077	3.09261924236169
81000	82000	-1.92381929763201	-0.139908545533618	2.59581750141699
82000	83000	-2.3176675429933	-0.347520682544977	2.53309799306345
83000	84000	-2.36640719838243	0.101326149614263	2.39365723849252
84000	85000	-2.50743713339692	-0.226811243184877	2.01833728854273
85000	86000	-2.12546650810824	0.101617179893467	1.82866237488874
86000	87000	-2.26059035935917	-0.122825594212021	1.33851284228779
87000	88000	-1.74123637643317	-0.186166690592753	1.51802907279301
88000	89000	-1.6474792856697	-0.580188727826152	1.36360483909023
89000	90000	-1.45469608075539	-1.01091413926566	1.41549139124151
90000	91000	-1.6283118569962	-1.3705646758302	1.61835652081381
91000	92000	-2.81956035005785	-1.62420611486436	1.74548605709648
92000	93000	-1.44580337247229	-1.63788864928021	2.13306991052469
93000	94000	-1.26351515234225	-1.75011895422971	1.69532428026869
94000	95000	-1.17035462886543	-1.29152794528558	1.93952630430418
95000	96000	-0.789302245478894	-1.40932925235822	1.6821644238893
96000	97000	-0.768282746237899	-1.53359640662522	2.13607478544758
97000	98000	-0.522537057987478	-1.79535438068775	1.83817420174184
98000	99000	-0.637180976036689	-2.18615558490208	2.13471172327378
99000	1e+05	-0.870457411375097	-2.20866863898496	1.73045496276131
1e+05	101000	-1.17267765600671	-2.24608297165729	1.33948155179071
101000	102000	-1.12971266157569	-1.89392479357551	1.00511905663895
102000	103000	-0.869429129483072	-1.5036002680281	0.77570208319705
103000	104000	-1.1426294248894	-1.10354801616157	0.889850406065653
104000	105000	-1.64493313784805	-0.921391965280141	0.69212647629417
105000	106000	-1.54982607884482	-0.416949915610792	0.828066714094635
106000	107000	-1.15351264942546	-0.414089087590167	1.0166202859353
107000	108000	-1.01633480146663	0.00011185959812386	0.860934286762153
108000	109000	-1.29891912020187	-0.0107448532156934	1.2160363944164
109000	110000	-1.23962886744388	-0.300419655297476	1.62093181869995
110000	111000	-1.47818358899237	-0.648807923739902	1.83809642370114
111000	112000	-1.88136643197189	-0.481396324450196	1.86258617813402
112000	113000	-1.66353646955061	-0.320526347693549	2.2122055655094
113000	114000	-1.82170202430089	-0.716008779292307	2.30848416394085
114000	115000	-2.14599009815626	-1.23719304301824	2.23680777170284
115000	116000	-2.09376959015032	-1.72592074027253	1.76423198275851
116000	117000	-1.92889748192252	-2.11549366647684	1.99921481011708
117000	118000	-1.77347833941617	-2.49968242922876	1.94917059258291
118000	119000	-1.84376057796257	-2.3587124400673	2.49671990850378
119000	120000	-1.34233576643785	-2.51644231645937	3.1276182239254
120000	121000	-1.15190988771815	-1.86062822349388	2.51914900898876
121000	122000	-0.930447049931961	-1.273957749459	2.61975012610799
122000	123000	-0.890981515657172	-0.79922784981206	2.44210045389882
123000	124000	-0.798356265931605	-0.899172535579733	2.01284052976952
124000	125000	-0.191736889867721	-0.961155937936685	1.39827314486542
125000	126000	-0.116677562649231	-1.33071578640746	1.99742386927874
126000	127000	0.196773558517039	-1.16713931483794	2.3127081319545
127000	128000	0.556155456829989	-1.34599577199453	2.28548660832096
128000	129000	0.639294357414615	-2.05114864694077	3.10599932384089
129000	130000	0.551410523849001	-1.99901179850094	2.27551272489129
130000	131000	0.706895424742169	-2.00750660591221	1.87196241937609
131000	132000	0.513799235633931	-1.96770263555583	1.4529512999582
132000	133000	0.226879075435805	-2.39221767454539	1.48180798265722
133000	134000	-0.120935503322749	-2.56403895462366	1.80646012602479
134000	135000	-0.734341841895412	-2.62006886399527	1.52914668514032
135000	136000	-1.04119360053042	-2.80915932234014	1.78816678625627
136000	137000	-1.17574889174968	-3.79307611496675	2.09591190270346
137000	138000	-0.667719213582041	-3.07094973846915	1.50543687661994
138000	139000	0.0319451056215106	-3.62683432258624	1.65611112040397
139000	140000	-0.21368906182261	-2.70400385968248	1.16937151145951
140000	141000	-0.180363853894326	-2.29777859939332	0.963963430731417
141000	142000	0.262038046048466	-2.19101090762118	0.889696844250125
142000	143000	0.260253683350583	-2.37958740424802	0.405026917601636
143000	144000	0.1900492888787	-2.90225600521883	0.595867853798646
144000	145000	0.444787305868695	-3.14801603110606	0.941802119657023
145000	146000	0.370685692192988	-2.70814213595425	1.03694244492623
146000	147000	0.606248025238423	-2.60761820604997	0.748363379536377
147000	148000	0.855225297255151	-2.84346480891869	0.329263758676842
148000	149000	0.469561545318958	-2.85401261394509	-0.150626234612968
149000	150000	0.277981200665111	-3.17376255994176	-0.0644426952894945
150000	151000	0.00024060299722902	-2.8322637623547	-0.18723537167415
151000	152000	-0.269053583827942	-2.80892949485673	-0.565392798329956
152000	153000	-0.604092692012007	-2.81444353000563	-0.852001318094251
153000	154000	-0.808833679288713	-3.13892083823498	-1.12615731835789
154000	155000	-1.21557982179957	-2.81374681136495	-1.12935403155761
155000	156000	-1.59367191144008	-2.54601985041011	-0.948662140077889
156000	157000	-2.01145497282526	-2.29124346482658	-0.904662702745362
157000	158000	-1.67957866576891	-1.93019856666684	-0.789603691350823
158000	159000	-1.36757878113275	-1.99236789306175	-1.10091588521123
159000	160000	-1.37718042421713	-2.01528614903123	-1.59143828551669
160000	161000	-1.46716758945928	-2.30669500661866	-2.0381914544847
161000	162000	-1.4059624623848	-2.34100989682667	-2.6219322119564
162000	163000	-1.06930112760041	-2.83817822914121	-2.27692318437374
163000	164000	-0.996799911844913	-2.28682051635205	-2.2158789605613
164000	165000	-0.57061250285512	-2.15879456782393	-2.01576955232021
165000	166000	-0.345287983329068	-1.69934941463587	-1.90922174321479
166000	167000	-0.284093248298921	-1.18836494702371	-1.88910835921307
167000	168000	0.148022246963735	-1.00200837062136	-1.56216879343652
168000	169000	-0.342555663757579	-0.7801315697118	-1.5769739995538
169000	170000	-0.11311603024616	-0.406657374892536	-1.68433320030628
170000	171000	-0.0930271809292633	-0.353120756320182	-1.16853371949593
171000	172000	-0.175998471989724	-0.289217787735193	-0.600921020544403
172000	173000	-0.586159927713258	-0.640633696794303	-0.805607072157112
173000	174000	-0.567659966920935	-0.990179134540139	-1.12420984774553
174000	175000	-0.422926175024637	-1.37385206511535	-1.37479694690328
175000	176000	-0.39471193415875	-1.50224256611451	-0.893158632859173
176000	177000	-0.706863348493145	-1.89953041934413	-0.968274245908117
177000	178000	-0.831004443935878	-1.90793944018611	-1.44057119188372
178000	179000	-1.03412532816718	-1.73721738678404	-1.94225035405694
179000	180000	-1.00516031398768	-2.38763261226703	-1.69730924521763
180000	181000	-0.831002895747303	-2.50836798695747	-1.3070476707919
181000	182000	-0.509036284244009	-2.77612353790088	-1.31735628534335
182000	183000	-0.345154537933021	-2.42735220011711	-1.14689995319235
183000	184000	0.0828262582409394	-2.68692627427685	-1.19163794158056
184000	185000	0.277348573223006	-2.31742421467253	-1.18746777901947
185000	186000	0.479341407229791	-2.5830276117657	-1.53265999906624
186000	187000	0.610074610048762	-2.10362271604276	-1.63635081971892
187000	188000	0.925181309302981	-2.38567426803146	-1.29137726680096
188000	189000	1.3321551512731	-1.99238944626812	-1.22907654011339
189000	190000	0.884874583199366	-1.90168932288864	-0.90374350945934
190000	191000	0.471661028105523	-1.84418332799602	-0.752370470564219
191000	192000	0.0291428504384008	-2.01175019096371	-0.724001847549165
192000	193000	-0.276874768673431	-2.25023314085933	-0.417706760391542
193000	194000	-0.808972248749064	-2.29657424089639	-0.429052571601259
194000	195000	-1.24516916806456	-2.46082781719756	-0.619726590791328
195000	196000	-1.67900119796123	-2.33011579141169	-0.508432085515118
196000	197000	-1.60071869713151	-2.66967729382895	-0.280854316467665
197000	198000	-1.34140942348559	-2.34901905249231	-0.0152546776335627
198000	199000	-1.36804184288851	-1.93108894380005	-0.307701861484009
199000	2e+05	-1.79322839987061	-1.84142695142588	-0.0961807024426668
2e+05	201000	-2.10884536082016	-2.17218377278714	-0.170581163120645
201000	202000	-1.86193834048835	-2.35610753704959	0.122698781704327
202000	203000	-2.03791074360351	-2.78258201243239	0.0483694043588092
203000	204000	-1.7171090961283	-3.09108408851778	0.0402077642909307
204000	205000	-1.50436715046459	-3.34107172652544	0.298429562270883
205000	206000	-1.14057560753116	-3.01742296147755	0.384621862013021
206000	207000	-0.94574268717164	-3.41893314708325	0.338706259879388
207000	208000	-0.524545485224232	-4.32569805044927	0.611359202005911
208000	209000	-0.808276502869684	-3.3998518148797	0.816090771361288
209000	210000	-1.00164859233333	-3.00265301388755	0.981425145944792
210000	211000	-1.4416720090593	-3.12146541511449	0.7661964815226
211000	212000	-1.86702578482111	-3.06286762539387	0.607668459279866
212000	213000	-1.73208001967094	-2.84630183068768	1.02442718883463
213000	214000	-1.5751106782428	-2.6157942274157	1.32795087882078
214000	215000	-1.38805128626968	-3.00675610240125	1.46737881360946
215000	216000	-1.66554688681248	-3.32913080960005	1.24525565296658
216000	217000	-2.05033044119287	-3.26521165797359	1.03267058617995
217000	218000	-2.17803778402766	-2.98344663291243	1.36639324272554
218000	219000	-2.26042715514274	-2.87105050862724	0.913999186261461
219000	220000	-2.10072897894124	-2.54779183450315	1.18171602195471
220000	221000	-2.47299863438149	-2.5110199749017	1.01596868324871
221000	222000	-2.44706937182306	-2.01885830604253	1.00157406023345
222000	223000	-2.1080824785848	-2.44013264229083	0.676015915507446
223000	224000	-1.78028403948111	-2.21085031551294	0.863728257551619
224000	225000	-1.46269663235741	-2.46399626450283	0.692991758260943
225000	226000	-1.03179101891685	-2.41107314722201	0.815752546344085
226000	227000	-0.905361613165526	-2.25248968619286	0.367736049505138
227000	228000	-0.564279428594802	-2.53995816412497	0.495536324042099
228000	229000	-0.532135591892286	-3.03144045707342	0.447996673087024
229000	230000	-0.525023140383005	-2.77490554004759	0.0397027080843633
230000	231000	-0.724348644151921	-2.89421410169601	-0.291096737430595
231000	232000	-0.412675974386661	-3.37295054257435	-0.252089133786167
232000	233000	0.0818908956718686	-3.13492850613165	-0.562348406386396
233000	234000	0.33280079296789	-2.71541145177374	-0.603717767818695
234000	235000	0.71546272168118	-3.26607122334963	-0.726348841435492
235000	236000	0.913033641921983	-2.88344921819026	-0.97261343003708
236000	237000	0.836193732702331	-2.61330637855473	-0.674487941869491
237000	238000	1.17472379603638	-2.4249176613155	-0.778822473985006
238000	239000	1.24542536477802	-2.64853022003782	-0.319800548791597
239000	240000	1.05658906216553	-2.04530990096643	-0.396187084875662
240000	241000	0.650128735652802	-1.96551077339248	-0.0414038784225772
241000	242000	0.64444901002193	-1.57350699793485	-0.392573067473784
242000	243000	0.13824487967324	-1.55086863830584	-0.444685556739693
243000	244000	0.0891743378134984	-1.12692359837906	-0.399283024570252
244000	245000	-0.341043239899411	-1.00188600556677	-0.419708862945759
245000	246000	-0.665557418541613	-0.601945752262627	-0.0729304703373819
246000	247000	-1.24493114818421	-0.741143971139771	0.0115425074523331
247000	248000	-1.15734235475614	-1.09554584210275	0.276687151345851
248000	249000	-1.51495470980996	-1.19409980686488	0.050494472645616
249000	250000	-1.43540450852042	-1.13720474777024	-0.355559427747873
250000	251000	-1.40156970408127	-0.878479176525149	-0.692428358433672
251000	252000	-1.02117189763912	-1.2031531188507	-0.655884062545243
252000	253000	-0.867523362640587	-1.5631052546744	-0.304412422571731
253000	254000	-1.03553634968096	-1.69577188510539	0.200670602307418
254000	255000	-0.525977694629684	-1.83191452732467	0.216422480405529
255000	256000	-0.479317867091259	-1.38252795725622	0.0635009365877223
256000	257000	-0.10952557475827	-1.61355861823612	0.242237634163134
257000	258000	-0.264979314784598	-1.61438877573237	0.684347924300475
258000	259000	-0.304344066328909	-1.09176519061885	0.63936434386387
259000	260000	-0.0948222307031515	-0.628567727283497	0.516663442570874
260000	261000	-0.00479669866971525	-0.970045304394302	0.21211015018841
261000	262000	0.397072404515303	-1.21941482681314	0.126179943227828
262000	263000	0.560363276761767	-0.695085278833401	0.0365947743407307
263000	264000	0.774748557693861	-0.905123717888699	0.582690555632032
264000	265000	0.835745953758283	-0.368413130820272	0.750236379301301
265000	266000	1.05984517597683	-0.0444325806662649	1.16160689175215
266000	267000	1.0450797762082	0.437383186240137	1.47691351671
267000	268000	1.20463367717861	0.505698466685528	0.922199400696064
268000	269000	1.00437320373647	0.313623702233522	0.502811722664226
269000	270000	0.738011629327748	0.433075093266164	0.846825824386747
270000	271000	0.625601698044127	0.171446771016706	1.20078908823026
271000	272000	0.404280875035927	0.627984461631466	1.27728134607798
272000	273000	0.271673309627556	0.399017666300124	1.6871291591809
273000	274000	0.555789303122558	0.733001221683734	1.81536752863784
274000	275000	0.944971949721689	0.865428306977504	2.13002613332728
275000	276000	1.32657598950149	0.931625349981264	1.8821885130239
276000	277000	1.1774327260501	1.02584180187617	1.49171544197885
277000	278000	1.5619416962035	0.722237531752532	1.47321919877225
278000	279000	1.59290543679714	0.233004016740625	1.39903515808438
279000	280000	1.37531100312311	-0.164692554031043	1.65400504407524
280000	281000	0.850198723882274	-0.445724169238843	1.83162837424426
281000	282000	0.78251821608165	0.155411433267692	1.96341599638526
282000	283000	1.01963492466658	0.365937952031583	2.30924579046153
283000	284000	1.40307619792324	0.567849281357385	2.44871756743696
284000	285000	1.58842482604286	0.533013362047346	2.03078809073239
285000	286000	1.5710309177951	0.989001337155062	2.27455073246686
286000	287000	1.44170230699185	1.35529989266925	2.74054819021525
287000	288000	1.89630340875446	1.44904454828413	2.45984138350394
288000	289000	1.90641134429324	1.46959201598297	1.97074552428492
289000	290000	2.11740559704321	1.01946620997677	1.85287188847658
290000	291000	2.23022626631346	0.507597418249908	1.87914431597252
291000	292000	2.47767887054567	0.132045103180887	1.66160735264645
292000	293000	3.59788027250595	-0.515499611312575	2.052720895514
293000	294000	3.04165301582824	-0.230422320529967	1.42428126009809
294000	295000	2.69490741850952	0.128943378741595	1.22290867608747
295000	296000	2.36911372640935	0.512842144379102	1.30350239560304
296000	297000	2.84445389281951	0.671363117126858	1.41103659302826
297000	298000	2.48100409105811	0.997229455121844	1.5376073926083
298000	299000	2.82220033443753	1.48944784792443	1.43432878749523
299000	3e+05	2.46530710433456	1.41237052630849	1.78739209998091
3e+05	301000	2.54776742725585	1.32971265182769	2.15125311464998
301000	302000	2.8627882494153	1.22071122040202	1.894549177025
302000	303000	2.99893662019267	1.02300058036949	2.2195857985911
303000	304000	3.31949300640931	1.02309518220055	1.73235172883746
304000	305000	2.79212207995372	0.717511037885845	1.87529109560223
305000	306000	2.8873903745149	0.292514526855925	2.12262870285603
306000	307000	2.71381168775388	-0.125779811384014	2.16273695390022
307000	308000	2.38627923207065	-0.420202551222414	2.47046452391102
308000	309000	2.23433954849572	0.0313386138839478	2.59807053680372
309000	310000	2.00946652883579	-0.115219340884466	3.21645944538109
310000	311000	2.06868168347853	0.322172514801886	3.0285180296363
311000	312000	1.8875150009754	0.541325673155863	3.23202599091858
312000	313000	2.38653434489487	0.678312811691405	3.33435958723794
313000	314000	2.05945860803382	0.804337651963065	2.78478095889606
314000	315000	2.52992647147543	0.792521309822425	2.59906290927572
315000	316000	2.16222379203186	0.994562531971968	2.37515240265286
316000	317000	1.95300883737652	0.556665433387348	2.42668615812565
317000	318000	1.68224867073102	0.169842521406258	2.35374956438593
318000	319000	1.89440195861408	-0.136051714234379	2.08723071573702
319000	320000	1.63762761130876	-0.555717102457125	2.00928499543751
320000	321000	1.88423256821876	-0.919109595368528	2.22113335506916
321000	322000	1.89699408557654	-1.34914532857158	2.20880773311048
322000	323000	2.30102725925516	-1.75191920880173	2.30649125794076
323000	324000	2.42126652190528	-1.34546732424598	1.88116486331285
324000	325000	2.58327536376905	-1.27752743233045	2.28335903023387
325000	326000	3.09183634287401	-1.19597885432382	3.04596307962873
326000	327000	2.55221664190012	-0.822526980498046	2.1808744474556
327000	328000	2.24958428925652	-0.768497544718233	1.79423950450823
328000	329000	2.30738162031823	-0.628941217232003	1.33707652969171
329000	330000	2.31905252475781	-0.429211209402656	0.909139430043259
330000	331000	2.64090800033293	-0.631358990931858	0.672475738140101
331000	332000	2.25116163959531	-0.681644925765779	0.438898902966258
332000	333000	2.52565180484842	-0.847510718183793	0.184094507026545
333000	334000	2.45518273011537	-1.06934258298885	0.564581275916342
334000	335000	2.77852644536536	-1.14594939409626	0.859364983083484
335000	336000	3.18381344599065	-1.31254813350676	0.819895195520935
336000	337000	3.0100040039765	-1.70690148302797	0.93382622840398
337000	338000	3.1373587312544	-1.78244749025555	0.472201283007319
338000	339000	2.77396254545646	-1.51194254651517	0.595210246460285
339000	340000	2.93801361979729	-1.2796530426541	0.287548272551832
340000	341000	2.38974541456142	-1.39254131588139	0.168855886725246
341000	342000	2.25109246570442	-1.73684445972672	0.366511371503025
342000	343000	2.06819735987394	-1.80551012717478	0.00319460901241615
343000	344000	1.71762449809233	-1.82551699975277	-0.2011870524861
344000	345000	1.75253311353374	-2.17729520575064	0.110304681762016
345000	346000	1.97372177671037	-2.10784772031973	0.563644275314268
346000	347000	1.87820290464729	-1.67286155987013	0.765552545052272
347000	348000	1.64554525211123	-1.7347644586568	0.41748308356089
348000	349000	1.77097691212258	-1.2295836709802	0.506614812917435
349000	350000	1.61560146866885	-1.30568446178663	0.0919280378497982
350000	351000	1.3098741250859	-1.38804862721621	0.395949999631766
351000	352000	1.13145381931422	-1.775839653105	0.354738408087467
352000	353000	1.20035529842251	-1.65631835222127	0.811801601625022
353000	354000	1.5862503260771	-1.89809649582972	1.10177998201386
354000	355000	1.28008981805463	-1.62421625345764	1.27902188652642
355000	356000	1.3587040397024	-1.79026472879769	1.6778312092922
356000	357000	1.21951062835287	-1.71373211788497	2.06045330658668
357000	358000	1.50964986779859	-2.60961862210486	2.57264692633133
358000	359000	1.5952342864098	-1.68045907285811	2.46785528150343
359000	360000	1.71982011753242	-1.39262880799788	2.65808502441403
360000	361000	2.05137459654822	-1.1448603729357	3.53011796255142
361000	362000	1.55433200237795	-1.58270609505353	3.0090090256855
362000	363000	0.888087813528305	-1.25933207731253	3.36950045086272
363000	364000	1.20209528822349	-1.17124698667895	2.3886304032551
364000	365000	1.49779117993662	-1.22227605953166	1.93143339684769
365000	366000	1.58904360961825	-0.898967780281285	1.54213699146079
366000	367000	1.62992257476534	-1.42275333958098	1.48006972459648
367000	368000	1.89655151755337	-1.68543328338901	1.77784786264798
368000	369000	2.86258171833465	-2.28986491688991	1.88363988929273
369000	370000	2.72504606049243	-1.35354695797879	1.43472563571373
370000	371000	2.22802492888786	-1.18363674923966	1.16143924784752
371000	372000	1.89774978633055	-0.905523275507282	0.928360472385434
372000	373000	1.7767087323518	-0.49166203503169	0.746176156279205
373000	374000	1.94163831066942	-0.17737922323272	0.367889326869912
374000	375000	1.96327955373477	0.341969795250215	0.649302399981155
375000	376000	1.48479995674596	0.0644129739179079	0.868610154868976
376000	377000	1.44365738469955	0.0270473350156977	0.453738471109694
377000	378000	1.52871404022211	0.342595342117291	0.0352031391429996
378000	379000	1.72920269626874	0.455206788843593	-0.408196196003224
379000	380000	1.67390401969971	0.631874050855527	-0.90745337498612
380000	381000	1.66879192871231	1.71762209403823	-2.6896681358733
381000	382000	1.796721721588	1.8400606753669	-3.22456110518715
382000	383000	2.18007007746974	1.48209557165226	-3.06898761403661
383000	384000	2.36907743116756	1.71399068125693	-2.75042481365601
384000	385000	2.07773693371312	1.37547983203766	-2.63612978222874
385000	386000	1.70860794374168	1.26198386374555	-2.90709479372682
386000	387000	1.4927015863385	0.835914203117817	-2.76114307431122
387000	388000	0.981929544978356	0.820855125738369	-2.9809766704734
388000	389000	1.3293810207575	0.564644220332415	-3.05907271748776
389000	390000	1.4062174003756	0.913844350912586	-3.1812734233668
390000	391000	1.76147757058651	0.647570347832066	-3.23791728586458
391000	392000	2.12941954545783	0.215874505994261	-3.13419488995823
392000	393000	2.40238602773388	0.615004882352382	-3.15413997532568
393000	394000	2.33402599375673	0.687949535833172	-3.52273143345189
394000	395000	2.06296280075007	1.02829459951901	-3.34080001882318
395000	396000	2.05845555447566	0.860182034452456	-2.87179979838082
396000	397000	2.49278302788562	0.994921746403932	-2.72988972174194
397000	398000	3.3359599253634	0.660314345181701	-2.49440606127894
398000	399000	2.26669856602622	0.630421761156853	-2.0917237532353
399000	4e+05	1.82818423849347	0.558023148608577	-2.01713057410163
4e+05	401000	1.40241074290471	0.691955937884041	-1.7644800740706
401000	402000	1.24903187514665	0.903444427905282	-2.20148407847965
402000	403000	1.64999516431292	1.09085526855571	-1.84297999975338
403000	404000	1.74398224371916	1.21187366163736	-2.24009387280911
404000	405000	1.58268125276096	1.62111501624975	-2.08185654385887
405000	406000	1.16556408800059	1.65180964245057	-2.01321145533768
406000	407000	0.828160866918619	1.7994308220682	-2.26549801022831
407000	408000	0.69761644002147	1.49342742455684	-2.73642091638676
408000	409000	1.18446598907113	1.46096665087518	-2.46010717903107
409000	410000	1.31866610019524	1.90298744846965	-2.41128877061244
410000	411000	1.75020345582913	2.21198436702382	-2.42258607992634
411000	412000	2.29979728398919	2.54842888963004	-2.66915866907455
412000	413000	1.88286249301476	2.77542211627146	-2.48822757979091
413000	414000	1.62929993988061	3.00151049339751	-2.81601557300839
414000	415000	1.64548180793342	3.55316441475866	-2.69284218032359
415000	416000	1.58350793552538	3.46031571188667	-2.12935878709612
416000	417000	1.4327823538353	3.75650902616751	-1.80053280462152
417000	418000	1.79287670186584	3.99562322388146	-1.54791134759817
418000	419000	1.96133027205693	3.71184439109605	-1.81340911216532
419000	420000	2.49018379126452	3.87996596936714	-1.93516117217052
420000	421000	2.21201296475718	3.52335204852656	-2.28451888177256
421000	422000	1.93728772467921	3.16193737798283	-2.24174695691322
422000	423000	1.46042748743114	2.95339240382488	-2.20591374344578
423000	424000	1.844645948069	2.66681931946966	-2.01316654836624
424000	425000	2.29916766778014	2.84003969368007	-1.93667908385685
425000	426000	2.19404200040525	2.5690296142279	-1.55064382461757
426000	427000	2.10503802159745	2.70910116313409	-1.17358265587457
427000	428000	2.27479231044047	3.07151364295749	-1.47233841209783
428000	429000	1.81660540712231	2.93716637262757	-1.64584752718906
429000	430000	1.44753486959624	2.59665762940729	-1.6370627468513
430000	431000	0.964956462833844	2.50074248369048	-1.56218197727144
431000	432000	0.929091798129963	2.29969939775765	-2.00660358639113
432000	433000	0.640409347648751	2.65476582610741	-2.36870909276622
433000	434000	0.45383545757981	2.62902088432235	-1.79819491183989
434000	435000	0.406352323536697	2.88994074532773	-1.39797379921149
435000	436000	0.58798149176238	3.30391195347123	-1.68637863108829
436000	437000	1.2919894237629	3.12174680448222	-1.54959448223871
437000	438000	1.68650147614013	3.36684594314826	-1.39615684426559
438000	439000	1.71982147754583	3.17250250801492	-0.999732919852289
439000	440000	2.06930848656338	3.43869809018365	-1.02573027090755
440000	441000	2.32990732916259	3.09815493654586	-0.823414788919141
441000	442000	2.05815148858789	3.01253482592332	-0.505785491135881
442000	443000	1.73223737919495	2.58693933636723	-0.643852591515341
443000	444000	1.67782223222162	2.26929154949394	-1.14013971560982
444000	445000	1.51829983789134	1.98106158942342	-1.49079560271853
445000	446000	1.68560163296726	1.56445456594693	-1.20099089261748
446000	447000	2.34289332693463	1.03336550753959	-0.570348844665709
447000	448000	1.2336338313722	1.23908319601578	-0.989618383814923
448000	449000	1.08797952012368	1.51514404480282	-1.25374072368103
449000	450000	1.24472912808895	1.75428893462542	-0.904326170794852
450000	451000	0.946921694102463	2.01916986035545	-1.28080906326406
451000	452000	0.745695758266294	2.33451955653473	-1.04195984691639
452000	453000	0.440093157329787	2.21241507820019	-1.35192197086174
453000	454000	0.426814702906565	1.96811910350219	-0.918590624906254
454000	455000	0.0077998173690584	1.95403159695025	-1.17894435671765
455000	456000	-0.00436155922678495	1.54565195389612	-0.989339350807209
456000	457000	0.381774280840532	1.50027663657765	-1.30597672474087
457000	458000	0.444463721199705	1.06227729423524	-1.55783388991201
458000	459000	0.323583224287811	1.10973853852503	-2.05835208499854
459000	460000	0.0155164371981136	1.00070256744254	-1.72732565872147
460000	461000	-0.0452613805776317	1.30195185420294	-1.4189302133626
461000	462000	0.165031461502413	0.97214276778735	-0.958907339927121
462000	463000	0.180931191054445	0.584006783330922	-1.37293080305148
463000	464000	0.356697368272326	0.624909231725241	-1.87252894635188
464000	465000	0.782858842845673	0.61458151156324	-2.04477994777648
465000	466000	0.676968815284969	0.284295721401684	-1.72889758255831
466000	467000	0.277489566911338	0.0892983499167087	-1.86103007630963
467000	468000	0.556582538527009	0.115162147531992	-2.17080146193951
468000	469000	1.02331602737571	0.0522785334808759	-2.10393397589088
469000	470000	1.45671881516006	0.062820926776215	-2.05441273399424
470000	471000	1.77587643750624	-0.031650234400212	-1.83643724538051
471000	472000	2.14250274692139	-0.0898532998406515	-2.1689696563692
472000	473000	2.3010134361169	-0.0352331441775863	-1.75512849593063
473000	474000	2.57076940617402	-0.0152974024795308	-2.05525580736406
474000	475000	2.7326448049939	0.103792775047809	-1.65821435211789
475000	476000	2.54159641244698	0.414087051729444	-1.75447143728098
476000	477000	2.65062234565738	0.790750026920413	-1.66454155588735
477000	478000	2.92109656193771	1.21221264403561	-1.75482539701012
478000	479000	2.63473553933695	1.78690604438856	-1.87726886763064
479000	480000	2.5429392913357	2.14902444986363	-1.62091375832797
480000	481000	2.44682796486459	2.2028232866492	-2.050841342452
481000	482000	2.06825620183371	1.90988887400522	-2.02101491327239
482000	483000	2.23336559760686	1.42926675117757	-2.04835576158724
483000	484000	2.13035767661941	1.57624467356625	-1.60263218744453
484000	485000	2.44441644612898	1.72984183300881	-1.28351158647827
485000	486000	2.13058462878551	2.09233172210814	-1.10752950164408
486000	487000	2.41341735189867	2.02318447377672	-0.437321421903844
487000	488000	2.18831724845625	2.50820764516702	-0.209250046872001
488000	489000	2.52154383078144	2.78475346680067	-0.357728504363204
489000	490000	2.26249414176972	3.00601404412407	-0.0814546563151105
490000	491000	2.53479296513682	3.28692349873083	-0.266473709770551
491000	492000	2.11083970959493	3.35416347089598	-0.184651681468381
492000	493000	2.21722371254134	3.48674575025511	-0.532788845507551
493000	494000	1.68029440101348	3.28044968080401	-0.322559993227722
494000	495000	1.81800526393379	3.71156237457536	-0.443766619584063
495000	496000	1.14737394307167	4.29906192781495	-0.0776863068839719
496000	497000	1.14036550788028	3.48185682539071	-0.531285782021392
497000	498000	1.06728697108254	3.02663455912394	-0.677980221034295
498000	499000	0.778742704583696	2.8502186136669	-0.921387511042192
499000	5e+05	1.12271296420425	2.84051881804836	-1.11552594559929
5e+05	501000	0.926349250785545	3.22653798356439	-1.11086185744739
501000	502000	0.516464205403959	3.2236771839915	-0.794627534418262
502000	503000	0.0184853314769232	3.38347032457154	-0.37211824512582
503000	504000	-0.25737600623699	3.38107786401844	0.135721184810834
504000	505000	-0.493861459124217	3.07420383464848	0.276761746456458
505000	506000	-0.578873544466426	3.44863066343452	0.522487216004483
506000	507000	-0.932123878776744	3.19792782155834	0.30075565103408
507000	508000	-0.652098687148999	3.35375478586468	-0.00714104547227599
508000	509000	-0.634648635451264	3.04523969922255	-0.264228534923851
509000	510000	-1.01851225109404	2.81545343696139	-0.567409887517896
510000	511000	-1.06565876002275	2.47375219640908	-0.628977178265729
511000	512000	-1.47113634213889	2.51813171276919	-0.55668949915203
512000	513000	-1.51525894084787	2.13241697149493	-0.29794692625234
513000	514000	-1.66446085233533	1.64074872105267	-0.0213230797225597
514000	515000	-1.92189979724529	1.89197196555086	-0.28704913268663
515000	516000	-2.1282567590614	2.31837645397204	-0.23765513474072
516000	517000	-2.3961167779889	1.96187586313393	-0.439758017497041
517000	518000	-2.30158168232979	1.86601541056866	-0.848354672714701
518000	519000	-1.95258701456279	1.69257645999318	-1.41247800797798
519000	520000	-2.44506454931828	1.80065235610961	-1.49372437736601
520000	521000	-2.6973986284522	2.17595457776791	-1.38553648069732
521000	522000	-2.19604635529077	2.14823225195186	-1.23479235819041
522000	523000	-2.12396127168678	2.29885729037608	-0.806422089888155
523000	524000	-1.80389963218209	3.10469057502529	-1.05276002807501
524000	525000	-1.69332495989702	1.81272620145294	-0.822024809470001
525000	526000	-1.24620406942695	1.61171427528707	-0.937813414864536
526000	527000	-1.26185623403133	1.66012739392141	-0.481591030516011
527000	528000	-1.17372311086938	1.85327299479671	-0.0319816905328448
528000	529000	-0.269443940660798	2.14145410898194	0.273673881447606
529000	530000	-0.786322308702208	1.53592819335119	-0.413043600670422
530000	531000	-0.807495148991217	1.15108217459957	-0.704395986391551
531000	532000	-0.627183040581663	0.664583428770719	-0.875588352448412
532000	533000	-0.335678687723729	0.940370369132947	-0.66623401550972
533000	534000	0.29281104843327	1.41301758999569	-0.0989876062248131
534000	535000	-0.462904356112727	1.49398241131335	-0.76591758062828
535000	536000	-0.650114996223063	1.84487900744375	-0.967394367244211
536000	537000	-0.672566775063378	1.91869079372488	-1.44169704200455
537000	538000	-0.761740990770696	2.18172636399643	-2.33909449745042
538000	539000	-0.34922534622744	1.39824557422205	-1.8849156690127
539000	540000	-0.655226231278938	1.0142441451284	-1.95172439420958
540000	541000	-0.719193326943086	0.547239667739829	-1.81873850706922
541000	542000	-0.370546744037638	0.611304021987474	-1.45047543412216
542000	543000	-0.417712244398292	0.177092585558772	-1.26152233072019
543000	544000	-0.873967157106433	0.349410652583479	-1.23987988934644
544000	545000	-1.10113307061672	0.791652628398849	-1.08106842127155
545000	546000	-1.40122662973927	0.460243817488393	-1.04698351597973
546000	547000	-1.1543791135956	0.164005764824346	-0.838772661334518
547000	548000	-1.42620087591077	-0.0757934529124796	-1.1391246451795
548000	549000	-1.14928555816302	-0.407762246845009	-0.955082744462504
549000	550000	-1.337909336871	-0.539478288619742	-1.40135578109395
550000	551000	-1.61395349977679	-1.04100360501489	-2.33075014324214
551000	552000	-0.604705739883236	-0.53093379075729	-1.89995915419328
552000	553000	-0.858585707752203	-0.370941631491358	-2.26145395662299
553000	554000	-1.09556379569399	-0.0142984837282939	-1.89147329343351
554000	555000	-1.1201013859078	0.437541229880784	-2.11565831468798
555000	556000	-1.11134024728615	0.171347771748677	-2.44451099729968
556000	557000	-1.48157435963662	-0.0794067343031701	-2.27107473770379
557000	558000	-1.52596937090808	0.382968842422271	-2.35347146774954
558000	559000	-1.52033003596648	0.157438217762709	-2.74443676153414
559000	560000	-1.67385251056	-0.242811383878952	-2.94487379075134
560000	561000	-2.55749507877026	-0.70721015128593	-3.44570372366836
561000	562000	-1.97551647896444	0.204610268683325	-3.0317640395516
562000	563000	-1.80035592330814	0.582329797857257	-2.88381055483563
563000	564000	-2.07617968178694	0.737435616020048	-2.5734788679466
564000	565000	-1.97269096239879	1.11765232480973	-2.2751548367744
565000	566000	-2.45654918305078	1.25180391623937	-2.32726469274704
566000	567000	-2.37419892280366	0.903883529712085	-1.96666271360414
567000	568000	-2.6692663306078	0.499686991581968	-1.82577558120318
568000	569000	-2.31120361537229	0.200480802535013	-1.89648114245583
569000	570000	-1.9878480475139	0.36288238100742	-2.17322395099362
570000	571000	-1.69722221237331	0.410028227243198	-1.83386853945041
571000	572000	-2.04043062534756	0.67604394970382	-1.65107335002109
572000	573000	-2.41744807904353	0.705795121453868	-1.34005391587531
573000	574000	-2.66413720647831	1.02752502929691	-1.13539579103568
574000	575000	-2.69725555185267	0.664121055996318	-0.936638754013376
575000	576000	-3.62545466279462	0.75263284112112	-0.362847593479054
576000	577000	-2.73162780314407	0.532252058671359	-0.334821067837076
577000	578000	-2.17846051873628	0.404925750681003	-0.415829719823386
578000	579000	-2.37906919711621	0.0106681118577344	-0.535671837606117
579000	580000	-2.65243949293546	0.0456358069070366	-0.878305594749048
580000	581000	-3.00800979165361	-0.0958716854030233	-0.394992756192545
581000	582000	-2.69851249237403	-0.0289908809318783	0.0977617299145031
582000	583000	-2.16220298240677	-0.104760919792195	0.351459666736603
583000	584000	-2.06219398418064	-0.250845362152181	-0.172421630611872
584000	585000	-2.28530369217321	-0.463028581993349	-0.502408121736754
585000	586000	-2.65295148081867	-0.682670192215527	-0.575720429661645
586000	587000	-2.32236466411517	-1.04911454500418	-0.523312254470425
587000	588000	-2.30414160310268	-0.890002083979511	-0.931154896473082
588000	589000	-2.20410516411478	-1.27765408102789	-1.15243195259521
589000	590000	-1.86583301503652	-1.74655647873068	-1.2352875045476
590000	591000	-1.50729916582159	-1.3999101616677	-1.38854634053448
591000	592000	-1.09641679335584	-1.07596770022304	-1.37876143201778
592000	593000	-0.842492652577853	-0.532076510870154	-1.44228961953723
593000	594000	-0.620548737884395	-0.114967966580112	-1.72163684358204
594000	595000	-0.455253396020672	0.128786844450115	-2.16740562026134
595000	596000	-0.0972455671085057	0.379871218065997	-1.9405736082482
596000	597000	0.13275259847989	0.253644488794815	-2.30296977994129
597000	598000	-0.101358603030871	-0.142657206162686	-2.49291575398552
598000	599000	-0.505450051780881	-0.184584295320121	-2.68390351032618
599000	6e+05	-0.413173430047706	-0.724303306781085	-3.46958728058624
6e+05	601000	-1.02352613298493	-0.183870109347343	-3.33018138934813
601000	602000	-1.49576934895607	0.0403561297958927	-3.44255493355341
602000	603000	-1.56196543651633	-0.0174041212953357	-3.84385416610322
603000	604000	-1.92522347306696	-0.110732094558594	-3.73094781961982
604000	605000	-1.74123563336145	0.314262906384192	-3.7382441113345
605000	606000	-2.11699743611345	0.277405097283044	-3.51050493920395
606000	607000	-1.83933476272885	0.680310231040304	-3.37829132120848
607000	608000	-2.24472937381054	0.63620817274554	-3.18435715570813
608000	609000	-2.16164418285059	1.03372119868905	-2.98804823733061
609000	610000	-2.30833263032345	1.05722509847959	-3.37956600958116
610000	611000	-2.58835009979025	0.993732237760202	-3.15011764761756
611000	612000	-2.68528188759842	0.670401351825401	-3.46441930088192
612000	613000	-3.00039027000974	0.600325711478748	-2.95287146735232
613000	614000	-2.44833623372253	0.420540251270211	-2.85177554452642
614000	615000	-2.08192716470165	0.12867933731982	-2.57685135216958
615000	616000	-2.33602824329152	-0.297871034323896	-2.42092282952991
616000	617000	-2.49381267428178	0.302093015619979	-2.3512347031867
617000	618000	-2.74361689370311	0.685533988470776	-2.22719416515647
618000	619000	-3.10943060767817	0.736728840235977	-1.91511538616676
619000	620000	-2.90448473572086	1.13810255910885	-1.92363372454272
620000	621000	-2.81243721352208	0.902857745536188	-1.57130411086792
621000	622000	-2.73475187736906	1.31416711805419	-1.47593330875615
622000	623000	-3.15709377964672	1.5959167434706	-1.18778780386258
623000	624000	-2.81082677547998	1.63791854743645	-0.778079182631966
624000	625000	-2.43120663048738	1.46701930829536	-1.04211106710303
625000	626000	-1.99854771974233	1.15642451495028	-0.946116107734057
