0	1000	-0.789138577485107	0.432702667138922	-1.60684538554634
1000	2000	-1.02424412881237	0.727811494312283	-1.70484005599763
2000	3000	-1.53437935770176	0.795407647353337	-1.89258574419048
3000	4000	-1.39277498076825	0.608171878900034	-1.57154723455571
4000	5000	-1.26705231830806	0.831800131975693	-1.3996018300671
5000	6000	-1.65049283772522	1.04148917781031	-1.48768137996634
6000	7000	-1.53653957974648	0.98728126983034	-1.1350879190601
7000	8000	-1.46679930098802	1.02703044599987	-0.782912212555579
8000	9000	-1.7856623414313	0.935204843284634	-0.842143769615639
9000	10000	-1.50378532587358	0.666071083399253	-1.10018056653497
10000	11000	-1.80805844901555	0.667923901908276	-1.02371186939979
11000	12000	-2.02101436723821	0.686979248019684	-1.32637757928619
12000	13000	-1.70300932923681	0.331775342961101	-1.06106391583673
13000	14000	-1.24143099689539	0.572927075563793	-0.803872791660459
14000	15000	-1.58557496704533	0.368098482288417	-0.674319368381212
15000	16000	-2.05743147048733	0.493676387358855	-0.72359311807272
16000	17000	-1.82510953771199	0.498122532963211	-0.364152157253276
17000	18000	-2.1102699110794	0.714643359721199	-0.140724742694702
18000	19000	-1.7923378885175	0.492049672550448	0.158154516130098
19000	20000	-2.01183707549733	1.01437410247534	0.321902813201527
20000	21000	-1.52222443754951	0.959325935303333	0.175781953549919
21000	22000	-1.58616752143957	0.720921173886722	0.561129495352505
22000	23000	-1.37939350549225	0.600474901802509	1.01735381066021
23000	24000	-1.77896700898742	0.656198562698457	1.27246040054825
24000	25000	-1.99659306075426	0.912547458451404	0.926476338308819
25000	26000	-2.00062905749551	0.473521693865276	0.735160589949853
26000	27000	-1.62695347894535	0.217176568800903	0.966143720947643
27000	28000	-2.00922034361528	0.0209884210427757	1.10125500367575
28000	29000	-3.99399730287065	-0.222466970781353	1.2864056342782
29000	30000	-2.10381223612558	-0.275582269363313	0.528167569670625
30000	31000	-1.51465224725458	-0.145417168589038	0.471802532612728
31000	32000	-1.17048105062444	0.330195295783426	0.502636978672034
32000	33000	-0.969036917537385	0.776858165051673	0.529474110256703
33000	34000	-0.611915065605869	1.06025288669616	0.493923415347372
34000	35000	-0.385445605944074	1.08787532347518	0.995947569277096
35000	36000	-0.129164758298961	0.92621254488016	1.61503309910471
36000	37000	-0.470220817387805	0.648641792311218	1.45857711211596
37000	38000	-0.217514869616922	0.597151297601649	1.00667145038506
38000	39000	-0.447240510510864	0.3125770123229	0.667362300583566
39000	40000	-0.109909493464562	0.12947450069365	0.319381708208747
40000	41000	-0.491504608842767	-0.0207413868224245	0.0114736552119077
41000	42000	-1.20894366899895	-0.556383820973585	-0.273952143625671
42000	43000	-1.13151402270455	0.157895021288193	0.0247900700868225
43000	44000	-0.916390603269937	0.601614111938685	-0.0529537639987652
44000	45000	-1.34537115753815	0.624292913871518	-0.251170352742079
45000	46000	-1.82754651011576	1.04096031852306	-0.362119928211733
46000	47000	-3.4794169809278	2.2567232462424	-0.835517831390428
47000	48000	-1.65466007914677	1.41993526889993	-0.264606735549581
48000	49000	-1.89081014659286	1.69763666492959	0.362417403349296
49000	50000	-1.4904606731365	1.68263866365601	0.607396506059453
50000	51000	-1.65371054769473	1.78673349739107	1.01815882730115
51000	52000	-1.33180091208144	1.6577701635491	1.01373288131349
52000	53000	-1.11757629432325	1.87798204581871	1.09627691730346
53000	54000	-0.906157582980387	1.69430358192264	1.27338638618611
54000	55000	-0.919900817941869	2.04706657955392	1.31455651988738
55000	56000	-1.01587747414203	1.8622595955906	1.62089674585622
56000	57000	-1.29174109574788	1.74078531892025	1.82415261651757
57000	58000	-1.18600564724965	1.41731176569827	1.79592964706253
58000	59000	-1.02417288700062	1.2426221796121	2.07589812287373
59000	60000	-1.04263568502506	0.834507409990479	2.0667693948339
60000	61000	-0.902363590295296	0.470772769675094	2.16377111376497
61000	62000	-1.26316899396673	0.322345704309874	2.08665642246679
62000	63000	-1.18093224653759	0.499455061287635	1.70376881978971
63000	64000	-1.49153777154422	0.884390616873094	1.77625244094489
64000	65000	-1.26834843493641	0.852458350891286	1.39794997484886
65000	66000	-1.7156130655975	1.09447732837083	1.42121623536048
66000	67000	-1.35038965891999	1.05245756660438	0.943768400929731
67000	68000	-1.72045324307307	1.31828011213061	0.790853839074866
68000	69000	-1.31701467612062	1.30085275041261	0.530680771116698
69000	70000	-0.98627445907309	1.42191418228492	0.824812555650219
70000	71000	-0.841824098782083	1.18733517163297	1.1244963771478
71000	72000	-0.696188354446862	1.40336686349089	1.54896584444681
72000	73000	-0.973708517586605	1.13601047000998	1.56549570016987
73000	74000	-1.23698750743538	1.3185617319587	1.29606574908924
74000	75000	-1.55483115342424	1.53276937400064	1.4477655686584
75000	76000	-1.23299146680105	1.67148898846269	1.43679017033112
76000	77000	-1.47633500112081	1.94646176222717	1.45070551818372
77000	78000	-1.22898647650368	2.16337818019969	1.40829838709195
78000	79000	-1.36298932832049	2.04649314477024	1.1430524209099
79000	80000	-1.39082328819884	2.4413135071911	1.1322565035368
80000	81000	-1.51472954319271	2.15592280786976	0.869518007457247
81000	82000	-1.09129433690111	2.31025373277546	0.90994430338542
82000	83000	-1.2330163641011	2.01150477086591	0.673109853015629
83000	84000	-1.28631131174506	2.3370346937773	0.560390173210662
84000	85000	-1.44733027140806	2.00649057400584	0.3109948934556
85000	86000	-1.16632793588136	2.24378999515829	0.125679090816915
86000	87000	-1.41443555275846	2.01002677635883	-0.195867487778595
87000	88000	-0.948164668613539	1.86189726809647	-0.036926731873676
88000	89000	-0.496474503410652	1.80692958150198	0.132752619454976
89000	90000	-0.169377150556284	2.09218746715776	0.23032311692671
90000	91000	0.0549656175108749	2.47476984251129	0.132025018843855
91000	92000	-0.0162101507444236	4.54239842648975	0.469545262003137
92000	93000	0.144261106561219	2.50840611551662	0.810820158539639
93000	94000	0.149698731882435	2.08196266523643	0.857794765776841
94000	95000	-0.0156674353648968	1.75894599506324	0.599605415322083
95000	96000	0.125652824036447	1.52038591040589	0.965375120255619
96000	97000	0.107577496603672	1.85634967263874	1.30527469243331
97000	98000	0.543883820942207	1.67709070183368	1.25527984062108
98000	99000	0.742352673730686	2.1400488900541	1.18782993974346
99000	1e+05	0.783727584449066	1.84271645175398	0.800224736350215
1e+05	101000	0.724901007889297	1.97032428673487	0.353454013503216
101000	102000	0.592663139258211	1.5396828177515	0.169452359484381
102000	103000	0.255156292940345	1.81801041011499	-0.0898675346184206
103000	104000	-0.0557021480419531	1.34515934230466	0.162964243890838
104000	105000	-0.428709592099051	1.93608511263057	-0.450306633621107
105000	106000	-0.541036943084344	1.332789411011	-0.243932389606979
106000	107000	-0.99726976188223	1.55582819110993	-0.456828116324697
107000	108000	-1.05556791848296	1.1193579618784	-0.214489525236011
108000	109000	-1.31506764329629	1.43407615758349	0.0608731960252274
109000	110000	-0.917399694764145	1.53830598012962	0.320941139967326
110000	111000	-0.813789879816485	2.07753885317108	0.389134631032555
111000	112000	-0.610038967236374	1.78770327848585	0.64343133367804
112000	113000	-0.936427865436102	1.87640201316235	0.78678648459882
113000	114000	-0.729879336786034	2.23015368681531	0.857285390527502
114000	115000	-0.710035180307578	2.63594489757794	0.649962288926791
115000	116000	-0.24765054401176	2.58305537755224	0.582616765752219
116000	117000	0.374585200763961	2.33223866210716	0.456874582187738
117000	118000	0.705351354265837	2.55708269419806	0.379256026540229
118000	119000	0.645161256072612	2.69764983835802	0.808108353728322
119000	120000	0.593420376760683	4.1862015886741	1.93964856732949
120000	121000	0.0115850266066354	2.39113619744879	1.22904973475403
121000	122000	-0.385355605357536	2.11514696953473	1.1292563680804
122000	123000	-0.521977268558808	1.70446766204883	1.130275408333
123000	124000	-0.56145383753934	2.21315709465184	1.50675610908093
124000	125000	-0.440546426572172	3.52373754045689	2.95264277471789
125000	126000	-0.160660138889183	1.87486711259296	1.76339867456753
126000	127000	-0.206787546303445	1.41944426304613	1.47723273078072
127000	128000	-0.386412786792517	1.4017431972884	1.92210102789671
128000	129000	0.196374236937537	2.43371146735005	3.64764937779815
129000	130000	0.340877480525378	1.41963771129628	1.95489920491948
130000	131000	0.476938510094322	1.20773310900843	1.56303515223153
131000	132000	0.93920060964809	1.17591577545983	1.77674255533486
132000	133000	1.03745902450497	1.36034430894456	1.27575715390614
133000	134000	1.32017843909958	1.8375478939102	1.33579381642264
134000	135000	1.22563545218112	1.9896761879532	0.765315989502509
135000	136000	1.39706586857911	2.35823320710275	0.707636909076007
136000	137000	2.50766446733291	3.86317590940677	1.28660002645427
137000	138000	1.73009257441706	2.05238617355479	0.636065758731213
138000	139000	3.10306573345303	2.78445035432263	1.90135794263663
139000	140000	1.66207789166175	1.695656919448	0.900811105535307
140000	141000	1.30163788601955	1.46663793227848	0.665626470886354
141000	142000	1.45908721007476	1.08488788395851	1.05664577536242
142000	143000	2.0728934810854	1.17734274990834	1.03323184269852
143000	144000	2.31706377918715	1.4468621678991	0.579458944994441
144000	145000	1.92153582314887	1.52504572644091	0.515604862819272
145000	146000	1.74688202785371	1.15312897453396	0.617463952847223
146000	147000	1.84844320317163	0.757694178154081	0.724351690406518
147000	148000	2.37811483634963	0.826815787667921	0.557278770808843
148000	149000	2.16555446635151	1.15427148971005	0.190495147059392
149000	150000	2.35797401327159	1.25330703449442	-0.10461619340243
150000	151000	2.37762597359754	1.56502301642648	-0.36388842073685
151000	152000	2.19080538366916	1.2145422720793	-0.545826682326754
152000	153000	2.16464478975925	1.52764383998207	-0.800367850574033
153000	154000	2.41460511911491	1.39142366123381	-1.06767141907694
154000	155000	2.05054554696881	1.57125585765078	-1.22807780619873
155000	156000	1.82070157505816	1.71136814524202	-1.48258576078491
156000	157000	1.51890898346795	1.68036794381126	-1.26746644650158
157000	158000	1.27332743298344	1.69819263324574	-1.59872273644154
158000	159000	1.39076763600454	1.30388388851049	-1.41738230066295
159000	160000	1.45883017922659	1.31833940910296	-1.94613896773731
160000	161000	1.2963090576194	0.930497180493516	-2.22827718249996
161000	162000	1.50932577529679	1.05073029453456	-2.53189163211372
162000	163000	1.84987584935147	0.965734203471868	-2.27845238045691
163000	164000	1.56551182461881	0.872714651329384	-1.9486030285409
164000	165000	1.59113837320914	0.558840725200273	-2.28148906381637
165000	166000	1.49323364304583	0.414794360154444	-1.94019771648359
166000	167000	1.83556471634587	0.219690803094163	-1.77840331692188
167000	168000	2.04917912623532	-0.212602040370322	-1.62700840359595
168000	169000	1.52635953917758	-0.168926257169819	-1.4591341285262
169000	170000	1.45115822227107	-0.554542793546519	-1.23700119811721
170000	171000	1.59102334816767	-0.834415250175679	-0.884901727132113
171000	172000	1.35052328438233	-0.561643210888837	-0.502642985772695
172000	173000	1.17184050005301	-0.0980965684560564	-0.776758295713982
173000	174000	1.35095001421557	0.195075627186871	-1.06733383652696
174000	175000	1.79046254925577	0.256921188193379	-1.25082242195583
175000	176000	1.6165958230591	0.490082470794392	-0.847156867290598
176000	177000	1.56544923722938	0.839284145677426	-1.0967942016595
177000	178000	1.8080626078287	0.677196103816704	-1.50902487208571
178000	179000	2.18513975366213	0.715711551003953	-1.83326479032717
179000	180000	1.8807589857934	1.07233905176308	-1.79075199985937
180000	181000	1.80341119515308	1.12486610264867	-1.40803336132917
181000	182000	2.17376859607131	1.1252013108317	-1.30629127232156
182000	183000	2.03135089355716	0.859650804376147	-1.07688420952247
183000	184000	2.3464222898862	0.646676358213686	-1.23286741585159
184000	185000	2.12315758243281	0.458587562329561	-0.90149176251215
185000	186000	2.33382179856065	0.170548370299328	-1.17650545535893
186000	187000	1.98360517891251	-0.132912298675515	-1.05161238242248
187000	188000	2.30059123329269	-0.06918681247009	-0.72926834817799
188000	189000	2.30128966044053	-0.482421425618363	-0.508347822597818
189000	190000	1.8375267679049	-0.316914832392951	-0.419484556047486
190000	191000	1.79958608316545	0.139856227001721	-0.517660798815344
191000	192000	1.85247131071841	0.656894497010076	-0.498406202171529
192000	193000	2.57861917548642	0.952568374324186	-0.689272234822116
193000	194000	1.86051424240467	1.18339508559549	-0.816830367313056
194000	195000	1.45227655873219	1.35170151872141	-0.852871282074942
195000	196000	1.69864544864646	1.65321071959489	-0.869262472462469
196000	197000	1.95532586242254	1.97195038429565	-0.876274034807823
197000	198000	1.71834319234781	2.2222677539371	-1.13237449386178
198000	199000	1.27614305309261	2.04419474988833	-1.2099870074321
199000	2e+05	1.05598526301706	1.5429785448631	-0.927231319485511
2e+05	201000	0.894117148239587	2.07112396019966	-1.00342073098228
201000	202000	1.22724218074702	1.903658307792	-0.726205702672218
202000	203000	1.49299014290362	2.3157864526936	-0.763459959244517
203000	204000	1.61412184881339	1.94150280048079	-0.59562406752169
204000	205000	1.84352387883789	2.26556382035828	-0.47052821000807
205000	206000	1.89139845230751	1.84229808091709	-0.33406705248082
206000	207000	2.21491392606327	2.02990860321015	-0.388603571862787
207000	208000	3.86598559033872	3.03183407597244	-0.0728451731487283
208000	209000	2.12236372272599	2.10645936616084	0.00767569833350074
209000	210000	1.85854450855072	2.04928829039455	0.259019392069415
210000	211000	1.64726784922823	2.01315494513725	-0.0867089258913859
211000	212000	1.43252375193741	2.17616611263601	-0.337870000779269
212000	213000	1.25300098678769	2.1807455379921	-0.0027120533159925
213000	214000	1.25999130623438	2.04793913465954	0.324914813326253
214000	215000	1.16068167031672	2.44703375764876	0.378778160879224
215000	216000	1.57422273374756	2.39403047452704	0.254406489831274
216000	217000	1.6493105450835	2.42477046467037	-0.0995345431781757
217000	218000	1.31086545874467	2.63080007842618	0.0191372142821166
218000	219000	1.34963262381492	2.58497495853037	-0.341130366352408
219000	220000	0.973308577054905	2.437459577886	-0.154525078564456
220000	221000	1.07955171765471	2.4316021445795	-0.607707186632168
221000	222000	0.667179049191918	2.63230578990149	-0.502299132234223
222000	223000	0.838889634039355	2.13260599549235	-0.460325064099064
223000	224000	0.909609047186974	1.94585160302966	-0.119804253077621
224000	225000	1.20169250139695	1.71201308690665	-0.274804342362561
225000	226000	1.28105976900571	1.65805661782856	0.147188373875413
226000	227000	1.46080499601116	1.33034760370154	-0.0201283184348492
227000	228000	1.76525283936747	1.60547703882165	0.0903578424049905
228000	229000	2.26668817789378	1.68823457542323	0.119020169574479
229000	230000	1.93928905428659	1.44156934446425	-0.251615276752246
230000	231000	1.72078274780253	1.13806627075721	-0.364056286339395
231000	232000	1.8848052440294	0.90329033703054	-0.00221895624778384
232000	233000	2.31152439228388	0.738614150299376	-0.0147008951246594
233000	234000	2.26795693776629	0.608141361973481	-0.400019380439197
234000	235000	2.67996141711268	0.332002171068874	-0.499192549946134
235000	236000	2.2973960390216	0.144243501188397	-0.316824137054856
236000	237000	2.11312644321178	0.203051420907677	0.0298368636554306
237000	238000	2.1630865578219	-0.219674954638317	0.0658124393453163
238000	239000	2.44646960470877	0.0498327485366749	0.400280428244637
239000	240000	1.89954654582524	-0.320809407317428	0.469122971890705
240000	241000	1.88498687398255	0.202726038961125	0.566706775428159
241000	242000	1.56708903428938	-0.0226253938991999	0.164343853281797
242000	243000	1.3487598871564	0.271965317694103	-0.174285616684689
243000	244000	0.950541791739036	-0.116946636537048	-0.235111749169591
244000	245000	0.747047807882161	0.322819441661011	-0.467078179791097
245000	246000	0.229387853047325	0.537305892243613	-0.367952723559902
246000	247000	0.223229838580106	1.04423085405453	-0.491118718975272
247000	248000	0.20726687424965	1.50746697609086	-0.604349362175091
248000	249000	0.501894862338492	1.81220555628044	-0.722318813169128
249000	250000	0.563760290938592	1.51300428636885	-1.10188097533479
250000	251000	0.735102439733397	1.0782237965785	-1.21618041851255
251000	252000	0.842387785935293	0.843931289726196	-0.831249787362906
252000	253000	1.19100325725736	0.884001186021271	-0.483428153861905
253000	254000	0.925125379281487	1.2101307837285	-0.242967512793574
254000	255000	1.35324409600585	0.835977958192017	0.115981704575795
255000	256000	0.901105537693937	0.895630872255989	0.172384295120335
256000	257000	1.20351862598579	0.882180780982183	0.620607570378796
257000	258000	0.813490515344212	1.29632625477351	0.590351314686788
258000	259000	0.515707627816028	1.01142736963247	0.843686057145136
259000	260000	0.416118133357633	0.569970058570269	0.508152930681135
260000	261000	0.914700499364486	0.44773683050994	0.789999616365488
261000	262000	1.04265819808366	-0.0107085546216246	0.475196966953759
262000	263000	0.967460325349726	-0.0613469118289283	1.0297528546191
263000	264000	0.554543305315385	0.139302671608439	1.32321930811505
264000	265000	0.108871164836013	-0.0800327181095964	1.42844709650513
265000	266000	-0.152080921261508	-0.578685871131451	1.41929251720569
266000	267000	-0.509881779957291	-0.922935137923799	1.37962322169176
267000	268000	-0.449284160510108	-1.00096577499616	0.903633931193571
268000	269000	-0.742009796085702	-0.721773782600037	0.578496091789426
269000	270000	-0.354189701932878	-0.397702423669142	0.694452148131466
270000	271000	-0.606998294732776	-0.389010791674634	1.12735755159929
271000	272000	-0.539351737936418	0.0777225177487585	1.33787105472682
272000	273000	-0.988799764197976	0.0572423733414836	1.06435027887989
273000	274000	-1.29801544004669	-0.323893046697555	1.08183171111376
274000	275000	-1.6837486639989	-0.653135892318617	1.26954810582849
275000	276000	-1.26713043216387	-0.90703362114949	1.18051311876392
276000	277000	-1.07556624147763	-1.28297595422438	1.29325947444863
277000	278000	-1.23462785104063	-1.4490868833067	1.72055380692566
278000	279000	-1.3589284371119	-1.04868414223155	2.19390854285484
279000	280000	-1.40569451485634	-0.531116183083516	2.45266835520643
280000	281000	-1.68747355780738	0.0183022426922833	2.19734014547171
281000	282000	-1.53638694160632	0.0391472008582031	1.64727993844233
282000	283000	-1.10349020857423	0.00977564295762392	1.64777684486105
283000	284000	-0.961269549575467	-0.360863228158809	1.7327139081027
284000	285000	-1.31755842066938	-0.364633995486688	2.00268373086815
285000	286000	-1.30793677299965	-0.610367025673502	1.66230974238609
286000	287000	-1.7503492188373	-0.895622435616284	1.8567045609012
287000	288000	-1.37099533242025	-1.04543838821206	1.70424288097001
288000	289000	-0.974904893159015	-0.951075576873395	1.67223938552287
289000	290000	-0.983722601737712	-1.13441867923828	2.02716604067684
290000	291000	-1.03078748632495	-1.0152740683807	2.62508275612173
291000	292000	-0.610851831760646	-0.723164684093196	2.63144336149269
292000	293000	-0.849208215215257	-1.02032289914075	4.69549713755222
293000	294000	-0.282885822132281	-1.01782372434604	2.94563491656296
294000	295000	-0.318747270767048	-0.992723113861512	2.56565117166392
295000	296000	-0.188813913195018	-1.35628804273595	2.47662910375872
296000	297000	-0.683211262276435	-1.04023934932255	2.33899113347597
297000	298000	-0.736614782858246	-1.38953028138623	2.48703454609799
298000	299000	-0.895444129905376	-1.62604061719033	2.16550371525032
299000	3e+05	-0.506772530651296	-1.59384178361279	1.81276161580899
3e+05	301000	-0.714394668227329	-1.34447857058624	1.75046967559832
301000	302000	-0.591742789659402	-1.06476021785925	1.96917124499393
302000	303000	-0.561630905210838	-1.3313508004388	2.1348778968512
303000	304000	-0.402319329866935	-1.64954372856766	2.27843717646252
304000	305000	-0.255834656786761	-1.17420992787661	2.07655934206399
305000	306000	-0.304629018239743	-0.863533266341853	2.22006442499377
306000	307000	-0.102055093803224	-0.681424434457818	2.4091135252737
307000	308000	-0.141500272857231	-0.520776726875393	2.79292932408799
308000	309000	-0.395433614869974	-0.41475100173337	2.4178276617875
309000	310000	-0.570123822429976	-0.145567013891108	2.76355787348885
310000	311000	-0.649473440335249	-0.00648412775663521	2.3603617694776
311000	312000	-0.948646481202732	0.0422688993560396	2.1904459496712
312000	313000	-1.0877863630135	-0.0438750939233781	2.62908639778647
313000	314000	-0.944848819613699	-0.311660385364334	2.29040238760803
314000	315000	-0.863672025626241	-0.623786090012873	2.39464301828415
315000	316000	-1.05024732444367	-0.696743327604697	2.10151390159279
316000	317000	-0.703502052578185	-0.551331663766593	1.99774666662233
317000	318000	-0.5348177569422	-0.144977430516185	1.95762518044197
318000	319000	-0.280848838792456	-0.491213932229869	1.92664180130933
319000	320000	-0.0653057823238241	-0.148487073447745	2.21570276635699
320000	321000	0.163617700145771	-0.404731312465103	2.0303238992416
321000	322000	0.304187890583697	-0.281235566650621	2.43237860489523
322000	323000	0.626121640454748	-0.472212773398871	2.67731208213054
323000	324000	0.515973317777664	-0.602271854667109	2.25869556682159
324000	325000	0.449186122505078	-0.828879592173905	2.4670805526048
325000	326000	0.701033579824475	-1.5227712917576	4.51292168780591
326000	327000	0.155455943731472	-0.955406384739715	2.58170468951388
327000	328000	0.165819957483531	-0.959411146500417	2.21839696130101
328000	329000	0.167416277848486	-0.925464211657843	1.85858811462526
329000	330000	0.2146098718875	-1.45236668953728	2.07301031060433
330000	331000	0.258006616783189	-1.29023607277057	1.70416208000797
331000	332000	0.557551412716237	-1.54444931520581	1.7327154328427
332000	333000	0.820674997255424	-1.38473554032261	1.51774125922736
333000	334000	0.629364278429993	-1.10367134131217	1.7069739468507
334000	335000	0.543405741387641	-1.20321444367949	2.07939254123232
335000	336000	0.576039926830781	-0.87782213538487	2.01279285053354
336000	337000	0.777347548923994	-0.975177022793823	2.24392569897973
337000	338000	1.09184242852387	-0.976609479500851	2.162027842534
338000	339000	0.893887478755619	-1.12344112012435	1.93991191460915
339000	340000	0.92667489671729	-0.830077060207801	1.84508773420524
340000	341000	1.18599507369799	-1.28505255134984	1.80329654436157
341000	342000	1.08641777042953	-1.00569636623832	1.55770785198069
342000	343000	1.27469348296676	-1.26264417231274	1.42047662086342
343000	344000	1.35750384567611	-1.02316836953692	1.16206330511451
344000	345000	1.61592397299235	-1.0565361426608	1.45856838188022
345000	346000	1.5241767344339	-0.978345189411055	1.84043769792159
346000	347000	1.32262607523083	-0.694752775301466	1.77590326159124
347000	348000	1.29991824274695	-0.610606665645261	1.43205852877072
348000	349000	1.76001221395469	-0.666531081944894	1.3977322899536
349000	350000	1.28999935922532	-0.600650364210971	1.02355313910311
350000	351000	1.66063943857426	-0.419910733928625	1.05768194843517
351000	352000	1.54472437497415	-0.0894907122691032	1.29319896000088
352000	353000	1.68356137419503	-0.25306098787749	1.67084041007314
353000	354000	1.33716226564617	-0.308243869511917	1.96798174091017
354000	355000	1.0805461244134	-0.240455770738466	1.59237090910335
355000	356000	1.07151188833852	0.178843792131096	1.71634461699603
356000	357000	0.910192704466852	0.343626977393489	2.09033710033447
357000	358000	1.5363126373711	1.06263099516101	3.81412621828368
358000	359000	0.251804543722507	0.377918128949421	2.11723611848207
359000	360000	-0.179687105770482	0.264388040379615	2.19414850598389
360000	361000	-0.995292661123896	1.14169687332359	4.19487755220975
361000	362000	-0.32063651136781	0.593010726110762	2.4826344083994
362000	363000	0.349156855634583	1.00481954517828	4.39223040507253
363000	364000	0.333127213798797	0.274054633700318	2.55800944708176
364000	365000	0.467728377736006	0.0291414212230078	1.92430717782718
365000	366000	0.544695822996163	-0.396241940407137	1.72285279082401
366000	367000	0.86574667041007	-0.239388807810789	2.00787444710784
367000	368000	0.990246809178119	-0.447976884928552	2.37231736622023
368000	369000	1.93663121567943	-0.999335683928774	4.14175388525581
369000	370000	0.769019757099679	-1.08094377837169	2.70647665687293
370000	371000	0.589293985217316	-1.44718738591486	2.41339490097698
371000	372000	0.895617470782233	-1.60187526368012	2.0158659505331
372000	373000	0.642836301364608	-0.883369501656981	1.25424477362364
373000	374000	0.300830243272134	-0.667232768107785	1.20045277863649
374000	375000	0.127248979188228	-0.86017540676905	0.809883744202937
375000	376000	0.48103863818574	-0.449184847295694	0.674792414180796
376000	377000	0.734888186973619	-0.911506990845516	0.616236288548102
377000	378000	0.530848322439222	-1.33388681451041	0.828852124832175
378000	379000	0.116707199781216	-1.43080417099534	1.12814347301836
379000	380000	0.29626382663041	-1.91427517765319	1.33466580320223
380000	381000	0.718038451007479	-1.79466186973016	1.05652942803285
381000	382000	1.1650861109181	-1.71587152801569	0.861512125816775
382000	383000	0.880057055945704	-2.01750471552588	0.696760335746828
383000	384000	0.502839123652921	-2.24625165292216	0.799266401380393
384000	385000	0.491703762879348	-1.91383111145384	0.494827481775526
385000	386000	0.78130961424389	-1.62437858604994	0.335530140469397
386000	387000	0.74044200061915	-1.39808803953175	-0.112060226512271
387000	388000	0.996795097882296	-1.49695468114358	-0.590889203541727
388000	389000	1.25130966458506	-1.19740559463622	-0.318544734117176
389000	390000	1.28142748260406	-1.32858931760712	0.12601253093879
390000	391000	1.15866287746701	-1.77497840240089	-0.0865763308176298
391000	392000	1.16040877604876	-2.24046743991447	-0.289996029083685
392000	393000	0.782225045210192	-2.1351515476583	-0.44832410848757
393000	394000	0.771275723374213	-1.95474198455701	-0.188501723981064
394000	395000	0.882677028681133	-2.15965590511807	0.143594350055414
395000	396000	0.510760840746724	-2.20295644929635	0.011304180892348
396000	397000	0.653181107040902	-2.54962321724802	-0.095518372176754
397000	398000	1.15111263948748	-4.42607981308247	-0.785749255424898
398000	399000	-0.00497939293451982	-2.69602380961546	-0.727174263233454
399000	4e+05	-0.169432949822669	-2.29399954120496	-0.822047013767169
4e+05	401000	-0.184666925590304	-1.90732604898733	-0.494710093106835
401000	402000	-0.229015786984876	-1.48126836176315	-0.383046447879662
402000	403000	0.195712302342882	-1.71084597575111	-0.258286633649362
403000	404000	0.0872461854209835	-1.98188438960982	0.0587774707154109
404000	405000	0.0385307525019169	-2.27434920347262	0.473180039353953
405000	406000	-0.289909750599926	-1.91877666989318	0.343516007592471
406000	407000	-0.46109472776515	-1.48809510586358	0.211477576877126
407000	408000	-0.0291842940356285	-1.22692639894508	0.133303979258266
408000	409000	-0.00843398535577138	-1.54587358860164	0.541889821941946
409000	410000	-0.191841320334099	-1.85988223058204	0.889301157408717
410000	411000	-0.277753335355927	-2.3256648197842	0.926648497256304
411000	412000	-0.651635469108	-2.59922871200979	1.17150646229372
412000	413000	-0.687629942624373	-2.10437090022199	1.07090020239381
413000	414000	-0.778473879307182	-1.95888671210051	1.44774500401108
414000	415000	-1.24874613800393	-2.0246073986812	1.55695435863457
415000	416000	-1.39607889824253	-1.74174131133403	1.16204128274499
416000	417000	-1.57329677446072	-1.90502468831018	0.839687308099825
417000	418000	-1.75903835154872	-2.17255639728449	0.614352728235456
418000	419000	-1.43097990182288	-2.28652061087863	0.706530062160478
419000	420000	-1.45423689816073	-2.61343406746719	0.982917425290204
420000	421000	-1.25248453624731	-2.25143997330502	1.15517214364302
421000	422000	-1.09426863575725	-1.92909098369671	0.929914949257643
422000	423000	-1.05828163000328	-2.3197258829816	0.864545304824889
423000	424000	-0.717529664315662	-2.30369610294797	0.680625308856577
424000	425000	-0.905520142279688	-2.70540672162914	0.707182233023287
425000	426000	-0.770177640018819	-2.48018972894343	0.310368440419183
426000	427000	-0.840493533132539	-2.81268717337749	0.222762057829763
427000	428000	-1.08589362786314	-2.58611745024681	0.441229323046098
428000	429000	-0.994938560762925	-2.19141274204669	0.441855196475662
429000	430000	-1.01337202088676	-1.87598411321338	0.239855474853798
430000	431000	-0.984723861343431	-1.48427796490982	0.076479274667175
431000	432000	-0.749970748663944	-1.73311201316258	0.549625753504529
432000	433000	-0.741224964648388	-1.59900746547334	0.959138835991669
433000	434000	-1.17963465888968	-1.39266691816215	0.6797355363176
434000	435000	-1.61383198053031	-1.3424299027586	0.642491023769618
435000	436000	-1.97319193496026	-1.68613259532051	0.532949355186752
436000	437000	-1.40518542052877	-1.90902765188859	0.435362653102184
437000	438000	-1.32008702646831	-2.25229354646013	0.322319611460503
438000	439000	-1.56588843037053	-2.45205752791446	0.3594448584656
439000	440000	-1.39189880965379	-2.71832558740602	0.410784659776467
440000	441000	-1.22030937542225	-2.87405278343892	0.1668032242028
441000	442000	-1.04407245436239	-2.66846727338691	-0.0163665324672569
442000	443000	-0.954711477345522	-2.35890677400753	-0.0182926010468717
443000	444000	-0.710639902530286	-2.08961500081365	0.0328248323116168
444000	445000	-0.625956950891094	-2.2482984936829	-0.252129773131063
445000	446000	-0.507355207009737	-2.83495755615445	-0.657082178477857
446000	447000	-0.867627008916771	-4.43588877808766	-1.76824468508991
447000	448000	-0.661528579806342	-2.5136805547701	-0.947265535901786
448000	449000	-0.676024122360595	-2.47804545225394	-0.582346028833922
449000	450000	-0.700304700903579	-2.09381466963224	-0.570411135967553
450000	451000	-1.05184230943504	-2.32915695916544	-0.599936562056471
451000	452000	-1.06330935322584	-2.00434425679012	-0.290544150160955
452000	453000	-1.42190993310969	-2.20599288271226	-0.635257684407643
453000	454000	-1.29213207014311	-1.70931673878417	-0.465668240398536
454000	455000	-1.48912117750199	-1.75098328700902	-0.847392647079672
455000	456000	-0.998198152853437	-1.5811552228508	-0.700415400791013
456000	457000	-1.08662232455313	-2.07789240647584	-0.988247308942758
457000	458000	-0.635860814867054	-2.09588023835073	-1.05056172485054
458000	459000	-0.359396926543899	-2.18172417019048	-1.38230204273632
459000	460000	-0.529895712943033	-1.71579159848025	-0.908078552009356
460000	461000	-0.879291168921425	-1.58771835626622	-1.10110720476935
461000	462000	-1.19484746188999	-1.78870236256119	-1.43886045342062
462000	463000	-0.698350905772334	-1.69839746143116	-1.57644248252896
463000	464000	-0.302411127989826	-1.64928539654	-1.33284834478386
464000	465000	-0.0400469229955535	-1.86952242678726	-1.08835103648004
465000	466000	0.0867678907586635	-1.43022981065614	-0.923361346674925
466000	467000	-0.0986544817947961	-1.19713315529105	-1.28078614438829
467000	468000	0.103599493960482	-1.43137349158915	-1.6348204143939
468000	469000	0.342121120508329	-1.81184223399913	-1.43290031013527
469000	470000	0.435757008148017	-1.8736594995687	-0.982406160393901
470000	471000	0.333099525310121	-2.26347582444738	-1.10184527435053
471000	472000	0.251270662835532	-2.1064540402415	-0.70563206910881
472000	473000	0.261322526365753	-2.43446399925136	-0.766873935728754
473000	474000	0.540196754058801	-2.303631194711	-0.731372598154319
474000	475000	0.443304208095123	-2.54364716574865	-0.523617270251919
475000	476000	0.270262339690467	-2.3157919437944	-0.436235954435571
476000	477000	0.0888772927129604	-2.5156432815734	-0.330621354339673
477000	478000	0.228094710823386	-2.8412857484744	-0.209758460105592
478000	479000	-0.0605574083792115	-2.56815802052491	0.0377877563419635
479000	480000	-0.369671601973164	-2.38302687410566	0.0616182055532217
480000	481000	-0.374593924327028	-2.60826604778702	0.35653476965076
481000	482000	-0.277049859242931	-2.94120110550352	0.185791958713384
482000	483000	-0.227283729238553	-2.9302625699459	-0.283447517366784
483000	484000	-0.276164608021276	-2.41849461072846	-0.351102791056217
484000	485000	-0.480959718260941	-2.71010735090359	-0.139660995504768
485000	486000	-0.796389257546972	-2.70851198936468	-0.265440665590029
486000	487000	-1.01858531528871	-2.92985562208613	-0.588275856152778
487000	488000	-1.21688330264021	-2.66337927482495	-0.424597422473191
488000	489000	-1.26761617022422	-2.40682264782437	-0.252741650818008
489000	490000	-1.35072014229672	-2.71329769560889	-0.140261530469751
490000	491000	-1.27854842950393	-2.50468998802994	0.061317417929957
491000	492000	-1.50685226118278	-2.64303650275312	0.0637400275020931
492000	493000	-1.48493360574076	-2.34144449569883	-0.0207299028838067
493000	494000	-1.77796209062465	-2.48708163850428	0.029846751632933
494000	495000	-1.61928708057463	-2.52927673797059	-0.261072835937118
495000	496000	-3.19876998414714	-3.59486647252458	-0.866777807948266
496000	497000	-1.80791923039367	-2.21890982687283	-0.38442315940958
497000	498000	-1.62540095663532	-1.90973485150111	-0.305356442538209
498000	499000	-1.44879419614167	-1.59120784553981	-0.0459612815621229
499000	5e+05	-1.41446086856973	-1.94483395878482	0.023290219248202
5e+05	501000	-1.79831093853276	-2.05590457846539	0.125926162602232
501000	502000	-1.84916762851792	-1.65904381467631	0.0343681769110581
502000	503000	-2.08361961615946	-1.29415988526457	-0.144614339345176
503000	504000	-1.8226942799602	-0.860278377776771	-0.0105057206842223
504000	505000	-1.77311408495686	-0.433465716522489	-0.206892786881563
505000	506000	-1.94853891099749	-0.110220696913371	-0.461845434265825
506000	507000	-2.14477609738344	-0.486421240961655	-0.44261669940189
507000	508000	-1.93752526225937	-0.831901288229221	-0.422944353056319
508000	509000	-1.7133442476101	-0.978416141339303	-0.653074740784319
509000	510000	-1.74518529428339	-0.672940593661582	-0.992099555514269
510000	511000	-1.51204000199409	-0.410446216474591	-1.08628030076735
511000	512000	-1.74166943187066	-0.161465141746286	-1.26110972347185
512000	513000	-1.35361761821152	0.0274888293915062	-1.12496582192654
513000	514000	-1.58017380966199	0.216162920597761	-1.47680436102028
514000	515000	-1.17298157533945	0.250288126521575	-1.39930397623302
515000	516000	-1.59138818067897	0.315773034772385	-1.85268115739697
516000	517000	-1.21242556802979	0.288151617975322	-1.76183039755042
517000	518000	-1.08309767161465	0.313909127074085	-2.07037884015804
518000	519000	-1.06999503146707	0.00660650610427634	-2.4857992692266
519000	520000	-0.66740440483758	0.0459527271558597	-2.4525504710348
520000	521000	-0.590894123073059	-0.136192610116129	-2.15663505254634
521000	522000	-0.942727445665627	-0.0536219582923386	-2.0326310740569
522000	523000	-1.34755247844126	0.0591859095052026	-2.05978063867181
523000	524000	-2.75750855394946	-0.317712408905125	-3.46613698071384
524000	525000	-1.23227975025306	-0.27209321615708	-1.89181582857402
525000	526000	-0.914992612517789	-0.242937115261138	-1.55599560251535
526000	527000	-1.33726515619101	-0.215686667713637	-1.46179854200484
527000	528000	-1.97771856641811	0.0918709452009593	-1.5375102335306
528000	529000	-3.50778770732292	-0.569788231126723	-2.49244964601917
529000	530000	-1.60669882406373	-0.573648699222792	-1.61947468479758
530000	531000	-0.848738328060418	-0.358485748763801	-1.01390500654892
531000	532000	-0.368460093398009	-0.571844581066121	-1.0985836276753
532000	533000	-0.600198100151041	-0.977246288420285	-1.33143414661203
533000	534000	-2.09985761170291	-2.36175544710752	-2.80151660578317
534000	535000	-1.43103635158031	-1.18933045245372	-1.15020296157727
535000	536000	-1.10707666966067	-0.906333444069948	-1.18436584141837
536000	537000	-1.1490293423506	-1.04401893550742	-1.68517581979452
537000	538000	-1.58653745378217	-1.84299850255389	-3.58809415584626
538000	539000	-0.627846314888591	-0.897775045177535	-2.00812567568112
539000	540000	-0.279849401935881	-0.567880286864944	-1.94783527694221
540000	541000	-0.00627243082733562	-0.92498329649248	-2.24685009991757
541000	542000	0.101651089742032	-0.841374628131738	-1.67812031226718
542000	543000	0.295428991516692	-0.77694129174881	-1.17281085060138
543000	544000	0.195919672453276	-0.29813449249743	-1.17601962098552
544000	545000	-0.196974483033643	-0.0955351569509387	-1.37118674273556
545000	546000	-0.253917835604929	0.384854849903519	-1.28750507658309
546000	547000	0.188485932042586	0.394045739045527	-1.1314706291789
547000	548000	0.396898205040437	0.581172954646019	-1.51138759775607
548000	549000	0.753504826284003	0.337581613313423	-1.46476774732311
549000	550000	1.60063977302062	-0.181552077114845	-2.06942694218228
550000	551000	2.97349333771095	-1.20469845754676	-3.05769951451238
551000	552000	1.36956518782239	-0.599265732763554	-1.87767635039264
552000	553000	1.06702269537615	-0.323318342614761	-1.77706050380307
553000	554000	0.529031129374879	-0.30542226502769	-1.91002568950009
554000	555000	0.512812682664282	-0.45797693511906	-2.39369340303045
555000	556000	0.817137833499229	-0.191585703842913	-2.22650989726574
556000	557000	0.859476101201358	0.134441795111418	-2.02796356383669
557000	558000	0.414414620011064	0.133501267948207	-2.07395848196858
558000	559000	0.634765837352533	0.23495401545497	-2.29715434195623
559000	560000	1.07672151756722	0.47940697709571	-2.96698382994253
560000	561000	1.48256653845984	1.28023919782198	-4.60032434241319
561000	562000	0.815281426122874	0.931431747948702	-2.6713747498082
562000	563000	0.653450270708556	0.849503198533836	-2.32807221406979
563000	564000	0.463279173454615	0.631368840901762	-2.10166590631055
564000	565000	0.271255660295973	0.925436205313191	-2.45841195722373
565000	566000	0.0156188392364273	0.81928269762964	-2.7263471832106
566000	567000	0.0952170684351272	0.55901331466996	-2.3127832342501
567000	568000	-0.0235075296739639	0.176852591186223	-2.39336556003459
568000	569000	-0.172084109677025	-0.110412673760134	-2.65003905257179
569000	570000	0.0152117509045782	-0.250913190405278	-2.30857495031819
570000	571000	-0.00185015765845244	-0.0328420552692593	-1.93704209429726
571000	572000	-0.0153242226299572	0.37822828472979	-1.94072064439294
572000	573000	-0.305827735251329	0.600678546223541	-2.03814159484126
573000	574000	-0.196829284259528	0.851258859726516	-2.27040995507726
574000	575000	-0.526883121441893	0.896254301574568	-2.4165255240434
575000	576000	-1.3153650346911	2.17656453868766	-3.84462973469492
576000	577000	-0.792070443501157	1.2737793241102	-2.19549050687402
577000	578000	-0.527659071718238	1.08193785229526	-1.82458414434399
578000	579000	-0.139874938404831	0.892428411430033	-1.61490548583478
579000	580000	-0.0896411469346786	1.29144595839541	-2.02984233965264
580000	581000	-0.67502743843118	1.14001686738025	-1.39182220711973
581000	582000	-0.692976462772422	1.62197537692201	-1.53927590649064
582000	583000	-0.280615771004917	1.28593926862002	-1.0789178060805
583000	584000	-0.0373168397077636	1.59709494696125	-1.47527550711073
584000	585000	0.265214625360302	1.19329983403282	-1.54282316539392
585000	586000	0.536106727517743	1.68317623203089	-1.78221522951683
586000	587000	0.615420762427715	1.24701422977486	-1.87555640264517
587000	588000	0.832971652786549	1.26106208766298	-2.22678557554242
588000	589000	0.969612419622047	0.856307566598847	-1.99850665393502
589000	590000	1.12273485064041	1.11641961405089	-1.69929026454129
590000	591000	1.20818744583541	0.709853674955126	-1.53020126518019
591000	592000	1.16476844315848	0.263154751510599	-1.68119564433726
592000	593000	0.842905796742716	-0.140718933096074	-1.33834095615032
593000	594000	0.685829722120879	-0.574692785144467	-1.51382249118852
594000	595000	0.907812029937774	-1.00469789426266	-1.52952544354521
595000	596000	0.685611043529269	-1.37219773079927	-1.23733169967136
596000	597000	0.585303392312827	-1.364212227532	-1.70037943936407
597000	598000	0.697342366788951	-0.942861442015424	-2.00975338661573
598000	599000	0.970323455488591	-0.649057434533691	-2.20681997622302
599000	6e+05	1.86891418682275	-1.50100950998136	-3.93237982041198
6e+05	601000	1.10273938664002	-0.368068804643112	-2.58532442211286
601000	602000	1.09133464176212	-0.0210027659793087	-2.58364160544658
602000	603000	0.75695028363647	-0.128280938477129	-2.60158188643596
603000	604000	0.748306786788032	-0.0210920877807583	-2.88188649248764
604000	605000	0.696343893125105	0.148668946275992	-2.62204670234113
605000	606000	0.948498232820184	0.215790213465773	-2.7829064827913
606000	607000	0.984056314200151	0.258776414788951	-2.42921435866971
607000	608000	1.11048688357903	0.518370490418573	-2.57586670570712
608000	609000	0.845051414722083	0.558240737962131	-2.36160567900247
609000	610000	0.818502662767679	0.580325605040748	-2.71522466034882
610000	611000	0.617380250442654	0.502223411685036	-2.58843977790419
611000	612000	0.59716411884365	0.375004960045661	-2.89660654594091
612000	613000	0.395595127342454	0.611966643547223	-2.98888844035986
613000	614000	0.394221958429419	0.326933544627141	-2.58482074940515
614000	615000	0.347487345246992	-0.0187367193203787	-2.53669041189622
615000	616000	0.324932385793837	-0.117202353148612	-2.9747883701664
616000	617000	0.156887249905118	0.196556474032248	-2.81973315499715
617000	618000	0.0654552120615566	0.447728017149095	-2.6316846462127
618000	619000	-0.252320997103756	0.323653793239535	-2.74516056833203
619000	620000	-0.320685118504508	0.562534840442383	-2.56308763022036
620000	621000	-0.365477887903639	0.335175727281241	-2.31264926757234
621000	622000	-0.651735171891435	0.48943483440067	-2.36264623359227
622000	623000	-0.991062317744622	0.469028653874009	-2.5458664205628
623000	624000	-0.722827965011813	0.314173380426931	-1.99749898515132
624000	625000	-0.827332190505386	0.644816955924557	-2.03184416463134
625000	626000	-1.20202037508715	0.7444328991097	-2.24979589978941
