0	1000	1.10963654309673	0.127111809816853	1.04165343043016
1000	2000	1.17103961432653	0.236813826985571	1.32749270242457
2000	3000	1.51193189931381	0.529466451523616	1.07325549728589
3000	4000	1.59074461518777	0.30588595374192	1.47556096159941
4000	5000	1.64265684878733	0.62352637400132	1.65514531711707
5000	6000	1.81493784831096	1.091689419887	1.75885092523424
6000	7000	1.51998804257654	1.49726757691457	1.6667421924326
7000	8000	1.24653238121808	1.6728486879589	1.64555801258269
8000	9000	1.39244007179637	1.92886495120828	1.48299828119485
9000	10000	1.71368918497654	1.86787260498241	1.61494816575803
10000	11000	1.62679601047875	1.97388398176487	1.88912268572056
11000	12000	2.05557618481806	1.91421124363408	1.96246682338222
12000	13000	1.71859042087213	1.60805423393567	2.08457782676716
13000	14000	1.50509389224449	1.39883054719975	2.29242007106712
14000	15000	1.3390198886886	1.62085576565124	2.14182811009147
15000	16000	1.42020359676389	1.85254668861016	2.41575159083974
16000	17000	1.06440711502996	1.83797953575907	2.28430357177398
17000	18000	0.815521781379409	1.58465822281145	2.11821333794876
18000	19000	0.532662571070485	1.30708007383612	2.06924317527814
19000	20000	0.347489333558761	1.50435304064864	1.80966216506079
20000	21000	0.617566825024715	1.50965286361306	1.51717128121754
21000	22000	0.704760509315584	1.22352210500095	1.69555750034148
22000	23000	0.397960651717248	1.11948284859675	1.52738902582441
23000	24000	0.0632603340801375	1.16766909367185	1.65507576582824
24000	25000	-0.161575286102535	0.976953002574405	1.90416139088426
25000	26000	0.193252285308824	0.912623152005312	2.09258488118733
26000	27000	0.221234439634797	0.833870963615426	1.73071062906241
27000	28000	0.41408349164107	0.546681180743601	1.69788687226024
28000	29000	-0.48337883710467	-0.363405284492737	1.78790191833799
29000	30000	0.202770617583798	0.332424913736206	0.8763824881724
30000	31000	0.397797930431271	0.700851181961423	0.774495186448154
31000	32000	0.286196523242624	0.998065513776165	0.937482203156217
32000	33000	0.283626410604168	1.39581074548857	0.947325905643086
33000	34000	-0.0073466534739217	1.55959481870587	0.624477033126816
34000	35000	-0.351778330417739	1.70040043607535	0.570232868261992
35000	36000	-0.166724915841936	1.94458009950553	0.308426673288356
36000	37000	-0.607811038305261	1.81588519367551	0.152084453385944
37000	38000	-0.235997275920466	1.46472376251729	0.211210009382102
38000	39000	-0.191089522881389	1.39446405278141	-0.247585709465027
39000	40000	-0.526464528796293	1.20176498856162	-0.0379221381087987
40000	41000	-0.628244341525656	1.25527136995253	0.288780078843866
41000	42000	-1.04856021567808	0.0912452398649158	1.12498960683991
42000	43000	0.0822020120230792	1.10429029619015	0.482360685469926
43000	44000	0.498268109735145	1.13201047750756	0.615386873168839
44000	45000	0.837750448042428	1.0062130397071	0.813425430631776
45000	46000	0.96279888439882	0.944037286920997	1.21068825038831
46000	47000	1.13379531693778	0.652680640659335	2.87236003043932
47000	48000	1.21825793666832	1.2144952341027	1.64020094804231
48000	49000	0.988696776436326	2.19502266797625	1.86166001004466
49000	50000	0.595273756147248	1.9671987867424	1.85296210292632
50000	51000	0.319080992208813	1.91307237675257	2.13749749827307
51000	52000	0.0450841198010936	2.05926302808875	2.26721742354374
52000	53000	0.0363769686642778	1.7570248724787	2.42805279868056
53000	54000	-0.0364410575608909	1.52267731595732	2.74530224430168
54000	55000	-0.263923893633923	1.52322993552769	2.49364013642757
55000	56000	-0.528050735560364	1.60252761970215	2.6896764422618
56000	57000	-0.906644301210443	1.5686202286474	2.82718471224745
57000	58000	-0.87656802930531	1.46997671330799	2.50682136960847
58000	59000	-1.00512425344661	1.14294795972023	2.48156416018366
59000	60000	-0.970464185454747	1.20207776677396	2.10529222848887
60000	61000	-0.926404882916343	0.937278247511506	1.86838274369797
61000	62000	-0.873358876222006	1.10465402839858	1.55095726109976
62000	63000	-0.675216256968742	1.00495940158929	1.25943928206323
63000	64000	-0.497412542431663	1.32900931719168	1.3123914273016
64000	65000	-0.216433560732852	1.18108853457822	1.16573366012626
65000	66000	-0.499352317476906	1.35432293786071	0.941914252044828
66000	67000	-0.226644347125715	1.58572958789882	1.0526708181398
67000	68000	-0.144565085089274	1.92111713411697	1.02032683816026
68000	69000	-0.0108274826381665	2.25882550349116	1.18942126610497
69000	70000	-0.18088989384745	1.87542614812209	1.41638899844194
70000	71000	-0.487449179476874	1.8067305533704	1.23977590774824
71000	72000	-0.582890563965567	1.68279980176631	1.57093207730972
72000	73000	-0.262858040455612	1.52544526970852	1.64760532003795
73000	74000	-0.181271555282247	1.56659240053661	1.98229591038334
74000	75000	-0.384649418049616	1.7841131140525	2.19975407315871
75000	76000	-0.318681061757951	1.88957607463719	2.49423332572416
76000	77000	-0.118605506038178	2.10574836853814	2.72362311920234
77000	78000	0.241489809006422	1.94780838816649	2.81694321769069
78000	79000	0.364645030357154	2.16403972794341	2.53483732485616
79000	80000	0.727564310338438	2.55457375741542	2.68496761842017
80000	81000	0.307329191303952	2.59897407436783	2.5362732169843
81000	82000	0.0113744943207388	2.61918192838383	2.29295530330594
82000	83000	0.280020149023267	2.87290547668284	2.22624571664502
83000	84000	0.595861445327894	2.71399462509302	2.12889716697212
84000	85000	0.561147683779034	3.01202741116808	1.81389633650904
85000	86000	0.779573560926503	2.71101016009559	1.65509100400964
86000	87000	0.789202881425282	3.00616188761137	1.29397580619723
87000	88000	0.504909563082906	2.61913793276847	1.31396402199105
88000	89000	0.374704998541088	2.72749400283816	1.02427152930792
89000	90000	0.0695487473286177	2.92666622859153	0.999835354152691
90000	91000	-0.0239726997818382	3.23129329970189	0.879549610072393
91000	92000	0.42469305024125	4.4756846450771	0.92228307954243
92000	93000	-0.269312858118754	3.43184027311306	1.0499190229667
93000	94000	-0.0441879528480249	3.41000864023692	1.37634903921174
94000	95000	-0.342448557999355	3.04924147654979	1.05126261954599
95000	96000	-0.623909623134346	3.20377433915061	1.30836716563614
96000	97000	-0.58058705838828	2.85307361036794	1.19220716393912
97000	98000	-0.643036265476957	2.81981508062807	0.852745840227215
98000	99000	-0.953801704525538	3.07960924119211	0.897677678750202
99000	1e+05	-0.637589441220984	3.20856722385279	0.877000248963548
1e+05	101000	-0.464812436142063	3.32975321949411	0.633764048549145
101000	102000	-0.618040182510339	3.07452582587512	0.479884857457305
102000	103000	-0.390374286429138	2.88587212838589	0.257227641515871
103000	104000	-0.225829928598859	2.91764294898246	0.573238904975352
104000	105000	0.105068434627819	3.10929827543018	0.241235456930388
105000	106000	0.296864831101122	2.89594691293626	0.572194439908514
106000	107000	0.250889255527987	2.57265435208487	0.583780202286874
107000	108000	0.541024894064324	2.46849417878435	0.441707216674279
108000	109000	0.440962451574297	2.33090595951826	0.735269780120472
109000	110000	0.787067171208246	2.34238415033847	0.932552358737264
110000	111000	0.698605627846816	2.23911284015175	1.31440454360577
111000	112000	0.489532798879205	2.00056968586438	1.16777281299822
112000	113000	0.265773856200586	1.8166209400062	1.40293674623459
113000	114000	0.207431614355398	2.1111073661302	1.6139321078012
114000	115000	0.118657797919889	2.59121170686013	1.65305043515044
115000	116000	-0.241287564944559	2.93132008243566	1.8495687278417
116000	117000	-0.374048544092512	2.49547338665834	1.72484726387596
117000	118000	-0.580488966865409	2.40468082836281	2.00160592598553
118000	119000	-0.674744624021983	2.76165855569686	2.26965609080742
119000	120000	-1.34478732902302	3.68609635167152	2.43268225067277
120000	121000	-0.82666000977744	2.83761712780388	1.6044781840398
121000	122000	-1.04406693254566	2.55979642714675	1.34748545461201
122000	123000	-0.753356634766407	2.32323890864059	1.33343302939583
123000	124000	-0.479152064434145	2.37113103057081	1.13888806965378
124000	125000	-0.0322459340995441	2.80346183743714	-0.685662357101223
125000	126000	-0.467304157537807	2.29661364464739	0.6646286902827
126000	127000	-0.73946689289382	2.13982600395374	0.842280451517165
127000	128000	-0.965201218655512	2.21982220663628	0.647678880547656
128000	129000	-1.96133378191525	3.28220941504719	0.551122655083178
129000	130000	-1.5446627025291	2.21737550245743	0.285165566501026
130000	131000	-1.84165382408621	2.02674959896959	0.229526826637967
131000	132000	-2.04463838743721	2.2937506437355	-0.0483831631694227
132000	133000	-2.28828298264556	1.87467340060602	0.103150414007911
133000	134000	-2.5267367044515	1.9547047338476	0.451775788738507
134000	135000	-2.73553736909054	1.91158115702676	0.0429786848618162
135000	136000	-3.00445892828503	2.01269528525582	0.0673483081408555
136000	137000	-4.16360886736907	2.00610828594871	0.564677057255696
137000	138000	-2.93664817782775	1.67544763016974	0.031849382693688
138000	139000	-3.35027671091467	2.62091297073012	-0.764310995306232
139000	140000	-2.56878042215999	1.40344838726675	-0.0598287856878715
140000	141000	-2.21562321767857	1.41652843002551	-0.192881681311011
141000	142000	-2.3810544050608	1.10525263326464	-0.269560110775711
142000	143000	-2.58161125935073	0.900028895644972	0.215601351564567
143000	144000	-3.20973673374633	1.17056788080284	-0.16979553368276
144000	145000	-3.33169306799888	1.23988738665899	0.215350450009335
145000	146000	-3.00093368252937	1.26804783931423	0.144396295665374
146000	147000	-2.99798369322304	0.988352593190746	0.101349287642071
147000	148000	-3.14981023636105	0.698465001395678	0.403215829482346
148000	149000	-3.11645168432754	0.643916350263226	-0.0406276366832078
149000	150000	-3.0101911251332	0.735478504690962	-0.278835265475426
150000	151000	-3.18161112842631	0.468584508306455	-0.380081848835866
151000	152000	-3.02709877995	0.235739695046005	-0.628839695907468
152000	153000	-2.958547338413	-0.0842883211366924	-0.806890891563564
153000	154000	-3.18319213054115	-0.433665759217886	-0.759780275394942
154000	155000	-3.08591904343695	-0.309411164209695	-1.14894709071987
155000	156000	-3.36991924415552	-0.0985439636031359	-1.07275057645057
156000	157000	-3.65342464792443	0.135442567213053	-1.12146785556654
157000	158000	-3.4193948404821	0.131298807064941	-1.39296686999128
158000	159000	-3.40465161567863	-0.152864308996233	-1.48057042484646
159000	160000	-3.69752799031536	-0.0673848253036818	-1.63409349100374
160000	161000	-3.693066422345	0.0616380005032254	-2.02108065175205
161000	162000	-4.08687904284938	-0.0455357366814768	-2.30721842449625
162000	163000	-3.7284325476196	-0.270464056828722	-2.63203700722248
163000	164000	-3.74155251463018	-0.399513920082847	-2.12734869314732
164000	165000	-3.35983471770588	-0.303570873151445	-2.21507802527818
165000	166000	-2.99975436943109	-0.466822547583232	-2.15840542657438
166000	167000	-2.65132260026212	-0.648756333212775	-2.06588330862219
167000	168000	-2.47557883396183	-0.979472640282426	-2.36123264953172
168000	169000	-2.2295514304419	-1.01076615897009	-1.9628340789256
169000	170000	-2.15968294431482	-1.31760891841759	-2.04167439650892
170000	171000	-1.81538809017117	-1.30825525736503	-1.84035177138441
171000	172000	-2.04793167189813	-1.74668187221174	-1.68313420239963
172000	173000	-2.02020324681923	-1.09839323971689	-1.53690326672331
173000	174000	-2.30833117924749	-1.30848078793624	-1.61172305505682
174000	175000	-2.40507431035729	-0.944708813538357	-1.56624854027206
175000	176000	-2.64079991149158	-1.30114591170163	-1.49395161675272
176000	177000	-2.77811643200377	-0.974206621012519	-1.49351491408882
177000	178000	-3.10353214252562	-1.15269067024215	-1.40100241718521
178000	179000	-3.27069287743377	-1.03504760362102	-1.79972505489512
179000	180000	-3.24015794735592	-0.642677191800748	-1.59144859016262
180000	181000	-3.10933921002444	-0.706467270630839	-1.30543176801836
181000	182000	-2.83687492933062	-0.731816923259351	-1.13245986600262
182000	183000	-3.00728317465657	-0.992445184072302	-1.00885097396272
183000	184000	-2.73534269777642	-0.940002944425002	-0.750738675497764
184000	185000	-2.71603239130156	-1.21479298074728	-0.935195510877651
185000	186000	-2.38097953668157	-1.07786765277541	-1.00333704127224
186000	187000	-2.3982135297279	-1.27881611010916	-0.642708803086387
187000	188000	-2.1886558553726	-1.52396642657936	-0.937909936538985
188000	189000	-1.96134781876404	-1.44256100481969	-0.504120745414721
189000	190000	-1.87190934869838	-1.2706486689261	-0.947458564957466
190000	191000	-1.98179340500116	-0.992078379023473	-0.846222577715296
191000	192000	-2.09392006832613	-0.667477597168862	-0.684144201388074
192000	193000	-1.88495520770011	-0.348842308591858	-0.968474104884543
193000	194000	-2.35662802689246	-0.128008380954844	-1.18388590521771
194000	195000	-2.82140291366212	0.0790050767141031	-1.40482273343062
195000	196000	-2.62473749764178	0.391409568212632	-1.516464750147
196000	197000	-2.47272649676628	0.420128072557966	-1.80990398059758
197000	198000	-2.47147224702875	0.0180755440020414	-1.74129903428067
198000	199000	-2.21510512448756	0.100585858268303	-2.0016044358687
199000	2e+05	-2.50818278645581	-0.107120112071119	-2.14424932001285
2e+05	201000	-2.46244191840031	0.219025839801065	-2.2683989685242
201000	202000	-2.73112295287464	0.189227291277534	-2.09933402194061
202000	203000	-2.71049482794018	0.534757545345516	-2.17098022233714
203000	204000	-3.02076195210158	0.517564132448279	-1.96953732045723
204000	205000	-3.06965217762464	0.827460215417478	-1.94400434327431
205000	206000	-3.0232112188683	0.678594492720428	-1.63357705897493
206000	207000	-3.31794357583256	0.61429069588742	-1.44557310922739
207000	208000	-4.57829990332479	1.22054220284195	-1.59669869615338
208000	209000	-3.38988943269868	0.912216726996546	-1.15661946077172
209000	210000	-3.10406040983907	0.793968664821818	-0.942960185378467
210000	211000	-2.89770604040324	0.73964307221027	-1.25611044332105
211000	212000	-2.60616590338457	0.603538861184843	-1.15806563492336
212000	213000	-2.64922322623839	0.748104343672661	-0.830253619348232
213000	214000	-2.65824475785157	1.0766099597436	-0.886010739073183
214000	215000	-2.85014584750489	1.2462581692313	-0.656757569563621
215000	216000	-2.92802809181014	1.42522480184301	-0.996512377821744
216000	217000	-2.98884871023679	1.1639057669353	-1.21537860099813
217000	218000	-3.17190633151645	1.13815603558694	-1.50891069482849
218000	219000	-2.83009479428579	1.18502633815951	-1.60158239319617
219000	220000	-2.64342747198336	0.931314352257551	-1.65058054054652
220000	221000	-2.47364827139359	1.12214560242588	-1.81532560188102
221000	222000	-2.42320636822785	1.54173479866301	-1.90313361948047
222000	223000	-2.38140992433934	1.28069137841134	-1.50341012285102
223000	224000	-2.31135197561841	0.964352812790215	-1.41234884070297
224000	225000	-2.12169743836836	0.991172763613154	-1.09880980512492
225000	226000	-2.10002752641212	0.603168224850927	-1.15633347568164
226000	227000	-1.67616997302863	0.714386514918316	-0.84944980930524
227000	228000	-1.90739660096154	0.380405046407558	-0.851748018994754
228000	229000	-1.98992799253897	0.6174535754363	-0.480946951866821
229000	230000	-2.36024650804751	0.497598065462692	-0.582084863202693
230000	231000	-2.56155857100922	0.295019514687981	-0.721933303014458
231000	232000	-2.28282644403422	-0.00697653789211908	-0.619896861734018
232000	233000	-2.45575388973398	0.23889245400205	-0.277024925178196
233000	234000	-2.74618704546271	0.0334340700596443	-0.323950374022479
234000	235000	-3.33806283310477	-0.176481722772889	-0.0864543848279734
235000	236000	-3.02775654601663	0.0840880383487584	0.067857761000593
236000	237000	-2.90299067748071	-0.191954142202889	-0.0247209725591363
237000	238000	-2.683985390616	-0.13207515025695	0.190282268865924
238000	239000	-2.85413892692492	-0.568495823324089	0.223929383843133
239000	240000	-2.52213284445462	-0.371222849611911	-0.0857098895779258
240000	241000	-2.10515148723686	-0.517145416570146	0.0318249457378406
241000	242000	-1.89313979718478	-0.0252268126518693	-0.223271899432806
242000	243000	-1.6948100989181	-0.0201704551727895	-0.535740998717737
243000	244000	-1.37306313006281	-0.0203036974118099	-0.497306864719944
244000	245000	-1.27907175295194	-0.0146348921737675	-0.162826079995852
245000	246000	-0.703994998445543	0.0147833557212926	0.137762398266267
246000	247000	-0.587049099560786	0.435674545500491	-0.0808413343893748
247000	248000	-0.810877756970997	0.625937288462975	0.156984317832949
248000	249000	-0.905206777870062	0.640072358556884	-0.184514965401066
249000	250000	-1.12631133625839	0.413878349790377	-0.0140338099022472
250000	251000	-0.9639993175608	0.294531837653777	-0.283396373285532
251000	252000	-1.16905306740716	0.527718695463754	-0.495183149485679
252000	253000	-1.34009455299694	0.818455183038091	-0.264114459879546
253000	254000	-1.59660095670637	1.01785778314851	0.124717285309982
254000	255000	-1.63018335569985	1.14798927778196	-0.285235495403109
255000	256000	-1.71871359294672	1.41050101013328	-0.556111968915799
256000	257000	-1.3969110506459	1.3539535248753	-0.415163860196848
257000	258000	-1.47122537259232	1.59039486593829	-0.195043949134289
258000	259000	-1.09368976474754	1.40368629899079	-0.14832066526362
259000	260000	-0.834449718647308	1.54161159909415	-0.424550545280929
260000	261000	-0.99830634711072	1.27919944238513	-0.624128994612227
261000	262000	-1.10582115087159	1.52278002947473	-0.974164670911203
262000	263000	-0.757567019328121	1.12031389844211	-0.948126581923456
263000	264000	-0.38764557983846	1.44339720818445	-1.05877380532058
264000	265000	-0.251450623226509	0.930206231473396	-1.0354123474105
265000	266000	0.0726824945751836	0.682691947945273	-0.83994147152835
266000	267000	0.0708909721380011	0.305645612723866	-0.537505872694544
267000	268000	0.44101639050375	0.433168801537832	-0.799870342443374
268000	269000	0.511042418674272	0.288893296830859	-1.16263062311758
269000	270000	0.728093510514755	0.111186959612541	-0.960670726444383
270000	271000	0.426358069498653	0.0288601897753664	-0.83977323187096
271000	272000	0.712865029626532	-0.184402616710788	-0.652944313730392
272000	273000	0.639846719970599	0.153923469139039	-0.510637207724803
273000	274000	0.876584730175503	0.369902043798718	-0.620630748179732
274000	275000	0.838292414109825	0.796124421353492	-0.558826394282194
275000	276000	0.792269501585001	0.82170501707183	-0.928012932075036
276000	277000	0.519313436675376	0.918990341459497	-1.08586787492524
277000	278000	0.489190189249803	1.06336753046414	-0.759274391444726
278000	279000	0.333528105319282	0.893178393952556	-0.484307372679742
279000	280000	0.370224720199332	0.775754495718934	-0.119046270411535
280000	281000	0.416674363438455	0.318793715163511	0.128456801806646
281000	282000	0.775823932149823	0.564732991444654	-0.0634513333468018
282000	283000	1.13542326467347	0.547312456151894	-0.133350229409285
283000	284000	1.39229738817917	0.743924049820554	-0.210755679703465
284000	285000	1.6153526532487	0.569921128847077	-0.031250522604793
285000	286000	1.71384186966087	0.907857706748129	-0.0989344782464919
286000	287000	2.22430764953869	1.08988345775909	0.020983961992056
287000	288000	1.92950680426925	1.28742751138785	-0.244457092911507
288000	289000	2.1312668520932	1.16782190404738	-0.53326572435961
289000	290000	1.77872650977789	1.01512081482963	-0.739333826129625
290000	291000	1.36848025424262	0.97442318767437	-0.760743926673869
291000	292000	1.40690594018042	1.1510348399725	-1.15191807875388
292000	293000	1.53765036890868	2.78484083906772	-1.68397550692051
293000	294000	1.32658502562426	1.51065248971285	-1.61157902434473
294000	295000	1.43820186299678	1.01810128790968	-1.53441889172276
295000	296000	1.29646510921874	0.689630758042815	-1.30748790809094
296000	297000	1.72498035342543	0.651125688962381	-1.28261769939984
297000	298000	1.53142836755068	0.349497615169869	-1.08583420547941
298000	299000	1.92432410597101	0.13004290029395	-0.968079989821152
299000	3e+05	1.70322841340375	0.50344996331783	-0.781765486633897
3e+05	301000	1.79473844266457	0.648597583857399	-0.538715717357108
301000	302000	2.02097446123836	0.412596210481451	-0.599575899572909
302000	303000	2.24896378395953	0.628405866600394	-0.545487415779557
303000	304000	2.43894177007664	0.30668930232311	-0.774380707494932
304000	305000	2.06871340155183	0.607088297290327	-0.870935837118443
305000	306000	2.25616579664015	0.886338776666965	-1.06325409727882
306000	307000	2.01899689796759	1.1218741024274	-1.15760427491707
307000	308000	2.11331894503623	1.33554303935959	-1.53626277082273
308000	309000	1.79463699425804	1.45250201046316	-1.19565307170761
309000	310000	2.22603923206693	1.69817072874932	-0.987444549532559
310000	311000	1.90094310469107	1.57212859835789	-0.785037796862254
311000	312000	1.80576664505148	1.75622309781966	-0.601191315971852
312000	313000	1.83827686846823	2.11531330039966	-0.778475757017924
313000	314000	1.57891125530111	1.45822339703111	-0.787745453361113
314000	315000	1.38610242147154	1.74641029053971	-0.888202179824058
315000	316000	1.24462136493831	1.44839280278663	-0.650596577950477
316000	317000	1.08170744950485	1.35811459050402	-0.988940225766726
317000	318000	0.899457806222562	1.14638094225577	-1.25894624859914
318000	319000	0.901066251853371	0.964285775994379	-1.55974278865697
319000	320000	0.503968637871461	0.909302061002621	-1.61813515218806
320000	321000	0.664553684415037	1.30524668501834	-1.70469587349821
321000	322000	0.603773480791359	1.19175688450764	-2.00638680560425
322000	323000	0.779495442352526	1.55870723259067	-2.38879202397676
323000	324000	1.13740641870519	1.27399009357757	-2.62433025978551
324000	325000	1.10296119299437	1.2301945286934	-2.28273363828028
325000	326000	2.10058501386633	1.73626341676269	-3.25517279535702
326000	327000	1.55387933167771	1.35347330313635	-2.2496253599802
327000	328000	1.39485360105636	1.13563370410041	-2.01401553012453
328000	329000	1.54639441140213	0.867208816768019	-1.93143536981908
329000	330000	1.69049814523433	0.538050283515762	-1.94252800153442
330000	331000	1.3860774283426	0.472908014026542	-1.79729892147064
331000	332000	1.50228868283288	0.173670948938683	-1.85427647007903
332000	333000	1.16926885281079	0.17137423125371	-1.85979402265753
333000	334000	1.30538035624674	0.29740499375727	-2.14307662615241
334000	335000	1.0932569328846	0.559736581093855	-2.14112104951302
335000	336000	1.22904451521262	0.668947674759105	-2.4446999230299
336000	337000	0.851704295961319	0.735163911392304	-2.47473542511561
337000	338000	0.939455755994088	0.596743189217331	-2.86754645050733
338000	339000	0.86250916557347	0.375486681954842	-2.60329673100641
339000	340000	1.15757321218707	0.208384563179956	-2.65906085172902
340000	341000	0.817020098510657	0.0291513544887416	-2.4784086403421
341000	342000	0.5955296261305	0.271970278325837	-2.40540838277894
342000	343000	0.366568932222094	0.257623197131628	-2.62867825247859
343000	344000	0.183188672461486	0.0360525418301019	-2.48614441857175
344000	345000	0.343833644853343	-0.150549620852258	-2.78081706081315
345000	346000	0.600490377295055	0.0278816103277433	-3.04992205702232
346000	347000	0.522977902588531	0.398240455876009	-3.07062433100817
347000	348000	0.352628611272476	0.23243886140522	-3.27023610590122
348000	349000	-0.00437699969050016	0.255208438677045	-3.34162714220697
349000	350000	0.0795511832812189	0.0878040292468152	-3.03405335091067
350000	351000	0.156418280795538	0.382176793340298	-3.00534083249344
351000	352000	-0.0996711857313403	0.49755396350954	-2.90473853202243
352000	353000	0.0967677633693489	0.75906356955411	-3.13707347177837
353000	354000	-0.166424445888368	0.886384687194722	-2.8962769568365
354000	355000	0.0782186979567325	1.06504234554699	-2.71958053051034
355000	356000	-0.182988755001232	0.987794063373127	-2.53378705570652
356000	357000	0.0216556742173601	1.15277513675185	-2.35725159563989
357000	358000	-0.489539820612709	2.15423624052645	-3.32062424676017
358000	359000	-0.218827199881618	1.51946962126725	-2.17645972554022
359000	360000	-0.211535671364176	1.71256027372582	-1.97765222390516
360000	361000	-0.0381409654712415	2.99727652357103	-1.77840026515933
361000	362000	-0.423041346638048	1.94857552860277	-1.93948201602144
362000	363000	-1.33404027439927	2.47709188139224	-2.23219635872075
363000	364000	-0.495119600579904	1.49275572458688	-1.75703976526556
364000	365000	-0.175953032837029	1.32100321062663	-1.62161130552426
365000	366000	0.241255790420471	1.52547424088738	-1.56706610812187
366000	367000	0.0909928082246639	1.09679784297491	-1.87722261266886
367000	368000	-0.242658133374924	0.984878631902072	-1.94920487192519
368000	369000	-1.42740311295043	1.42785919823499	-2.61297496181135
369000	370000	-0.669720639342186	0.737805369426108	-2.29999573832894
370000	371000	-0.208694725751636	0.523277077018806	-2.30723885243076
371000	372000	0.143158813562063	0.602883618665302	-2.3348837766839
372000	373000	0.142562493083577	0.429634231424358	-2.07150439884411
373000	374000	0.0917728881431917	0.397334679662007	-1.70609741051298
374000	375000	-0.364784936236939	0.273967888711741	-1.73569122308341
375000	376000	-0.138371548426703	0.0481707395199365	-2.04526016873608
376000	377000	0.110543600788174	-0.0490316840092925	-1.89785965451281
377000	378000	-0.0687153726416777	-0.25841639758063	-1.50894683379205
378000	379000	0.366716987296053	-0.166087250695826	-1.58672830108362
379000	380000	0.717091381016904	-0.313636614309728	-1.68311514653311
380000	381000	0.469695881178055	-0.664073267308503	-1.82033052575347
381000	382000	0.990848578397756	-0.967791796423086	-2.13477650819116
382000	383000	0.729787077156096	-0.642149026055032	-2.30131630043896
383000	384000	0.776310561349951	-0.742689172656139	-2.59521979470122
384000	385000	0.551145215581341	-0.942566134398971	-2.40709684962601
385000	386000	0.331864504974985	-0.693318256543661	-2.34828005277725
386000	387000	-0.0387976255641422	-0.67384986840371	-2.25717848156897
387000	388000	-0.402629300766688	-0.526627036420145	-2.39836629925966
388000	389000	-0.318840032293725	-0.517311057208181	-2.05634110282326
389000	390000	-0.351037149463149	-0.792973331383555	-2.10818527432729
390000	391000	-0.655991864456116	-0.901200624969112	-2.15592146226636
391000	392000	-0.474491908266086	-1.29000086880834	-2.37421165667817
392000	393000	-0.648191392581881	-1.23077261325404	-1.96295006491385
393000	394000	-0.836783172610138	-1.48987664850902	-2.03892068300862
394000	395000	-1.0282151623651	-1.358848271546	-1.75232503743829
395000	396000	-0.747616402050252	-1.54017386739754	-1.54108586857808
396000	397000	-0.69708452058314	-1.123400393905	-1.41325380242131
397000	398000	-1.25007616537353	-0.17300829660744	-1.76727715977189
398000	399000	-0.966456394650611	-1.17877443239254	-1.0666830087263
399000	4e+05	-1.24421469396574	-1.45679404786535	-1.07472295737825
4e+05	401000	-1.20176717257445	-1.19020684623286	-0.753800042294583
401000	402000	-1.0176930765857	-1.3482186916532	-0.356650945103465
402000	403000	-0.828986538158405	-1.52442070138417	-0.757579738198968
403000	404000	-0.632625427732928	-1.55790149975269	-1.01311964216192
404000	405000	-0.398717834769547	-1.33110790356048	-1.14791781664623
405000	406000	-0.424090123167762	-1.27110446552127	-0.835931191227633
406000	407000	-0.430974929346875	-1.04875267810599	-0.580109601234031
407000	408000	-0.78184741223029	-0.684535034951716	-0.646164425736333
408000	409000	-0.55242272681644	-0.942479389336176	-0.922205507900319
409000	410000	-0.187632251271416	-0.975478037069326	-0.940631048069679
410000	411000	0.198657763619868	-1.00318500398871	-0.887985073130032
411000	412000	0.720451598492281	-0.9884038841058	-1.01808351738694
412000	413000	0.490001171182616	-1.13583189541801	-0.668450232689827
413000	414000	0.56235162021511	-0.773436132286233	-0.520810415054508
414000	415000	1.0297574676626	-0.73071592706046	-0.308466844585934
415000	416000	0.892180857076061	-1.17993881783827	-0.453786680571271
416000	417000	0.859928734063523	-1.58227338170582	-0.32250223656632
417000	418000	0.809772370368731	-1.9014524646882	-0.102175552416035
418000	419000	0.496738419109833	-1.93061147146951	-0.281497274406676
419000	420000	0.47063728497471	-1.72535161165962	0.333663149540903
420000	421000	0.430018304218496	-1.57127048684936	-0.0536953048548018
421000	422000	0.49403666881465	-1.24508242210768	-0.20575476672
422000	423000	0.13166052539081	-1.11254510620151	-0.134432431331312
423000	424000	0.0960786123538114	-1.4591582521274	-0.37307001106999
424000	425000	-0.0679821037368872	-1.61332841165556	-0.0456240038721021
425000	426000	-0.320480877928489	-1.79270108515446	-0.23942799222611
426000	427000	-0.34042902337026	-2.11014266269535	-0.262752589421183
427000	428000	-0.178989277786779	-2.0627358871163	0.0530153110412048
428000	429000	0.0467151186882873	-1.97589174948795	-0.359385805458935
429000	430000	0.0486351205462079	-1.87257659266246	-0.781974408194045
430000	431000	0.0421404547999897	-1.81091581625807	-1.29818424316293
431000	432000	0.207364381477929	-1.48615250000619	-0.96703293063815
432000	433000	0.544262436430047	-1.50389096567621	-1.32112595137306
433000	434000	0.686026696580942	-1.68359609233398	-0.874045855996357
434000	435000	1.02829936408977	-1.78054397592332	-0.706860684049726
435000	436000	1.17173641447558	-2.06669848954144	-1.02433930047148
436000	437000	0.841198112002869	-2.18204313264391	-0.438418119488753
437000	438000	0.663007328345633	-2.36799807632557	-0.159706844152979
438000	439000	0.59685053322176	-2.26972407324918	0.137060527929931
439000	440000	0.258407537876464	-2.23105348465543	0.156924744875017
440000	441000	0.371023510356692	-2.58168823611973	0.186566242113966
441000	442000	0.2465464077324	-2.47403149068268	-0.0908881161241526
442000	443000	-0.0743746888773137	-2.72213682906675	0.134187758074905
443000	444000	-0.111363872123057	-2.52497119227771	-0.432162345633969
444000	445000	-0.112747316192431	-2.31448410991401	-0.748264265215763
445000	446000	-0.494827935426131	-2.36068408292347	-0.932098005320632
446000	447000	-1.42702031598525	-1.92897492465518	0.62133162937882
447000	448000	-0.627790203722834	-2.67969871930634	-1.18637236675135
448000	449000	-0.351008746387161	-2.89063750130597	-1.07480321139995
449000	450000	-0.1037282330405	-2.73621913988098	-0.900468725100447
450000	451000	0.298662467731354	-2.75220620562919	-0.871763273477658
451000	452000	0.416176177384448	-2.49479047078844	-0.701883217661765
452000	453000	0.711984985542297	-2.63088146287439	-0.842201454194879
453000	454000	0.601681811110365	-2.26654164745207	-0.908722927400786
454000	455000	0.47368565217207	-2.47935195525366	-1.19292261286175
455000	456000	0.109165479518189	-2.46291009491691	-1.16587564624458
456000	457000	0.132318046136838	-2.80160551427011	-1.28271847911327
457000	458000	-0.217296180299344	-2.68215077375331	-1.38571993209816
458000	459000	-0.434375206402586	-2.89481404552084	-1.62824554396052
459000	460000	-0.0701126964529125	-2.93601055805515	-1.60682851357637
460000	461000	-0.0225389027132326	-2.58367698031942	-1.69371527408346
461000	462000	-0.0654508991523871	-2.84322691153643	-2.08831064350211
462000	463000	-0.462460852783843	-2.44026871674926	-1.8765941633202
463000	464000	-0.837184231100485	-2.39750369724674	-1.67969118340349
464000	465000	-0.937476450591539	-2.1355783404207	-1.45034177219535
465000	466000	-1.20044722318713	-2.298784984029	-1.72867314649874
466000	467000	-1.02628722788049	-2.02553263076297	-1.8196892483099
467000	468000	-1.31706376520649	-1.97735880232826	-1.80399631659891
468000	469000	-1.30342522261313	-1.89638482025687	-1.48579244205299
469000	470000	-1.34434020073936	-2.19319389466771	-1.30825312831395
470000	471000	-1.41396900762284	-2.51106090618909	-1.23711468639281
471000	472000	-1.65957275025036	-2.58451417578465	-0.922529664649698
472000	473000	-1.34596088453907	-2.42700919967575	-0.852824683244275
473000	474000	-1.57526127831471	-2.18555450917327	-0.911567048439073
474000	475000	-1.24579819906599	-2.0994698304747	-0.727706687272101
475000	476000	-1.48700619257172	-2.23967652309804	-0.567742428741463
476000	477000	-1.33716323502457	-2.42331320752286	-0.381902774931451
477000	478000	-1.55576153399724	-2.84053308736718	-0.278470603263064
478000	479000	-1.08218772558873	-2.91700281899999	-0.334893723385735
479000	480000	-0.981660966491087	-2.89513209027334	-0.0250117815846415
480000	481000	-0.749537797127402	-3.0328711036993	-0.230236743858716
481000	482000	-0.624189917473509	-2.70373357329689	-0.116559640003442
482000	483000	-0.785611344425849	-2.55471008158191	-0.439845961805481
483000	484000	-0.995201564567741	-2.73484070080827	-0.670714926341917
484000	485000	-0.903393454185785	-3.08773868363738	-0.722497169493224
485000	486000	-0.506990761630857	-2.95545525129362	-0.636875914505624
486000	487000	-0.343016171109549	-3.46697745990189	-0.709751452545298
487000	488000	0.0707452894875059	-3.21266965261993	-0.705710829861024
488000	489000	0.191378037421202	-3.27217282443043	-0.381036215235174
489000	490000	0.492285444803246	-3.31509713686676	-0.506705028633345
490000	491000	0.536867518348042	-3.28410165849062	-0.194754417280387
491000	492000	0.561555399231411	-3.03097081531259	-0.421232475156791
492000	493000	0.817241119241607	-3.04234479103016	-0.275785721468333
493000	494000	0.960614787223311	-3.13784497810945	-0.588127324378901
494000	495000	1.11335765498037	-2.76984967399955	-0.392010549682653
495000	496000	1.91601507911726	-3.69435500922995	0.236787582888761
496000	497000	1.66176241066147	-2.3476862803856	0.108564516909351
497000	498000	1.4964272468929	-2.07613257857716	-0.0876459246868146
498000	499000	1.63227052833238	-2.21652943785712	-0.280285133265119
499000	5e+05	1.39417948506047	-2.38095553399259	-0.188606766274725
5e+05	501000	1.43131288568125	-2.37259714459483	-0.508803509391127
501000	502000	1.72197322962251	-2.56464187694912	-0.406977860008672
502000	503000	2.21715601077385	-2.47120158347002	-0.430530478112229
503000	504000	2.30828660951926	-2.18456006357156	-0.0237663253096863
504000	505000	2.45242893653933	-2.05022442067276	0.252342374833371
505000	506000	2.75541862002124	-1.89660419382691	0.296697323570093
506000	507000	2.48031445556889	-1.7202639777092	0.0611280817200146
507000	508000	2.1055425926291	-1.7954077903274	0.18062728676995
508000	509000	1.87380549458642	-1.71500168702192	-0.0529008603669713
509000	510000	1.76314350013636	-1.48455615471464	0.164233297602145
510000	511000	1.97821552521007	-1.24113979806338	0.218590071813865
511000	512000	2.16090582514291	-1.06087583686583	0.044068437900227
512000	513000	1.98153646111934	-0.799152938464008	0.245793420108747
513000	514000	2.25643409778173	-0.552495420795844	0.468763465498538
514000	515000	2.19769571635357	-0.872841585801471	0.591015950224546
515000	516000	2.50848421406155	-0.896101130280847	0.37035848705895
516000	517000	2.41519589488817	-1.19880332609744	0.602776840172249
517000	518000	2.66209930337621	-1.12059029028227	0.745984241861903
518000	519000	3.11131656379317	-1.26569975852737	0.724005696922493
519000	520000	3.01390109849144	-0.956107249569955	1.00767141958946
520000	521000	3.01428545520171	-1.23664313977604	1.26178255956097
521000	522000	2.68790826545791	-1.17730278010764	1.11619624158921
522000	523000	2.58658016263304	-0.869365388397688	0.997375443834267
523000	524000	3.49824230471731	0.168534906721778	0.714234188653423
524000	525000	2.25812180440533	-0.853731783248517	1.23169963131938
525000	526000	1.91113815369394	-0.752583707535903	1.19017223814517
526000	527000	1.94222633050955	-0.682997163952569	1.5714752622084
527000	528000	1.9318756176942	-1.08388781403214	1.51008041782233
528000	529000	1.9268304854068	-2.72099129512414	1.45269453928047
529000	530000	1.54662777892775	-0.847581997778453	1.4672125867885
530000	531000	1.43763378297395	-0.738763414901867	1.12432197411574
531000	532000	1.3438844469222	-1.06743491485897	0.974187486443236
532000	533000	1.63297555872765	-0.990507788783114	0.769914843512559
533000	534000	2.6880520178253	-2.47781482177196	1.06960681145416
534000	535000	1.61862031501668	-1.34782512410734	0.600135849626843
535000	536000	1.5518093303444	-1.66528469518491	0.589869913891598
536000	537000	1.34360420241417	-1.83419323357203	0.859517422385471
537000	538000	0.996876138209752	-3.06078291462194	1.42006221425946
538000	539000	0.809628352672279	-1.80250409148299	1.38402842583731
539000	540000	0.529255018667025	-1.62256121817339	1.5058833222694
540000	541000	0.106539736014204	-1.35400265135887	1.47389912652954
541000	542000	0.361639045422751	-1.36979629363308	1.00016566059097
542000	543000	0.396894303914246	-1.01419733819246	1.14271354197998
543000	544000	0.719511207472731	-1.22965950046099	1.21067052934853
544000	545000	0.859539444669478	-0.959884934615554	1.51583104697703
545000	546000	1.14982129864651	-1.23405543766507	1.50013632108869
546000	547000	1.2046434618863	-1.18823446801361	1.83099304952947
547000	548000	1.33852307482534	-1.54932148101853	1.81780640122118
548000	549000	1.54889899517867	-1.72825614617416	2.08036184198356
549000	550000	1.37674222968987	-2.06218169811382	2.24476030684081
550000	551000	1.13492692853077	-2.92135188295841	3.20754097813638
551000	552000	1.45743659079147	-1.5898428133542	2.68358108289019
552000	553000	1.00929246361273	-1.44686142762919	2.78910573403922
553000	554000	1.26917328921724	-1.21169636090438	2.40595988211937
554000	555000	1.16361972770636	-0.887632489093039	2.34782112808961
555000	556000	1.27720944247135	-0.904503376581567	2.64967542594918
556000	557000	1.56632177833714	-1.08938262086781	2.6252171899698
557000	558000	1.6752465695527	-0.787867819658262	2.68087272856764
558000	559000	1.50591481051094	-0.86661577731242	2.97711204188754
559000	560000	1.75773981352267	-0.77704207985201	3.23459582504777
560000	561000	1.71860977148545	-0.899414193441328	4.50664360493079
561000	562000	1.76454632486408	-1.22070494231773	3.29986722731188
562000	563000	1.67289420802779	-1.38220789360421	3.03777416382239
563000	564000	1.97633127286527	-1.27629336750206	2.96294479093198
564000	565000	1.98987527294424	-1.44069934161245	2.59254313243963
565000	566000	2.21171767025533	-1.07371837775697	2.60943606584147
566000	567000	1.96521860672758	-0.941832761473216	2.33251611650053
567000	568000	1.9715039151038	-0.625212030220428	2.18107928236374
568000	569000	1.64876267552523	-0.583007327407917	2.00963232743261
569000	570000	1.53952011107703	-0.841733273336052	2.22534875863241
570000	571000	1.61990150950315	-1.14332738645742	2.03074062490319
571000	572000	1.94240628634936	-1.34012086342572	2.05273307159197
572000	573000	2.29838300490771	-1.21690387980005	1.95048722208355
573000	574000	2.52300209455742	-1.29152398038455	2.20920829150933
574000	575000	2.32899720272537	-1.55534049826672	2.13242922715734
575000	576000	3.4968448012389	-2.39373909188893	1.42287147727249
576000	577000	2.4746507341537	-1.96755649221678	1.89860771614614
577000	578000	2.2743691725014	-1.96759445120911	2.32147104311512
578000	579000	2.49720483439983	-1.71413590127737	2.51903089682042
579000	580000	2.75660114957621	-1.45638965407623	2.59657519819879
580000	581000	3.07849768202117	-1.55225702999674	2.27027732303501
581000	582000	2.95352186585419	-2.08473281184292	2.37541324576539
582000	583000	2.67831765691854	-2.45827330576138	2.72771677566744
583000	584000	2.72697406023359	-1.99697137377942	2.84228297206592
584000	585000	2.73010671977997	-1.69745418361808	2.9889266993121
585000	586000	2.95579158393863	-1.70141925420816	3.23860911446656
586000	587000	2.60973018879691	-1.88597344276414	3.33409704411325
587000	588000	2.39814764312146	-1.66044752387583	3.10476919624317
588000	589000	2.46629623348973	-1.33138319050739	3.26571614197907
589000	590000	2.21373005395339	-1.60742159441057	3.44086222720029
590000	591000	1.95456548954904	-2.01616913229485	3.32632186926258
591000	592000	1.9472199906955	-1.70433760482977	2.94761782728271
592000	593000	1.74432497097966	-1.87989602763565	2.58058485730131
593000	594000	1.30188724591058	-1.64595693956616	2.36759899845686
594000	595000	0.9060431574578	-1.74544020040086	2.238883605822
595000	596000	0.543971010854817	-1.65516757622466	2.08586042722841
596000	597000	0.774616900528932	-1.47988712825223	1.88195986718135
597000	598000	0.574882001308751	-1.216165779868	2.03242709445583
598000	599000	0.851306918750834	-1.24441395451363	2.2419189359549
599000	6e+05	-0.0509921616654262	-1.02395617116665	3.29998267959549
6e+05	601000	0.8370019840194	-0.609692729811717	2.43909007054704
601000	602000	1.16244001475785	-0.366562036776034	2.24441043264481
602000	603000	1.32623152194049	-0.424402184715719	2.52660029984591
603000	604000	1.49371227495362	-0.196764133742074	2.35826115749265
604000	605000	1.60987388539057	-0.303221442364194	2.67431561069349
605000	606000	1.89088890849084	-0.198259411023458	2.48063815585492
606000	607000	2.02409132455016	-0.223730065900998	2.8185131836178
607000	608000	2.16090617461505	-0.505194477043275	2.65340731269832
608000	609000	2.46707504286684	-0.407637244621746	2.8003537474884
609000	610000	2.41015667804605	-0.234342036179802	2.56606590329082
610000	611000	2.580473244548	-0.439161315617015	2.45821288434531
611000	612000	2.66260808544435	-0.119050906949373	2.29594049136234
612000	613000	2.96346347320307	-0.498596315267622	2.25354792204789
613000	614000	2.43057836398798	-0.439932046380834	2.11526745041799
614000	615000	2.51630096270229	-0.600974177041794	1.77634364417322
615000	616000	2.92031988160403	-0.408765059711548	1.60616183303299
616000	617000	2.54992006291757	-0.21536964077773	1.78236478493777
617000	618000	2.24546308323019	-0.238823702080255	1.75816470608088
618000	619000	2.22245211615662	0.080151699173817	1.64846710663913
619000	620000	2.22053859048813	-0.132369009510399	1.3624708786576
620000	621000	1.89496749934564	-0.101878496432096	1.46984688132125
621000	622000	1.65225001633617	-0.158478115651024	1.2577394640327
622000	623000	1.78040700063483	0.0132187547536678	0.850969797540976
623000	624000	1.37790238090912	-0.239177230992014	0.887236604043779
624000	625000	1.27242491932815	-0.128268329434273	1.23532554534727
625000	626000	0.840302897255429	-0.162697445994574	1.27067026193151
