0	1000	-1.1613699380475	-2.12830385544384	0.021262918389612
1000	2000	-1.29915388546217	-2.01510380506491	-0.304829944330072
2000	3000	-1.50269074069867	-2.23994848576013	-0.590088629832362
3000	4000	-1.59338379832031	-2.30075085591721	-0.938824082131504
4000	5000	-1.07646714744587	-2.39792788746174	-0.780753349552574
5000	6000	-1.22580035473049	-2.14415347111708	-1.08107751313793
6000	7000	-1.00219528854416	-1.99123610473944	-1.15747441013944
7000	8000	-0.586485131482419	-1.80605362555519	-1.20336677070897
8000	9000	-0.713972440351756	-1.95336329707825	-1.60909085504923
9000	10000	-1.0477723024725	-1.52587036552594	-1.28946936466274
10000	11000	-1.0671221625299	-1.73827442994179	-1.64745101714054
11000	12000	-1.55685569918131	-1.67754763176986	-1.49236673409217
12000	13000	-1.25334208787353	-1.67614582632172	-1.0861450231998
13000	14000	-1.12302460215785	-1.19719956894634	-1.13011826807683
14000	15000	-1.34645860472958	-0.977116529095122	-1.00492062344845
15000	16000	-1.33479663246305	-0.851028285379804	-1.41588441507707
16000	17000	-1.07474967807274	-0.682640910208684	-1.10606389912979
17000	18000	-1.08485334404065	-0.889951375534162	-1.5405626174822
18000	19000	-0.785490522428102	-0.25378414231659	-1.73632431009569
19000	20000	-0.585004068918221	-0.149836966195285	-2.16877980337601
20000	21000	-0.504868098126603	-0.0165463914842153	-1.72657535097739
21000	22000	-0.197849237895638	0.253382066535449	-1.80140884863517
22000	23000	-0.171608570850888	0.626949727962127	-1.63151193636634
23000	24000	0.0884510531451953	0.955246662246855	-2.28936813874977
24000	25000	-0.384458619186726	0.602921654435295	-2.17276741200225
25000	26000	-0.694434058513182	0.824181758005277	-1.92152677843929
26000	27000	-0.657574582386083	1.02186911211857	-1.68221360428089
27000	28000	-1.35371502938841	1.46815668589401	-2.13736849033483
28000	29000	-2.15883036470516	1.74081866288633	-2.94810718892444
29000	30000	-1.8503551633391	1.02334414305288	-1.92188245511629
30000	31000	-1.37312869274437	0.612882823906173	-1.36564027029278
31000	32000	-0.771297155425682	0.0783045327271759	-1.05485780149094
32000	33000	-0.381416665277665	-0.364893577135844	-1.23665866947811
33000	34000	0.00998332288444579	-0.124598126003994	-1.4150627156682
34000	35000	0.272237552286028	0.28264818021765	-1.55668199251497
35000	36000	0.713221259062532	0.66714395120437	-1.479899946771
36000	37000	0.65255628825248	0.621725499011982	-1.12210940201751
37000	38000	0.373469615849205	0.233998515355149	-0.717235323076142
38000	39000	0.0151349158356719	0.0958868740460398	-0.528132770024987
39000	40000	-0.801486769846397	0.0895522018319188	-0.537767224809956
40000	41000	-1.68191059025267	-0.0037241205773692	-1.75348474750619
41000	42000	-2.57699543694285	-0.0877592876801361	-2.98559427366125
42000	43000	-1.87456085738925	-0.308407968474489	-2.24803888269775
43000	44000	-1.43708664242029	-0.376153930027587	-1.88125994340362
44000	45000	-1.40905661567616	-0.772672962119521	-1.78635718850597
45000	46000	-1.48206292903229	-1.43254058373384	-2.40006638664045
46000	47000	-1.66378731658093	-1.88648273825475	-3.33281908893945
47000	48000	-0.934152228332413	-1.3916129860882	-2.49714607158559
48000	49000	-0.421815811811441	-0.943695049660988	-2.06498775542883
49000	50000	0.059929053693345	-0.798368973263395	-2.26331833104359
50000	51000	0.153827288369433	-0.50967591799136	-2.33672769796322
51000	52000	0.337176989076763	-0.269906315271293	-2.51256069281736
52000	53000	0.572226057663267	-0.150863719638097	-2.380930935096
53000	54000	0.810901579578789	-0.415825994049437	-2.15853497958947
54000	55000	1.0363621880536	-0.397370549964377	-2.48779274135247
55000	56000	1.00551721627183	-0.12927334773973	-2.65631459849636
56000	57000	1.11349088161104	0.056085127007794	-2.5174400996899
57000	58000	1.12202145751358	0.545717823308531	-2.37473545628868
58000	59000	0.904196902890676	0.83837184780158	-2.6335323784252
59000	60000	0.998024281026211	1.13575143028136	-2.24627123330921
60000	61000	0.8388663755138	1.62995999108007	-2.16619060995247
61000	62000	0.441576200660091	1.83593228949741	-2.09606433705996
62000	63000	0.428977671766984	1.40961892127363	-2.14458901284395
63000	64000	0.531036904772895	0.964776270063354	-2.13110620539788
64000	65000	0.517816704860926	1.02126970307577	-2.48415947980215
65000	66000	0.371745674170449	0.585909492387364	-1.96920611669619
66000	67000	0.141774449020025	0.199298266528518	-2.36465928928943
67000	68000	0.213155191474993	-0.085565003517812	-1.8836109201311
68000	69000	0.602122331930174	-0.405681520523836	-1.77911214462459
69000	70000	0.91206987830815	-0.0389368442054443	-1.66335151633396
70000	71000	1.40243778941831	0.336924513061328	-1.83416250220634
71000	72000	1.31608598983813	0.869861192659837	-1.8840006927045
72000	73000	1.32492684477538	0.443786574390528	-2.20085767521007
73000	74000	0.934701216158228	0.407293494860651	-2.14701139427219
74000	75000	0.707102903602229	0.212064460263051	-2.20074768082491
75000	76000	0.74030550211051	0.0420864192188136	-2.59806005900344
76000	77000	0.813647414126997	-0.317879603015699	-2.57211008275092
77000	78000	0.805516199564474	-0.609351070817034	-2.44491988511449
78000	79000	0.514513787319641	-0.484407948276934	-2.48214854652984
79000	80000	0.564792537781667	-0.906652120296624	-2.87225882885581
80000	81000	0.319667637270571	-0.855434451977753	-2.44391281434573
81000	82000	0.757833765000715	-0.961608700680534	-2.51331803465873
82000	83000	0.347914959294147	-0.907060599172576	-2.16969879232426
83000	84000	0.462643120664521	-1.28762088442517	-2.26578461494398
84000	85000	-0.11805270661767	-1.47201585020114	-2.03126984823582
85000	86000	0.162220482179561	-1.67181289689541	-2.09810215555691
86000	87000	-0.0483382453339902	-1.75844268370443	-1.61810237679351
87000	88000	0.423316044502021	-1.83940375646145	-1.60593390910031
88000	89000	0.801224838650962	-1.65177151805287	-1.32362853424172
89000	90000	1.20958277878914	-1.86031236938845	-1.34101003423408
90000	91000	1.84481586051971	-1.96954920680722	-1.74489792587609
91000	92000	2.47839154151391	-2.63436475076306	-2.3471225619658
92000	93000	2.25783276923822	-1.63422588295239	-1.96934525715533
93000	94000	2.02070972782737	-1.1044198196672	-1.75191314023274
94000	95000	1.74734194415593	-0.870217980589514	-1.48546842177843
95000	96000	1.54044613428288	-0.440665670018833	-1.30255171566229
96000	97000	1.81749542129952	-0.19489129245363	-1.31931071025615
97000	98000	2.11330192782195	-0.105370871587472	-1.64096546652078
98000	99000	2.41970952260727	-0.456784345187037	-1.35180175318246
99000	1e+05	2.16768765756896	-0.953588550583869	-0.919854570781999
1e+05	101000	1.98655466018932	-0.916986517094828	-0.687632157097121
101000	102000	1.70751739863119	-1.19037903145265	-0.473256243572083
102000	103000	1.35010975660147	-0.912987932930907	-0.564329447019455
103000	104000	1.20451076945906	-1.12702926566245	-0.843332839213936
104000	105000	0.691981231073976	-1.20796920014724	-0.744318497852927
105000	106000	0.507659225172806	-1.58245885634904	-0.759210463422229
106000	107000	0.278649894116049	-1.03761995142992	-0.683782478446851
107000	108000	-0.148513822277398	-1.21507235084898	-1.0269093394086
108000	109000	-0.118411200873945	-0.922037332082009	-1.40845510960807
109000	110000	0.503532984520377	-1.35855230772081	-1.40775443682951
110000	111000	0.741152578108354	-0.983038808788822	-1.41334603497229
111000	112000	0.786105247489823	-1.14254743300685	-1.81661435111201
112000	113000	0.884788301568758	-0.794075820807475	-1.8188735591597
113000	114000	1.20800075857881	-1.06586283802235	-2.08143541691907
114000	115000	1.6158288728175	-1.04339512983891	-2.13281821872277
115000	116000	1.58510443840292	-1.4580175763412	-1.59046034276534
116000	117000	2.13992937039989	-1.464727108399	-1.34811909796064
117000	118000	2.34510978133978	-1.41419140816206	-1.17608583497359
118000	119000	2.85847245359392	-1.3812228817445	-1.67473858643796
119000	120000	3.51323684329416	-1.21019386665132	-2.57110439487065
120000	121000	2.6195291452447	-0.812511253859809	-2.04650333807379
121000	122000	1.7939987072656	-0.540734446363581	-1.79803668881638
122000	123000	1.33015944080068	-0.243599776393055	-2.03622266926494
123000	124000	1.85894051532413	-0.084329020458165	-2.57129777168681
124000	125000	2.81842506445104	0.14274358111586	-3.22195830927735
125000	126000	2.17991019688356	0.358560638117237	-1.98644896873934
126000	127000	1.66960787758104	0.789234782582972	-1.54206367054647
127000	128000	2.30650725086721	1.27256494030884	-1.7303853584901
128000	129000	3.23931792950375	1.59252606217395	-2.21066961652995
129000	130000	2.67472268803653	1.29870023471094	-1.71672346422717
130000	131000	2.11977978436233	0.909173872953611	-0.955201277924534
131000	132000	2.19681888838287	0.664256255337293	-0.694243883038738
132000	133000	2.48129724634458	0.283055392870839	-0.766225457858434
133000	134000	2.78254288291596	-0.0785175162060362	-0.644470862269425
134000	135000	2.65191540624912	-0.562018151178349	-0.705015185872321
135000	136000	3.16006305120435	-1.21072813326343	-0.853865741577052
136000	137000	4.33842157715403	-1.69052596837798	-1.06892776832377
137000	138000	4.03373019412908	-1.02403054363676	-0.721860412557969
138000	139000	4.5409787241444	-0.714517213258385	-0.320595190219978
139000	140000	3.20417185876997	-0.477169835381564	-0.320857580297933
140000	141000	2.56804759187635	-0.251453472718251	-0.266798220947439
141000	142000	2.26259168101618	0.0927583618767872	0.0316768341654349
142000	143000	2.4343496372576	-0.0368605194651986	0.516258767886293
143000	144000	2.8359637797238	-0.371650991284266	0.45093425854301
144000	145000	2.83024703068597	-0.191647292410006	0.221972441755538
145000	146000	2.92858386811917	0.115014682040073	0.00653490805178121
146000	147000	2.5043946181113	0.303439127654007	0.380933096977668
147000	148000	2.63657124049504	0.323767797881507	0.866553383189534
148000	149000	2.30894155140724	-0.165830540022208	1.04386547294325
149000	150000	2.4774675557477	-0.329490970256435	0.769663144598664
150000	151000	2.07442670164728	-0.853607462862906	0.759070522131027
151000	152000	2.27598222800526	-1.13385503648132	1.0488243198614
152000	153000	1.83035010373332	-1.29398027034759	1.09743386562754
153000	154000	1.98911154540733	-1.59488724647819	1.17870044459346
154000	155000	1.69632397935136	-1.6770445274937	0.889299921978891
155000	156000	1.72302451993939	-2.07577297516111	1.0429579553141
156000	157000	1.33340625842419	-2.11745100117201	0.75965676216317
157000	158000	1.25922505219832	-2.47086864534401	0.890535071517843
158000	159000	0.994826058611213	-2.15038527015455	1.01503657027162
159000	160000	0.682852322528788	-2.34992701787416	1.14807911459416
160000	161000	0.21260469525471	-2.52062633611427	1.46296000413764
161000	162000	0.333486429055507	-2.78377038991972	1.74447099061415
162000	163000	0.806673470350875	-2.55016353884797	2.00382165753114
163000	164000	0.600535148908846	-2.08397496275168	1.74252172328029
164000	165000	0.33548041295011	-1.90822632098794	1.87340740803878
165000	166000	0.440171171677842	-1.46656351851446	1.98537837038592
166000	167000	0.348884071722716	-1.26236471346723	2.1924085781628
167000	168000	0.0788697604990861	-0.781114880687772	2.22786412039312
168000	169000	-0.179017226624341	-0.743528593735444	1.94654303511361
169000	170000	-0.229534906463847	-0.652875099173519	1.5161367779334
170000	171000	-0.554013665115556	-0.533673192536588	1.39317701180348
171000	172000	-0.171200963536365	-0.548703994531216	1.09717743373821
172000	173000	0.0418945999042865	-0.869257421109428	0.780779618265087
173000	174000	0.354998299989729	-0.969811695431885	1.05480438714501
174000	175000	0.581628129891653	-1.32743434782096	1.44462231802963
175000	176000	0.881208340097207	-0.91696040617498	1.44206843836189
176000	177000	1.07923058078067	-1.47350211330843	1.34928201277263
177000	178000	1.18543507360733	-1.3952911222843	1.66285995448958
178000	179000	1.06839876795231	-2.19195695605632	1.88078580748586
179000	180000	1.18887712001057	-2.11450387744663	1.2739733253506
180000	181000	1.58064171344216	-1.82805245230343	1.40205597129375
181000	182000	1.55862900735281	-1.52855632602545	1.44660673532306
182000	183000	1.56762920913178	-1.26353135947628	1.71434830697094
183000	184000	1.37961893517597	-0.96243630271817	1.55157839967098
184000	185000	1.44233251055246	-0.913833187787309	2.18198166253006
185000	186000	1.11469324924539	-0.572449100160242	2.14972428311069
186000	187000	1.01563383391071	-0.286340713952632	2.09837645983298
187000	188000	1.03638207233005	0.234234701147393	2.11319229714227
188000	189000	1.01136699617471	0.596055083979517	2.04731225232159
189000	190000	1.00431146778506	0.374371718268788	1.59021137831222
190000	191000	1.05788219297338	-0.130911414423259	1.54666767315869
191000	192000	1.53019203923975	-0.50796020948715	1.18002681705582
192000	193000	1.88692986060707	-0.94286386762091	1.78462218763119
193000	194000	2.39078858802613	-1.71592321448296	1.43033686893883
194000	195000	2.36601493890706	-1.96084903370047	1.0688251985675
195000	196000	2.14220445454354	-1.99102478490242	0.845938057211136
196000	197000	2.08055821655026	-1.86010564217319	0.440227858539402
197000	198000	1.72754482369657	-1.45841854892798	0.359157625611726
198000	199000	1.53823146089918	-1.84503422371688	0.357067744072872
199000	2e+05	1.41782792374806	-2.16689582414668	0.221591663393559
2e+05	201000	1.72353078408751	-2.22424555903736	0.142106700797134
201000	202000	2.17463751911452	-2.07662018341034	0.148532987604068
202000	203000	2.50848493327251	-1.88777203607778	0.569346828266092
203000	204000	2.3059720881433	-1.8335779700567	0.168841745401734
204000	205000	2.40683983382529	-1.52414163140121	0.479885827472194
205000	206000	2.78619796865662	-1.37681599892534	0.466683230550626
206000	207000	3.18826061407949	-1.49802697690147	0.684141255960321
207000	208000	4.22526448580922	-1.94030718132692	0.613201745792696
208000	209000	3.39048019946375	-1.21915209637239	0.305558459210618
209000	210000	2.79442294374149	-0.913652033148378	0.139603667521361
210000	211000	2.54620599601294	-1.3775277543552	0.134225410086715
211000	212000	2.78983084373086	-1.53192426884094	-0.0767167766179218
212000	213000	2.71250848595201	-1.56557431813872	-0.475463138244777
213000	214000	2.65440822570778	-1.25271300255259	-0.798486137122532
214000	215000	2.45375339636076	-0.865126538961841	-0.51402304409381
215000	216000	2.54800900152278	-1.15142674214653	-0.170358380735574
216000	217000	2.46789103266076	-1.57317626450413	-0.166962091976184
217000	218000	2.46304802126514	-1.798775305213	-0.263089518325487
218000	219000	2.25699724829592	-1.63055778374894	-0.415212803451719
219000	220000	2.48845218131302	-1.67977152656122	-0.672189611409619
220000	221000	2.11082135323091	-1.72363244839225	-0.710047582513773
221000	222000	2.32371745132774	-2.143160072294	-0.616227924319314
222000	223000	1.88754553314505	-1.93328514158909	-0.387257335288371
223000	224000	1.95368836871521	-1.64901352152611	-0.117590976222075
224000	225000	1.96647605324752	-1.32102618874423	-0.392274512588528
225000	226000	1.84747302398889	-0.993685749502159	-0.166102440596706
226000	227000	2.38694400886325	-0.704547659769474	-0.169883784297728
227000	228000	1.97100978178216	-0.88396231284299	0.415715193499347
228000	229000	2.54695474679782	-0.740699752651528	0.426751863414783
229000	230000	2.29194832124323	-1.10059717904083	0.71815689674589
230000	231000	2.70005318989902	-1.02898336670512	0.829335049100343
231000	232000	2.62775313762448	-0.90293496144757	1.46860448737447
232000	233000	2.35173510877847	-0.563378911417376	1.31028825248867
233000	234000	2.06216447937599	-0.474181095228776	1.4549792881787
234000	235000	1.76867335389855	-0.372011114588998	1.70255090448441
235000	236000	1.75481236075035	0.0603453338945006	1.80444879216964
236000	237000	1.59655578109729	0.0992970356750345	1.59985628570077
237000	238000	1.82555151049387	0.503896192852159	1.89154750729288
238000	239000	1.92884765757533	0.748386712671605	1.54805493391496
239000	240000	1.93353114611238	0.758067594817123	1.22334147602757
240000	241000	1.65078202575169	0.562357827320074	0.978209763932215
241000	242000	1.26945253318054	0.0250840462461688	1.06472955034685
242000	243000	0.765098116009515	0.0338038829361063	0.913666821918982
243000	244000	0.668526598467267	-0.374151594918374	0.951643030869587
244000	245000	0.38988934607289	-0.499508317781898	0.514817724277535
245000	246000	0.37486138800861	-1.05718420845665	0.203608328692209
246000	247000	0.82014391018636	-1.4155253296112	-0.20194767151807
247000	248000	0.883566436354591	-1.8074889510192	-0.399720680959771
248000	249000	1.35128303429181	-2.13949757958312	-0.415751183215836
249000	250000	0.939882981705783	-2.43584440427966	0.0614077279951932
250000	251000	0.6548951650711	-2.08509612385746	0.120993682925005
251000	252000	0.682263427977868	-1.64904463079742	0.470340747502433
252000	253000	1.16988968653276	-1.34194290859815	0.545031480307576
253000	254000	1.27894854085233	-1.25543033935638	0.302627240504733
254000	255000	1.63815146509929	-0.731577628981031	0.263433907015285
255000	256000	1.43754106136467	-0.293226494098839	0.494657221683932
256000	257000	1.74891243277984	-0.0850533528653198	0.302803798976659
257000	258000	1.65167533992353	-0.168698983301194	-0.120648706581048
258000	259000	1.53360222030002	0.196410395655199	-0.376071292230455
259000	260000	1.00023208451057	0.00781169859474151	-0.455515003176554
260000	261000	0.680180974678546	0.21953524526774	-0.0827080677506662
261000	262000	0.559302135032499	0.251067339750025	0.33545527953467
262000	263000	0.723366162062147	0.847237904435802	0.539138986376643
263000	264000	1.01333173784027	1.02711046368388	0.139414025465287
264000	265000	1.04370475187671	1.1776415778793	-0.418962268662726
265000	266000	0.652691573312706	1.29903844744086	-0.634369662912006
266000	267000	-0.00685036819243853	1.47627533978986	-0.783435578887988
267000	268000	-0.497402172301883	1.45771681180629	-0.526950626566841
268000	269000	-0.429953234868898	1.09160983063823	-0.251235706531275
269000	270000	-0.360572012445726	0.856397109489633	-0.59801838608588
270000	271000	0.141701193186725	0.960260424290968	-0.851891785334337
271000	272000	-0.403672569571739	1.05596723715653	-1.19620765756653
272000	273000	0.198955229637338	1.11556349628108	-1.52066556558076
273000	274000	-0.159370646385226	1.474925122333	-1.70865877217181
274000	275000	-0.510858069794351	1.85504932333531	-1.68654902217025
275000	276000	-0.798790841170839	1.80053719508815	-1.1502770827641
276000	277000	-0.539516783900159	1.80838078815411	-0.790305928612989
277000	278000	-0.182687391628	2.00492428860915	-0.69518380371196
278000	279000	0.265687403543405	1.91103328599936	-0.5593896233974
279000	280000	0.592395115888684	1.67227200097763	-0.793061267553264
280000	281000	0.980868591312349	1.42866341577197	-1.10035126076543
281000	282000	0.652031436043445	1.56977088304765	-1.57212653997794
282000	283000	0.464138814439104	1.86822070528944	-1.4586130893355
283000	284000	0.0965789221550531	1.92707223012257	-1.38802036283325
284000	285000	0.126499671941763	2.19716755173336	-1.66617369585012
285000	286000	-0.383090576389034	2.27799058529097	-1.55461721361796
286000	287000	-0.279641162510018	2.86346232842475	-1.62663596431227
287000	288000	-0.667186914028754	2.58479918720884	-1.44378451403137
288000	289000	-0.574871490274515	2.61250401231371	-1.11600304184783
289000	290000	-0.517382347251847	3.03241797947415	-1.08499179321251
290000	291000	-0.216563964898482	3.26033061707606	-1.07320329351215
291000	292000	0.103953892122991	3.68840432214778	-0.738043539842649
292000	293000	0.472794825989749	4.78453554995014	-0.5905436264668
293000	294000	0.435249850397414	3.80049914977786	-0.335216763738676
294000	295000	0.12515868156528	3.15970027795092	-0.107145782445624
295000	296000	-0.187253503776106	2.82554711249098	0.115337265903475
296000	297000	-0.455445470677873	2.4874408851725	-0.306684300871907
297000	298000	-0.350777188219656	2.92187609107276	-0.329855403677666
298000	299000	-0.888192516367359	3.20645831544878	-0.504402862898568
299000	3e+05	-0.730027456720468	2.73779480853342	-0.497950506102306
3e+05	301000	-0.665398525650711	2.31989857651353	-0.664881711357631
301000	302000	-0.419566970930428	2.60713887007939	-0.774376925026563
302000	303000	-0.254904896446462	2.90536146249805	-0.786505484591312
303000	304000	-0.300174634384041	3.24857892456226	-0.390156068958967
304000	305000	-0.142184353850876	2.90069076769977	-0.492148547696249
305000	306000	0.24461540000823	2.78828638083349	-0.500234023083513
306000	307000	0.365869934251949	3.06840038863066	-0.72720496637273
307000	308000	0.536070954066291	3.15588543820445	-0.950877282426482
308000	309000	0.752950050856524	2.78954129449441	-1.00228049294343
309000	310000	0.753311072168191	2.86181476459918	-1.43459579380174
310000	311000	0.569527811772842	2.48681572304791	-1.36501087965014
311000	312000	0.168060084891698	2.64616976246299	-1.45296573815314
312000	313000	0.407527338209482	2.82444733681904	-1.30037252909837
313000	314000	-0.122922060204449	2.85485235622181	-1.22911812628841
314000	315000	0.25185750558558	2.67862509419215	-0.907810374433301
315000	316000	-0.0809119691125331	2.42799435623849	-1.20942171945336
316000	317000	0.147134486132793	2.38937286139659	-1.06560420396414
317000	318000	0.538748916871445	2.3626576330717	-0.837519350810733
318000	319000	0.693461775939147	2.19332858941468	-1.25563694848331
319000	320000	0.860646608379636	2.13171731864571	-0.768777675998424
320000	321000	1.07276033716309	2.39101902899476	-1.15296502405042
321000	322000	1.31033094336132	2.41653405763357	-0.884657543292249
322000	323000	1.44100401787421	2.60254272716982	-0.605776520477482
323000	324000	1.14036755427703	2.76869571903958	-0.58568367691636
324000	325000	1.21317624256647	3.19445231971632	-0.590183523909206
325000	326000	1.50477312143311	4.38327007972854	-0.665843172185572
326000	327000	0.835527485000843	3.24461346407646	-0.746053304885858
327000	328000	0.729122740887019	2.77183680022613	-0.416876657690062
328000	329000	0.466412343833722	2.45261661925707	-0.341099681760677
329000	330000	0.442356023736721	2.53010661545576	-0.0223567814221371
330000	331000	0.24190941682244	2.80901298214728	0.447114672524141
331000	332000	0.341158821652321	2.84260351179683	0.885400495216709
332000	333000	0.644570698941442	2.47413717591874	0.930122040737789
333000	334000	0.598819856977722	2.70225866725105	0.595664849600963
334000	335000	0.667811301169285	2.71753982117925	0.187973970657411
335000	336000	0.770673465969517	2.9527255452343	-0.155750512324326
336000	337000	1.14336597759787	2.90932704521729	-0.120616171088231
337000	338000	1.23836528190328	2.86016812093347	0.136645033634354
338000	339000	1.00075002031351	2.59966747379116	0.15808368739101
339000	340000	1.19724623527226	2.73793507823818	0.492499248050877
340000	341000	1.41625481216762	2.22138161002051	0.605507509706407
341000	342000	1.1280084656465	2.13343682128465	0.933279452227784
342000	343000	0.900896355599599	1.86048689121275	1.12769813212409
343000	344000	1.42215855589901	1.47463000270648	1.26012455239337
344000	345000	1.79586782980556	1.53096650447057	1.00770825152863
345000	346000	1.88953839852378	1.75997302707402	0.555072821757897
346000	347000	1.90727221787733	1.95371272468554	0.273012954325235
347000	348000	1.50273147286823	1.86109218004481	0.428512477932563
348000	349000	1.15499173403415	1.82880919445096	0.60135311704757
349000	350000	1.06930954350466	1.34957443645116	0.866933529634691
350000	351000	1.45763143918422	1.12374829819967	0.729587457137029
351000	352000	1.83374017662513	1.01078649449067	0.438515346628056
352000	353000	2.04197050023958	1.26219152942876	0.0725844303973061
353000	354000	1.88012952438942	1.57069870872525	0.0282921216611877
354000	355000	1.95343830071889	1.39287996437499	-0.37498229958118
355000	356000	2.014459436179	1.80525032564381	-0.764689651941445
356000	357000	2.35447925171761	2.14661984919267	-1.06129509092526
357000	358000	3.06174406505339	2.7533700188287	-1.2429933780764
358000	359000	2.11307964658297	2.56724549672395	-1.27139401870805
359000	360000	1.43489569442795	2.67390388344121	-1.69071566593949
360000	361000	1.79177055313088	3.56460952210856	-2.41009762026598
361000	362000	2.11898334727474	3.09240537983393	-2.44830429732096
362000	363000	2.46596000112374	2.65429493084768	-2.81564428768983
363000	364000	1.77454034808265	2.20031027094805	-1.95586616635539
364000	365000	1.41473871417322	1.97069355100497	-1.07027483280242
365000	366000	1.65039862841427	2.01859612374886	-0.69753300296277
366000	367000	1.69666506897328	2.3704865320784	-0.226234393159379
367000	368000	2.02527179605552	2.80932655476954	-0.150320210328204
368000	369000	2.71310767761171	3.93034105782499	-0.282242391260027
369000	370000	1.75823721287547	3.00347301168483	0.0213162224108019
370000	371000	1.27402031283687	2.24549724598879	-0.303085224172624
371000	372000	1.14907229178494	1.95569070680648	-0.158466515674999
372000	373000	0.640416662960989	1.94624335413189	0.208775586810514
373000	374000	0.317477287633473	2.05709870707968	0.410318605132761
374000	375000	-0.0708721402793483	1.93538647034462	0.133462890858786
375000	376000	0.116481566141468	1.72055150646874	0.0587093500603598
376000	377000	0.0975947775973204	1.3448668506593	0.527472421057168
377000	378000	-0.0652521775539706	1.608348138523	0.825372756934995
378000	379000	-0.294727937351882	2.23990232855897	0.806787051521029
379000	380000	-0.412388868370166	2.51731910015291	1.11900745597778
380000	381000	-0.192484302823128	2.37844651777456	1.4555098245442
381000	382000	-0.523899779562347	2.45080030404726	1.55367119532716
382000	383000	-1.02310722317122	2.41724209304776	1.65416394662079
383000	384000	-0.952932635096262	2.2969749019334	1.27276765944099
384000	385000	-1.02717449958906	1.75507440184655	1.4928643956264
385000	386000	-0.403655307418068	1.63191625747366	1.47001555817365
386000	387000	-0.399721635461728	1.37301300137192	1.8168916782604
387000	388000	-0.0393639769082076	1.04639292377069	2.17408978119061
388000	389000	-0.0898373867368472	0.619451768170255	1.8366452249549
389000	390000	-0.621897107162785	0.797720313124667	1.81857499699442
390000	391000	-0.716017083037136	1.13332710935478	2.18378112264003
391000	392000	-0.880972916846914	1.38170966254721	2.41286829585625
392000	393000	-1.20842138526732	1.47158733722105	2.27415097182503
393000	394000	-0.955385929856307	1.41182211901596	2.0506286079362
394000	395000	-0.726560642978857	1.7950005443053	1.97157948392881
395000	396000	-1.15961277230509	1.83769974966845	1.87839045114784
396000	397000	-1.48073220050703	2.05108453923106	2.40949000430228
397000	398000	-2.21354144186519	2.40878424827515	3.35700230225352
398000	399000	-2.06438142677463	1.72112643135638	2.41837079197364
399000	4e+05	-2.18592522773446	1.43249384610571	1.85948774437839
4e+05	401000	-1.99304684049167	0.712268333634914	1.8201048257687
401000	402000	-1.56990901783306	0.693055707389553	1.54467529107873
402000	403000	-1.37477417772376	0.961456580819714	1.58523252325314
403000	404000	-1.2627311247714	1.27822084650844	1.41926708546304
404000	405000	-1.27111863424218	1.36256972292996	1.01996036119201
405000	406000	-1.28491200596303	1.22488765176371	0.669745394074436
406000	407000	-1.06444042542867	0.588239495625417	0.830765959258484
407000	408000	-0.754182107617675	0.719409289461154	1.03302239651207
408000	409000	-0.260008393867492	0.827200005541014	1.17477936517299
409000	410000	-0.676006275963179	1.70444246604198	0.835287131452926
410000	411000	-0.996013571403126	2.1465305663745	0.783523208944947
411000	412000	-0.899923786964029	2.57904494262469	0.962648111123384
412000	413000	-0.920333323755255	2.68434928637956	0.616694232794919
413000	414000	-0.635184974054916	2.48852019360738	0.345055840787318
414000	415000	-1.06714729907378	2.5503485984917	-0.0858175640678653
415000	416000	-1.07244118308495	2.21648678539432	-0.317161438099882
416000	417000	-1.45403076289799	2.4380203798388	-0.436577343686596
417000	418000	-1.58196045505697	2.29259221595071	-0.181139582271671
418000	419000	-1.83826192170964	2.57543752794469	-0.0651493383646698
419000	420000	-1.36657480322287	2.82259290313245	0.159817010775814
420000	421000	-1.16298750428735	2.73287000850727	0.0352022217886736
421000	422000	-1.31892641084917	2.84931508293165	0.444007371796932
422000	423000	-1.32680163285591	2.32889074720655	0.299909436080242
423000	424000	-1.48232450604554	2.47770746757952	0.762558493686677
424000	425000	-1.4285936541298	1.98393467656384	0.544067014491856
425000	426000	-1.81337218359855	2.21339838413471	0.703024074948106
426000	427000	-1.95831811851512	2.08603871871285	1.14358539614641
427000	428000	-1.80469032573527	2.52287381623761	0.880460028894898
428000	429000	-1.9943373855848	2.69106954208505	0.360860058816104
429000	430000	-2.37348745485951	2.45946034072222	-0.0189383350314348
430000	431000	-2.46700297049439	2.15386222493281	-0.489150781699382
431000	432000	-2.03769660001973	1.79305164759226	-0.424467757704301
432000	433000	-1.5650599329186	1.83697162917113	-0.540921961537445
433000	434000	-1.69907196545433	1.37177389096422	-0.716158338969648
434000	435000	-1.40326662184592	1.22374420039304	-0.43107705576329
435000	436000	-1.62736170029055	1.27205814508244	-0.113563722014158
436000	437000	-1.62537264890685	1.73176695943114	0.0289564569580867
437000	438000	-1.71163527374418	1.99053732439885	0.240858760888091
438000	439000	-2.12003837840592	2.02313118885965	0.18761362852512
439000	440000	-2.36294722042031	2.22899849234252	0.41787888665461
440000	441000	-2.08527516923918	2.08565083472348	0.660611293547085
441000	442000	-2.04842759002246	1.77691509687832	0.686313322425076
442000	443000	-1.83521744638607	1.63250741325439	0.792882912470376
443000	444000	-1.93022899951441	1.27040836022927	0.988406597739742
444000	445000	-2.3121174079364	1.3585633211612	1.25853595129994
445000	446000	-2.67483361886342	1.55431248825962	1.76247647481285
446000	447000	-3.72186945388009	1.6025762659658	2.45448176915238
447000	448000	-2.67488525529552	1.11557505669911	1.90305339976028
448000	449000	-2.35654254162297	0.649256844195546	1.37663735938347
449000	450000	-2.06148760956059	0.850635297496908	1.10520205442177
450000	451000	-2.41271196877572	0.886749510431068	0.569562386503102
451000	452000	-1.88543835853337	0.78210257558041	0.572002441459802
452000	453000	-2.22748376506612	0.637918980544303	0.0532542590072764
453000	454000	-1.67399008289659	0.486917492917204	0.148998433387418
454000	455000	-1.90326603277201	0.283052517903811	0.369632200311353
455000	456000	-1.66661186715468	-0.136414796480115	0.496533149578462
456000	457000	-1.92729007128612	0.134529318507705	0.86213486504739
457000	458000	-2.03854810191883	0.0343267808762035	1.28166797145284
458000	459000	-2.22902725034183	-0.275839611091086	1.68064030459268
459000	460000	-2.14856911977872	-0.449760756831663	1.51563665552694
460000	461000	-2.26784325843061	-0.575767392342314	1.07839297157303
461000	462000	-1.68230379854081	-0.509113871227875	0.861035931968413
462000	463000	-1.3219387312281	-0.365418218309094	1.21976858248289
463000	464000	-1.47183402503339	-0.210930613923308	1.60273375974876
464000	465000	-1.68380085485026	0.142311133895779	1.84964292192559
465000	466000	-1.50914854090258	-0.10465108998657	2.21726129302456
466000	467000	-0.898971299557752	-0.366947837971924	1.94132112878161
467000	468000	-0.747895459953886	-0.194317178256955	2.08859036333312
468000	469000	-1.17535791971307	0.402646502008285	2.16836366431415
469000	470000	-1.2950254660705	0.686609194369687	2.15958111361018
470000	471000	-1.44848593197362	0.850384062874948	2.25388116206806
471000	472000	-1.62858456818488	1.08477435055925	2.11621860925215
472000	473000	-1.55995874488156	1.3339863593567	2.24723237158558
473000	474000	-1.38942396265063	1.27991198743822	2.14699062338354
474000	475000	-1.50336898026854	1.63011930912229	2.0283180496925
475000	476000	-1.49879493481465	1.46666846192649	1.7455334596175
476000	477000	-1.75273124526091	1.65379104305466	1.76148036963691
477000	478000	-1.58251926856727	2.11628756523688	1.88642208604422
478000	479000	-1.6709944690223	2.04408742847862	1.39218576697814
479000	480000	-1.59702931563003	1.7801403374374	1.12303443485418
480000	481000	-1.58461580884966	2.26544925436824	1.21865080752762
481000	482000	-1.72373016175917	2.37259215224719	1.55073877587601
482000	483000	-2.045794367266	2.19620294228349	1.54629413802222
483000	484000	-2.06224683171703	1.65726255565017	1.49691286029535
484000	485000	-1.67569770391558	1.53172101578101	1.41564818115404
485000	486000	-2.16199996115655	1.811399416725	1.17851128710754
486000	487000	-2.59628182238186	1.85982489473195	1.35551868629232
487000	488000	-2.64419323293375	1.59755232328333	0.807955855575246
488000	489000	-2.39256727982473	1.5852396919112	0.827527471163486
489000	490000	-2.37991685152996	1.77867378845504	1.0266787736603
490000	491000	-2.41886618515305	2.06389006140606	0.881191314107996
491000	492000	-2.32944825680154	1.82084674452057	0.746131124569226
492000	493000	-2.29416333495824	1.83454531990968	0.391037134867011
493000	494000	-2.54254556319287	1.85458163883253	0.512703053776411
494000	495000	-2.77902525339153	2.05937421854599	0.55336797928725
495000	496000	-4.18109320712229	2.43862218392971	0.630692781654552
496000	497000	-3.02491161056103	1.57097083902482	0.668517921484459
497000	498000	-2.59984402692697	1.26733013388444	0.327959968521748
498000	499000	-2.25742085916571	1.28351243295921	0.175206269706651
499000	5e+05	-1.95930789861778	1.45695951254328	0.267883189542739
5e+05	501000	-2.39968650577954	1.49709572534117	-0.0420275066979486
501000	502000	-2.24449776531604	1.39519527474213	-0.499927018404754
502000	503000	-2.31354166511585	0.864875522421045	-0.539239194206413
503000	504000	-2.07562014000653	0.660048950104971	-0.914782474767163
504000	505000	-1.63784680115565	0.395485532855422	-0.945181848125931
505000	506000	-1.54138549214913	-0.166815046969246	-1.0812412328484
506000	507000	-2.06333193515793	-0.0554537965396847	-1.21622953347758
507000	508000	-2.20093828821565	0.315567053500432	-0.608500411365374
508000	509000	-2.06306731909151	-0.0541394498529856	-0.374818112348118
509000	510000	-2.21996379179467	-0.455612561655682	-0.430830105203635
510000	511000	-2.09822130785567	-0.928571995764112	-0.383521503109206
511000	512000	-2.00027211137049	-1.08786362700554	-0.698806425562107
512000	513000	-1.69647767384604	-1.29978203055046	-0.397773410392524
513000	514000	-1.70907818317066	-1.76990960597174	-0.738778081002348
514000	515000	-1.52829902051242	-1.58889821361297	-0.655457825120142
515000	516000	-1.95262074912243	-1.95966239991873	-0.580231260177405
516000	517000	-1.77363826731897	-2.13088593315754	-0.314030994568888
517000	518000	-1.79627955884272	-2.20149743737274	-0.0440201533367
518000	519000	-1.87788967084189	-2.57608156228825	0.173851103791129
519000	520000	-1.83601346897937	-2.43753214216851	0.445708438084623
520000	521000	-1.53885028706239	-2.28415546419215	0.583983717304952
521000	522000	-1.68088476983605	-1.92619622825895	0.175796364989847
522000	523000	-2.21842499757605	-2.478808610848	-0.0563317510916843
523000	524000	-3.4482895361802	-3.04574712607535	-0.0631247334495603
524000	525000	-2.51343859953955	-2.07013509671072	0.309535872755872
525000	526000	-2.08726245896336	-1.57057951236052	0.231757360395345
526000	527000	-2.15875418495434	-1.57899549887412	-0.27707744455849
527000	528000	-2.60393364324131	-1.7402099416296	-0.736952801764043
528000	529000	-3.61092212177629	-1.78857838098523	-0.924115031278843
529000	530000	-2.72683617409934	-1.33874138687609	-0.595318044120394
530000	531000	-1.75588762870472	-1.00419460383462	0.192428899553605
531000	532000	-1.71974058609419	-0.838603150469231	0.527608374513289
532000	533000	-2.8129514497903	-0.544328514027319	0.518083115723417
533000	534000	-4.32110648294432	-0.452087162623731	0.567788728389805
534000	535000	-2.9239613229552	-0.564083792698631	0.0645825725713649
535000	536000	-2.10205819819187	-0.621721416145236	0.203760613582043
536000	537000	-2.79822581686044	-1.22379035814732	0.835492886151662
537000	538000	-3.63630666703622	-1.46956079846362	1.42889187710007
538000	539000	-2.58110389870462	-1.53029580544607	1.17794588737308
539000	540000	-2.10723858211285	-1.70143022556582	1.15118467485924
540000	541000	-1.88054336828002	-1.43451568245784	1.3267545842411
541000	542000	-1.48951420278664	-0.960072537952288	1.35978566255286
542000	543000	-1.24950042777155	-1.02203979254478	1.03482278179519
543000	544000	-0.964185046365465	-1.16478093388068	0.716173258998639
544000	545000	-1.25611496671679	-1.33990947394906	0.418923655396868
545000	546000	-0.93399687362132	-1.64886821672834	0.133557071624719
546000	547000	-0.544387350377124	-1.81887340525037	0.259501459555042
547000	548000	-0.216943285044349	-1.5891229454325	0.558569779476339
548000	549000	-0.254417138620281	-2.04473608705448	1.31240162144706
549000	550000	-0.0669422559694148	-2.40790927692547	2.54030523191609
550000	551000	-0.202837018309141	-2.74489503782036	3.54019030402542
551000	552000	-0.322620254053009	-2.06444873651333	2.53861288646762
552000	553000	-0.666514626660393	-1.91930306378558	2.01026611799256
553000	554000	-0.71250702412786	-1.65503255681757	1.53630780845894
554000	555000	-1.1184287394437	-1.83346675641135	1.18211024379605
555000	556000	-1.5675930274991	-2.07663583327735	1.48640005866882
556000	557000	-1.35390616805581	-2.17933607997891	1.39032325985036
557000	558000	-0.708659860400164	-2.1554939631314	1.48987153828879
558000	559000	-1.00768309382975	-2.43189734975507	1.76710209255125
559000	560000	-1.18177266824852	-2.96132678722272	1.73623614877145
560000	561000	-1.06933809555374	-4.27101895469044	2.24040644196205
561000	562000	-0.805478512894751	-3.04611557768461	1.58311063817677
562000	563000	-0.201611546975241	-2.79049192217078	1.04661296412437
563000	564000	-0.200124643078648	-2.47440349977928	0.710367603118903
564000	565000	-0.499982733722906	-2.68694971892173	0.438610195017581
565000	566000	-0.476105569278843	-2.9613260640637	0.505897540348141
566000	567000	-0.927736696970874	-2.71796420435913	0.626844698439247
567000	568000	-1.12599765250632	-2.48499749910995	0.639412675389822
568000	569000	-1.56711694950453	-2.47894747112012	0.990797853347901
569000	570000	-1.2114926088166	-2.34983024358854	0.883731628505363
570000	571000	-1.02320248386697	-1.90697718234312	0.705156633794272
571000	572000	-0.819954973340952	-2.28488818066286	0.419895891684971
572000	573000	-0.985888833800116	-2.38426006536083	0.0973957397087921
573000	574000	-1.02426533412449	-2.80493310454272	-0.0111785662056133
574000	575000	-1.16880842590343	-3.26123385492195	-0.0861333515699478
575000	576000	-1.68506941681203	-4.67177037384345	-0.578880501142818
576000	577000	-1.26267473938928	-3.46437826848101	-0.57622373327088
577000	578000	-0.901390772651941	-2.65615217027216	-0.550464029317039
578000	579000	-0.516903718741135	-2.63252071031522	-0.111080541329862
579000	580000	-0.464745433727971	-2.25503195819652	-0.0963770643866395
580000	581000	-0.539658858131091	-2.64793981329097	-0.816736793957299
581000	582000	-0.420328364326421	-2.19374638732575	-0.970866534976097
582000	583000	-0.099200225802488	-2.54447993589546	-1.10241492280568
583000	584000	0.0558658567135564	-2.13739813538962	-0.851425042098676
584000	585000	0.331143137627491	-2.41659839747971	-0.467265464751839
585000	586000	0.21426470148877	-2.49139450585577	-0.0138642391220882
586000	587000	0.318546134721789	-2.92057402137971	0.152436708697156
587000	588000	-0.053362775551173	-2.88040596677586	0.592502765735998
588000	589000	0.157192708971719	-3.01238663476824	0.845219240088376
589000	590000	0.450742725927731	-2.8597948360098	1.08514134090269
590000	591000	0.478428500956069	-2.357653120175	0.720213785122296
591000	592000	0.217778820069114	-1.99811934120493	1.00858411286784
592000	593000	-0.187532064803351	-1.467368647358	1.41917065414662
593000	594000	-0.473521835098193	-1.31492167926953	1.53342259952478
594000	595000	-0.945369763194761	-1.1346188297945	1.41804581175335
595000	596000	-1.25385240273286	-0.720002432684911	1.84131747731359
596000	597000	-1.22386654026923	-1.09851136005029	2.04508642777173
597000	598000	-1.03748069010459	-1.61935227125808	2.00695790310899
598000	599000	-1.15328727107173	-2.26635279829498	2.37436900827915
599000	6e+05	-1.27113527787453	-3.25086572233237	3.32809718264045
6e+05	601000	-0.765859104563862	-2.61109427243974	1.95239466836435
601000	602000	-0.468578976811731	-2.71538634107176	1.56900536228792
602000	603000	-0.81023483165681	-2.68454808635738	1.41342986242464
603000	604000	-1.04526054853926	-2.84950494973493	1.42560432740166
604000	605000	-0.8378553144524	-2.50318292274223	1.35568164768122
605000	606000	-0.650901289280413	-2.51457301977752	1.09614747153249
606000	607000	-0.47921155128018	-2.89491430623234	1.37067948382926
607000	608000	-0.663854991073157	-3.17257203976201	1.27378804975487
608000	609000	-0.609185937884514	-2.98116184518836	1.07525309605234
609000	610000	-0.593682483804198	-2.89309578656854	0.808622867048065
610000	611000	-0.684116943501616	-2.82432385103226	1.23021039472772
611000	612000	-0.787702796452027	-3.08111106416708	1.01162783839884
612000	613000	-1.0165137289426	-3.00529613793802	0.88897380913129
613000	614000	-0.851498654110143	-2.57031301308314	0.852457873460224
614000	615000	-1.18508255033731	-2.57514125791894	1.31161392310263
615000	616000	-1.58308375511252	-2.82609117566144	1.33812207688034
616000	617000	-1.44866496419295	-2.96349079080085	0.826415528057027
617000	618000	-1.28388629440791	-2.69765676087002	0.832201571238081
618000	619000	-1.12626132304576	-2.97291099288895	0.596118961311939
619000	620000	-1.36673606009355	-2.98022531046139	0.312454607831335
620000	621000	-1.27542165638393	-2.67170650482245	0.304194602127035
621000	622000	-1.30183059476715	-2.47561966361381	0.226505900608511
622000	623000	-1.3420387162757	-2.95969300128732	-0.0185581510627032
623000	624000	-1.47138294139588	-2.46659818196876	-0.13606554357338
624000	625000	-1.46826747527174	-2.65406685554367	-0.304049345550009
625000	626000	-1.83594830821196	-2.64412844722083	-0.260487501543058
