0	1000	-2.81491978603461	-0.0016098746173797	0.942413298590883
1000	2000	-3.04440854865235	0.300052411169055	1.11660952187712
2000	3000	-3.41815887027489	0.834752763599692	1.3063696437202
3000	4000	-2.87349389211729	0.737409587600139	1.45015976039329
4000	5000	-2.83120279586693	0.772497794839789	1.84750819662742
5000	6000	-2.92725599088888	1.21741201046883	2.18011869699905
6000	7000	-2.49358574969538	1.25556861933726	1.76793814682769
7000	8000	-2.09789812970261	1.37328661403072	1.85229925239823
8000	9000	-2.41079172014472	1.62598538273951	2.03682002091937
9000	10000	-2.21065083116154	1.79534687707087	1.68315270489408
10000	11000	-2.54312346310365	1.63669797154351	1.5025884673009
11000	12000	-2.32326944136126	1.94943478322514	1.12655730142996
12000	13000	-2.28385669656808	1.29789684360676	1.14185183421775
13000	14000	-1.8188261567169	1.19695210733877	0.969778833268701
14000	15000	-1.86972754300414	1.44783826835917	1.33820834200451
15000	16000	-1.68434697671708	1.78187593584516	1.05426785864984
16000	17000	-1.39572302682462	1.41668974748633	1.43403256247766
17000	18000	-1.12092460222182	1.39338828122725	0.987950292290627
18000	19000	-0.700191299915063	1.18807556996629	1.29671508847573
19000	20000	-0.375287822229458	1.26970135570408	0.924912359416635
20000	21000	-0.306068592334881	1.52531946136087	1.42236110750456
21000	22000	0.0521087318697089	1.54834512862941	1.13817978616624
22000	23000	0.552368017214574	1.50012790899222	1.04736184581439
23000	24000	0.940003352015806	1.28541318522354	0.88506365363335
24000	25000	0.697604857318221	0.85649042999443	0.996166653412681
25000	26000	0.207383738836011	0.997815432303089	1.07142063504196
26000	27000	0.413044831188837	1.25180822258992	0.680492675542669
27000	28000	0.181215389546846	0.90139315857113	0.459093325015287
28000	29000	-0.5437043653263	0.740108939852696	-0.0627883862223599
29000	30000	-0.711253041878266	1.63422830926015	0.109732488635614
30000	31000	-0.261771283781063	1.8221077471031	0.437564033492101
31000	32000	-0.121944419004173	1.98454604768087	0.884623993964544
32000	33000	-0.250604517128755	2.23769668127402	1.37330577597608
33000	34000	0.205426605289414	2.0724066881651	1.44782706585958
34000	35000	0.588980183538587	2.15331639303533	1.13399387570063
35000	36000	0.75487604755341	2.64214065747405	1.23250654808273
36000	37000	0.801634868905764	2.59390463776903	0.612955660341053
37000	38000	0.345546182582073	2.28971275902435	0.584772465538889
38000	39000	0.345690255503944	1.81880034440542	0.308663140396906
39000	40000	0.151008656286057	1.55776763396107	-0.149806859617013
40000	41000	-0.0544018995543628	1.98397625315178	-0.142830839333789
41000	42000	-0.582112935628705	2.93244299568949	-0.155454266065596
42000	43000	-0.421656197416088	2.37346141358622	0.71266039864379
43000	44000	-0.577306160155048	1.88003510099877	0.951029815352403
44000	45000	-0.906053888060264	2.20984767948689	1.15671637372002
45000	46000	-0.882692577653215	1.79522633210075	1.47116335000789
46000	47000	-1.59943308837574	1.21996244038066	2.52288126796012
47000	48000	-1.02174503826585	1.64547109390824	2.20336914027788
48000	49000	-0.39086253137997	2.1807714936134	2.55275846604806
49000	50000	0.266223129450832	2.00285888010095	2.63851500040786
50000	51000	0.799634963134012	2.10082908003565	2.66009358492926
51000	52000	1.05408992858185	2.46186023202481	2.7545966173306
52000	53000	1.2689380376436	2.1099693676656	2.91483691495441
53000	54000	1.60277546007376	1.74154151200863	2.82120288320813
54000	55000	1.72349656831202	2.17528447821633	2.93883141278717
55000	56000	2.05955148991413	2.40510767592594	2.72965294086739
56000	57000	2.17694588593089	2.54842375410066	2.20494429371687
57000	58000	2.03242542751489	2.80075170973847	1.82012031095253
58000	59000	2.27529655297221	2.57969587452143	1.47493747340416
59000	60000	2.15409209240471	2.76202770453177	0.981873072968806
60000	61000	2.19586315955215	2.62165934665002	0.504917018229923
61000	62000	1.81936335047431	2.56172694827679	0.224111796172099
62000	63000	1.60479020102011	2.24182642902765	0.569764552403771
63000	64000	1.38678949151974	2.00532903444955	1.04478793397856
64000	65000	1.40117393129008	1.54241294197713	1.20411065355625
65000	66000	1.01666902890447	1.80795645221351	1.31739331586128
66000	67000	0.656352354485929	1.56118947700082	1.55644355236331
67000	68000	0.318469302239081	1.71965309391184	1.86152819964862
68000	69000	0.280866022317116	2.28389506636022	2.08202063235967
69000	70000	0.78355570307107	1.80352860138939	2.14231275953211
70000	71000	1.05218866398409	1.46396153482005	1.90617996810172
71000	72000	1.5635563439398	1.48749351097163	1.80548216931433
72000	73000	1.32585077141056	1.91038033322271	1.77923974946938
73000	74000	1.38720639515407	1.81848406325625	2.23725783870432
74000	75000	1.38720573889605	2.33763718576635	2.14520586980683
75000	76000	1.6323902123915	2.36890157478155	2.51141821550034
76000	77000	1.55785550322536	2.74558197711317	2.89968388882007
77000	78000	1.77589955188673	2.51077105976773	3.35638930616319
78000	79000	1.26468285157821	2.52913393289571	3.30883697215542
79000	80000	0.817471851239196	2.62125859057531	3.72708856154618
80000	81000	1.0975738496564	2.02420950872731	3.54312261795318
81000	82000	0.625556479657696	2.22775872172522	3.32006464798342
82000	83000	0.55769493389371	1.81739338528421	3.59906793471902
83000	84000	0.123298277459893	2.0593889008196	3.47569878513612
84000	85000	-0.0317405697101609	1.51573283803112	3.56385647300188
85000	86000	-0.301965976408606	1.72383834320984	3.1214574091433
86000	87000	-0.429413510738695	1.14754140213563	3.09308324899685
87000	88000	-0.107939644394025	1.30743425032852	2.59457033842343
88000	89000	0.0555764673497278	0.831725552952462	2.45165614780614
89000	90000	0.447734534990886	0.501708565849492	2.37784940121802
90000	91000	0.566630450281878	0.136336792114841	2.66972894000985
91000	92000	0.167497689296917	-0.473231080462101	3.27304673885727
92000	93000	1.08901995551599	0.228783200965693	2.86181837383581
93000	94000	1.00608441580517	-0.140791647837172	2.47021027589058
94000	95000	0.985850532693126	0.437330747531543	2.42387040643581
95000	96000	1.17568240879026	0.364375229781498	1.97260027906697
96000	97000	1.51605768454266	0.355430392889405	2.37574987191235
97000	98000	1.59118360055614	0.053722823106601	1.98692685688249
98000	99000	1.88796159781551	-0.199824574919252	2.35968012272238
99000	1e+05	1.52746693152765	-0.498046902613367	2.156756195457
1e+05	101000	1.03609118368555	-0.752802015532906	2.14736540252453
101000	102000	0.568550447553205	-0.610749800472324	1.94345873069132
102000	103000	0.322889896599155	-0.200357537684548	1.670213304281
103000	104000	0.167845592105547	0.133265620387744	2.08183854957259
104000	105000	-0.294347985575398	0.455821349175622	1.90624955666171
105000	106000	-0.473020946698392	0.85257329048744	2.3266233105019
106000	107000	-0.285448818650577	1.16355864137511	2.00898455734344
107000	108000	-0.541088972854244	1.60168064036099	1.91487413878439
108000	109000	-0.13574491638201	1.61288223802898	2.12792582832393
109000	110000	0.320192509819467	1.2924444800609	2.26657932210797
110000	111000	0.383495153301355	1.02906808006406	2.80350339292926
111000	112000	0.426510589326825	1.49582674697536	2.80344916711026
112000	113000	0.773923516961762	1.72278423785584	3.04147027787615
113000	114000	0.730031114586302	1.35176191541774	3.33837691969258
114000	115000	0.805289157426612	0.671626087755192	3.69741930400852
115000	116000	0.993806228831085	-0.0296512064022402	3.80909816692954
116000	117000	1.14195427245218	-0.433820463243673	3.47232127137074
117000	118000	1.27974396369859	-0.820865178949955	3.34577152287094
118000	119000	1.62864531873185	-0.5404592126048	3.73135126289616
119000	120000	2.43140888178335	-0.134977714267389	3.60993170392709
120000	121000	1.60197297241343	0.145761760171832	3.01183075514237
121000	122000	1.47408978314499	0.862764299000604	2.77022560102328
122000	123000	1.2186457543421	1.23854641724255	2.35720302409188
123000	124000	0.9794580502285	1.14516608351684	2.73103009153292
124000	125000	2.14923638303492	0.992770195656242	3.45488750657615
125000	126000	1.93537091723439	0.961137372962716	2.42587925224875
126000	127000	1.55669721688468	0.895654857646611	2.0530179611806
127000	128000	1.95869158186079	0.821094321761928	1.88767131547333
128000	129000	3.06518016318195	1.09049334293684	2.02889781321425
129000	130000	2.58990177998009	0.280440727111437	1.88172126139604
130000	131000	2.16915164818965	0.123273931474971	1.74432364042707
131000	132000	2.28598537142916	-0.125504906200575	1.26546447892852
132000	133000	2.10718043646504	-0.390619904635182	1.75822727159338
133000	134000	2.32475870329416	-0.730903741556047	2.11453968543691
134000	135000	1.8199523149731	-1.09102534234114	2.36244943973942
135000	136000	2.03285685126294	-1.26553192158005	2.75562925376281
136000	137000	2.57105398978933	-2.21727912230225	3.0394450290504
137000	138000	2.11278738597597	-1.50360989894212	2.28535829266315
138000	139000	3.07369311044167	-1.30280271554599	2.04561192676089
139000	140000	1.85973558292568	-1.12496359084518	1.70446288175381
140000	141000	1.40642847204044	-0.964524897809452	1.65119423774358
141000	142000	1.5844789797172	-0.931583439072259	1.18671225242808
142000	143000	1.92819231175534	-1.27276662193464	0.828849005258288
143000	144000	1.85302433294264	-1.7605818355825	1.23839403234486
144000	145000	2.22235089129985	-1.95372807283391	1.59825505880855
145000	146000	2.2840586303143	-1.49474117143749	1.42756360784105
146000	147000	2.30535866984364	-1.6721522323004	1.06479513251226
147000	148000	2.2955511760912	-2.09317341424376	0.698838439825398
148000	149000	1.87090327814097	-2.36583935063414	1.08697704880663
149000	150000	1.9576184524436	-2.58786635880879	1.41107208958236
150000	151000	1.56283564446151	-2.79889205462655	1.2861853906855
151000	152000	1.08808583367658	-2.71395937327698	1.35504777391287
152000	153000	0.78504405605754	-3.04397815055787	1.19333007023139
153000	154000	0.608367471312857	-3.34371845751646	1.56198262955029
154000	155000	0.0863748831277081	-3.21351540857628	1.70401277661508
155000	156000	-0.201975468913886	-2.87374840444812	2.00603113798064
156000	157000	-0.521592412843272	-2.70808970678009	2.36499117699563
157000	158000	-0.531811046324606	-2.37167243610093	1.99329882916911
158000	159000	-0.587044539751688	-2.61663159667478	1.62776507087883
159000	160000	-0.8925557017576	-2.96652717793843	1.39102068834353
160000	161000	-1.33613423244782	-3.27633574461226	1.18362391056037
161000	162000	-1.52271340887913	-3.8309568568793	1.37227592712869
162000	163000	-0.982629803189746	-4.17224837282042	1.2013378663164
163000	164000	-0.856063296148174	-3.5805163323725	1.17325353963868
164000	165000	-1.06996373680628	-3.48685433647571	0.624930468462864
165000	166000	-0.933392457724259	-3.1540890084156	0.137634634179775
166000	167000	-0.615671480328338	-2.84591348358675	-0.220946201324723
167000	168000	-0.396212796072695	-2.79743380538991	-0.794563975655771
168000	169000	-0.589729924474062	-2.33830427956901	-0.465082119871756
169000	170000	-0.477910835031948	-1.94047273673527	-0.64408878564729
170000	171000	-0.0123136720212458	-1.82044791320107	-0.845815863046725
171000	172000	0.193868019441847	-1.29179495828193	-0.584999004703507
172000	173000	-0.0168346843878153	-1.65455194175511	-0.15765860939696
173000	174000	-0.279696816894529	-2.02250591888029	0.0381175704889717
174000	175000	-0.024977961443929	-2.37537817721103	-0.239898872348723
175000	176000	0.190964688250024	-2.27289798434904	0.215818271573806
176000	177000	0.162796089574869	-2.57777927827649	0.626494193023725
177000	178000	-0.207061137486759	-2.87909442052673	0.373656696041436
178000	179000	-0.586821175013506	-3.08235305644905	0.688001473768885
179000	180000	-0.334448194706975	-3.52669627229992	0.904267927044038
180000	181000	-0.0814470461832874	-3.16970122325019	1.02710736918568
181000	182000	0.331078295232012	-3.26148298455896	1.03691833305555
182000	183000	0.224161822165608	-3.13456986983811	0.639856682219628
183000	184000	0.407914157873449	-3.19503210618313	0.187869441092917
184000	185000	0.498009896761048	-2.78127935129468	0.0646919069778275
185000	186000	0.329543421642917	-2.8086992396872	-0.388144199180904
186000	187000	0.323463031487055	-3.24228063167174	-0.660404803147519
187000	188000	0.77296061092941	-2.8733616029163	-0.773881744122465
188000	189000	0.864637143693602	-2.44918779684698	-1.16894372635068
189000	190000	0.655501284021875	-2.25469880522567	-0.644243322386056
190000	191000	0.586300855097148	-2.17288770540373	-0.183774331885823
191000	192000	0.712102655596046	-2.18281128059825	0.343349230185714
192000	193000	0.858070197002078	-2.61090709389673	0.720122195373766
193000	194000	0.480838682539679	-2.42703785378099	1.28052816076432
194000	195000	-0.0441697635979585	-2.42044943676008	1.58097187296536
195000	196000	0.283661615113921	-2.59707055995978	1.95087495317821
196000	197000	-0.0118275971129819	-2.25589979478222	2.13016174395962
197000	198000	0.430066781053823	-2.01603574334371	1.94620589210896
198000	199000	0.158566009105989	-1.83736214717278	1.52353130051548
199000	2e+05	-0.202668122368773	-1.70169245622802	1.82142147793102
2e+05	201000	-0.350146009847261	-1.70201934032738	2.27753399206429
201000	202000	0.0283933555627999	-1.89169965258744	2.45912087738424
202000	203000	0.105874609729476	-2.27974430638134	2.73966488758577
203000	204000	0.367349980864537	-2.65446761013671	2.60919053762689
204000	205000	0.790860837860832	-2.58023762751378	2.48863327459459
205000	206000	1.19474151430038	-2.47803976698847	2.24794777070187
206000	207000	1.37142509803193	-2.81433071394507	1.98297292600106
207000	208000	2.21492467998118	-3.50336224740492	1.99751887600324
208000	209000	1.7783394757522	-2.46062610640668	2.0697487085771
209000	210000	1.66879528425091	-2.06253309145948	2.41945577799576
210000	211000	1.1832042881571	-2.16689061172862	2.63006712472634
211000	212000	0.800935783318494	-2.27127899199756	2.91379656905591
212000	213000	0.975260043993293	-1.72601451248374	2.73233393698892
213000	214000	1.09893602910005	-1.30535767069583	2.81241045657633
214000	215000	1.55279416104811	-1.45535251703075	2.742008485931
215000	216000	1.53164487408503	-1.75463763929219	3.14599817762514
216000	217000	1.12898975328889	-1.9597557125953	3.16631179036955
217000	218000	0.729446792162021	-1.95902497065263	3.41111347221198
218000	219000	0.707401251556346	-1.52054033016273	3.16263199836679
219000	220000	0.434000947989641	-1.86426045336599	2.97928965662368
220000	221000	0.175871985151967	-1.54391950393533	3.13315707154219
221000	222000	-0.305460843069497	-1.78173315599437	3.16943935705292
222000	223000	0.2316424316792	-1.41290260685661	2.67029010676135
223000	224000	0.537749003362135	-1.71324852238547	2.43536844971496
224000	225000	0.678232250516808	-1.24267872442583	2.29439925730472
225000	226000	1.01208611370433	-1.55626481836093	2.02593966100424
226000	227000	0.83146937979738	-1.63168173151297	1.52823659186038
227000	228000	1.32490520148634	-1.68226694750706	1.47714260918379
228000	229000	1.34492029781813	-2.04474641019604	1.82674467135077
229000	230000	1.3667133139071	-2.28990221235348	1.41391909541811
230000	231000	1.01441251530214	-2.12954527737599	1.19581288789575
231000	232000	1.39325287933676	-2.2039339707682	0.841460005971131
232000	233000	1.4273270966904	-2.3601465022577	0.363226269745299
233000	234000	1.09166190807424	-2.52392099783801	0.0539259374853814
234000	235000	1.31878677104424	-3.08317107680164	-0.0709570028914694
235000	236000	1.29489910528212	-2.80433885705083	-0.531190427905959
236000	237000	1.31563046198677	-2.39416397635803	-0.411689781627573
237000	238000	1.51030578021508	-2.33483014582241	-0.777698598047961
238000	239000	1.8648477270917	-2.2065058402072	-0.346739340630496
239000	240000	1.34904390995379	-1.8454074773848	-0.550933272491206
240000	241000	1.42563292127597	-1.4381322019027	-0.143714637686645
241000	242000	0.845006152129687	-1.52064936171613	-0.148752699669619
242000	243000	0.513071986098836	-1.45295068399839	0.223564559349655
243000	244000	0.162479623042122	-1.22265899974872	0.127421466979207
244000	245000	0.0441194200317771	-0.909705367254145	0.427333246758892
245000	246000	-0.335460970762257	-0.469880695639269	0.69307630461729
246000	247000	-0.448831260148796	-0.674787953982405	1.25882033032103
247000	248000	-0.129740449575462	-0.651209334370048	1.61421333619929
248000	249000	-0.212851841274996	-1.10217556164132	1.61995630683887
249000	250000	-0.652264366043543	-1.12907646914294	1.51060594124896
250000	251000	-0.80126904651857	-1.31129924403001	1.12263975711963
251000	252000	-0.331057082198017	-1.25054980708558	0.945635780040047
252000	253000	0.210120786556519	-1.24795264727703	0.972760996731156
253000	254000	0.502039570566438	-1.12454093697	1.44301913255801
254000	255000	0.809496056357282	-1.14547858774901	0.980086813751694
255000	256000	0.503916832134968	-0.715598554238256	0.9627042504375
256000	257000	1.03542019947128	-0.73572725078256	0.973129552311061
257000	258000	0.976019264265443	-0.624111406582929	1.43774518265644
258000	259000	0.82522184286518	-0.224572975591303	1.15813915158895
259000	260000	0.825303178196053	-0.121561701337961	0.598503146924616
260000	261000	0.89479656588656	-0.583400163362318	0.471649080691378
261000	262000	0.860885291545576	-0.614434457859082	-0.063095808472578
262000	263000	1.2462433649404	-0.0529807777614061	-0.23816799130886
263000	264000	1.77944520692514	0.257552743673156	-0.0453108206684561
264000	265000	1.68586678970725	0.750039165972572	-0.411872390883133
265000	266000	1.39151237970173	1.12087533709321	-0.765567771164697
266000	267000	1.23007665159292	1.44476979532258	-1.26929155073626
267000	268000	0.738155543846741	1.26071915998608	-0.989706464817773
268000	269000	0.609302186253322	0.9391625664834	-0.626449991770209
269000	270000	0.543430706183679	1.40600413887374	-0.556041785105083
270000	271000	0.989731507224272	1.41811450907322	-0.51780425840316
271000	272000	0.954313724868957	1.25408618382119	-0.0271646646656124
272000	273000	0.760841576521889	1.70569469041688	-0.0499212158418661
273000	274000	0.636241652906616	2.0289286158626	-0.332090411280926
274000	275000	0.840672854500091	2.32312853635795	-0.661014149402483
275000	276000	0.898558787024531	2.53065075818637	-1.07972064045166
276000	277000	0.697805580134434	2.2614932335362	-1.38106600214812
277000	278000	1.17171226627287	2.17630894146237	-1.26823590554803
278000	279000	1.36722111534276	1.96147069318616	-0.85881504916138
279000	280000	1.69605476321253	1.71473474731375	-0.518805572308456
280000	281000	1.63644963453525	1.52972664226843	0.101707995771778
281000	282000	1.23688928392796	1.98060379057833	-0.0315525308129733
282000	283000	1.3361919979252	2.40089168862935	-0.224213414370292
283000	284000	1.59701246736399	2.74829206194203	-0.387006380529505
284000	285000	1.5031192913264	2.50980603731651	-0.781661174326438
285000	286000	1.20156890165842	2.87815201227138	-0.713179112044567
286000	287000	0.724546013018544	3.20176285945569	-0.985645937167409
287000	288000	1.28555381773229	3.22904109295767	-1.1393118284405
288000	289000	1.21088307552298	2.90578046713911	-1.52896843433675
289000	290000	1.62108236461211	2.54946609719176	-1.40065534594258
290000	291000	1.88500199432819	2.01371332810034	-1.24269290289605
291000	292000	2.34014049487598	2.30605318341247	-1.07693046005655
292000	293000	2.95241208726411	3.57786044872603	-1.26849212765094
293000	294000	2.88363260076594	2.60568011727032	-1.25370415968725
294000	295000	2.61308871228955	1.89211438000535	-1.23421175653623
295000	296000	2.28400477742705	1.83123041503168	-1.63405906489753
296000	297000	2.19365837126541	2.43910028416231	-1.57889941815636
297000	298000	1.91034305732721	2.13536976018352	-1.91479344621454
298000	299000	1.9871409209772	2.99379128544733	-1.80143923390564
299000	3e+05	1.68954106776262	2.55585120022512	-2.05992852260552
3e+05	301000	1.76489498591515	2.85112345259955	-2.31114129955061
301000	302000	2.11586462099866	2.55466739354524	-2.29725088650932
302000	303000	2.39424100955911	2.87641220158423	-2.24653552525999
303000	304000	2.58279737578058	2.46452112103054	-2.5998051669666
304000	305000	2.50449043765513	2.41743376416425	-1.99795763129811
305000	306000	2.94670698895665	2.16510554610945	-1.83270349204609
306000	307000	3.21244219264593	2.08269302466039	-1.45132054235276
307000	308000	3.3551521120586	1.88829156117619	-0.928438135670231
308000	309000	2.93929010147243	2.23852987782968	-0.717535055326905
309000	310000	2.95429042691399	2.48482326522216	-0.13715997728803
310000	311000	2.44275081041283	2.59476706753352	-0.078119144439652
311000	312000	2.3961013052034	2.94720228128798	0.0499778081353714
312000	313000	2.0287788395439	3.3395774812775	-0.0408405379338891
313000	314000	2.194841675714	2.91624791957482	-0.503957204354488
314000	315000	1.95605578161753	3.3094712431463	-0.739765966620795
315000	316000	1.98010415888609	2.90559540442266	-1.01604522028147
316000	317000	1.99633009571914	2.54362335827522	-0.704878087471529
317000	318000	2.09342292318651	2.11665886137336	-0.556288783967683
318000	319000	2.41131441157086	1.7697770408321	-0.615972633085305
319000	320000	2.44564276430431	1.23104799652239	-0.788654519785376
320000	321000	2.774417826262	1.26874476571293	-0.378732618941515
321000	322000	3.03736173508196	0.894173436703929	-0.357842907269206
322000	323000	3.59110787430591	1.01089237852081	-0.670175197984023
323000	324000	3.63517973675348	0.748431568016491	-1.27708861455994
324000	325000	3.69778542286541	1.19930688526988	-1.23693869159939
325000	326000	4.31766852557951	1.57059533167755	-1.97255387944988
326000	327000	3.39980957892084	1.46167942442782	-1.56032733503135
327000	328000	3.06904494143477	1.11971053997471	-1.33516787162231
328000	329000	2.819957859731	0.869868309261652	-1.65505339151648
329000	330000	2.44037693747294	0.587052969513257	-1.71701842552694
330000	331000	2.44411989619403	0.476984664014587	-2.16595368835102
331000	332000	2.2331095419512	0.123023391440993	-1.92592604688639
332000	333000	2.4487820321477	-0.052718248677568	-2.26752249892651
333000	334000	2.70025603826876	0.101965699565046	-1.91168318404219
334000	335000	2.97263194015159	0.404282906438233	-2.15046886780696
335000	336000	3.25648805952708	0.374769451021571	-1.78061694755177
336000	337000	3.49192496380594	0.214496062920847	-2.17354742283839
337000	338000	3.56143557824068	-0.215678406707489	-1.87676709350166
338000	339000	3.11453595312066	-0.1136584542062	-1.98216215803678
339000	340000	3.03572043015882	-0.158299628828579	-2.42287295268027
340000	341000	2.85460613486151	-0.575694427314717	-2.13467196686326
341000	342000	2.76115165578724	-0.547326733442159	-1.70549537812099
342000	343000	2.96804479860114	-0.928706483470911	-1.75028143360955
343000	344000	2.59916991823765	-1.02688317311114	-1.58686502120661
344000	345000	2.99147655734333	-1.28425289122381	-1.38688524989855
345000	346000	3.0463219868775	-0.705752376771348	-1.23338171117419
346000	347000	2.9796250857334	-1.0187023278589	-0.880289308794999
347000	348000	2.63026070928774	-0.742199084424112	-0.895139347660745
348000	349000	2.40222615287579	-1.28640773762411	-1.05265807511048
349000	350000	2.16646816270662	-0.831752849818568	-0.918493976463191
350000	351000	2.40196555028881	-1.06790249040522	-0.648946714197803
351000	352000	2.75026157961736	-1.15898670712492	-0.436582043276002
352000	353000	2.46634386947182	-0.797609544195251	-0.23632934114411
353000	354000	2.89400962474706	-0.467131380468088	-0.44993710408555
354000	355000	2.51379852011302	-0.250139700951252	-0.294000214025678
355000	356000	2.81319401521786	-0.0510291572024612	-0.0252271295469457
356000	357000	2.89343534407116	0.339801491031412	0.153044333249578
357000	358000	3.72050492697943	0.439651192216523	0.78565250871564
358000	359000	3.10668607433435	0.940492694326467	0.170902612627213
359000	360000	2.98272140404578	1.32321117663582	0.101114405741202
360000	361000	3.15779525263372	2.23369475255971	0.656718176533941
361000	362000	3.17941193086484	1.4204328029404	0.537722598226872
362000	363000	2.65664593570028	1.34355816920558	1.11692737593736
363000	364000	2.45551771912041	0.968484454148548	0.243109107343644
364000	365000	2.49450824830967	0.620331055653072	-0.174524188233402
365000	366000	2.38664462355499	0.667467960259513	-0.675576563104668
366000	367000	2.62721287120104	0.191810899412863	-0.455509870515818
367000	368000	3.11814727424922	0.350379058013276	-0.437428458456525
368000	369000	4.17926557222041	0.114433280100951	-0.740128700510094
369000	370000	3.08281703397519	0.346030190287445	-1.09415411371967
370000	371000	2.49125629042467	0.284792189678786	-1.12053374523468
371000	372000	2.07460088359701	0.207172456993	-0.828336710042594
372000	373000	1.62475235957433	0.319214330780246	-0.817428101836055
373000	374000	1.46836749557443	0.536214433090068	-1.27308951921732
374000	375000	1.35538382224241	-0.148033786910662	-1.15688934240631
375000	376000	1.09631602962867	0.608661166803079	-0.766124912333233
376000	377000	1.0885660728997	0.245699670511167	-0.953303023323657
377000	378000	0.520827541146442	0.280791413725419	-1.05245407808419
378000	379000	0.928915817884697	0.392701047244748	-1.40846191098672
379000	380000	1.03152399756416	0.38323135140082	-1.88960053624632
380000	381000	0.902423656215491	-0.248649499675002	-1.86741160568265
381000	382000	1.34231623565993	-0.765842755996454	-1.9962162276303
382000	383000	1.2402857862453	-0.487144240162649	-2.43135481335388
383000	384000	1.06501737825933	-0.400327281600272	-2.81392921089861
384000	385000	0.763805571679736	-0.344041256708544	-2.44659954693467
385000	386000	0.742713156266848	-0.765152417232737	-2.25507812337675
386000	387000	0.337510662546598	-0.989138304981082	-2.01900139811794
387000	388000	0.484503144727141	-1.18389317321662	-1.53910407589151
388000	389000	0.311782139247082	-1.44728087858805	-1.86885098234534
389000	390000	0.652897579289204	-1.33131435814455	-1.98794930866495
390000	391000	0.417603315039252	-1.43002717764262	-2.36868892703919
391000	392000	0.799727100508531	-1.83570795002453	-2.60901084417175
392000	393000	0.371512954043711	-1.56042799728726	-2.89515754671743
393000	394000	0.695633088282158	-1.55954182581768	-3.13170121404704
394000	395000	0.803521399192702	-1.19913656537241	-2.79929172580352
395000	396000	0.367726256822883	-0.997402171505092	-2.71022959958634
396000	397000	0.371568447720168	-0.73563418061359	-3.13352922654253
397000	398000	0.056962545085259	-0.841248203189857	-3.93722183460911
398000	399000	-0.743206892521497	-0.668127001147071	-2.88193569013362
399000	4e+05	-1.03582890230116	-0.465341182733009	-2.52134841607579
4e+05	401000	-0.6432093229697	-0.443679444240001	-2.1769654273535
401000	402000	-0.684312768011231	0.114594389937159	-2.03927193458397
402000	403000	-0.190232210686404	-0.191267399949151	-2.095556227887
403000	404000	-0.14377234155388	-0.0567477822745705	-2.50207976370324
404000	405000	0.252496215367178	0.192152279784843	-2.48999413735198
405000	406000	-0.0826158188977675	0.438644773383577	-2.31868720483736
406000	407000	-0.0598965187671115	0.73952633617494	-1.97288147835288
407000	408000	-0.0232766642362477	0.369394806640604	-1.52498900817968
408000	409000	0.283230238735407	0.329667996544631	-1.98976684129096
409000	410000	0.365246424317287	0.691306769102919	-2.29797606739772
410000	411000	0.284756047065446	1.0896820756256	-2.67101347774721
411000	412000	0.464072573184492	1.3903602375553	-3.20872170061802
412000	413000	0.287884585488369	1.68432014198767	-2.75157410052135
413000	414000	0.67265123661479	2.03421004292515	-2.63075746651423
414000	415000	0.636952209973225	2.54321836791007	-2.27461787470149
415000	416000	0.0741885329591732	2.40641070978466	-2.32185565286087
416000	417000	-0.443996039989559	2.5641276163089	-2.30781260573532
417000	418000	-0.908960522716917	2.70917525291719	-2.50960960008949
418000	419000	-0.568009737388763	2.58070488719828	-2.80758126382563
419000	420000	-0.220726870494264	2.85466020751782	-3.28183974531706
420000	421000	0.192443685084628	2.63011873540866	-2.92080007027513
421000	422000	0.145876580717421	2.1813029138325	-2.82307467809419
422000	423000	-0.173361830611957	1.93409043844866	-2.47388457431092
423000	424000	-0.20778744512328	1.81236644454179	-2.95579704464635
424000	425000	-0.165172876872046	1.5993713012703	-3.38760619943614
425000	426000	-0.547127783065426	1.26929857559009	-3.3217722951797
426000	427000	-0.910487912295969	1.31345590347674	-3.55337403180452
427000	428000	-0.64782509105868	1.75079310245478	-3.57307485915779
428000	429000	-0.675415846416416	1.65710185486415	-2.97769394202299
429000	430000	-0.633648276481104	1.44319465713738	-2.51544060068422
430000	431000	-0.704213153267359	1.2229118151986	-1.94070920055887
431000	432000	-0.144746392269223	1.29882174324023	-2.22389535950621
432000	433000	0.412105696269083	1.4836427129466	-2.03707327599113
433000	434000	-0.033583172515356	1.870943653849	-1.82629055551
434000	435000	-0.352131967490113	2.23099379001623	-1.71087637488952
435000	436000	-0.927006173830572	2.26500965088733	-1.75378588425551
436000	437000	-0.843610687941265	2.078723429993	-2.48703895769294
437000	438000	-0.820915453142345	2.1829730758458	-3.02053172956002
438000	439000	-1.25284779210331	2.16288841333823	-3.0989323438573
439000	440000	-1.05808420348906	2.09429507999947	-3.54394034811602
440000	441000	-1.23573708370443	1.65370078100021	-3.24972695735328
441000	442000	-1.35362013396128	1.64739334846395	-3.67141675716192
442000	443000	-1.38251439532086	1.08542989231364	-3.77506841135996
443000	444000	-1.0999191308409	0.993288481304886	-3.05086421647417
444000	445000	-0.975720801208497	0.67316151120775	-2.68055181897673
445000	446000	-1.38841051311775	-0.0397563124733425	-2.91375062111536
446000	447000	-2.37519817597618	-0.592892445355662	-3.42177065561189
447000	448000	-1.88430329506456	0.0631329093319904	-2.62600145929504
448000	449000	-1.76197339702073	0.370981221181717	-2.94877682881617
449000	450000	-1.44516616913887	0.396697793095083	-2.61365353302036
450000	451000	-1.62591779849581	0.906957828364726	-2.73564146216279
451000	452000	-1.41261440489487	1.1184241897533	-2.36031017800354
452000	453000	-1.8784289738448	1.24887223398307	-2.41142930182764
453000	454000	-1.64297149198284	1.17881931434988	-1.9118103277127
454000	455000	-2.14298537711166	1.0341347097595	-1.93753469734595
455000	456000	-1.86704329071205	0.677692226968487	-1.76022048667882
456000	457000	-1.88080713800533	0.538275481486458	-2.20052480402408
457000	458000	-1.64996291204097	0.0142197217593791	-2.12362400134644
458000	459000	-2.03375250306512	-0.349828231046433	-2.12074808619696
459000	460000	-1.75988649244853	0.136408877091799	-1.68637861035816
460000	461000	-2.18961218190953	0.209160190614426	-1.98238644920001
461000	462000	-2.29376538979594	0.414895460339168	-1.48389203723314
462000	463000	-2.18689720269323	-0.220934517246261	-1.52907783507837
463000	464000	-1.63921365872562	-0.383598003451984	-1.68152949949385
464000	465000	-1.50836270621002	-0.670001498517337	-2.06237330333553
465000	466000	-1.29320943720948	-0.779187865773647	-1.63249005015462
466000	467000	-1.61939855918135	-0.700280772099508	-1.28472370603511
467000	468000	-1.7885984537189	-0.936398050901852	-1.58358249802475
468000	469000	-1.68008082864804	-1.19559651967264	-1.94540916548481
469000	470000	-1.31852023442285	-1.23343615742644	-2.22738499772172
470000	471000	-1.4943939710758	-1.34856621481004	-2.61478053131419
471000	472000	-0.991236364002413	-1.50269873460591	-2.71746578636374
472000	473000	-1.25569903303052	-1.48029362277243	-3.11778110776895
473000	474000	-0.877579388270778	-1.68784552988287	-3.15195896732406
474000	475000	-1.02366883092387	-1.47948741931131	-3.54894287468829
475000	476000	-0.884142365174937	-1.19490331354215	-3.28978035687712
476000	477000	-0.950043361706742	-0.866107765256331	-3.53843743234476
477000	478000	-0.726337327301065	-0.528345522407241	-3.87826945132528
478000	479000	-0.551966524399244	0.0871585921523428	-3.61932032288947
479000	480000	-0.529454477615032	0.531464215565345	-3.75935719505118
480000	481000	-0.584753253833435	0.575559332437548	-3.30520904179615
481000	482000	-0.212223578709974	0.21977265175783	-3.18619580123731
482000	483000	-0.673688565801027	0.139468458054424	-2.9019436002153
483000	484000	-0.963249588323734	0.0910407666176236	-3.28923476826324
484000	485000	-1.08818795707703	0.36494212911592	-3.6793477307258
485000	486000	-1.33829762807803	0.592531513937197	-3.27134626536285
486000	487000	-2.19681829553312	0.65790140978787	-3.27404691589048
487000	488000	-1.99051153127966	1.20142418815974	-3.49073385583656
488000	489000	-2.21643250830662	1.62445190674734	-3.47300446408478
489000	490000	-1.88991476353349	1.79916699555271	-3.80594295801924
490000	491000	-1.78928222416821	1.86951010303393	-3.37841590720053
491000	492000	-2.05415084094198	2.12380804146939	-3.61312954860238
492000	493000	-1.68858513974098	2.29772620384109	-3.63033895505034
493000	494000	-1.8264481781085	2.33687311391537	-3.10575531330217
494000	495000	-2.22065539796595	2.47764614116178	-3.31014619940223
495000	496000	-2.95895070429591	2.45945433136745	-2.68118404612952
496000	497000	-2.12290876813573	2.05099658622501	-2.35913301969044
497000	498000	-1.75012882354996	1.78127228999425	-2.17023108240423
498000	499000	-1.34059457681593	1.82197744162116	-2.02369028483843
499000	5e+05	-1.34735624668821	1.79224521602738	-2.44974560635647
5e+05	501000	-1.44434378147234	2.2104937540638	-2.28490577748466
501000	502000	-1.60831515229349	2.22086928343519	-1.77589369995526
502000	503000	-2.04159942703693	2.40711446346963	-1.18334132223814
503000	504000	-2.2211079885461	2.56553732989229	-0.640762309473437
504000	505000	-2.12307497955036	2.26424750129027	-0.344781284792623
505000	506000	-2.24167209282391	2.67730867042627	-0.100298475624741
506000	507000	-2.46101775588157	2.21746788955425	-0.0137439371253806
507000	508000	-2.5631439056303	2.3594354186342	-0.447965474684403
508000	509000	-2.62498322073877	1.98567779106369	-0.633916550686059
509000	510000	-3.00644654823615	1.61057956138	-0.383603634127986
510000	511000	-3.00172177491039	1.23776253239014	-0.336243374630551
511000	512000	-3.19714272376104	1.21006948353304	0.0453045770166274
512000	513000	-2.74079983685818	1.00111997143619	0.167941635741205
513000	514000	-2.6481076632527	0.681517127498065	0.706497935132002
514000	515000	-3.04214342393794	0.821619276013344	0.512502608876261
515000	516000	-3.50187654540283	0.981589629284788	0.590736114735559
516000	517000	-3.37714883421941	0.530134261479168	0.754310458534466
517000	518000	-3.45836731863709	0.146591441657884	0.578001990539619
518000	519000	-3.78087231086306	-0.360718386411644	0.6218721307936
519000	520000	-3.90557802608063	-0.301179665432888	0.143262290305706
520000	521000	-3.44344276185282	-0.442334091876637	0.0274213769780628
521000	522000	-3.56422631370878	0.0579261260050678	0.112934366441017
522000	523000	-3.59497494992102	0.503880779498628	0.261921280195764
523000	524000	-4.2591095451609	1.30310516637013	0.176299324766997
524000	525000	-2.98108243258518	0.318650100794356	0.28707349015524
525000	526000	-2.65260392482024	0.341481860327665	-0.0692484193565722
526000	527000	-2.31686315870126	0.531314047550725	0.250947209110217
527000	528000	-2.15259437786221	0.978366831635431	0.445015224534922
528000	529000	-1.63518186351877	1.37418330732088	-0.307854863997505
529000	530000	-2.12657293764428	0.518878636960106	-0.243518288289242
530000	531000	-1.9870278133112	0.0576250165411562	-0.258946385338414
531000	532000	-1.83006187094654	-0.428855087902325	-0.335903257953474
532000	533000	-1.62684208862799	-0.197675806187808	-0.693006818025244
533000	534000	-1.12683056157954	0.589969782836171	-0.846564782944789
534000	535000	-2.05842446820903	0.210540511778352	-0.753855356065727
535000	536000	-2.43753216825404	0.415083985628627	-0.878315331955059
536000	537000	-2.86552915046331	0.347386639537613	-1.12971950192728
537000	538000	-3.58716685771883	-0.226665808480794	-1.4507744859948
538000	539000	-2.63792458625596	-0.491131423392807	-1.1143620553207
539000	540000	-2.34123361382021	-0.79323143058195	-0.856192846117221
540000	541000	-2.26379073804914	-1.21127676775235	-0.463295433775853
541000	542000	-1.7778577747852	-0.971419748354405	-0.704000832411353
542000	543000	-1.30461015718154	-0.859461585004875	-0.687332260743773
543000	544000	-1.39642777680471	-0.758803940148411	-0.190760396517485
544000	545000	-1.81595349885058	-0.803110062457246	0.147366371517146
545000	546000	-1.39261434972547	-0.655841658554446	0.379833830795295
546000	547000	-1.48870267607809	-1.07555415668257	0.545034431279887
547000	548000	-1.02717979979214	-1.1231968628069	0.388026208055325
548000	549000	-1.13150693071912	-1.6040370571881	0.433074007101022
549000	550000	-1.36538198322217	-1.51256220727679	0.0080912156565405
550000	551000	-2.50096820334414	-1.7995819730607	-1.25236901923894
551000	552000	-1.11162437117974	-1.92403403856064	-0.480573563999659
552000	553000	-1.26147018838008	-2.3657187791414	-0.178383804599586
553000	554000	-1.66265901454613	-1.98941964607684	-0.372341553700754
554000	555000	-2.08648600100851	-2.14874142796344	-0.543932445130685
555000	556000	-2.00758086028911	-2.50906250113124	-0.275507198825476
556000	557000	-1.98757700445841	-2.14959589095189	0.0279150672592891
557000	558000	-2.40140579424902	-2.257867717496	0.105170538612676
558000	559000	-2.44149955037782	-2.71158070118655	-0.0162393982563181
559000	560000	-2.62637409363131	-2.63589609454509	-0.499902527542025
560000	561000	-3.26870378768184	-2.69189786164458	-1.42948790986618
561000	562000	-3.0203214568836	-2.26094468147035	-0.350949423331871
562000	563000	-2.89511476226399	-2.35517434473809	0.053533439978211
563000	564000	-2.91037542140261	-1.89037153696659	0.0478546162769225
564000	565000	-3.38739986556602	-1.74132596600689	0.270056072673683
565000	566000	-3.19515076619133	-1.21809998187878	0.402542101065189
566000	567000	-3.07213019264086	-1.56403354721466	0.723488097397363
567000	568000	-2.91292891523952	-1.78379493175468	1.18404296109695
568000	569000	-2.51768698369177	-1.8860513037462	0.875932477976476
569000	570000	-2.3844366213248	-1.81328540839054	0.467544910308965
570000	571000	-2.29314840147301	-1.41219157522001	0.285997926128622
571000	572000	-2.56139645872068	-1.2843809793572	0.692272012678819
572000	573000	-2.88191154590484	-1.23152249886746	1.09153715342527
573000	574000	-2.95334188125636	-0.806977953827534	0.917436108084226
574000	575000	-2.76358637008967	-0.849906024604523	1.33588146512466
575000	576000	-2.98358352726775	-0.623280968159814	2.48049186245484
576000	577000	-2.33351229279027	-0.508773386238965	1.67221083467522
577000	578000	-1.98625201405141	-0.527742646524471	1.13523674357172
578000	579000	-1.85954877152877	-0.953868145359364	1.36626915112253
579000	580000	-2.13409575733187	-1.24391289295111	1.62324392858324
580000	581000	-1.90131649595768	-0.948615432775893	2.13926457761924
581000	582000	-1.68907421545255	-0.439356008717723	1.8475906183785
582000	583000	-1.17161728890407	-0.388617203717203	1.52086845380423
583000	584000	-1.32019830014187	-0.879984661771607	1.26847423021893
584000	585000	-1.48144936604738	-1.24676177348728	1.53129884429253
585000	586000	-1.49899808789933	-1.61859691729524	1.81421371501157
586000	587000	-1.31671762499764	-2.08452792488154	1.68660069855574
587000	588000	-1.61168471362257	-2.14379887387469	1.31939869806052
588000	589000	-1.5358744888396	-2.6212754946856	1.1713197052057
589000	590000	-0.921683306580036	-2.46066862941389	1.0444176885194
590000	591000	-0.736163426342598	-2.13320116971267	0.649247319491967
591000	592000	-0.964121421376744	-1.95150613190885	0.109414917456462
592000	593000	-0.901009396009973	-1.49297105920062	-0.264659365273018
593000	594000	-1.4307835136274	-1.55445168177172	-0.608125977496638
594000	595000	-1.18193011946486	-1.43602184628377	-1.06132813027863
595000	596000	-1.70513618243755	-1.40244849246144	-1.29365983214188
596000	597000	-1.33378673936745	-1.45014233748778	-1.56990103871525
597000	598000	-1.45631653178802	-1.92361930651094	-1.35502351317164
598000	599000	-1.48599132834792	-2.19789002198894	-0.98016463453022
599000	6e+05	-1.46029955511259	-3.12190124859068	-1.62112755082858
6e+05	601000	-1.83602531135402	-3.01329768655868	-0.819111293960104
601000	602000	-2.26389984224694	-3.2231595503601	-0.540189956395054
602000	603000	-2.12478840489856	-3.55599876827703	-0.309071918563118
603000	604000	-2.4916924994801	-3.68066397997584	-0.466506272514621
604000	605000	-2.44482132652893	-3.41713433041736	-0.0740816731535481
605000	606000	-2.79880880449953	-3.2467559787539	-0.349006560744338
606000	607000	-2.86042144310438	-3.12036059085311	0.128051245071251
607000	608000	-3.19122515019987	-2.90748878334768	-0.301907740317442
608000	609000	-3.22054988027769	-2.76857703628066	0.123316254444778
609000	610000	-3.59576961710245	-2.86059041638078	-0.0366327878651508
610000	611000	-3.44442792621746	-3.18729985442647	0.136066315261153
611000	612000	-3.71237516906242	-2.89662079742547	0.474197975995016
612000	613000	-3.32065844795289	-3.05371875028108	0.892534512511322
613000	614000	-3.15913332663988	-2.57323974183002	0.547529222589664
614000	615000	-2.64464721062961	-2.503387964362	0.572409768049797
615000	616000	-2.58407020763538	-2.57522155454952	1.12898278805561
616000	617000	-2.99852022821145	-2.17693391958887	0.831276148876299
617000	618000	-3.36089246473133	-1.86295062990544	0.987161895461299
618000	619000	-3.67095355702755	-1.49238380514545	0.95273652988431
619000	620000	-3.44587391087043	-1.33596239657418	1.34470529565849
620000	621000	-3.40125293623608	-1.08181320196271	0.984326133076768
621000	622000	-3.44571990697609	-0.687528481013915	1.14990629266163
622000	623000	-3.92171887374353	-0.404473635153933	1.35785057467712
623000	624000	-3.57295769824194	0.0352612675613853	1.20021820991136
624000	625000	-3.22028307719467	-0.208693573184211	0.970809903420598
625000	626000	-3.05723095118211	-0.106944720087061	1.53703885981851
