0	1000	1.86038302507314	-1.40818864046427	1.93407950988921
1000	2000	1.45471379777746	-1.28955674746317	1.75681120293584
2000	3000	1.46967234075086	-1.55277285726483	1.39358342039774
3000	4000	1.88974192798752	-1.64657422369008	1.48677774014062
4000	5000	1.90171061355365	-2.01079788734501	1.40341115939683
5000	6000	2.28880678172013	-2.02159923574758	1.12717540277159
6000	7000	1.84306254071454	-1.81735268940466	0.970467092464916
7000	8000	2.10167128441207	-1.76163557658349	0.583775945061951
8000	9000	1.73597478116933	-1.68768499410153	0.56830126316393
9000	10000	1.90316490772368	-2.10437048293168	0.700502405455032
10000	11000	1.57793046538685	-2.11946171101753	0.516053747934261
11000	12000	1.72724860559506	-2.49751739202881	0.916590628404794
12000	13000	1.39723633554978	-2.05113784386743	0.922625300427663
13000	14000	1.2445580884148	-1.72147871929685	0.577444324071958
14000	15000	0.938975148250675	-2.04447678877762	0.714499197402604
15000	16000	1.08472993643265	-2.45619048646271	0.48876699909405
16000	17000	0.787238113345848	-2.08472586296097	0.221103361040388
17000	18000	0.887047404342778	-2.37081181391452	-0.228685204252271
18000	19000	0.750356246156768	-1.87050828971657	-0.441242530731497
19000	20000	1.03427175693899	-2.02507184884993	-0.918045320454024
20000	21000	1.08984045943326	-1.5000943870065	-0.693779965089294
21000	22000	0.615801284252908	-1.44177073077778	-0.982210086254271
22000	23000	0.402289506305148	-1.41654791573074	-1.47291283027407
23000	24000	0.464667038549295	-1.73365299141483	-1.85391656376646
24000	25000	0.667399304286561	-2.10165115239956	-1.51800561508479
25000	26000	0.389203575425785	-1.99940211894655	-1.08564748104018
26000	27000	-0.0707812518264049	-1.7201557740057	-1.21631000992831
27000	28000	-0.229945397569328	-2.22007784336218	-1.35180023226172
28000	29000	-0.689873066469558	-3.30274503077059	-1.23445383492543
29000	30000	-0.510799236359038	-2.34555298851286	-0.694148451203707
30000	31000	-0.227736195336628	-1.41583733824756	-0.499187647683532
31000	32000	0.290258887044891	-1.1135496188413	-0.426690787982024
32000	33000	0.823664977248265	-1.02269222532743	-0.428281534114194
33000	34000	0.974894926708409	-0.901350703899662	-0.905156920517282
34000	35000	0.651006616229796	-0.801649718552075	-1.38619604388925
35000	36000	0.504481535708029	-0.432909085276907	-1.83974753549192
36000	37000	0.4885499734017	-0.092472460059456	-1.3478709174097
37000	38000	0.496949613973411	-0.43156539024792	-0.88750338907131
38000	39000	0.126251559706524	-0.235742606664767	-0.489142831333825
39000	40000	-0.0662653149065297	-0.399579638212549	0.0482957174624227
40000	41000	-0.25328237593786	-1.02375878507345	0.13088909060169
41000	42000	-0.606217658097226	-2.08089760071686	-0.196119152113871
42000	43000	0.218899304563593	-1.93009711768897	-0.414860872356282
43000	44000	0.417370088630247	-1.53812050405232	0.000943978672969849
44000	45000	0.860464520138431	-1.44442881373218	0.237538905972442
45000	46000	1.19521539889444	-1.88816474782073	0.00289249517643062
46000	47000	1.87680337677023	-3.25959289340308	-0.0569689412108316
47000	48000	1.662071164227	-2.09718940156834	-0.0270067409969081
48000	49000	1.7957012787614	-1.91246976763678	-0.701738386850681
49000	50000	1.75254316740872	-1.60535426118623	-1.15289869054596
50000	51000	1.7774752807787	-1.34304083415494	-1.51971656570233
51000	52000	1.85672997050088	-1.58666984195572	-1.85416664227398
52000	53000	1.75433317966179	-1.19181097741034	-1.90666448079347
53000	54000	2.00907409674635	-0.919239464607393	-1.72357435865458
54000	55000	2.0124830563817	-0.880428245965984	-2.09494214188343
55000	56000	1.97074472300088	-1.07280885387963	-2.43007900324
56000	57000	1.67183773486447	-1.17651767497554	-2.72768322318626
57000	58000	1.279483657696	-1.12746902360297	-2.59265717411349
58000	59000	1.08140563639997	-0.916314425315978	-2.90028777884402
59000	60000	0.581910626490378	-0.860481749442528	-2.90612145337377
60000	61000	0.112998948718699	-0.816539315484362	-3.03283619956987
61000	62000	-0.288412573500489	-1.00552180468152	-2.95091345909827
62000	63000	0.114957865473201	-1.14379828621767	-2.63469034809193
63000	64000	0.617357305801507	-1.32158545808192	-2.56500440059819
64000	65000	0.672486633925405	-0.959585633167904	-2.25372027637977
65000	66000	0.923537993633801	-1.46669993937016	-2.16967601059871
66000	67000	0.954086706365411	-1.1742538935667	-1.72021889389874
67000	68000	1.29326841225503	-1.187116744174	-1.36159678700736
68000	69000	1.51050262231738	-0.720550706037334	-1.22047437821467
69000	70000	1.45234806731755	-0.572132567676792	-1.70230534890187
70000	71000	1.28809573914543	-0.247546924080501	-2.04246583905923
71000	72000	0.868739491429161	-0.407233389644255	-2.36745015241913
72000	73000	1.34257066804401	-0.544092441597623	-2.50032833832439
73000	74000	1.15422477683671	-0.848944910110984	-2.05742695691364
74000	75000	1.54746648982573	-0.903028995045679	-2.25497551829283
75000	76000	1.60226148312144	-1.32448312037857	-2.25824779349401
76000	77000	2.07205848483078	-1.47106624410014	-2.22940458674506
77000	78000	2.36520991422885	-1.13771837435745	-2.14982440305404
78000	79000	2.20492826310281	-1.30837440964314	-1.82210163744523
79000	80000	2.67376219153307	-1.49627161161276	-1.73420710074075
80000	81000	2.2651714150919	-1.50532887407835	-1.4313219296525
81000	82000	2.57423614169554	-1.02691721697018	-1.50724288317615
82000	83000	2.27066527530023	-1.15939985342961	-1.15433879142514
83000	84000	2.67722649410427	-1.12253802655937	-1.03234213119283
84000	85000	2.3533020776111	-1.38634261730013	-0.740952034661893
85000	86000	2.60914448296984	-1.06121589544359	-0.491780460398294
86000	87000	2.20252332536333	-1.25757990780364	-0.16126842697885
87000	88000	2.19571186211078	-0.738223550859168	-0.367407514787245
88000	89000	2.33542295741154	-0.222566328053334	-0.408520018818931
89000	90000	2.31202983521845	0.328215181600531	-0.640262113515439
90000	91000	2.74352578466566	0.648410831562748	-0.591821826367264
91000	92000	3.99666681362264	0.935654733850433	-1.09964505650767
92000	93000	2.69340637982642	0.819740960025331	-1.42079413107031
93000	94000	2.23527669166608	0.786972154829154	-1.14117216333659
94000	95000	2.10702053102069	0.347560654118423	-1.31160065482847
95000	96000	1.63768632950808	0.585352454633221	-1.28607585356517
96000	97000	1.83380486536901	0.694924421891679	-1.7868904971355
97000	98000	1.46983087079259	1.08376629416276	-1.57701045419093
98000	99000	1.92064888054936	1.37497348130569	-1.81786051491989
99000	1e+05	2.0059025357379	1.46801210999	-1.33424369562506
1e+05	101000	2.16850092175486	1.34540849531163	-0.851119470889265
101000	102000	1.67845141302052	1.33331361178997	-0.786709707050682
102000	103000	1.49481045394998	0.983932126385947	-0.419133035741513
103000	104000	1.79966185851904	0.56840867679422	-0.364572779822313
104000	105000	2.27412625851569	0.338739664618231	0.0592360885101855
105000	106000	1.90074360359064	-0.139527094252392	0.0699787019678211
106000	107000	1.40208659157083	-0.224446686383467	-0.10833982665501
107000	108000	1.20021567773835	-0.732890557453459	-0.0277491890789211
108000	109000	1.60109672306401	-0.974214133406401	-0.355085697655238
109000	110000	1.69677442177387	-0.454832750129063	-0.693866777150316
110000	111000	2.13559042036312	-0.202034981528401	-0.959361773485563
111000	112000	2.16150521614047	-0.686900004966303	-0.904178472720573
112000	113000	2.16631449873534	-0.745063197444383	-1.34124416758469
113000	114000	2.51275485911287	-0.474033364670566	-1.37502144583179
114000	115000	2.87482666605275	-0.106575869908882	-1.19549702709492
115000	116000	2.88064565620782	0.437900119206595	-1.10445247108546
116000	117000	2.72617796619412	1.09999074585283	-0.917330374161383
117000	118000	2.82854959552781	1.46923671161315	-1.13812547020614
118000	119000	2.95719628184301	1.43367061579201	-1.61422843275866
119000	120000	3.27836978391024	1.40382592006162	-2.64235619067971
120000	121000	2.43938213194572	0.851448208938132	-1.85472678515692
121000	122000	2.33031694932268	0.167576678876317	-1.84300609082711
122000	123000	1.90447402127151	-0.244907073741135	-1.67334450320564
123000	124000	1.90348175764909	0.0131970117306738	-2.11335997968029
124000	125000	2.16411315664419	0.69059255095912	-3.09840064418161
125000	126000	1.3315025260698	0.582940044551689	-2.24230256222761
126000	127000	0.781904341247459	0.364462230489622	-2.03418528674407
127000	128000	0.518467209509176	0.50080016375065	-2.56019309189945
128000	129000	0.927620802486551	1.23675597100444	-3.6136673865988
129000	130000	0.616576315659144	1.33427156740085	-2.56731626993804
130000	131000	0.461867045333076	1.25313749428643	-2.10928189519484
131000	132000	0.689546557939006	1.56328687810037	-1.83685077957245
132000	133000	0.967242731291145	1.95558384237501	-1.73926960127053
133000	134000	1.48408562771043	1.90580572468529	-1.7307257312576
134000	135000	1.88985587761153	1.96426560032235	-1.22837986191949
135000	136000	2.32375075789179	2.00791077861345	-1.45265839371787
136000	137000	2.97528434356085	2.92304944306977	-2.07447450641853
137000	138000	2.03005837814267	2.48136972908687	-1.37914954651003
138000	139000	1.71472695419999	3.3181742893362	-2.10855029597349
139000	140000	1.40294387053264	2.36924558221859	-1.30999210362829
140000	141000	1.14414432907369	1.9581070623713	-1.05143499740057
141000	142000	0.594633335021851	1.78845262987283	-1.11490802315822
142000	143000	0.550102252415592	2.20469621957065	-0.750511940566809
143000	144000	0.815003520242441	2.66995982920608	-0.747791465236867
144000	145000	0.955897089870161	2.78221200113742	-1.1905088324706
145000	146000	0.686028113042736	2.35045005947122	-1.36133321015622
146000	147000	0.221754864916039	2.35809797199859	-1.21556344675862
147000	148000	0.0982039988336614	2.79046287983888	-0.868042969734896
148000	149000	0.318963393794407	2.96407444883981	-0.362774085659276
149000	150000	0.491757417389236	2.60244931248837	-0.244986986507544
150000	151000	0.861156840649597	2.68897296900513	-0.0111849832945488
151000	152000	0.778249099703911	2.72989441169055	0.464867550041205
152000	153000	1.16061207245093	2.76428421067613	0.7209166380514
153000	154000	1.16914695168594	3.05884836166991	1.0960433108549
154000	155000	1.58889365800616	2.74433902920687	1.10953292237252
155000	156000	1.70513961975169	2.35684913199253	1.39672453638123
156000	157000	2.10216821867022	2.0220046393083	1.38673460692049
157000	158000	1.769711338953	1.60399256862893	1.32124771422266
158000	159000	1.3692967849049	1.85852632124225	1.46929527142579
159000	160000	1.2652418631908	1.78173531406924	1.96178371521898
160000	161000	1.12081520083419	1.58783975539661	2.49283236761595
161000	162000	1.27740374619036	2.01379540103067	2.76793824479055
162000	163000	1.11760775669006	2.50256018239545	2.46914432306021
163000	164000	0.97818641625308	2.08274969090206	2.22687795980112
164000	165000	0.610806227242524	1.78061848801703	2.30701859903322
165000	166000	0.274665405956912	1.90506468973823	1.95102212230266
166000	167000	-0.235385127646743	1.84827281880241	1.75703770453913
167000	168000	-0.484247996063978	1.40912194241797	1.45168198235201
168000	169000	-0.542944588415502	1.10780183800889	1.94607637776649
169000	170000	-0.449733362534753	0.609765848304188	1.81012802324642
170000	171000	-0.710628432148524	0.459813003003489	1.3212651827046
171000	172000	-0.218100645667452	0.421314014983974	0.961854479407445
172000	173000	0.308607073261089	0.630542766273232	1.19381975041387
173000	174000	0.548902958786984	1.08488872857592	1.43732066587542
174000	175000	0.253337358746587	1.50339871743296	1.53109032737649
175000	176000	0.377772605672589	1.73885481140048	1.05415491696344
176000	177000	0.896724284478571	1.88073199934288	1.13530621266231
177000	178000	0.735533541604139	2.04412983943899	1.60426084409456
178000	179000	0.621816865215563	2.50684001972643	1.92769617685932
179000	180000	1.19909883736951	2.34622347217231	1.83736017411635
180000	181000	1.12029880417983	2.47101139651585	1.38901629084149
181000	182000	0.863400403634048	2.48752613378533	1.03578427123995
182000	183000	0.604930704211119	2.84622307448315	1.12525063370675
183000	184000	0.346782915911166	2.41551521804083	0.939166581132761
184000	185000	0.119699818755205	2.76552855006361	0.803006099970014
185000	186000	-0.191180099035051	2.35781302287594	0.999381064922264
186000	187000	-0.393280224704678	2.81176549105951	0.969664052385704
187000	188000	-0.559617226960882	2.51690499688573	0.575086644665565
188000	189000	-1.00827610748854	2.6062511524366	0.276667170468654
189000	190000	-0.746408247170757	1.99168622147888	0.213032674886274
190000	191000	-0.232355365397074	2.10502654473178	0.404321058676042
191000	192000	0.293103527834004	2.11330523297343	0.460076139145341
192000	193000	0.77545532267222	2.14416174206105	0.461216075111028
193000	194000	1.24522943773761	2.18290373962563	0.664449248963492
194000	195000	1.65524976906549	2.14311761797874	0.926982852028662
195000	196000	2.10566673946431	2.43840889015004	0.939646313654744
196000	197000	1.89227506503991	2.45187298066196	0.50610353899986
197000	198000	1.83854303222752	1.98396465603362	0.315335141179306
198000	199000	1.77984621005374	1.64976190688108	0.708288773270297
199000	2e+05	2.25369225348929	1.37168496892576	0.746230816685967
2e+05	201000	2.45476580355285	1.82153015768416	0.861024383199147
201000	202000	2.42997376092897	1.83398540167692	0.382757339884884
202000	203000	2.47747907082589	2.30473082313301	0.458421827241617
203000	204000	2.57540128830701	2.61572762983833	0.121222455470363
204000	205000	2.17067819892959	2.52020244089351	0.0318576110807723
205000	206000	1.84330257342136	2.55870624061439	-0.266173298355677
206000	207000	1.98803172088681	3.00986580979989	-0.242614212929289
207000	208000	2.1943606249525	4.08433013916664	-0.843181688457081
208000	209000	1.91088071733004	2.82421156065031	-0.796091778667057
209000	210000	2.01970411198683	2.352942891887	-0.845049182929452
210000	211000	2.3061571584828	2.45263047800411	-0.447822349266862
211000	212000	2.52376226264223	2.16110215581505	-0.134243633431359
212000	213000	2.39786337530735	2.0082582199531	-0.583521623964187
213000	214000	2.43966110107091	1.74312834495291	-0.907862938143305
214000	215000	2.60006017534953	2.11801546423964	-1.08737441356523
215000	216000	2.64846689379478	2.45935331113448	-0.817083634335711
216000	217000	2.80870497273406	2.34491826410343	-0.441309602244021
217000	218000	2.98391496280461	2.02341161364057	-0.701164242657575
218000	219000	2.95629909949718	1.98870485702828	-0.227159852520003
219000	220000	2.6971051275595	1.66714583736109	-0.494977138626216
220000	221000	3.09721396044833	1.60688954928279	-0.410943482199255
221000	222000	3.0117373575583	1.16325161324789	-0.212125732495417
222000	223000	2.7197793081724	1.58854374303981	0.0117183331751159
223000	224000	2.32455733170406	1.37159940848261	-0.215946922125441
224000	225000	2.14222729801944	1.80762729089887	-0.135702531017369
225000	226000	1.86054799476348	1.75034409298719	-0.489461298087885
226000	227000	1.41175060261008	1.90366557800075	-0.29801026907854
227000	228000	1.51904792781686	2.23700163308007	-0.631029172027736
228000	229000	1.34141786434791	2.69652458573125	-0.458340553226501
229000	230000	1.34868046775302	2.38540579618383	0.029995282017071
230000	231000	1.40930995557486	2.82726474434161	0.24935731700664
231000	232000	1.17047307510956	3.29601315267349	0.0230412016445897
232000	233000	0.602848121701353	3.11507912919758	0.0700010264216948
233000	234000	0.28655096824534	2.68677724802835	0.243493574951617
234000	235000	0.0366568516296161	3.23107357522496	0.445981391834823
235000	236000	-0.234425515014388	2.93898415786855	0.179266010582337
236000	237000	-0.104959602580858	2.5954742053005	-0.0418427977415268
237000	238000	-0.532575582884246	2.59782313246991	-0.0371348024981543
238000	239000	-0.495508233047265	2.89010853325585	-0.487344096836549
239000	240000	-0.591229389116274	2.21849734116712	-0.397925402282748
240000	241000	-0.111294282364565	2.16334204786402	-0.608708196894922
241000	242000	-0.0268598274942154	1.85768048571997	-0.187874394964444
242000	243000	0.0455802442861299	1.58994769928493	0.280172714924349
243000	244000	-0.178804958864384	1.27679418552793	0.663967266298171
244000	245000	0.336671390076146	1.00402063827331	0.55674986022289
245000	246000	0.680933368509176	0.52747608356265	0.550411778332405
246000	247000	1.20725339822857	0.396876000403008	0.430770118430062
247000	248000	1.70850694993563	0.556233660917734	0.42941510126353
248000	249000	1.87041202562235	1.02772850463396	0.466121764904546
249000	250000	1.77798086142637	0.875952895924663	1.05281564202904
250000	251000	1.37028498527904	0.780770229721976	1.40094133640456
251000	252000	1.11183606672785	1.20054450532656	1.1370454723346
252000	253000	1.15669760122054	1.37648944818454	0.62647061091555
253000	254000	1.31251652419222	1.6803933822966	0.214009387947103
254000	255000	1.11619861458697	1.28050854973792	-0.0721537323339505
255000	256000	0.740041271587521	1.75146430518467	-0.0436489865785302
256000	257000	0.640542229644581	1.44207658336349	-0.455844820422162
257000	258000	0.955700822244579	1.29463004784557	-0.922545818742621
258000	259000	0.997254249747857	0.670758490084063	-0.875192931143713
259000	260000	0.450805301899096	0.505027112581998	-0.736546547856695
260000	261000	0.262638769852424	0.774303646243446	-0.278453696348502
261000	262000	-0.248596045402807	0.959514444473471	-0.0287204937630525
262000	263000	-0.723087438027547	0.826490080696094	-0.396754765035385
263000	264000	-0.375343194377894	0.88325250350165	-0.944240409815986
264000	265000	-0.258291665384832	0.548554930304048	-1.41517638256949
265000	266000	-0.476937606269288	-0.0074140282457011	-1.4833603555584
266000	267000	-0.701991377713738	-0.581747970992095	-1.61769785204876
267000	268000	-1.11903044587322	-0.571158267491994	-1.11989522730202
268000	269000	-1.01616256414076	-0.586660821506614	-0.57609502387881
269000	270000	-0.565521343803104	-0.293233331020168	-0.788600241673809
270000	271000	-0.464708077484922	-0.830363031646234	-1.04510523740211
271000	272000	-0.0446242568787227	-0.588459698366842	-1.44410101329007
272000	273000	-0.0843781649165991	-1.13475547305656	-1.36716243293981
273000	274000	-0.0849005363403602	-1.27623850502439	-1.88157749634812
274000	275000	-0.571324306733264	-1.46809809979849	-2.07458752844635
275000	276000	-1.03878124660141	-1.38962789957614	-1.86598639840499
276000	277000	-1.24199007904869	-1.26010186619707	-1.42281091600432
277000	278000	-1.39104885965296	-0.750023050932552	-1.60830421517991
278000	279000	-1.22012272185225	-0.234461930333944	-1.84726700003854
279000	280000	-0.719134853054934	-0.0266361491572541	-2.05608773356809
280000	281000	-0.0853844531872168	0.0424087177140699	-2.21070043284499
281000	282000	-0.0566740759993461	-0.536360853501748	-2.16773735056354
282000	283000	-0.33193207855908	-0.93388886095945	-2.31343547616326
283000	284000	-0.733545450296563	-0.858763794369346	-2.56277419022004
284000	285000	-1.04248696218057	-0.802049224825119	-2.16323521921729
285000	286000	-1.06438009791771	-1.28439150100365	-2.38461440520887
286000	287000	-1.08063322988315	-1.70138768988772	-2.7584494540921
287000	288000	-1.53296837906974	-1.47008607087012	-2.56321140876138
288000	289000	-1.68298613392338	-1.504099843099	-2.12684008201816
289000	290000	-1.64662394372181	-1.00492177858513	-2.02617002611036
290000	291000	-1.68701636558396	-0.47797024326004	-2.12340191981348
291000	292000	-2.24497596852171	-0.178456026188492	-2.57866054023406
292000	293000	-3.314948925749	0.229033590779664	-3.33026020754258
293000	294000	-2.42177417828905	0.362451273632677	-2.50759651142989
294000	295000	-2.0303410703456	0.0504225145273498	-2.17017745382636
295000	296000	-2.09872982958053	-0.30332223501011	-1.8042490916909
296000	297000	-2.44086470844229	-0.536588109990218	-2.05213944980425
297000	298000	-2.50827570536149	-0.991153541725182	-2.22430660885956
298000	299000	-2.36846096240371	-1.48151600483507	-2.4665010498328
299000	3e+05	-2.1714718693466	-1.38627902233983	-1.96426236042025
3e+05	301000	-2.12406576509137	-0.995240344335009	-1.93090350183243
301000	302000	-1.99918707456052	-1.07187499987149	-2.36494169503398
302000	303000	-2.1740130993501	-0.98039610852233	-2.7077303758697
303000	304000	-2.61189537078066	-0.797218628611045	-2.73158373536755
304000	305000	-2.11291651121561	-0.610130208068633	-2.42235264478466
305000	306000	-1.76077267391408	-0.265239876765345	-2.61143387142827
306000	307000	-1.88886553640718	-0.0417775895812245	-2.96296228584988
307000	308000	-1.3598245025473	0.102307149532898	-3.04193374485837
308000	309000	-1.46781439552598	-0.330815648098452	-3.14604713715159
309000	310000	-0.963949907456746	-0.374643146518202	-3.42860780493041
310000	311000	-1.10381085586963	-0.633066735098427	-3.06480287004758
311000	312000	-0.953289288699603	-0.956927954226229	-3.0827057898886
312000	313000	-1.23557289993018	-1.24093742630288	-3.31441705475555
313000	314000	-1.54203611466389	-0.817393132538932	-3.01670143977255
314000	315000	-1.75574999701539	-1.18375569543262	-2.89493544952327
315000	316000	-1.64938392947908	-0.839069120966537	-2.56371457926696
316000	317000	-1.23762706533172	-0.895463363944891	-2.66175561098609
317000	318000	-1.16081836224541	-0.393954701972651	-2.56284761618429
318000	319000	-0.738245836409543	-0.225584730191613	-2.74200554860114
319000	320000	-1.11101049841241	0.179601749068374	-2.4247115971444
320000	321000	-0.741093371616635	0.285931207231849	-2.7646185433774
321000	322000	-0.983429663288994	0.671279151496147	-2.84057727375142
322000	323000	-1.07824790063724	1.10905455509956	-3.14660355047876
323000	324000	-1.33509249074018	0.956138351960123	-2.67250306472819
324000	325000	-1.67364185518546	0.948971303336072	-2.93346084734083
325000	326000	-2.17658626941768	0.929157936978811	-4.15245595662721
326000	327000	-1.62939309015562	0.506217824235921	-3.07766225491272
327000	328000	-1.5747838870658	0.470584009729189	-2.56420623009225
328000	329000	-1.4230556065243	0.523144086927998	-2.10290460400628
329000	330000	-1.83876336123226	0.507035121183256	-1.85882455315829
330000	331000	-2.23532379415573	0.765356047209699	-1.90939826174782
331000	332000	-2.24101404308149	1.00655795561214	-1.46237731078175
332000	333000	-1.87593765092903	1.22745875926017	-1.22503908508257
333000	334000	-1.78964179264002	1.15675924710239	-1.70620260879786
334000	335000	-1.72878200378349	1.00912250878028	-2.14148582782813
335000	336000	-2.06332001967522	1.11496308871498	-2.40234077552517
336000	337000	-1.74814383530203	1.35276075495473	-2.4786097587106
337000	338000	-1.92842778248101	1.72791253171975	-2.33908643341778
338000	339000	-1.86972386568542	1.42254645300485	-2.05467178661957
339000	340000	-1.54996967187545	1.66543718415282	-2.02460572236128
340000	341000	-1.91049396526276	1.68131722305248	-1.60679001776429
341000	342000	-1.49573141313071	1.80359657627449	-1.51013742948284
342000	343000	-1.44665568512926	1.91914187561149	-1.04504551282646
343000	344000	-1.1329343698675	2.05859748499096	-0.693683997827752
344000	345000	-0.922334676195091	2.2541363348795	-1.12495057641757
345000	346000	-1.14563324720321	2.2125865104826	-1.58865964384082
346000	347000	-1.06016852159195	1.77582157291812	-1.81971702693027
347000	348000	-0.826108444566474	1.56291806826706	-1.45800039117632
348000	349000	-1.25710093295367	1.41685987668303	-1.27619837227702
349000	350000	-1.2054633818673	1.23231264768045	-0.84335283499065
350000	351000	-0.74078626252463	1.5855509834296	-0.883320635554249
351000	352000	-0.27562074322935	1.71942410883837	-1.12757939413453
352000	353000	-0.312463395735996	1.90870343630942	-1.65571432975706
353000	354000	-0.639077901605727	1.80601485541986	-2.12884533989305
354000	355000	-0.453881807738772	1.3767145965152	-1.86471047288834
355000	356000	-0.152355402982266	1.19129221016459	-2.22243037989235
356000	357000	-0.203360890202057	1.23967955398571	-2.69948663808107
357000	358000	-0.041544986771846	1.71367315694503	-3.86129577367377
358000	359000	-0.518525446793651	0.851100612683592	-3.02855316564797
359000	360000	-0.655239922743492	0.468850122047823	-3.19515699002608
360000	361000	-0.687373587693293	0.058968695701248	-4.42394199527145
361000	362000	-0.268880006731823	0.296150208390022	-3.55554620265945
362000	363000	0.53077607897302	0.268044432754943	-4.03014735515395
363000	364000	-0.109442261125628	0.40274284296207	-2.91406845811421
364000	365000	-0.423075032634413	0.65135490527577	-2.47278649851133
365000	366000	-0.786533811862413	0.678272640097162	-2.10241848047652
366000	367000	-0.691840664583558	1.14884006569798	-2.29560631378191
367000	368000	-0.845031330669954	1.43534256386138	-2.68537842643117
368000	369000	-1.23006021670408	2.27024433004825	-3.72270509050862
369000	370000	-1.45657408918248	1.58967319123744	-2.81905062541938
370000	371000	-1.24666625983212	1.23184235989913	-2.19280592433301
371000	372000	-1.17016520540058	0.97902656962216	-1.74309051865394
372000	373000	-1.41588184231163	0.703747742555641	-1.38265921805643
373000	374000	-1.95097293134894	0.512592664168449	-1.19346723700179
374000	375000	-1.79460971328364	-0.0337859112413392	-1.36781191075019
375000	376000	-1.15865027066316	0.153373289091131	-1.32872817726157
376000	377000	-1.36209175041669	0.00966382707822378	-0.830150833159301
377000	378000	-1.73021798673231	0.219899466327672	-0.472677759435388
378000	379000	-2.20797364862737	-0.0972063346735677	-0.814719757557837
379000	380000	-2.28929086489053	0.418922609949984	-0.48540623456795
380000	381000	-2.78721891881636	0.153318381794027	-0.295825651843829
381000	382000	-2.7034050620152	0.627567769908204	0.0339652287524338
382000	383000	-3.10953695155852	0.321786335461732	0.270486165314754
383000	384000	-3.22430654728391	-0.133957556017015	0.321639785642923
384000	385000	-2.72348103691876	-0.0297203486862477	0.317480199961927
385000	386000	-2.40349362843346	0.2536733694048	0.533334121463892
386000	387000	-2.23068654071673	0.340234722379134	1.02425347921463
387000	388000	-1.88460473386578	0.551383225022728	1.36568490959525
388000	389000	-1.80118921954283	0.894566853453763	0.994211475190156
389000	390000	-2.0993231907608	0.778617632291886	0.585949569259942
390000	391000	-2.49640870238315	0.803443197209233	0.987441123965637
391000	392000	-2.76489776796737	0.820100947086311	1.46555193471505
392000	393000	-2.84841046607316	0.352195955658063	1.28129290225786
393000	394000	-3.05661486062626	0.638206199445132	1.0849291887765
394000	395000	-2.84090190659651	0.614928923272635	0.666447631132128
395000	396000	-2.8750214663135	0.16476693778182	0.865238758732395
396000	397000	-3.35424429362885	0.198136408113721	0.938375140478931
397000	398000	-4.5669459626255	-0.0781996784630744	1.6725946170607
398000	399000	-3.25391179969054	-0.429763273428711	1.65356806499129
399000	4e+05	-2.80983729720017	-0.479133245531039	1.62277577222185
4e+05	401000	-2.34534608654458	-0.468435503558503	1.69743786684961
401000	402000	-2.06296469128552	-0.130978204781623	1.32948690426826
402000	403000	-2.43048233964789	-0.51413523801774	1.22142593916782
403000	404000	-2.54489498228598	-0.229324688368382	0.881213841350312
404000	405000	-2.36195616154635	-0.661134368940331	0.671592951113298
405000	406000	-1.98261627063898	-0.616325151130561	0.39810594207511
406000	407000	-1.60268606110851	-0.612176122724322	0.744223247319347
407000	408000	-1.35647757408794	-0.0219457501719484	0.700420027606157
408000	409000	-1.83155719340175	0.0452405892340889	0.389184270642763
409000	410000	-2.16502899552311	-0.228686791878803	0.0243659135973055
410000	411000	-2.60262527230878	-0.476265357576875	-0.196254555040277
411000	412000	-3.16554084224317	-0.491987236961508	-0.578667862748321
412000	413000	-2.55763417674168	-0.61729929059435	-0.765818171256031
413000	414000	-2.63565522909278	-0.597922633639934	-1.3894280124205
414000	415000	-2.17956960607529	-0.970250553991694	-1.22918408176447
415000	416000	-2.42119326676454	-1.43869690710936	-1.45670146442133
416000	417000	-2.20173962820011	-1.61406125424464	-1.03569231513538
417000	418000	-2.54094707276068	-1.95344742215829	-1.0624251475946
418000	419000	-2.84112255608708	-1.71328491279895	-0.848895328792568
419000	420000	-3.18287429129934	-1.69299011929986	-1.27831227166929
420000	421000	-2.78373064412653	-1.37188433808335	-1.18183966171395
421000	422000	-2.85578860353646	-0.994076531918087	-0.977519633416381
422000	423000	-2.4288536458585	-1.17210390976515	-0.639592579429644
423000	424000	-3.10277450031129	-1.15591113282463	-0.520263212382712
424000	425000	-2.82209721309702	-1.05791615607531	-0.155831127870883
425000	426000	-2.96673970432671	-1.39570853280002	0.15767455493438
426000	427000	-3.2906142752885	-1.6474519155965	0.263663539322931
427000	428000	-3.2571381342749	-1.6226737271302	-0.265945347381094
428000	429000	-2.71553291940178	-1.51324742316471	-0.267629667669128
429000	430000	-2.35352195084009	-1.39565361424646	0.035649856810717
430000	431000	-1.94579662221904	-1.25975772675156	0.292135016795227
431000	432000	-1.98357158153481	-1.02932029162134	-0.236460230958215
432000	433000	-1.47860726138213	-0.792570621216315	-0.148503834123058
433000	434000	-1.43643383405758	-1.33952212174597	-0.508946794750571
434000	435000	-1.27593541298866	-1.80093261055369	-0.231625312823263
435000	436000	-1.62538229560325	-2.11009399765706	-0.587986350343983
436000	437000	-2.19107218885559	-1.80216383462698	-0.424964693083832
437000	438000	-2.68497725534075	-1.94479220376267	-0.462024901373511
438000	439000	-2.61469436748372	-2.18970206666233	-0.135262019860929
439000	440000	-3.11277427806947	-2.14699787344599	-0.213544278717237
440000	441000	-2.90556172883696	-1.93732958975507	0.114370904292583
441000	442000	-2.87228091204237	-1.9897333341114	0.49687075651913
442000	443000	-2.54138144738035	-2.05923501966321	0.870792437365031
443000	444000	-2.61651847874146	-1.55940720413401	0.546677469709946
444000	445000	-2.55215372800611	-1.19849394335969	0.813889291187974
445000	446000	-2.81786830164841	-1.27557988414638	1.37547455058576
446000	447000	-3.30846719600005	-1.47513874729596	2.56052059841854
447000	448000	-2.35314712545753	-1.28752763167399	1.79610522233538
448000	449000	-2.17132815634652	-1.17777234842531	1.35750176127982
449000	450000	-2.31277888536888	-1.69107331690792	1.28165330707046
450000	451000	-2.00308774512089	-1.39619449136899	0.857286284659519
451000	452000	-1.75124186554714	-1.85803858500707	0.927027485378819
452000	453000	-1.49797405271396	-1.46391859814292	0.526373926747757
453000	454000	-1.16335908596869	-1.77112067695641	0.798714270351428
454000	455000	-0.95086468025194	-1.1535734565356	0.809636124169843
455000	456000	-1.03657577426875	-1.48420392245151	1.35790013113925
456000	457000	-1.4064529685363	-1.0570482171911	1.36547157887508
457000	458000	-1.62970182082287	-0.924491482924583	1.85186289233602
458000	459000	-1.42161211731982	-0.55819278156107	2.30590188045438
459000	460000	-1.1908487500458	-0.990829472073792	2.27147326502045
460000	461000	-1.00727642268083	-1.2834486897753	1.90396914561732
461000	462000	-0.718018200907196	-0.852231099255987	1.69556113295003
462000	463000	-0.967545588566873	-0.360978234774286	1.69513160990348
463000	464000	-1.50047470097844	-0.301643577909424	1.69784665899381
464000	465000	-1.96982200022971	-0.359568240731647	2.03518427239688
465000	466000	-1.62532234629052	-0.00415943449327024	2.22240058028418
466000	467000	-1.09849671492054	0.23925941793272	1.98057679613903
467000	468000	-1.55991729909539	0.420517196534805	1.92331532354104
468000	469000	-2.12807467772598	0.267553850361535	1.98490782702361
469000	470000	-2.52119535041022	0.0133183295578987	1.8436462129562
470000	471000	-2.79468567442275	0.304116170178185	1.88441283135582
471000	472000	-3.0517175267738	-0.102732619808251	1.98639790753436
472000	473000	-3.16777529786716	0.164878537514162	1.7649592836576
473000	474000	-2.92437793685577	0.0141466150240356	1.62376775023729
474000	475000	-3.34851223802199	0.027681451010019	1.51292291681699
475000	476000	-3.09432844551142	-0.130323967214247	1.37406330685787
476000	477000	-3.25523461774359	-0.38097255469755	1.18405571773589
477000	478000	-3.67468873246688	-0.375411258495834	1.00711685052948
478000	479000	-3.45668334070077	-0.689915209353826	0.566909417474664
479000	480000	-3.15968653143111	-1.02913647037754	0.453350066569654
480000	481000	-3.28959631899676	-0.771809642475395	0.0719993271367426
481000	482000	-2.80664832202331	-0.638226202693364	0.299352088242929
482000	483000	-2.99678846174519	-0.503074722492213	0.713054076196906
483000	484000	-2.92087349525146	-0.795680121086347	1.07813252564115
484000	485000	-3.30263193351466	-1.08373334371978	0.975141343160318
485000	486000	-3.10332358107025	-1.50609630743594	0.776409014885842
486000	487000	-3.14015237527361	-1.89283015823543	1.24579144751094
487000	488000	-2.97043203254209	-2.25413069588076	0.903358058070739
488000	489000	-3.27100728673936	-2.05585533475841	0.676927710681444
489000	490000	-3.08355628465951	-2.3564378108614	0.529261832596593
490000	491000	-3.35207823532721	-2.21833979757911	0.301334404329968
491000	492000	-3.05101010900706	-2.35096621094944	0.172484715197817
492000	493000	-2.72801086713931	-2.30912589842611	0.32387590646341
493000	494000	-2.76481941366136	-2.62289141802139	0.00755879734443399
494000	495000	-2.88401392562737	-2.68784624384674	0.404133523425113
495000	496000	-2.90927414695531	-3.81560969636817	0.815939753213858
496000	497000	-2.44341677776089	-2.65571482607369	0.615710133142679
497000	498000	-2.181848603918	-2.30892295439234	0.496064406067584
498000	499000	-1.92125248673558	-1.95026173487683	0.431142548057633
499000	5e+05	-2.18842585378363	-1.91451371537841	0.093381214326929
5e+05	501000	-2.05486354539584	-2.35840200323433	-0.00571156585686366
501000	502000	-1.54875297463586	-2.33582219981715	0.180737128863688
502000	503000	-0.819897372345686	-2.59341678042819	0.271748216164447
503000	504000	-0.250925735908701	-2.47353964263532	0.301139204797183
504000	505000	0.134569347206488	-2.31626500313685	0.148639368974892
505000	506000	0.483191258361675	-2.56441660577911	0.312516453443777
506000	507000	0.106240521777603	-2.79174783547368	0.309694078943253
507000	508000	0.134704703325487	-2.40852761788489	0.551785151137065
508000	509000	-0.123202059882026	-2.54616273477814	0.792178510831733
509000	510000	0.140760655224693	-2.22824005382327	1.05715716054
510000	511000	0.494309690492644	-2.30856631460472	1.17813621664016
511000	512000	0.567989376445317	-2.19257406806314	1.59225726943953
512000	513000	0.97698102448192	-2.38076290768158	1.35522276166988
513000	514000	0.975101481721931	-1.87062327380298	1.61458848237231
514000	515000	1.27614692008075	-1.97833778170826	1.36068645793224
515000	516000	1.44971111048301	-2.30613039180665	1.66093035280053
516000	517000	1.59791574741827	-1.90860485752539	1.81367431565155
517000	518000	1.30775388949389	-1.67751853990932	2.0189554487434
518000	519000	0.888769134807584	-1.56228547021421	2.52773396556614
519000	520000	1.14171261929141	-1.26505580199374	2.7607521216319
520000	521000	1.42616333030796	-1.62114064106827	2.85230678802602
521000	522000	1.26036209260743	-1.85709530347766	2.44928662037403
522000	523000	1.21111693939536	-2.14568613332286	2.08932447071463
523000	524000	0.759799314728805	-3.19295895957123	2.53267275757038
524000	525000	0.757599510942714	-1.89275621234646	2.11316208870934
525000	526000	0.47768019436507	-1.4865587322978	1.97706240244182
526000	527000	0.574660540523762	-1.63567401537147	1.4462478815658
527000	528000	0.986389743731762	-1.48694512694228	1.16619967324269
528000	529000	0.859439485020765	-0.734353151783106	0.651115099706281
529000	530000	0.428435474580664	-1.26962776550992	1.05336837879283
530000	531000	0.138491086444989	-1.12379786013276	1.50067659446807
531000	532000	-0.0966523756778926	-0.588629518163884	1.31464032468593
532000	533000	-0.428512606884949	-1.17163849287094	1.33991105663601
533000	534000	-1.05665768409381	-2.47648378500195	1.59837249018444
534000	535000	-0.3246244529026	-2.03461033564963	1.40180471007605
535000	536000	-0.0354764640550932	-1.7102138974659	1.55386964459707
536000	537000	-0.402647562908734	-1.85563386840436	2.05435746930568
537000	538000	-0.974722571860733	-2.188494996325	3.07166550336466
538000	539000	-0.586569205737089	-1.22052224545519	2.50527334334631
539000	540000	-0.139342115636682	-0.869268745564408	2.51177332950067
540000	541000	-0.345221649432188	-0.427696872816345	2.79519695112538
541000	542000	-0.468524278212378	-0.443346643543453	2.14604108277159
542000	543000	-0.32163312489774	-0.0763084282688298	1.74652647757318
543000	544000	0.221098204072805	-0.243661159829012	1.80078601176532
544000	545000	0.367353675680299	-0.732733077862856	2.14162114388001
545000	546000	0.741886189832471	-0.745603284117216	1.71994796577117
546000	547000	0.955918195831107	-0.288683564079409	1.66065976179842
547000	548000	1.19672386294743	0.163055195214837	1.80596470877196
548000	549000	0.767390430925958	0.418388197310468	1.74216523807698
549000	550000	0.10737286134537	1.0026387915004	1.98060082672301
550000	551000	-1.01571119199627	1.59609574717722	2.71532635593341
551000	552000	-0.225970149462522	1.05029762300706	2.60112080401808
552000	553000	0.234638941665618	0.872910004435733	2.65594317185077
553000	554000	0.272238408670866	0.304439748767794	2.58800282683398
554000	555000	0.256096896701504	-0.22515473916516	2.60657210708449
555000	556000	0.341915610798852	-0.359458269957883	3.10569573111799
556000	557000	0.449173065307748	0.0711864974746127	3.03125631724355
557000	558000	0.807050641166019	0.308860026793333	2.65130442897802
558000	559000	0.731849463120914	0.423273078210237	3.13266212110339
559000	560000	0.600608436455539	0.220968954086192	3.61991927873364
560000	561000	0.740786339236993	-0.0431026399654392	4.94463120586641
561000	562000	1.21736988421413	-0.0040468548410465	3.75305901198061
562000	563000	1.18725012254355	0.252532541533808	2.96150257565588
563000	564000	1.43017881256516	0.275586782096035	2.59533452932731
564000	565000	1.94657248612252	0.127469039725044	2.64298196910112
565000	566000	2.14430088381839	-0.254399962939416	2.87366996034649
566000	567000	1.66422618077683	-0.271172972334682	2.80272793864019
567000	568000	1.36800684160766	-0.608998820838019	2.85234342447485
568000	569000	1.00800280452428	-0.809125053783979	3.08618323829389
569000	570000	0.936217549546286	-0.345793843784963	2.89526896706498
570000	571000	0.986304985889063	-0.206346968993327	2.4440505926414
571000	572000	1.47098024848269	-0.326951816324575	2.33190991030549
572000	573000	1.36329089273618	-0.811586798839818	2.3958710872759
573000	574000	1.76296843165313	-0.875973272400723	2.18935832924275
574000	575000	2.1380372417745	-1.01380428515951	2.34944023978794
575000	576000	3.44223344794033	-1.35988269569682	2.50330459891
576000	577000	2.51317951229482	-1.1173676114736	1.81711289441676
577000	578000	2.12435586432147	-0.797167258447941	1.63878422024191
578000	579000	1.92809178403118	-0.373461428610554	1.92949054151108
579000	580000	1.7390176892033	-0.451713283385105	1.52753170829148
580000	581000	1.88809108741526	-0.919515370425664	1.15954035696759
581000	582000	2.38741929282134	-1.00778281994332	0.909499661487617
582000	583000	2.45401615509654	-0.407610479182177	0.781190907064389
583000	584000	1.94561925031253	-0.1824072383278	0.9400183122888
584000	585000	1.89889245809523	0.143614877953915	1.38041296283979
585000	586000	2.3579033969372	0.424596577235792	1.33603261008047
586000	587000	2.17241793510048	0.719478743746244	1.74548471619464
587000	588000	1.85665566700932	0.525819940019433	2.07854557925796
588000	589000	1.81514762544876	0.997882855640499	2.36122539329022
589000	590000	1.85844691077584	1.55175305818348	1.94093788816434
590000	591000	1.40434406358986	1.23992106993652	1.90350342109719
591000	592000	0.940555177712329	1.07384641103554	2.1659563560712
592000	593000	0.513616267990235	0.720886993642339	2.12242915433026
593000	594000	0.00858781108951636	0.35701249411351	2.13301826286175
594000	595000	-0.414339220333875	0.154029521181523	2.43317115740334
595000	596000	-0.92737224898634	-0.160640089226842	2.40835666243364
596000	597000	-0.992513044508959	0.314668763833207	2.58029067391334
597000	598000	-0.439426196756235	0.413347469164186	2.89589049186011
598000	599000	-0.00564020225698345	0.627061037971595	3.13666713281787
599000	6e+05	-0.188342370157419	1.38326308214473	4.15222900503946
6e+05	601000	0.562283221375363	0.891014385367323	3.42865704079108
601000	602000	1.03441290301741	0.851141800327935	3.4030525296062
602000	603000	0.949582397304953	0.520692383205292	3.55395330279196
603000	604000	1.16461700376381	0.495921568791571	3.84642474948013
604000	605000	1.22235300010445	0.339822077657938	3.4758358606442
605000	606000	1.43599065335944	0.684550403878333	3.58315506860604
606000	607000	1.33826562578205	0.636411308206504	3.13930638038238
607000	608000	1.79173874129252	0.639062611483709	3.2693747419117
608000	609000	1.67362745518358	0.340698140956398	2.98516300070344
609000	610000	1.88406682259723	0.153405087834089	3.25147986749126
610000	611000	1.60829870500474	0.295610817437124	3.39550431487934
611000	612000	1.80681141164331	0.245958142275131	3.71601063768696
612000	613000	1.81173063375208	-0.226988639914879	3.69561604536205
613000	614000	1.43828476595017	-0.0401540495529873	3.27725910205282
614000	615000	0.973303739651444	-0.0600448040189225	3.28416565083513
615000	616000	0.779278607426532	-0.415795023968764	3.65617233512608
616000	617000	1.23525045701581	-0.454272281463362	3.38896691129767
617000	618000	1.62520657517226	-0.480968305583534	3.21651602825703
618000	619000	1.95852986257486	-0.745954019812683	3.106587784227
619000	620000	1.59292282738253	-0.995639633601315	3.08289869100215
620000	621000	1.79627741850947	-0.780366538446362	2.68567295698119
621000	622000	1.70678342572851	-1.19454193285158	2.65389149992523
622000	623000	2.04610443964872	-1.61000929639028	2.69725657153764
623000	624000	1.80257297152987	-1.74431606474083	2.28060248606717
624000	625000	1.51014469730677	-1.3474965627189	2.2701917075773
625000	626000	1.07838140946107	-1.17537976521133	2.09215737983352
