0	1000	-0.65625987810158	0.363268206578792	-2.50093432404568
1000	2000	-0.742519215740545	0.462764606435052	-2.12685394769616
2000	3000	-0.806535013816817	0.0161629130186193	-2.08846177429439
3000	4000	-1.08389337300048	0.0622611337875943	-2.46616933593269
4000	5000	-0.831171401296769	-0.162858097187111	-2.52155114943789
5000	6000	-1.15973340301708	-0.430467169809408	-2.72180978807838
6000	7000	-0.944361902892489	-0.491161472812269	-2.3460428162807
7000	8000	-0.848094637059559	-0.774010745148176	-2.06346427238061
8000	9000	-1.11387569368502	-0.823165840535292	-2.30287437160495
9000	10000	-1.06054450706318	-0.477572933247098	-2.05285976473904
10000	11000	-1.29352490259181	-0.701109925675852	-1.99432520145079
11000	12000	-1.54832208203632	-0.547946065445865	-2.32982235217772
12000	13000	-1.33879216700242	-0.220081099775338	-2.0364875316241
13000	14000	-0.938226133181869	-0.4358989395997	-1.63813357070683
14000	15000	-1.3282576640849	-0.405594963278778	-1.63262938834094
15000	16000	-1.71501013813672	-0.501735166129668	-1.7347795240175
16000	17000	-1.50738192292317	-0.881960119364292	-1.54855034394756
17000	18000	-1.17366005896433	-0.853538677773773	-1.2566571532127
18000	19000	-1.53321957374647	-1.02426195408308	-0.924632245275509
19000	20000	-1.40121533674035	-1.48642561856452	-1.02513894168985
20000	21000	-0.973820843332217	-1.24865496028743	-0.941925955139741
21000	22000	-1.12861967217254	-1.24435606295898	-0.511766607216551
22000	23000	-1.09468534231157	-1.54762130580322	-0.111471436447246
23000	24000	-1.45563991713233	-1.85005847222249	-0.0886907522750198
24000	25000	-1.47526546951184	-1.79129918190779	-0.589620017696908
25000	26000	-1.69037085307	-1.37507661629535	-0.450510310784816
26000	27000	-1.39791487943027	-1.18246997519531	-0.0764638817480257
27000	28000	-1.82153138440237	-1.25811021653545	0.0982503959995262
28000	29000	-3.58175240645284	-1.43919389173771	0.103730801541261
29000	30000	-1.89417299341783	-0.47468668731774	-0.054734181661306
30000	31000	-1.30490843332728	-0.476123254966782	-0.0496957044658289
31000	32000	-0.91083728023899	-0.766558216287837	-0.272581725576714
32000	33000	-0.555467203922525	-0.854239797907215	-0.631355792234356
33000	34000	-0.512298351048847	-1.29509303368112	-0.504888553893501
34000	35000	-0.504494599323773	-1.44963142743139	-0.00885807721034316
35000	36000	-0.229162277019444	-1.6573697743702	0.428266672229889
36000	37000	-0.0932016822156345	-1.12835753171459	0.297231748112714
37000	38000	-0.239402324398976	-0.922002990296982	-0.147475038827769
38000	39000	-0.282622188955624	-0.439112037073987	0.173784148120626
39000	40000	-0.276900741202705	-0.0906698056038888	-0.27949182051004
40000	41000	-0.783120500538623	-0.0258823853805596	-0.425209630202274
41000	42000	-3.32941409889527	-0.809512029791682	-0.658093626773185
42000	43000	-1.46525663490497	-0.571330138814477	-0.578194379512906
43000	44000	-1.02545693619807	-0.657919276889071	-0.789644570990221
44000	45000	-1.12593336337964	-0.24290483206957	-1.01145505244625
45000	46000	-1.53187973739621	-0.516005074841007	-1.16784428478783
46000	47000	-2.8884159920981	-1.67709185352634	-2.35613310709476
47000	48000	-1.0563793980913	-1.06459988471238	-1.70640899855453
48000	49000	-1.18212159785347	-1.73787988221671	-1.60999638671471
49000	50000	-0.884105359917166	-1.88981085236685	-1.24141556155561
50000	51000	-0.719102163484302	-2.15168294796084	-0.966996488467007
51000	52000	-0.877939396862653	-2.4981142184691	-0.921995164399087
52000	53000	-0.540716773700965	-2.40089131953528	-0.757301812565401
53000	54000	-0.0557039949276688	-2.71177579015136	-0.985283537406507
54000	55000	-0.231022584124969	-2.54457392817929	-0.687895034207186
55000	56000	-0.293524793084144	-2.91167111794318	-0.552687047380762
56000	57000	-0.538516686122248	-3.00359687763304	-0.188084857277302
57000	58000	-0.617758276455999	-2.71712099048365	0.0706355807834198
58000	59000	-0.464795470097801	-2.79477387244073	0.427060741126521
59000	60000	-0.701848914016203	-2.57416966715463	0.724917955442451
60000	61000	-0.87219756746172	-2.47008545633148	1.09158591822656
61000	62000	-1.16590507890577	-2.22616097356337	1.177352207745
62000	63000	-1.16406438057925	-2.2570886390922	0.722124831557746
63000	64000	-0.802881013829777	-2.24545594603255	0.416814433919172
64000	65000	-1.08498657958572	-2.42239091174361	0.0678515658319502
65000	66000	-0.818950711582255	-1.97331614738224	0.069593440518411
66000	67000	-1.01220098104096	-2.07463558931411	-0.377857099572761
67000	68000	-0.747553094467194	-1.77425463843472	-0.580574822661797
68000	69000	-0.480649732488753	-1.66313793527984	-0.952848692062682
69000	70000	-0.286678469131145	-1.9869163916917	-0.524521305153457
70000	71000	-0.0536810248032642	-1.92827711488109	-0.139752483914616
71000	72000	0.00375394436871285	-2.36998323978998	0.243586923542746
72000	73000	-0.390921162517721	-2.22530875505785	0.0521657497927329
73000	74000	-0.17051491497089	-2.52405062810023	-0.204243175191189
74000	75000	-0.666924155120121	-2.42539011281181	-0.288901639554006
75000	76000	-0.634948913561956	-2.70704954682686	-0.516359731191985
76000	77000	-0.757542304040395	-2.87911026083376	-0.86041618754536
77000	78000	-0.423646613996485	-2.94128862461922	-1.03157173459921
78000	79000	-0.499029855994214	-2.5794048393729	-1.11702515925891
79000	80000	-0.602639959363396	-2.76564365449921	-1.55888061165569
80000	81000	-0.716653780441015	-2.35720183113246	-1.39858247799971
81000	82000	-0.209292789329761	-2.45858434512268	-1.46881558050387
82000	83000	-0.394583718655539	-2.0807958800255	-1.47093619247848
83000	84000	-0.308098862108683	-2.20860735399201	-1.82794673281269
84000	85000	-0.554349527494662	-1.8446901676963	-1.81634300911666
85000	86000	-0.133681729604434	-1.71337997690912	-1.90734831910274
86000	87000	-0.476092378444253	-1.39001742493866	-2.07805183953922
87000	88000	-0.233352666103999	-1.36081833050923	-1.58427881173957
88000	89000	0.298765376185113	-1.36856972754876	-1.56308837365227
89000	90000	0.697305703190679	-1.52417257020629	-1.2527250511868
90000	91000	1.17854140460706	-1.55760731664718	-1.29667882763331
91000	92000	1.78923378957915	-3.09947295818862	-2.51503824109155
92000	93000	1.28039969257039	-1.9046135557573	-0.839968044730675
93000	94000	0.892776840638549	-2.18673814709765	-1.02581449480105
94000	95000	0.914738111611193	-1.58015317047504	-0.688322343480403
95000	96000	0.769145818434647	-1.99955669878102	-0.509770915112414
96000	97000	0.703595603109399	-1.70050576060177	-0.134258447969453
97000	98000	1.07314363945173	-2.11214889960585	-0.0793208351375115
98000	99000	1.35472048698215	-1.78550210329254	0.14721651703306
99000	1e+05	1.62426100352878	-1.82390768819361	-0.259574514934703
1e+05	101000	1.67298307576735	-1.48495779118868	-0.648733681237049
101000	102000	1.5350681308603	-1.18816979226035	-0.286220209419967
102000	103000	1.09818417564792	-0.957275543690415	-0.407521142705718
103000	104000	0.650494481156777	-1.11215607299192	-0.608834405912514
104000	105000	0.629612001809632	-0.908962611218033	-1.30705271153152
105000	106000	0.226365558731167	-0.790096804963843	-0.874444660180377
106000	107000	-0.000371342611421333	-0.830443062771869	-1.3259231763531
107000	108000	-0.401011003661476	-0.573175087469247	-1.09080918693084
108000	109000	-0.500012317079611	-1.09850716826663	-1.22430933453121
109000	110000	-0.0228171719072633	-1.38398213106446	-0.9976458127185
110000	111000	0.264560174913882	-1.75930666122847	-0.98065475328675
111000	112000	0.0462961111142707	-1.82045439685482	-1.40854920118752
112000	113000	-0.174499174623622	-2.08614406267893	-1.0864446442521
113000	114000	0.211251565411308	-2.26943207756025	-1.25710842036021
114000	115000	0.695247745131344	-2.1569172120778	-1.59155179584553
115000	116000	1.37398665347061	-2.10415054228331	-1.51063726233431
116000	117000	1.71656456972862	-1.71267567757598	-1.18519358244237
117000	118000	2.11669764364791	-1.92027411394353	-1.18977697493499
118000	119000	1.89168683702278	-2.24899423773587	-0.857913981959078
119000	120000	2.29476729570474	-3.80829640204813	-0.764644488162412
120000	121000	1.36642040775782	-2.31734475837096	-0.537292890394329
121000	122000	0.607087345214197	-2.57115579268963	-0.61415428683014
122000	123000	0.188487348407451	-2.20348228616506	-0.620638901313959
123000	124000	0.397386067280592	-2.26122726548544	-0.21216103816278
124000	125000	1.14489182588717	-4.0447480091671	0.249095599012262
125000	126000	0.693578508371744	-2.14669134730228	0.353631542401841
126000	127000	0.339900389859694	-1.80476398886811	0.538004903576816
127000	128000	0.306534557426237	-2.11513281859217	0.915229618242806
128000	129000	1.526504603853	-3.54035891538337	1.59385296110585
129000	130000	0.963276600299695	-1.95409209602315	1.06732004863987
130000	131000	1.14423482145097	-1.64012570184176	0.763365918549647
131000	132000	1.59067337913561	-1.73365203004303	1.05624559872625
132000	133000	1.68619447849571	-1.51427647974772	0.518066603857423
133000	134000	2.04643250476796	-1.91997036667967	0.346384723900287
134000	135000	2.06420935799678	-1.57374332631595	-0.266969733888465
135000	136000	2.2651524940734	-1.89111568688772	-0.547966339449518
136000	137000	3.73785047961395	-2.99237013960344	-0.574127990959985
137000	138000	2.5531899168409	-1.50753689429408	-0.235429458039793
138000	139000	3.63508223374069	-2.52897871554308	0.835975438322948
139000	140000	2.24139539485676	-1.37736077067594	0.178785541395287
140000	141000	1.88409564585243	-1.04494304112953	0.215517008756801
141000	142000	1.82314474976206	-0.975630085617821	0.728105074683089
142000	143000	2.08195813414573	-0.495180787903741	0.808049083030878
143000	144000	2.43586759921336	-0.685968962346856	0.332782045193292
144000	145000	2.82027645131218	-1.01632950921034	0.392178981404431
145000	146000	2.35135989880331	-1.09845408499908	0.5799759279292
146000	147000	2.44751199993065	-0.761851479857811	0.800295702093183
147000	148000	2.76744921283669	-0.350645218801607	0.852226159386961
148000	149000	2.69381167871994	-0.260432002792107	0.310713158654492
149000	150000	3.0061535007788	-0.427301078110684	0.168030040905574
150000	151000	3.0352596796653	-0.0811179717446903	-0.100424756856161
151000	152000	2.76376102485787	-0.0684760172504138	-0.456271175300066
152000	153000	2.69538094477649	0.337130754252514	-0.531727641432722
153000	154000	3.08563963083303	0.263363022073193	-0.762047357614269
154000	155000	2.90525856265397	0.447400813375796	-1.16180285765641
155000	156000	2.53168412273306	0.29446095841038	-1.32270506683492
156000	157000	2.41717608940687	0.304595379724348	-1.75664400393951
157000	158000	1.9945778259308	0.213641191991144	-1.57104956086989
158000	159000	2.00313340656757	0.544739122770527	-1.30148477653931
159000	160000	2.02916651065865	0.939083119041985	-1.53724241249312
160000	161000	1.82971497128475	1.35967885375908	-1.65348765916873
161000	162000	2.15963681268034	1.72728055696507	-1.59751225950924
162000	163000	2.5366054283691	1.33929481970623	-1.59203825957538
163000	164000	2.184876183173	1.3370973385235	-1.26638955546353
164000	165000	1.77368503333607	1.42771466758154	-1.14009181259493
165000	166000	1.99944948102444	1.45671962787279	-0.711056718307886
166000	167000	1.60917807085955	1.54778324572052	-0.446467637122212
167000	168000	1.37881300585172	1.85123016852181	-0.0904624324059025
168000	169000	1.11304699951759	1.35718419979797	-0.393250711873243
169000	170000	0.79946490915363	1.73053887981894	-0.262477329667395
170000	171000	0.521529562910015	1.3335465023597	-0.0527502085280378
171000	172000	0.775312512102224	0.900328296547559	0.093292992899644
172000	173000	0.852560059394259	0.71564335028206	-0.514241097794166
173000	174000	1.30565504966775	0.808110557072503	-0.758033640948385
174000	175000	1.62249292989899	1.06235302451216	-0.516146896318008
175000	176000	1.65633999830259	0.600386514588697	-0.313598896326545
176000	177000	1.91150274352516	0.512242541847822	-0.748781563908702
177000	178000	2.02382322965093	0.931325912533135	-0.932130922011401
178000	179000	2.57634040723575	1.26213717195246	-0.887315245243637
179000	180000	2.42732275834125	0.909568780220142	-1.2386018805438
180000	181000	2.45038334005659	0.607665545661185	-0.944626449575395
181000	182000	2.73400809857045	0.750938028870091	-0.652722736240393
182000	183000	2.31074084323144	0.764677976705237	-0.536317158433417
183000	184000	2.48397167953328	1.00504220711036	-0.216072685798133
184000	185000	2.04792404798804	0.981903276464742	-0.173562512640789
185000	186000	2.2373383605806	1.38967935376709	-0.0838911720637281
186000	187000	1.79839842768266	1.38150989930669	0.0532606123953044
187000	188000	2.08311918645335	1.18310160374265	0.377683251529063
188000	189000	1.83738860748545	1.4515971088777	0.749156449804991
189000	190000	1.48116388203709	1.06124182242698	0.593554768825843
190000	191000	1.70841197015835	0.790019847863207	0.259198281858378
191000	192000	2.11291678479661	0.513277574524294	0.0121758478704579
192000	193000	2.78111574226636	0.59785316814139	0.0550572560141594
193000	194000	2.20198337336087	0.191311055920426	-0.446584937397166
194000	195000	2.30805431985932	0.0800379806835683	-0.928881944403551
195000	196000	2.46758956685836	-0.155306463091716	-1.32771326768608
196000	197000	2.79309242955457	-0.152938029427251	-1.01104455260807
197000	198000	2.41250743432538	-0.41100273258466	-0.766429075567344
198000	199000	1.97534455453962	-0.327863355954286	-0.760682325916672
199000	2e+05	1.96369059185172	-0.318503415980564	-1.24605959710892
2e+05	201000	2.0024730221057	-0.700284573460997	-1.52109086532615
201000	202000	2.47571752460818	-0.610854558361209	-1.59517763943912
202000	203000	2.61753273309125	-0.653169833327332	-1.16792823712089
203000	204000	3.00885034015808	-0.503144213392213	-1.268950369156
204000	205000	3.19836224048494	-0.717339611132921	-0.900039928587979
205000	206000	2.87503679772531	-0.543671773057285	-0.640081923625439
206000	207000	3.24100841560147	-0.509615947319836	-0.417005051353606
207000	208000	4.84791049403696	-0.70960726772823	0.110111986649868
208000	209000	3.05321868638968	-0.841459136944223	-0.137933274698587
209000	210000	2.97590737131243	-1.2384480520475	-0.30722982356077
210000	211000	2.82737540648106	-0.969942712629486	-0.714408053547068
211000	212000	2.98142659679418	-1.00186712686754	-1.1841119880738
212000	213000	2.54812140750798	-1.21172140458992	-0.907675130595937
213000	214000	2.28680905971724	-1.4969694620977	-0.807127690772343
214000	215000	2.71857274151877	-1.65354534611978	-0.670142161616869
215000	216000	3.09508070211378	-1.36479997734468	-0.760214368779391
216000	217000	2.88838726903763	-1.40576596704776	-1.08058653133913
217000	218000	2.81424489087122	-1.3471754326141	-1.48130683730392
218000	219000	2.53708553742787	-1.60716613019971	-1.20980532866363
219000	220000	2.47813534910718	-1.11940674966993	-1.34092142358385
220000	221000	2.22034057474403	-1.4433822047998	-1.45949056562379
221000	222000	2.2865088239206	-1.19657505139003	-1.88173516949848
222000	223000	1.96895625854008	-1.16287305003593	-1.24314461380038
223000	224000	2.2277754623388	-0.851884792972988	-1.00612007410674
224000	225000	1.97259223987704	-1.09783503098183	-0.720350774646002
225000	226000	2.35663823732683	-1.01058619535314	-0.499655091475799
226000	227000	2.05680292981665	-0.764642290073491	-0.240561124712741
227000	228000	2.5056673825301	-0.959683584524656	-0.0741927868096704
228000	229000	2.6430689385615	-0.562182715912852	-0.195296766455966
229000	230000	2.31116011900986	-0.287820649711196	-0.206082623832595
230000	231000	2.51970567527208	0.0700033251390725	-0.0324004381250161
231000	232000	2.13739312787433	-0.107014001703193	0.295893588772331
232000	233000	2.49556244946387	0.199321443801277	0.510373998339136
233000	234000	2.07985811967422	0.465482259039463	0.498168283628565
234000	235000	2.45317095796932	0.854686582632945	0.772477606210501
235000	236000	1.97868549928904	0.89871136583556	0.774725389369741
236000	237000	1.6681754393873	0.648885563756251	0.866111083350815
237000	238000	1.98411270535823	0.535020521358886	1.13276926739744
238000	239000	1.53921574584054	0.761743673195638	1.35715474932636
239000	240000	1.65346258504259	0.13717176246008	1.34233798821988
240000	241000	1.23987652119398	0.0588175058514134	1.01685141126673
241000	242000	1.64714583172894	0.0328227180120696	0.702433503697776
242000	243000	1.32416344537168	0.282314930195857	0.312990138853052
243000	244000	0.922575463795235	0.323734679196032	0.0265373566957187
244000	245000	0.958164465677697	0.0219005436918752	-0.392896848365177
245000	246000	0.61993881573305	-0.215943342429005	-0.750272799178629
246000	247000	1.01223616822855	-0.611223947541215	-0.943911859580895
247000	248000	1.27877796924311	-1.05923608837261	-1.10994715070348
248000	249000	1.58828851777363	-0.718959930635604	-0.970124572837358
249000	250000	1.41678591592871	-0.585520583178207	-1.47988455029915
250000	251000	1.46172891295296	-0.0613689836125139	-1.49048955226995
251000	252000	1.39076312098239	0.0257303641350937	-0.989335978366884
252000	253000	1.64758131811763	-0.0623519632631785	-0.475408297643822
253000	254000	1.54124533544401	-0.568435496145195	-0.40735411105276
254000	255000	1.76015441852601	-0.492993625935363	0.0755803598918678
255000	256000	1.30297737643484	-0.303077475052321	0.00884140309081775
256000	257000	1.4200292000044	-0.520484571085326	0.498112087542775
257000	258000	1.29003313766428	-0.993083028015784	0.310929420369799
258000	259000	0.8121081450126	-1.21818599413335	0.278439747111194
259000	260000	0.453026287687445	-0.877265376058598	0.0386590365384174
260000	261000	0.716277995752325	-0.494820591911162	0.310896144950032
261000	262000	0.437878448338835	0.0523597946651922	0.271006134555405
262000	263000	0.548747247271054	0.0446060043497386	0.897790501964412
263000	264000	0.632761943548769	-0.600910559367323	1.01695724049655
264000	265000	0.186879639393774	-0.956743613064121	1.01009540972032
265000	266000	-0.358967397891323	-0.854796233306038	1.23761635113082
266000	267000	-0.962702458734276	-1.00087028925218	1.14047319964226
267000	268000	-1.10409773096999	-0.389588535255152	1.13621802824609
268000	269000	-0.663320508158487	-0.23471756570861	0.904786155722893
269000	270000	-0.95807104570003	-0.57064143415233	0.599238688852225
270000	271000	-0.571961756211533	-0.983906148275396	0.731894625078109
271000	272000	-1.10338500216685	-1.11292061466024	0.548982395715475
272000	273000	-0.829471609850347	-1.53535060277104	0.579297255084241
273000	274000	-1.34512237903902	-1.59187668800453	0.665709357501749
274000	275000	-1.53599296403627	-1.45388633506823	1.09313075351882
275000	276000	-1.67154506974421	-1.19628208460904	1.43871561631911
276000	277000	-1.62520008308726	-0.772435422465657	1.27516464509288
277000	278000	-1.21937260118487	-0.726648030732205	1.55624330068105
278000	279000	-0.717444080237626	-0.852379475823916	1.70193637467409
279000	280000	-0.497075331108043	-1.33819204013419	1.54694179156776
280000	281000	-0.227652170833035	-1.5339191096491	1.10827679356687
281000	282000	-0.625883552900075	-1.85961518777537	1.15209956389881
282000	283000	-1.05790891281405	-1.68999094705071	1.21030413682825
283000	284000	-1.08356667661661	-1.8496961629005	1.65146525671403
284000	285000	-1.20835752441504	-1.35245510629881	1.56534998766165
285000	286000	-1.54862542855072	-1.69197922552053	1.58028069678078
286000	287000	-2.01471378364036	-1.82889954448537	1.71358022897011
287000	288000	-1.74404491564285	-1.53111557575618	1.97708188025609
288000	289000	-2.01512259068776	-1.22596116719974	1.91343553107995
289000	290000	-1.58993450006521	-1.05010072028586	1.89378273625576
290000	291000	-1.15741562334133	-0.973744851550902	1.97521209943658
291000	292000	-0.847881509239722	-1.03875081375626	2.27984653396329
292000	293000	0.00746667090061425	-0.0633985239227968	1.02792132490895
293000	294000	-0.688434864322016	-0.569372945888742	2.30508915874982
294000	295000	-0.904269334427738	-0.685463570855603	2.77123892191536
295000	296000	-1.18767373391788	-0.382681584953328	2.53059789744527
296000	297000	-1.294252500539	-0.562821972335847	2.11275852322131
297000	298000	-1.67267948471917	-0.587048242769784	2.46896919660037
298000	299000	-2.10064533075297	-1.08205116212204	2.54638639517949
299000	3e+05	-1.97488829968147	-0.841920618904489	2.17148585015478
3e+05	301000	-1.72100935681808	-0.663338258630812	2.02450183599724
301000	302000	-1.65910275174693	-0.996913700603555	2.34706669442752
302000	303000	-1.55829814660117	-1.1062506699447	2.68300355307806
303000	304000	-1.69201807974643	-0.761560767492152	2.93355761584714
304000	305000	-1.26259593645571	-0.854115713432604	2.50641819913339
305000	306000	-1.0569048880077	-1.1970586960302	2.76228182860754
306000	307000	-0.642752885578275	-1.12394347882698	2.75125428780965
307000	308000	-0.753193413890028	-1.64403785745622	2.93424774298852
308000	309000	-0.750468196263199	-1.52785910695944	2.43973979686584
309000	310000	-0.973663532460178	-2.10319486972015	2.53380417586898
310000	311000	-1.02583816778471	-1.82463409627281	2.18947984253116
311000	312000	-1.33025702413786	-1.9386727016104	2.06293547436334
312000	313000	-1.64009776457503	-2.07416589975369	2.3331574970142
313000	314000	-1.31893889874873	-1.61307359003375	2.41987476726043
314000	315000	-1.72818932743307	-1.48727060033859	2.44032254089976
315000	316000	-1.38340755954352	-1.25812486727746	2.26577207994056
316000	317000	-1.27663320584377	-1.48979809090221	1.98001880010099
317000	318000	-0.846898791529009	-1.43011852426627	1.91617926344226
318000	319000	-0.574387500053674	-1.7717306926508	2.00309698861995
319000	320000	-0.348235560068487	-1.25337965956232	2.04383248130617
320000	321000	-0.210867996007135	-1.75408423038998	2.29731057154895
321000	322000	0.0688475400566992	-1.42975493382674	2.24796576926596
322000	323000	0.19771849643752	-1.75754534076149	2.78767711263637
323000	324000	0.170585926789321	-1.29954840747524	2.73373347722201
324000	325000	-0.132784998146879	-1.15566911844039	2.96648634371595
325000	326000	-0.471278249585934	-2.02796804975096	4.5459039145869
326000	327000	-0.300766469442123	-1.50084433362531	2.76891176105767
327000	328000	-0.237991018822306	-1.12373328298142	2.51825308162268
328000	329000	-0.190252839588895	-0.763970126673631	2.32653751292529
329000	330000	-0.34184532178746	-0.512587207638711	2.82766279237551
330000	331000	-0.106731074982828	-0.352007637724711	2.49774739625841
331000	332000	0.0286097725253583	-0.00279761390805056	2.77536523922212
332000	333000	0.29969835357371	-0.177580098345012	2.5190196120988
333000	334000	0.200910758414528	-0.360852065731291	2.89474067797932
334000	335000	0.0890403112810828	-0.735087049982672	2.71210938932592
335000	336000	0.0388989900226299	-0.747496418792948	3.09925659140657
336000	337000	0.33207361645893	-0.971795209695795	3.01637025067091
337000	338000	0.435551066810111	-0.663970434166064	3.23270233697929
338000	339000	0.432991109571596	-0.656410024760306	2.79580730195808
339000	340000	0.762888647010418	-0.707051084267195	2.95474153422272
340000	341000	0.645103093105098	-0.247864961404136	2.90354719781765
341000	342000	0.678398987501575	-0.389200615042531	2.5358185315882
342000	343000	0.867433833963549	-0.0613731125321076	2.58875045264946
343000	344000	1.04365355975395	0.106852632625594	2.31251484770656
344000	345000	1.3348586744896	-0.183310353968588	2.33975733830842
345000	346000	1.15152231266232	-0.421733384168114	2.67154119964325
346000	347000	0.92002240389441	-0.703594240805563	2.4277769426932
347000	348000	0.969788722408718	-0.396459343915864	2.15828336062615
348000	349000	0.609862164840537	-0.242300807887791	1.98241895342744
349000	350000	0.579881782226317	0.132822453920307	2.21589734433362
350000	351000	0.952573999087161	0.0322021022596761	1.81912831401606
351000	352000	1.18109028138449	-0.311427890922652	1.58021750749372
352000	353000	1.36490398247924	-0.651098531282908	1.90271909266504
353000	354000	1.03925485598289	-1.01624279705265	2.1291313180062
354000	355000	0.835213505333327	-0.742320405752826	1.79603756433342
355000	356000	0.936824652770703	-1.13149959386357	1.54263227907228
356000	357000	0.76799148336114	-1.55859337317416	1.59356403156865
357000	358000	1.48099828891577	-3.04010580338045	2.61205996884023
358000	359000	0.284317805295371	-1.86798845940572	1.84556922903597
359000	360000	-0.143688519926217	-1.90603760997203	1.68326270390241
360000	361000	-0.717848598405268	-3.77931093941392	2.18714617441103
361000	362000	-0.120172568494544	-2.23407962791444	1.29331753877183
362000	363000	0.486466811192021	-3.72770369994253	1.7097211183537
363000	364000	0.254476665839608	-1.6876966603685	1.31412417558663
364000	365000	0.157748690942247	-1.36343945693333	1.70251217056241
365000	366000	0.0549719943141713	-0.911808813025959	1.78235113562356
366000	367000	0.540088983920613	-1.08944727393227	1.83895514244645
367000	368000	0.594452297042079	-1.44807952485367	2.19981385432623
368000	369000	1.61673716190766	-2.38911300884014	3.58709779031522
369000	370000	0.685824814526554	-1.27942637519215	2.75801287888417
370000	371000	0.436817647186688	-0.951323590491373	2.39020143222876
371000	372000	0.338003240009368	-0.624907132626767	2.11550647952802
372000	373000	0.0746635119881347	-0.293833054124861	1.92416514108272
373000	374000	-0.0556215080882176	0.156309121872798	2.17413039940399
374000	375000	-0.568157559180033	0.140891888651169	2.42577477049997
375000	376000	-0.480083795024918	-0.191981193188213	1.69911223702543
376000	377000	-0.209571998770825	0.237170268854616	1.59399909268865
377000	378000	0.0558866224257289	0.699098945272431	1.88169777174727
378000	379000	-0.552638932010542	0.556516568651378	1.9010756573774
379000	380000	-0.458599966778903	0.902490685587845	2.2650650804692
380000	381000	-0.217675019040323	1.18039265888795	1.73734579673796
381000	382000	-0.0912673206735615	1.42300034325241	2.28241013741254
382000	383000	-0.282452876360773	1.75551424376015	2.01495426167042
383000	384000	-0.693586064396723	1.73040902553674	2.15490006570177
384000	385000	-0.591869789737428	1.57180346755253	1.76836370318949
385000	386000	-0.214724504446595	1.6340260362209	1.55121385983792
386000	387000	-0.113837367193561	1.81761161187293	1.13268779762661
387000	388000	0.272450193947748	2.17162563020027	0.984737289591546
388000	389000	0.339219302244919	1.70163475155131	1.10690585540443
389000	390000	0.252984186075755	1.73302586021282	1.54367976054409
390000	391000	0.0820966320455114	2.14372812542321	1.43629995096448
391000	392000	0.135927415901955	2.59821432599692	1.66252024930145
392000	393000	-0.265831523242759	2.37782730625108	1.48391540053888
393000	394000	-0.24274176644535	2.45487630417054	1.82006322800503
394000	395000	-0.0567946982838163	2.08437794595806	1.84187536386447
395000	396000	-0.418309540200042	2.03134021302446	1.55792655950033
396000	397000	-0.587190149349322	2.20958853235709	1.93777149758075
397000	398000	-1.1923724451069	3.85829571684294	2.79289250235148
398000	399000	-1.04214485177353	2.64440468648852	1.3430134917581
399000	4e+05	-0.914964273849427	2.52949636906464	0.976191949404337
4e+05	401000	-0.751057897669543	2.28069546739794	0.672701203274917
401000	402000	-0.669442103167242	1.82370501590276	0.597399883718649
402000	403000	-0.586504097101864	2.01098034377722	1.03934431434597
403000	404000	-0.991792883024505	1.89178626412361	1.05844410042514
404000	405000	-0.833500688916177	1.45970045351894	1.22026324005576
405000	406000	-1.03478656990395	1.40511262266609	0.776783025573643
406000	407000	-0.849853628160563	0.978635743531528	0.677252645844233
407000	408000	-0.291807725575161	1.29520776898502	0.503424632579795
408000	409000	-0.397409852657729	1.17836638478923	1.00624728990209
409000	410000	-0.714724702313548	1.0048009982244	1.40601589443165
410000	411000	-1.05693840610384	1.08936426491142	1.81253613149883
411000	412000	-1.32416771873292	0.953849889231649	2.36263992739897
412000	413000	-1.2169239011463	0.577760260489535	1.92753565391308
413000	414000	-1.18932677144627	0.0867300582357708	2.10493269115526
414000	415000	-1.61605294719432	0.30968341923133	2.48104103670964
415000	416000	-1.88608490235521	0.423931565603448	1.98771075071428
416000	417000	-1.97291007508771	0.0743869060261035	1.47771702077114
417000	418000	-2.18733341118088	-0.15129042172795	1.80733522058222
418000	419000	-2.25813578801218	0.29282272345302	1.79403614226822
419000	420000	-2.34378768172332	0.137868127022582	2.28070633179468
420000	421000	-1.83352036778076	-0.0112307790034812	2.11671264028143
421000	422000	-1.55297022303095	0.189327262813696	1.7731392887665
422000	423000	-1.59220241732694	0.544504906623094	1.48656579972992
423000	424000	-1.61525773854292	0.861903727715627	1.8251652119092
424000	425000	-1.80309537776917	1.1996187830353	2.02024376433971
425000	426000	-1.83848112045643	1.40847659008463	1.60612009425377
426000	427000	-2.21491848425534	1.44831520057785	1.66088793917136
427000	428000	-2.23965348179933	1.10824956729762	1.97587704725657
428000	429000	-1.96963819810935	0.960558043447228	1.55942589555124
429000	430000	-1.69399990449557	1.07885563558273	1.22879721227969
430000	431000	-1.59155295368239	0.82471457468871	0.764676566250667
431000	432000	-1.2404141504214	0.920633887328896	1.17840003633547
432000	433000	-0.929839329530884	0.474241604422661	1.21561777763268
433000	434000	-1.27152606039818	0.340771376982883	0.808398969232141
434000	435000	-1.71965990109974	0.133721243887014	0.700505404952131
435000	436000	-2.24542574148981	0.212792327698016	0.658329377187758
436000	437000	-1.99421096293439	0.607254544427852	1.15174023583917
437000	438000	-2.30880636698147	0.679801302913002	1.46048038895405
438000	439000	-2.47190884305278	1.04386826218524	1.62813985260787
439000	440000	-2.63206909599581	0.965374113821034	1.28124492391701
440000	441000	-2.3405216206763	1.25096618084112	1.25761412572035
441000	442000	-2.25861833434939	1.60694168727044	1.26736319081871
442000	443000	-2.35649290116188	1.88402596446628	1.7709153221592
443000	444000	-1.86682598781992	1.59483634156561	1.07429201674907
444000	445000	-1.45756231472209	1.54500633356831	1.10452937963294
445000	446000	-1.48816441335027	2.21351517121484	0.952496569554535
446000	447000	-2.10768908373206	4.04746121664944	0.626914091464208
447000	448000	-1.27174210733107	2.22212055178161	0.439487292754738
448000	449000	-1.75050848571436	2.20066340335715	0.540268487258817
449000	450000	-1.51505593739883	1.80874983041893	0.649671883844792
450000	451000	-1.94124762056162	1.71439460351954	0.470541323871529
451000	452000	-1.65754467081926	1.29981290403633	0.554376241179398
452000	453000	-1.9660300706838	1.37034224417601	0.0984867760888602
453000	454000	-1.57277971133335	0.959253470288657	0.173844633755194
454000	455000	-1.63317012337364	1.21729335040951	-0.295804365931549
455000	456000	-1.16376747259777	1.30708060596252	-0.135843077236915
456000	457000	-1.42761843538633	1.75388086545358	0.0186355287207365
457000	458000	-0.965328696265049	1.96599158083074	0.05632832158179
458000	459000	-0.779009870799318	2.46444306070253	-0.251930900993683
459000	460000	-0.994890399461507	2.09597677092099	-0.432347451076985
460000	461000	-1.42723181419965	1.87651281403418	-0.480703877354434
461000	462000	-1.04202703466267	1.58977133297596	-0.648925246096542
462000	463000	-0.593731609198199	1.67439100044893	-0.298454900965536
463000	464000	-0.443427676263181	1.93801586394806	0.110716542674049
464000	465000	-0.624875691497578	2.52435225492837	0.271560149186942
465000	466000	-0.248922975126844	2.35992211430135	0.0376999326268546
466000	467000	-0.00355525207817069	1.8454740105917	-0.16669193715627
467000	468000	0.217176101651404	2.16143453946522	0.110770881545291
468000	469000	-0.0540949686953201	2.46609393311006	0.475382109075572
469000	470000	-0.273628211680524	2.4870983373299	0.872739613929464
470000	471000	-0.459148008370835	2.8147060646844	0.91362192424733
471000	472000	-0.375122879193693	3.0224482717072	1.31749297633347
472000	473000	-0.628498190708247	2.79787225974278	1.25791342250044
473000	474000	-0.335484135813101	2.67501841184203	1.28449132141676
474000	475000	-0.541478618651217	2.7470135830244	1.60266837829225
475000	476000	-0.630650824359227	2.5024430857503	1.4148737001257
476000	477000	-0.852801220104273	2.39320950272436	1.62826235844937
477000	478000	-1.05102746907474	2.62349176359991	1.93440537527855
478000	479000	-1.21069327303804	2.07605284845479	1.9001932102858
479000	480000	-1.58000725376213	1.87991978613007	1.72887679617395
480000	481000	-1.36875623729316	1.64030905748911	2.01094005567127
481000	482000	-1.23117677336452	1.55326826736486	1.5872799301097
482000	483000	-0.965583814950886	1.88558197641282	1.55676793552765
483000	484000	-1.24558500392308	2.15943665811026	1.37687543043995
484000	485000	-1.59912082047867	2.35654088583365	1.56098775326611
485000	486000	-1.85049957901484	2.00935864104197	1.31105096933028
486000	487000	-2.21854443221979	2.42055109200516	1.03676069815885
487000	488000	-2.28962700482703	1.94981252528228	0.915236838878924
488000	489000	-2.41861316475766	1.99758245946744	1.27641523744522
489000	490000	-2.64425779823984	1.87859316748462	1.04151988117054
490000	491000	-2.73823195041708	1.8309658003493	1.36567249744869
491000	492000	-2.55875861482353	1.59528847798853	1.10596392091464
492000	493000	-2.70311491044447	1.49774361901614	1.37717829103343
493000	494000	-2.80292531518461	1.31979734801412	1.03986856456692
494000	495000	-2.92862105199444	1.64719753301946	1.03814081918363
495000	496000	-4.23085591550637	2.29429652536833	0.408940672718818
496000	497000	-2.72172873497477	1.5197829068458	0.595308725734984
497000	498000	-2.33034715603638	1.47776937901804	0.704901885109702
498000	499000	-2.20381341922111	1.18385942874907	0.471206944216618
499000	5e+05	-2.07769715918281	1.11291565869841	0.868856183843006
5e+05	501000	-2.47457518755128	0.987185534332255	0.803272028788708
501000	502000	-2.38108609305758	0.791581728492818	0.385349672816399
502000	503000	-2.46400903320048	0.672060096533202	-0.1741242950122
503000	504000	-2.09640149635193	0.324929612778896	-0.336263750033113
504000	505000	-1.90859186750334	0.269158669912259	-0.692889281855733
505000	506000	-2.18476087758611	0.0065712805743635	-0.707119130003701
506000	507000	-2.26284303166438	0.301119711477925	-0.949495136144204
507000	508000	-2.24619974719753	0.461336447588368	-0.638587675218595
508000	509000	-2.02652249719197	0.690571315512389	-0.742667055087118
509000	510000	-1.96651871760219	0.803948435160229	-1.14256146250792
510000	511000	-1.70666625798853	0.64917830130636	-1.3234010344568
511000	512000	-1.75548260711442	0.828167197280856	-1.69646613560261
512000	513000	-1.43213486276362	0.585836797851295	-1.69784479304201
513000	514000	-1.66678513704414	0.259409033629195	-1.9298864306342
514000	515000	-1.190275772825	0.259736976209768	-1.87165566234549
515000	516000	-1.52156610509556	0.336222827337277	-2.38772304787945
516000	517000	-1.16471004459434	0.407630652521246	-2.23245347751306
517000	518000	-1.06393838616419	0.707045733891109	-2.42263065816027
518000	519000	-1.25632972077697	1.09655912278938	-2.74491310015253
519000	520000	-0.789296492252737	1.20879711476241	-2.61582877246871
520000	521000	-0.799656901973481	1.42939551772683	-2.27304518394297
521000	522000	-1.12641752058358	1.11267520779445	-2.25988583917506
522000	523000	-1.43444727016935	0.800915795093153	-2.20194278557877
523000	524000	-2.99238752648645	1.20447404348876	-2.93414206684341
524000	525000	-1.06410409390971	0.86213533170928	-1.90242589929892
525000	526000	-1.04242827511178	1.08997738714658	-1.54424648086676
526000	527000	-0.950830208129962	0.524925782741574	-1.53249886818684
527000	528000	-1.38970708300477	0.140377634374557	-1.46437909447287
528000	529000	-3.46356522750151	-0.017126164701316	-1.95898620458945
529000	530000	-1.12146371683074	0.457438067394507	-1.09259864334854
530000	531000	-0.694734215778131	0.689247954095473	-0.965225228385343
531000	532000	-0.638589314746933	1.21309088921501	-0.879512169546506
532000	533000	-0.58462634643046	1.02904021540759	-0.377920587038423
533000	534000	-0.928321009564633	0.409351464687038	0.0679786861043545
534000	535000	-1.2645584927306	0.852702980836444	-0.728780423667811
535000	536000	-1.41984748750972	1.02632261708686	-1.15648772219667
536000	537000	-1.56913060934277	1.44890283739457	-1.26275565476464
537000	538000	-2.38412106786886	2.88626767713047	-1.84131039353304
538000	539000	-1.00812116160077	1.75492845255913	-1.24296473478275
539000	540000	-0.540937119340367	1.80738263314009	-1.53955050489726
540000	541000	-0.537266509309323	2.31203755895642	-1.31442982417844
541000	542000	-0.447774110989208	1.79751035354315	-0.926994830707797
542000	543000	-0.112291910241869	1.52776066325485	-0.626733334948724
543000	544000	-0.112709090028773	1.23548771771544	-1.0327448560853
544000	545000	-0.447895710329365	1.24181446519625	-1.44266027764652
545000	546000	-0.346186677569007	0.731440049403725	-1.52219278598612
546000	547000	0.0654703078492442	0.840784178079131	-1.3316697631661
547000	548000	0.422494604420568	0.651302856803203	-1.59289623304245
548000	549000	0.669425628493944	0.992718082160136	-1.39542024345447
549000	550000	0.891846395541411	1.24084478220574	-0.978258817993986
550000	551000	2.02896080451539	3.22672486619761	-0.531916847487344
551000	552000	0.923468527256278	1.79013091110345	-1.12045642281698
552000	553000	0.804227396916674	2.06217598185301	-0.744389951495211
553000	554000	0.485205676413812	1.64142035760093	-1.37392911966079
554000	555000	0.0298296825651166	1.85578282841427	-1.44790933425008
555000	556000	0.0431420965049093	2.17543844409539	-1.79041521746593
556000	557000	0.415735402546031	2.11367000724412	-1.62959066974538
557000	558000	0.335811799461449	1.66312901500689	-1.85096512774246
558000	559000	0.644833190338605	1.93422511778869	-1.92465845172998
559000	560000	1.06449853679031	2.06177693797852	-1.97989170228201
560000	561000	2.39631003268338	2.98680997414927	-2.82504516218244
561000	562000	1.13228647741336	1.63539179328562	-2.22177846250848
562000	563000	0.819257633214339	1.51779652115836	-1.99259092529194
563000	564000	0.585347597275093	1.29936512545926	-2.23601338829069
564000	565000	0.67397288049062	1.04612036782143	-2.60639590965281
565000	566000	0.419198189556016	1.15189266828674	-2.98463924475134
566000	567000	0.242516189534985	1.23827705563273	-2.58704107677265
567000	568000	-0.0840850664331925	1.41925511556532	-2.4127012057167
568000	569000	-0.37345440199178	1.77689916055245	-2.44820070087761
569000	570000	-0.213341532938561	1.67810034093133	-2.01928841186676
570000	571000	-0.00209286795432617	1.30550607772723	-1.83558016188291
571000	572000	0.161067847628218	1.00857449476551	-2.14035303771267
572000	573000	-0.192351750487068	0.972882841426568	-2.35606899018192
573000	574000	0.0125648230108736	0.854418239701406	-2.77469008362092
574000	575000	-0.198048816181924	0.596803952479427	-2.54688876198705
575000	576000	-0.218242727730958	0.0956249616971287	-4.63082076887706
576000	577000	-0.323326653194558	0.208367403692252	-2.90436875977234
577000	578000	-0.269178964933122	0.172279731105339	-2.11035842980543
578000	579000	0.0687236166284423	0.461565019941584	-2.12022266314109
579000	580000	0.285501594573541	0.407081861988279	-2.56478838173915
580000	581000	0.0705321159614693	-0.109738159988108	-2.64614996339922
581000	582000	-0.230943356187798	-0.400251834137381	-2.34874274173739
582000	583000	0.244569590395071	-0.565788348496572	-2.14070608564028
583000	584000	0.249405325504057	-0.100536987112907	-1.85905009465342
584000	585000	0.526794567065022	0.178023934444114	-2.1713817405801
585000	586000	0.969777223894026	0.186913747263178	-2.01796659651355
586000	587000	1.00395963654656	0.501405057187664	-2.41693973441763
587000	588000	0.936037421184722	0.833849270285248	-2.10041749588407
588000	589000	1.34787008027505	1.10099630550586	-2.17162882558899
589000	590000	1.62940233003756	0.736523742792157	-1.85154327745515
590000	591000	1.39394193418939	0.87215552738777	-1.42603315565759
591000	592000	1.15849372574222	1.36318416488227	-1.46619870712581
592000	593000	0.444479270312517	1.25213646385213	-0.875648087322415
593000	594000	0.287505247024425	1.76773346933958	-0.897247816623135
594000	595000	-0.057861979727429	2.18039040869379	-0.974643962745853
595000	596000	-0.391153884905319	2.23083676274147	-0.575489767890326
596000	597000	0.0372512152265969	2.3075166267672	-0.411794042157058
597000	598000	0.325593772479604	2.44375913377614	-0.809055334633573
598000	599000	0.540809820687582	2.24570472565706	-1.20034681300111
599000	6e+05	1.17094200796539	3.99394937144922	-1.50511787191802
6e+05	601000	0.846214176700241	2.38666490544394	-1.70864142695018
601000	602000	0.536832699315568	2.40410999182152	-2.07774092683058
602000	603000	0.807171123176466	2.31308304493526	-2.28956897733411
603000	604000	0.482829984824377	2.40972602379305	-2.47368817135466
604000	605000	0.734071842640367	2.20889336576021	-2.60251579455677
605000	606000	0.540694489394001	2.03807455273789	-2.30366481644314
606000	607000	0.984521888936363	1.95057733833518	-2.4569293747868
607000	608000	0.650853997339134	1.68188999815119	-2.4011914302507
608000	609000	0.898479616722409	1.4651203400258	-2.62105161414416
609000	610000	0.579997057544211	1.5648040808264	-2.78385713331425
610000	611000	0.805664237354709	1.80594613840714	-2.77306080921702
611000	612000	0.589230239723406	2.03386738571869	-2.95528779193509
612000	613000	0.283981276658096	1.85129142345305	-3.16459364908099
613000	614000	0.378944473555141	1.862101649818	-2.62824618317579
614000	615000	0.0868563888312716	2.11196484934776	-2.60493678865441
615000	616000	-0.133389683196437	2.33546907319211	-2.30307152154464
616000	617000	0.106748585699946	1.78227557827308	-2.33192366241693
617000	618000	0.0455704365530948	1.605177389779	-2.76797791979515
618000	619000	-0.343796664509743	1.54778039220352	-2.88416488009781
619000	620000	-0.125649344960952	1.23798275026557	-3.0146713231191
620000	621000	-0.329185987374116	1.20241276880292	-2.66214197369308
621000	622000	-0.453837412254245	0.901072065987153	-2.86002386288505
622000	623000	-0.852227757370122	0.958463108836725	-3.10248414025629
623000	624000	-0.88867242545571	0.555106495214063	-2.82003685597897
624000	625000	-0.664190757153364	0.789279568089576	-2.48342543895577
625000	626000	-0.611718197573511	0.917220696019757	-2.07558785656157
