0	1000	-0.183566863682594	1.43361555849772	2.3887020624649
1000	2000	-0.328210441527367	1.42219380712637	2.33353728388006
2000	3000	-0.531371058017847	1.42973557248121	2.33099990383294
3000	4000	-0.475469356850015	1.26591127011424	2.28891431896682
4000	5000	-0.458089485162082	1.25566186281153	2.43471327281329
5000	6000	-0.463483730893176	1.12322249881187	2.53739739387087
6000	7000	-0.543936669130192	1.09611649606954	2.39433190296624
7000	8000	-0.652214163401444	1.14544128277243	2.33046980841282
8000	9000	-0.593408627536535	1.00506605510966	2.25264903860104
9000	10000	-0.769445884357817	1.01589779696795	2.2593443689271
10000	11000	-0.722625013453071	0.878692212336141	2.35732542104123
11000	12000	-0.890404420281664	0.961103251033572	2.47088444704629
12000	13000	-0.871847866852082	0.757973355309742	2.42416027820987
13000	14000	-1.02373939906563	0.765802765558951	2.33015114350301
14000	15000	-0.953930272886271	0.607621644804028	2.3078578448046
15000	16000	-1.12844186225162	0.629554673758285	2.20666862215674
16000	17000	-1.08430168676088	0.409572896564994	2.28025357983648
17000	18000	-1.22482186368438	0.530771307157066	2.37268879251298
18000	19000	-1.10512167396064	0.41829862857955	2.47723685251187
19000	20000	-1.26396757471513	0.482901456383629	2.58757739511022
20000	21000	-1.25931465862132	0.303340831601961	2.53281871264631
21000	22000	-1.39720069453941	0.294281674621109	2.49731275456481
22000	23000	-1.41618226081724	0.315875262756707	2.32387019325335
23000	24000	-1.4823460212473	0.439265921210645	2.41936220477886
24000	25000	-1.52663518647894	0.545254278878108	2.51122453279978
25000	26000	-1.51790677246254	0.396252608515223	2.61373721642834
26000	27000	-1.65489351306277	0.408102085588713	2.65804201268257
27000	28000	-1.77134465234401	0.483962373048995	2.84554884015741
28000	29000	-2.25466716669142	0.831992212656477	3.51545603446385
29000	30000	-2.01385696694783	0.534510066904278	2.86077890458166
30000	31000	-1.86505852073235	0.390001947472237	2.55880578996379
31000	32000	-1.77209240715686	0.320079475978398	2.47966763186968
32000	33000	-1.87043559339822	0.315044268636828	2.36237056315612
33000	34000	-1.69247216692782	0.290178146213391	2.29937158520285
34000	35000	-1.77961255399232	0.315222452768949	2.19154879704873
35000	36000	-1.71231977183987	0.489083773257748	2.18405117700189
36000	37000	-1.84440019064914	0.592935604609145	2.10008185854409
37000	38000	-1.90787709039358	0.52954825730799	2.28491255111023
38000	39000	-2.09124958507011	0.517639899890336	2.18797111548748
39000	40000	-2.10057186379821	0.375653474821918	2.31589661727117
40000	41000	-2.286574965479	0.491920739195746	2.37059051816753
41000	42000	-3.02437586192557	0.790145018004944	2.67294155812825
42000	43000	-2.44104625287178	0.353187252717249	2.33532451392619
43000	44000	-2.25547226800728	0.252972306589248	2.22523490220611
44000	45000	-2.3138636102636	0.227270854427032	2.05185013597502
45000	46000	-2.47371373506924	0.295866353551943	2.07456229196346
46000	47000	-3.20382968893787	0.620804156695959	1.98717511770708
47000	48000	-2.40890367470825	0.445747567362404	1.9572099274487
48000	49000	-2.23944057070484	0.424465102337095	1.90231251998202
49000	50000	-2.04487840181434	0.368026280305448	1.88655580159144
50000	51000	-2.00299604380077	0.219883953833581	1.98552399971846
51000	52000	-1.83743299602816	0.255339760907465	1.89108155854556
52000	53000	-1.8893700856502	0.0791699766968876	1.89812991666854
53000	54000	-1.93974544896341	0.150471783343237	1.75351218872386
54000	55000	-2.04357039925575	0.0307795899188322	1.87926622898887
55000	56000	-2.13944299680233	0.0892107994686636	1.74725296691086
56000	57000	-2.10676148366325	-0.0624650089482274	1.65893746281299
57000	58000	-1.94109510248467	0.0313459997340036	1.62260041646069
58000	59000	-1.80935978337946	-0.0166232678545426	1.55557258385024
59000	60000	-1.67883123176115	-0.0191505584834934	1.70575503935604
60000	61000	-1.76500861227272	-0.181549640054068	1.72015165900782
61000	62000	-1.90706212251005	-0.212840576309159	1.78194256490829
62000	63000	-2.05994161285792	-0.283610946376025	1.80127064456505
63000	64000	-2.14598125631308	-0.176962794442068	1.92250787572034
64000	65000	-2.14809885719519	-0.208027609395196	2.10130963346712
65000	66000	-2.02297988746054	-0.0775016012297478	2.11173174545983
66000	67000	-1.84277601388328	-0.135556498315539	2.11389950980549
67000	68000	-1.73433686702183	-0.0413482399973395	2.05760880139936
68000	69000	-1.55369244384754	0.035659765994015	2.06967986088727
69000	70000	-1.6535291549789	-0.00183479410385593	2.27494095001825
70000	71000	-1.74721181900282	-0.0197636349687012	2.38843772054714
71000	72000	-1.89543783675377	-0.0344710686900373	2.30594757979895
72000	73000	-1.93629079035327	0.0646751646061367	2.46972346464054
73000	74000	-2.14373391587989	-0.0305576478042187	2.41644383856587
74000	75000	-2.00409974996206	-0.114606274304566	2.52083977987407
75000	76000	-2.02971289285954	-0.228934061635564	2.40263039798075
76000	77000	-1.97413204936967	-0.35419908735341	2.54855434967894
77000	78000	-2.126533867355	-0.270323516440937	2.63602692801137
78000	79000	-1.9545883654554	-0.244218835249631	2.71376849398585
79000	80000	-2.12376808905014	-0.137505247935577	2.87257820298381
80000	81000	-1.89690265591471	-0.123257974240078	2.89291892018736
81000	82000	-1.87116087886653	0.00958270128848209	2.81187314883229
82000	83000	-1.75356495938626	-0.0421035907922247	2.68936683000465
83000	84000	-1.62784707598249	-0.000894806352753995	2.73442368141424
84000	85000	-1.52975555605829	-0.0946882883424501	2.80598435108219
85000	86000	-1.62012767338934	-0.125554479903888	2.89415527266201
86000	87000	-1.72801615374872	-0.296204596919966	2.93463922748482
87000	88000	-1.72578542429127	-0.234634549113553	2.70756099518075
88000	89000	-1.69189011094987	-0.209353501741316	2.54781341730908
89000	90000	-1.69294430772953	-0.365439368021711	2.62441925679989
90000	91000	-1.71735277893794	-0.419938283220693	2.76322957027625
91000	92000	-1.76480779962786	-0.845612704280441	3.60144400005227
92000	93000	-1.54488834477892	-0.428953957752142	2.86695388189104
93000	94000	-1.43254892097183	-0.480933947892057	2.76198822187561
94000	95000	-1.42145212205782	-0.292424553969066	2.67111201052595
95000	96000	-1.48625253930994	-0.27517891557968	2.54552958496691
96000	97000	-1.36842574164435	-0.138924171082318	2.53995783619792
97000	98000	-1.29243206760336	-0.33380654566433	2.51602532213603
98000	99000	-1.20765340780957	-0.224557240956365	2.39453978811082
99000	1e+05	-1.39733863043648	-0.278416563101182	2.37573601156701
1e+05	101000	-1.38779671003953	-0.145665958037236	2.31047299699902
101000	102000	-1.41080427453623	-0.230693576276513	2.1721790170955
102000	103000	-1.29711453954431	-0.382084050397952	2.16706086242775
103000	104000	-1.41085378167442	-0.434046958777583	2.27709710073043
104000	105000	-1.36422972009378	-0.614224660269239	2.41374575887357
105000	106000	-1.55115250248905	-0.486693369614309	2.37279945072639
106000	107000	-1.61803468490922	-0.3923908592974	2.28532422207017
107000	108000	-1.58641643000313	-0.429029418059787	2.13943555370981
108000	109000	-1.57652917855908	-0.543561939090475	2.16016551575822
109000	110000	-1.61083302506946	-0.67393523944229	2.26267189444164
110000	111000	-1.75844208017584	-0.612658464529281	2.28909931925478
111000	112000	-1.81640887511744	-0.498732606824728	2.20107446828212
112000	113000	-1.75153839710208	-0.519482146635896	2.06573753910659
113000	114000	-1.66740384648931	-0.612465877850979	1.97517810994342
114000	115000	-1.75665158251002	-0.738188764924741	1.86367174915153
115000	116000	-1.97194333132019	-0.70403644454222	1.92527831224614
116000	117000	-1.95949540355366	-0.596823505893711	2.07645456546353
117000	118000	-2.11705398049994	-0.647530600111073	2.18463092602766
118000	119000	-2.4144553755851	-0.768772625727173	2.34388590659068
119000	120000	-2.95203090749554	-1.16094264787278	2.65355938523885
120000	121000	-2.24999209851613	-0.922553941759113	2.25623606276612
121000	122000	-2.0725993105366	-0.888008740298191	2.13717502416725
122000	123000	-1.89443171732399	-0.950209231936146	2.11269356644801
123000	124000	-1.97583973058566	-1.11704249619729	2.23057655319775
124000	125000	-2.25582174434401	-1.74130423919751	2.59970943711016
125000	126000	-1.98678112206908	-1.32283502781058	2.07029744474804
126000	127000	-1.93993744126746	-1.19776052966237	1.88014874508882
127000	128000	-2.07145559890917	-1.29677551108795	1.81604999516887
128000	129000	-2.62864159081947	-1.78542728019965	1.88476492751134
129000	130000	-2.06840670022502	-1.53876190551273	1.64988669980005
130000	131000	-1.88734361771699	-1.48221700049365	1.60192736026899
131000	132000	-1.83545055691478	-1.46020511074641	1.44304462450812
132000	133000	-1.70099318018151	-1.56238362081045	1.44276725427182
133000	134000	-1.75058181892047	-1.63638922681592	1.27167941007633
134000	135000	-1.75586776771342	-1.8123728272951	1.30408698185581
135000	136000	-1.9011678304001	-1.98855266723429	1.31545091043845
136000	137000	-2.32484191442167	-2.52690844004835	1.63415594620639
137000	138000	-2.06450019050732	-2.49657279029903	1.27170526488019
138000	139000	-2.28571073167093	-2.89352350866077	1.24065126610791
139000	140000	-1.75130882990726	-2.41424311267815	0.888095549241617
140000	141000	-1.56324486725982	-2.27597957344618	0.794696817128759
141000	142000	-1.43974484089226	-2.14538400625279	0.781717361628328
142000	143000	-1.46797678842868	-1.95790900296173	0.724979116744349
143000	144000	-1.54621034445454	-1.98113215909804	0.521018271582507
144000	145000	-1.56896021533018	-2.16385213452945	0.452565808418436
145000	146000	-1.3732504013039	-2.1857878118363	0.50389379214475
146000	147000	-1.23803028123749	-2.08293782445794	0.501442857140446
147000	148000	-1.25233322198729	-1.89294702172709	0.440447159650278
148000	149000	-1.25781902985627	-2.01530655995699	0.249022663406989
149000	150000	-1.42634922291949	-2.04156718239355	0.190781309559418
150000	151000	-1.33687480036597	-2.14605048115452	0.113188260399159
151000	152000	-1.3936103369362	-2.24835703707802	0.235207614549863
152000	153000	-1.3498889005424	-2.40464807839592	0.286970703126878
153000	154000	-1.52854213951483	-2.48166670386678	0.338467611475439
154000	155000	-1.58229909750587	-2.44081661613826	0.161044958481416
155000	156000	-1.53381806233099	-2.36074238099175	0.0549140516118027
156000	157000	-1.50098010907265	-2.3218382896732	-0.0930155709204938
157000	158000	-1.34569450545402	-2.38579863885597	-0.0531729349768556
158000	159000	-1.3466249845878	-2.52007557753326	0.023545870755155
159000	160000	-1.48209575584415	-2.55677136823866	-0.0546295481044227
160000	161000	-1.56551111619661	-2.56904072370859	-0.16665332207809
161000	162000	-1.70520904592184	-2.69935414385257	-0.118384217330126
162000	163000	-1.64559083472891	-2.82953055452841	0.0261054907547269
163000	164000	-1.47271893443504	-2.79774234763901	0.0650674527310441
164000	165000	-1.36217005954965	-2.75231547605665	0.0438438955438688
165000	166000	-1.28290393332168	-2.71394756785226	-0.0643433373825398
166000	167000	-1.37423977009986	-2.73914427433596	-0.150364095604471
167000	168000	-1.51226234388497	-2.90645117528663	-0.231334989404224
168000	169000	-1.32586742265284	-2.86701048145254	-0.133609607248665
169000	170000	-1.22826544743897	-2.87781326497717	-0.0509510237807317
170000	171000	-1.26835200627579	-3.00488584793043	-0.0725729151475712
171000	172000	-1.35316395257622	-3.12164103815185	-0.190364044704957
172000	173000	-1.27454365794357	-2.96686477246917	-0.252239068942834
173000	174000	-1.16224994456836	-2.99742355623652	-0.202480066991958
174000	175000	-1.05729706999342	-3.00445898362035	-0.190196471575913
175000	176000	-1.11159593722499	-2.85715074123506	-0.203473629755512
176000	177000	-1.20870776620709	-2.82082298438431	-0.301327058399742
177000	178000	-1.21084832354128	-2.90761582244517	-0.419991626687645
178000	179000	-1.11011722662859	-3.02020153475799	-0.523036302421541
179000	180000	-1.04169983801108	-2.87840213187485	-0.4125135638481
180000	181000	-1.03938783189707	-2.77610614832388	-0.316477870814962
181000	182000	-0.955369763859784	-2.72371215404376	-0.379068544945143
182000	183000	-1.06900240041791	-2.62542554846009	-0.305787582525755
183000	184000	-1.05874619134276	-2.64807670731198	-0.472383915647577
184000	185000	-1.19837245215738	-2.6250668222064	-0.353519690416947
185000	186000	-1.22653784838007	-2.68411452568757	-0.534011967103168
186000	187000	-1.36050500073783	-2.57666475247238	-0.446962293025238
187000	188000	-1.24187876637042	-2.47986198343064	-0.496653715576384
188000	189000	-1.24684816518658	-2.3275482614521	-0.387641817659377
189000	190000	-1.08479765405793	-2.4248506713924	-0.249176097841441
190000	191000	-0.99599655865944	-2.49480969480146	-0.148653038199239
191000	192000	-0.968240454101487	-2.66774424820393	-0.0752890585195438
192000	193000	-0.983368823053319	-2.9171825734571	0.0561977670466321
193000	194000	-1.12480792731621	-2.99391267283257	0.219323858128076
194000	195000	-1.13190821749348	-2.76037798330553	0.198418804790769
195000	196000	-1.11142003529002	-2.58949695436865	0.125231637641812
196000	197000	-0.983590953358169	-2.52616386560558	0.0765111598478459
197000	198000	-1.0503448379255	-2.37797395994535	0.112867500738933
198000	199000	-0.905346448207618	-2.35169193319989	0.167608948033945
199000	2e+05	-0.92018455883168	-2.30685704397565	0.331777207013777
2e+05	201000	-0.86595105724981	-2.46084935118315	0.32221339729255
201000	202000	-0.922001689307299	-2.44400289744862	0.4741548478055
202000	203000	-1.03435963682597	-2.56223686847807	0.403781777756305
203000	204000	-0.892425423168022	-2.61826658450094	0.503727780295585
204000	205000	-0.967086104977359	-2.71936276470801	0.388342797485297
205000	206000	-0.92389222731469	-2.84282901565767	0.516850270634593
206000	207000	-0.921118013264361	-3.03524328842082	0.520773860737501
207000	208000	-0.779226252397133	-3.78597259304832	0.902568987792752
208000	209000	-0.744102241878945	-3.09991263864161	0.438028169983286
209000	210000	-0.76199234794542	-2.9474722937819	0.364509014120848
210000	211000	-0.689304263281187	-2.7964619340573	0.399724083966505
211000	212000	-0.716921357514258	-2.72900819985092	0.277184288043929
212000	213000	-0.633735788634259	-2.61321052645411	0.35986152291476
213000	214000	-0.581334302244421	-2.56311693618617	0.216724759416834
214000	215000	-0.476404743161769	-2.65894698106758	0.312815473704928
215000	216000	-0.453553981828444	-2.8015428532055	0.267487384276086
216000	217000	-0.536976602679132	-2.82084096853526	0.134492049472431
217000	218000	-0.496436911616177	-2.71067993939406	0.067569160332794
218000	219000	-0.682047693670508	-2.64140213052172	0.0526033918014561
219000	220000	-0.721210997985955	-2.78496740860008	0.068721065040338
220000	221000	-0.679087827785936	-2.91197581331929	0.0654927752341943
221000	222000	-0.590377926119105	-3.13184386488971	0.00539880861164226
222000	223000	-0.604206300527805	-2.93657463982108	-0.0795635491939847
223000	224000	-0.706672759832285	-2.82455309776335	-0.122322310249098
224000	225000	-0.600958782659011	-2.71807956719419	-0.134949902699952
225000	226000	-0.616672596704798	-2.82033239918804	-0.282370521296674
226000	227000	-0.397630705386436	-2.85059005868808	-0.221142122629027
227000	228000	-0.511752352966337	-2.85985135482752	-0.422704666918432
228000	229000	-0.472807624511375	-2.67277944107933	-0.40706588373432
229000	230000	-0.573163691644862	-2.53476102296628	-0.29869448088493
230000	231000	-0.394430332499201	-2.5205350530344	-0.251654351817151
231000	232000	-0.171274857557893	-2.54903873256251	-0.180107745741268
232000	233000	-0.333340822144974	-2.41588720790135	-0.0449900072014577
233000	234000	-0.44673014547576	-2.31934754974988	-0.111394578151667
234000	235000	-0.330435928923514	-2.19464313341619	-0.266922832407541
235000	236000	-0.57789839722272	-2.26242126047347	-0.259509538814954
236000	237000	-0.687758371510342	-2.29931636009323	-0.109957534263875
237000	238000	-0.568568822459325	-2.18659249597431	0.0230832942479784
238000	239000	-0.642908149461175	-1.97593149472151	0.0323383581319182
239000	240000	-0.641338675323177	-1.99332988194876	-0.192164927028148
240000	241000	-0.830616229565665	-1.89323009476916	-0.256262307015953
241000	242000	-0.727918867823944	-2.04337878090733	-0.391820091556989
242000	243000	-0.881036863025448	-2.15760871743311	-0.322958320112814
243000	244000	-0.773979147975823	-2.21423017675689	-0.481039550819274
244000	245000	-0.961004623511411	-2.10836691308113	-0.534564191241609
245000	246000	-0.935682773777923	-2.01926669240837	-0.743864893478586
246000	247000	-0.917258280355438	-2.23753634845814	-0.765614666383997
247000	248000	-0.752796065718946	-2.24157597520301	-0.748255921930078
248000	249000	-0.630537449924613	-2.34686104954853	-0.812008625375565
249000	250000	-0.553637509977361	-2.1632456376058	-0.829817931997257
250000	251000	-0.50601431789702	-2.23808191825398	-0.998598460939899
251000	252000	-0.521811579736992	-2.05805402953722	-1.08649822298421
252000	253000	-0.456585175027937	-2.17966298071993	-1.21534629185721
253000	254000	-0.455466447889153	-2.02082296237794	-1.36697256363459
254000	255000	-0.299780920730021	-2.11075103328487	-1.40774161311746
255000	256000	-0.248823299536547	-1.93377081225588	-1.45336902233976
256000	257000	-0.130292237607919	-2.0165737617783	-1.57876073549735
257000	258000	-0.136614335480719	-1.84234828541947	-1.67084322259201
258000	259000	0.00853789614754984	-1.92175518348936	-1.74152749281434
259000	260000	0.07527822289876	-1.75163539824158	-1.7597387282568
260000	261000	0.109243268839994	-1.75764993449417	-1.93935252263133
261000	262000	0.0171063032683944	-1.72236405379766	-2.10085976140822
262000	263000	0.102549007083128	-1.84569926018223	-2.2307039972467
263000	264000	0.287355506303517	-1.98642334867182	-2.23588839327638
264000	265000	0.350790485268827	-1.85507091774525	-2.39128774870654
265000	266000	0.450931337794902	-1.72746821156979	-2.2856486892207
266000	267000	0.249701698684358	-1.59426432244686	-2.33086401396616
267000	268000	0.49887013589675	-1.55695796171092	-2.29082724113285
268000	269000	0.490663273334229	-1.54561457448061	-2.4761594368722
269000	270000	0.648207030456447	-1.63935176076069	-2.3815594816671
270000	271000	0.672403604758586	-1.62318945581068	-2.56643060979929
271000	272000	0.65747910304226	-1.83565177145007	-2.55240174211405
272000	273000	0.659910123186432	-1.67999179957074	-2.68490767563416
273000	274000	0.494893657250345	-1.8150782094514	-2.70914745053629
274000	275000	0.514468053748957	-1.72448737421964	-2.83736863672022
275000	276000	0.448199874443962	-1.63364344258619	-2.7036920026255
276000	277000	0.445677301646278	-1.46583512638931	-2.76061174929056
277000	278000	0.26145576218814	-1.49210083719103	-2.71080334953578
278000	279000	0.265351452144456	-1.62638178104584	-2.84424102781499
279000	280000	0.236676741319453	-1.77342206885024	-2.90515675208415
280000	281000	0.326467653677065	-1.89495707588184	-3.08050486936925
281000	282000	0.439291721436026	-1.66702233809004	-3.05192696629936
282000	283000	0.42563706807165	-1.51399072482662	-3.02064107023293
283000	284000	0.32260543817745	-1.37913281125586	-3.0247309296421
284000	285000	0.172777241224833	-1.43463348124741	-2.98075012637137
285000	286000	0.106796419485508	-1.41758549285324	-3.14604708150784
286000	287000	0.0550863944787624	-1.63123161942438	-3.24159826418005
287000	288000	0.221360997964987	-1.45758526115281	-3.29722359799896
288000	289000	0.320928427098553	-1.58031787866209	-3.27229362247617
289000	290000	0.46957336477373	-1.46096273461953	-3.29514379758117
290000	291000	0.450121770482244	-1.63189619319305	-3.471482461225
291000	292000	0.369854118910309	-1.54596954791123	-3.561805825546
292000	293000	-0.0452774467108683	-1.74332574692968	-4.30994687744803
293000	294000	0.243688938111285	-1.40764352054223	-3.69922436192586
294000	295000	0.354713898975637	-1.26672031045082	-3.47655431930964
295000	296000	0.431659077510282	-1.22091165678232	-3.3090620358404
296000	297000	0.449481788886982	-1.09323915317508	-3.21149688997047
297000	298000	0.239163633786234	-1.09343284355692	-3.17399080786729
298000	299000	0.265551447830135	-0.89182968018376	-3.11195458319915
299000	3e+05	0.356281533068655	-1.05874686338138	-2.98504363225665
3e+05	301000	0.495440226381406	-1.08918385609843	-2.91220416965141
301000	302000	0.346095035422641	-1.13946813179994	-2.79983961356317
302000	303000	0.224501315073168	-1.06337422938428	-2.72851595626249
303000	304000	0.197522523700573	-0.849985071189206	-2.70047565847022
304000	305000	0.435424661043685	-0.908568658970295	-2.71844146169636
305000	306000	0.515198848904357	-1.04161039533679	-2.652355263646
306000	307000	0.48250642559978	-1.14192532188968	-2.5136963457573
307000	308000	0.52581325872237	-1.03214177515829	-2.34980152175576
308000	309000	0.63185069696193	-0.964869757381871	-2.47992932017107
309000	310000	0.736752296996152	-0.84298002095373	-2.60743819849641
310000	311000	0.766035962110128	-1.07971331750286	-2.63390595731475
311000	312000	0.846278184280307	-1.09318070251094	-2.48087178956759
312000	313000	0.868198329516824	-1.24305421255265	-2.30278618838379
313000	314000	1.00465988708286	-1.22695062045229	-2.49094939117249
314000	315000	0.875220053383544	-1.3678163088439	-2.548867768719
315000	316000	0.89259354270191	-1.21512100531079	-2.71517515425771
316000	317000	0.769599691358462	-1.33404675766673	-2.7612898341647
317000	318000	0.821905369550611	-1.19310638128089	-2.90859023317366
318000	319000	0.703258239729361	-1.3293400509038	-2.98474277097179
319000	320000	0.810799388156772	-1.2343456953401	-3.13278470009561
320000	321000	0.745600297279585	-1.43846186081172	-3.0938581241131
321000	322000	0.878113912469887	-1.4254463086458	-3.19185246187966
322000	323000	0.778379030736902	-1.59896096073341	-3.33506376452901
323000	324000	0.948479440212787	-1.64450539547456	-3.33240957859854
324000	325000	0.938601428879189	-1.79139964071182	-3.31981535750574
325000	326000	1.26781502748195	-2.48319618101734	-3.80976069575459
326000	327000	1.04170293818522	-1.86305272070025	-3.20601914712025
327000	328000	1.00774238989445	-1.65808170028537	-3.15991318264243
328000	329000	0.891434647483744	-1.67113129087567	-3.10732122671318
329000	330000	0.876480866016864	-1.73771275396416	-2.9677777760504
330000	331000	1.02206909109836	-1.6924358768316	-2.99578775533263
331000	332000	0.94863006763748	-1.55093743622226	-2.99620983029573
332000	333000	1.06035133698001	-1.5221469844402	-2.98581875719029
333000	334000	0.993749993877532	-1.55577982509374	-2.8733872104748
334000	335000	1.09688790400365	-1.6260845408514	-2.78087896369833
335000	336000	1.14993296434704	-1.75418102880561	-2.8122933229761
336000	337000	1.22916450373133	-1.76930124550903	-2.94289477934519
337000	338000	1.29376103236468	-1.65799576309466	-3.06749543222534
338000	339000	1.25778431866038	-1.54029730722775	-2.93271445680729
339000	340000	1.40840171986429	-1.61982637820894	-2.81034107946526
340000	341000	1.3103310868397	-1.49889100101153	-2.68956201894546
341000	342000	1.20224338297139	-1.39278298192689	-2.76193185327492
342000	343000	1.20681043499191	-1.33675084428986	-2.88143693477754
343000	344000	1.34099814043229	-1.32300829263544	-2.83300541955359
344000	345000	1.49531720227162	-1.35228961412591	-2.94843478632347
345000	346000	1.43207637858581	-1.43323896736855	-3.1118199874323
346000	347000	1.25899873052881	-1.37175080815666	-3.11682244263116
347000	348000	1.31490081256529	-1.24479502862597	-3.03356317014003
348000	349000	1.38666135551227	-1.1129864003123	-2.948135701261
349000	350000	1.19722637036144	-1.09093074227587	-2.94848857991777
350000	351000	1.0909414772766	-1.18093019294697	-3.06762991910521
351000	352000	1.16015816198071	-1.10705400868945	-3.15537109392834
352000	353000	1.33552040301056	-1.08819273662726	-3.22622945284141
353000	354000	1.20691415020193	-1.12839558014796	-3.32635610231405
354000	355000	1.10817633080766	-1.24654763990952	-3.30451870865104
355000	356000	1.22073228057518	-1.32867365379077	-3.35545364203208
356000	357000	1.35278315717052	-1.3206225211327	-3.41108292343135
357000	358000	1.92465966445864	-1.44979698656284	-4.09391630684593
358000	359000	1.28635126616834	-1.36762079137914	-3.58365390759148
359000	360000	1.12457458861894	-1.42105248630565	-3.61753568868995
360000	361000	1.35431682286854	-1.71797689211591	-4.49604062942619
361000	362000	1.15732163476037	-1.38052249775979	-4.16420445099109
362000	363000	1.17648007732052	-1.1926229496791	-4.63860375553031
363000	364000	1.0183924694495	-1.15786564625966	-3.73014988971162
364000	365000	0.954437446409053	-1.11953971760686	-3.49570174799166
365000	366000	0.870843475649876	-0.986959572721794	-3.43745504437904
366000	367000	0.950987234392936	-0.853943333012437	-3.33889434852302
367000	368000	1.00377223799682	-0.800698833107899	-3.56492006330859
368000	369000	1.2343188447866	-0.409158564201929	-4.2607277238085
369000	370000	1.12335620140899	-0.569812505316616	-3.54950457455751
370000	371000	1.06576003668616	-0.630839953655852	-3.24370257812503
371000	372000	1.04362838570717	-0.702122955674325	-3.08895896170723
372000	373000	0.990276695580702	-0.575935073153831	-2.97324680360955
373000	374000	1.15929729734269	-0.499962892393907	-2.94870275009972
374000	375000	1.06146710871147	-0.321301093869655	-2.96203280639933
375000	376000	1.1568322748417	-0.299987844492098	-2.78339560163492
376000	377000	1.07752096192494	-0.146151843098692	-2.76468599209606
377000	378000	1.22987156360554	-0.0557813255040142	-2.71600721607015
378000	379000	1.09524511090469	0.068688554773729	-2.66231788275365
379000	380000	1.22839031792223	0.139895210647606	-2.56743106287494
380000	381000	1.13411454612362	0.271676352507899	-2.59922075333041
381000	382000	1.30505548284908	0.327146224005085	-2.57816400627609
382000	383000	1.17074632789029	0.437897319171105	-2.51625635094528
383000	384000	1.25218587447965	0.461486870837211	-2.38863606611275
384000	385000	1.16519377647742	0.572046136831283	-2.38528777289545
385000	386000	1.30100990299052	0.650450081150225	-2.36140806953543
386000	387000	1.19589571709673	0.747156779784681	-2.31185722043179
387000	388000	1.3547571672962	0.790169805893366	-2.29566867551416
388000	389000	1.27810305749736	0.871528375110463	-2.16188956483517
389000	390000	1.34398055231847	1.00052396371617	-2.20222126655865
390000	391000	1.22398077542849	1.03774450321347	-2.20001922662631
391000	392000	1.20621916676316	1.21720363756756	-2.29512628499128
392000	393000	1.24520987498708	1.20210849822134	-2.09004562154167
393000	394000	1.39760159533537	1.18190166233179	-2.04583885996355
394000	395000	1.4858883495672	1.21588566600663	-2.16648528132675
395000	396000	1.50307551300783	1.32457429498168	-2.27625475847248
396000	397000	1.56245312476848	1.46608252255668	-2.47701550921015
397000	398000	1.86365936089397	1.82000456987877	-3.13970817936942
398000	399000	1.62605180562652	1.65867975995351	-2.37240050908477
399000	4e+05	1.61982097130612	1.57650692136111	-2.21588291241781
4e+05	401000	1.42813142788162	1.58120847542815	-2.17111686694932
401000	402000	1.29540914389384	1.71830852349402	-2.29918196000599
402000	403000	1.32901843451126	1.68975668993579	-2.06383309288861
403000	404000	1.38965123002165	1.65743133457284	-1.93993509574958
404000	405000	1.53902012121521	1.69887818198185	-1.92870963947198
405000	406000	1.52909439635036	1.83336928905199	-1.95349166309892
406000	407000	1.54396740473571	1.90759696282733	-2.08710148838942
407000	408000	1.40865927568288	2.07486519885448	-2.16521670448305
408000	409000	1.44724549622599	2.02816852935734	-1.93731251602576
409000	410000	1.56546928366389	1.96831657177295	-1.82846595600413
410000	411000	1.60705974260269	2.15293307897207	-1.86830018775534
411000	412000	1.70126705628967	2.25670424556869	-2.04167212446351
412000	413000	1.78227699981596	2.09417642905211	-1.84876937813194
413000	414000	1.82099622189468	2.02442882731912	-2.01061625632879
414000	415000	2.04957405042333	2.07713237059274	-1.91720630607571
415000	416000	1.91781039873011	1.85219422235546	-1.97668082942724
416000	417000	1.88570413419278	1.88382240223148	-1.82651159069063
417000	418000	1.83704423860046	1.78799560488708	-1.70308775743874
418000	419000	1.94974836545472	1.85716433437744	-1.62124742765747
419000	420000	2.15415988395348	1.78482834269662	-1.50872800404377
420000	421000	2.09074350782242	1.72670902282389	-1.7317778801149
421000	422000	2.0286598931711	1.56964589887058	-1.71095435773369
422000	423000	2.02477076163944	1.58463119918763	-1.90948960164162
423000	424000	1.95560784648502	1.41826784320102	-1.86020033107516
424000	425000	1.80741769637698	1.468771025222	-1.92270811137676
425000	426000	1.82794843028243	1.50109619087736	-1.73493006993855
426000	427000	1.65936211293333	1.51429186993873	-1.78388935334139
427000	428000	1.71776152022658	1.43809969097663	-1.60425750301478
428000	429000	1.60796573813406	1.33454714013859	-1.72111421822443
429000	430000	1.66827879068216	1.20306941796977	-1.62877372752364
430000	431000	1.83780989508273	1.09746515362507	-1.76364307950008
431000	432000	1.84537543483052	1.18609055222938	-1.59402816302016
432000	433000	2.01708043080546	1.25212205898256	-1.57096901606944
433000	434000	1.90364212819978	1.39468804154608	-1.44392682294315
434000	435000	1.753404589395	1.31888725561579	-1.42785472944446
435000	436000	1.85074553049228	1.30685778776136	-1.21774900832116
436000	437000	1.62054468052546	1.3270160300488	-1.38242855254273
437000	438000	1.63182439686398	1.45131153863869	-1.23663000916221
438000	439000	1.51056378165331	1.49094782691198	-1.35435110725747
439000	440000	1.53363720620696	1.59093186527086	-1.21040688688895
440000	441000	1.57511627182446	1.65155801928394	-1.4084274672883
441000	442000	1.65907633274255	1.70877014310834	-1.27963234893656
442000	443000	1.80995448072563	1.80126755749014	-1.35637446771777
443000	444000	1.58936922204005	1.8502419331282	-1.42851436287898
444000	445000	1.5747475113377	1.96377557433038	-1.54617623909521
445000	446000	1.74783248231981	2.29848853509472	-1.57538012807086
446000	447000	2.29472628199189	2.92817956995657	-1.7020995930387
447000	448000	1.71884042071157	2.10039262399224	-1.54086186566543
448000	449000	1.4230459972378	1.75146139356829	-1.62078988985417
449000	450000	1.32673181627474	1.63877613512822	-1.65671298561902
450000	451000	1.25103812396706	1.49976142382369	-1.65822476827921
451000	452000	1.22847663964705	1.51224513200202	-1.49336231779019
452000	453000	1.22775164582199	1.32763060219457	-1.45793712366395
453000	454000	1.12136705204842	1.39443704879501	-1.3116657559665
454000	455000	1.05408266003379	1.29061150350111	-1.47133589835291
455000	456000	0.975126746926883	1.43514508292861	-1.4458753122239
456000	457000	0.946763365093273	1.37756754559925	-1.6424095461857
457000	458000	0.990387465795429	1.54290540909556	-1.59921748997146
458000	459000	0.961888060781866	1.53594597943049	-1.80739855977328
459000	460000	0.963312802911192	1.70267323275869	-1.7136819274543
460000	461000	0.810277450445437	1.69738279995639	-1.7359115399103
461000	462000	0.655572299212795	1.82479004892239	-1.63732613162316
462000	463000	0.759591089019031	1.64997549263521	-1.51354180431172
463000	464000	0.881770059796767	1.78087402121549	-1.41391821629648
464000	465000	0.91174357126304	1.65628749277737	-1.2942149686004
465000	466000	0.97287119131477	1.81406870139536	-1.23431416798939
466000	467000	1.13732309811579	1.74113178757999	-1.26482380505542
467000	468000	1.11506000674874	1.76887856615741	-1.38690400695905
468000	469000	1.24691973122298	1.87156114152743	-1.38807334300238
469000	470000	1.12124635317087	1.8888008609812	-1.48992466782065
470000	471000	1.06963577253054	1.99827955390127	-1.40004421247635
471000	472000	0.947874883519448	2.00990452041552	-1.54045494259256
472000	473000	1.05322146815003	2.06782636668188	-1.64293921598034
473000	474000	1.15595301327774	1.99454643201391	-1.70429002675641
474000	475000	1.23921475117622	2.0580912425377	-1.62104575618698
475000	476000	1.29439893995054	2.07214911200347	-1.4960745532173
476000	477000	1.3476218821888	2.20477474947791	-1.53627838351684
477000	478000	1.34266834618817	2.37853091110214	-1.70904733064717
478000	479000	1.25015999353742	2.33427802034922	-1.57266017918089
479000	480000	1.13720708292707	2.22067390957085	-1.6380026260464
480000	481000	1.11407297489973	2.31142148267857	-1.49814079627926
481000	482000	0.94571716013442	2.32130323051514	-1.51173533308512
482000	483000	1.04639257934897	2.30086859800889	-1.3427056178746
483000	484000	1.11939341147693	2.18891131427254	-1.26399494064346
484000	485000	1.24790827898625	2.28257734157583	-1.34789772660583
485000	486000	1.23379240344826	2.39385231120716	-1.2667701481533
486000	487000	1.4182699641366	2.4874364307533	-1.31874185252309
487000	488000	1.39085908169656	2.32929483101242	-1.17284201718808
488000	489000	1.43273341984356	2.18544398801209	-1.2269230597552
489000	490000	1.2836100894374	2.1740923428693	-1.10471927581429
490000	491000	1.27952217758617	2.02232961131127	-1.1298465031192
491000	492000	1.38829133843496	1.993820723353	-1.04234183245012
492000	493000	1.53162889653369	2.00532852637945	-1.09101339319262
493000	494000	1.63971204265485	2.12506168498928	-1.04270050098086
494000	495000	1.73720401449023	2.30311011196981	-1.00437067482055
495000	496000	2.19042843039384	2.81625615352014	-0.690351509535949
496000	497000	1.69721966565306	2.2455639179901	-0.785979039010071
497000	498000	1.51846021160278	1.98709668916316	-0.814843864454695
498000	499000	1.38032283888032	1.88386530154137	-0.798647939240774
499000	5e+05	1.30712875477368	1.73762462308195	-0.772052010965786
5e+05	501000	1.14480900739592	1.84178899760565	-0.730216133217021
501000	502000	1.0412411812109	1.69802390478659	-0.651852251477338
502000	503000	0.968433002352883	1.86942377632109	-0.49369872217409
503000	504000	1.06928670968607	1.68041454869012	-0.37150030584884
504000	505000	1.15810084449027	1.85720348675574	-0.30125776251269
505000	506000	1.19466664236019	1.72750724201444	-0.147344368332089
506000	507000	1.07668928350148	1.88808527557403	-0.0577966029066411
507000	508000	1.01135674972442	1.7607705299069	0.0718089505652255
508000	509000	0.945478405328816	1.89549551102888	0.215821050570254
509000	510000	0.956884988875477	1.8043485760682	0.405837047178651
510000	511000	0.885375137068992	1.92012058392421	0.548183773908482
511000	512000	0.900635368535261	1.841722337425	0.727131845315419
512000	513000	0.859160882292769	2.01838983818751	0.865636122217951
513000	514000	0.844677021779619	1.88004977151328	1.03885291285565
514000	515000	0.700487882393967	2.03447292931388	1.11745199151202
515000	516000	0.673067316322008	1.88766273809367	1.26247519951172
516000	517000	0.712632894778393	2.08054547244336	1.38492788131803
517000	518000	0.838510565942609	1.96721097439016	1.49707121006614
518000	519000	0.988227336334445	2.14778277569397	1.43206686571325
519000	520000	1.07812991190581	2.02942268736364	1.62900764131521
520000	521000	1.05507840480252	2.23756036335774	1.68786760406314
521000	522000	1.14113973104919	2.27869281879671	1.84038391420058
522000	523000	1.26814123338768	2.48277168733548	1.85078548633363
523000	524000	1.8519696651595	3.00400142662768	1.90970191974967
524000	525000	1.25735121191153	2.49564296690078	2.09403198074257
525000	526000	1.11589568549764	2.34260211895822	2.10321324463835
526000	527000	1.20780387006377	2.21077749137498	2.2065045896259
527000	528000	1.42070109808144	2.28289474446969	2.29830517714065
528000	529000	2.11631701009316	2.45452128384401	2.63869884801
529000	530000	1.31940644742734	2.27895896726702	2.49326687568007
530000	531000	1.15141859090778	2.16758404847774	2.43654646484674
531000	532000	1.08471848868432	2.16052010017981	2.59588783757592
532000	533000	1.14106550228546	2.21014482877866	2.75075450483814
533000	534000	1.64830289550688	2.42162315990164	3.44105665166757
534000	535000	1.04280093052805	2.3870855719188	2.73489526977091
535000	536000	1.04604701626147	2.40611523245801	2.60761054043062
536000	537000	1.1430503973898	2.56635090905334	2.71421620166847
537000	538000	1.57328891073547	3.15432281885172	3.1357792071735
538000	539000	1.01149502720572	2.65244016356888	2.65048815968827
539000	540000	0.967112912173207	2.5376698303207	2.55316255753475
540000	541000	1.01875700175908	2.66700068045094	2.44096098057084
541000	542000	0.921019280933459	2.50937324275865	2.39656282500393
542000	543000	0.881090176141496	2.40761581381989	2.47718673202461
543000	544000	0.839051002557418	2.40035716273598	2.62152268066705
544000	545000	0.780665198451355	2.48539669257711	2.73818181909921
545000	546000	0.746400745085225	2.51740185657322	2.60831918959149
546000	547000	0.699638680828445	2.48939376397044	2.48390818285959
547000	548000	0.669130972344431	2.63085959947264	2.45133028678021
548000	549000	0.665448357685311	2.6412224200131	2.5952743229382
549000	550000	0.690237319613349	2.74359350979075	2.72226109851511
550000	551000	0.64222319617267	3.39682219767152	3.29419085460955
551000	552000	0.510678862530977	2.68034107754534	2.68947851101643
552000	553000	0.424235793603494	2.7861788548804	2.59128889119957
553000	554000	0.426490144870263	2.60983242376304	2.49868154626235
554000	555000	0.451145842877944	2.49949547571154	2.5044380508399
555000	556000	0.497819585302456	2.4241910942598	2.59066873994384
556000	557000	0.496971816477889	2.37280771947998	2.73193955369455
557000	558000	0.360382196131706	2.43588172659192	2.68850602274227
558000	559000	0.302424327253467	2.55114531838049	2.68740833150618
559000	560000	0.26214018377083	2.6300853399708	2.83529583592767
560000	561000	-0.0277114749684108	3.00906422323498	3.50805059921806
561000	562000	0.232027177359477	2.44534893931764	2.86980289990718
562000	563000	0.237557657013523	2.30924774669831	2.74650929566141
563000	564000	0.178331486172482	2.30188250995637	2.5975799581655
564000	565000	0.134715300307902	2.44281153143607	2.52138181288028
565000	566000	0.261396704604665	2.44125377207068	2.37893275238817
566000	567000	0.356758968094733	2.29305559029228	2.41749816541715
567000	568000	0.375160759680699	2.12513585880201	2.48268743679622
568000	569000	0.479428845081249	2.14356065128246	2.34843681018247
569000	570000	0.54353515199171	2.28990092511515	2.29225686861836
570000	571000	0.712002313985114	2.24297571392939	2.30060092005371
571000	572000	0.715089967950937	2.13278105499521	2.41665148942009
572000	573000	0.673548959285724	2.0869778982913	2.53316562904388
573000	574000	0.667335093171787	2.06869481389043	2.68848498058553
574000	575000	0.715622084656591	2.05004005032635	2.88850107643268
575000	576000	0.877922197736693	2.09146504228806	3.79246569799037
576000	577000	0.594352373100309	2.03023783452847	3.12150231932106
577000	578000	0.506385291284207	1.98691200242536	2.82819577198715
578000	579000	0.461021503310535	1.95222319747302	2.65055620134351
579000	580000	0.501779632528934	1.77149780112762	2.65062184341006
580000	581000	0.648071080744392	1.68681625060805	2.79199526964859
581000	582000	0.804377655188437	1.61076308530914	2.67525186990059
582000	583000	0.917760693339	1.78100425400444	2.5898667319428
583000	584000	0.810711210816907	1.70618430662301	2.41338095504588
584000	585000	0.685398033312703	1.86313137903699	2.42912173145051
585000	586000	0.601640583651078	1.70507464005331	2.3374372109247
586000	587000	0.544908264665839	1.85829783432438	2.33605089725719
587000	588000	0.628225240866947	1.90558263555393	2.22886452092254
588000	589000	0.788960484830704	1.96092024273582	2.23831399037904
589000	590000	0.903452134962125	1.85506270238242	2.20696214398908
590000	591000	0.862560545982256	1.6779770419398	2.1034984001184
591000	592000	0.751480548379106	1.84055225039914	2.07826556874951
592000	593000	0.609893455633034	1.84180323531277	1.9677178832703
593000	594000	0.749058599176504	1.96619145471864	1.95001217875364
594000	595000	0.617164854983486	2.04494561105609	2.019494065622
595000	596000	0.779299294781115	2.14699589833355	2.03916530482188
596000	597000	0.655024357981152	2.23678834741983	2.03446800113714
597000	598000	0.686345337138105	2.36482487599383	2.0125070197123
598000	599000	0.650579097706654	2.53770521694027	2.00403707202239
599000	6e+05	0.650107335926954	3.47002056586354	1.82135416553433
6e+05	601000	0.4760178299978	2.68572921179556	1.9689526037536
601000	602000	0.460866620659653	2.50770532500097	1.99073372919917
602000	603000	0.495329019602056	2.37171361580532	1.90515473773591
603000	604000	0.487237900306772	2.24063122442236	1.88987681558166
604000	605000	0.402583769067449	2.29478289249156	2.03818903964723
605000	606000	0.284967409450821	2.39048378658962	2.02025919236836
606000	607000	0.268341887649259	2.29307566755778	1.89084031745002
607000	608000	0.289364847880848	2.14216532590452	1.90638808658285
608000	609000	0.31321353441202	2.06835297052031	2.00779740674866
609000	610000	0.259018095692786	2.06634097266853	2.14773487881525
610000	611000	0.165629901300021	2.16058525214205	2.11033233812512
611000	612000	0.020738713049883	2.23674240176083	2.02504379723595
612000	613000	-0.103522145277622	2.22846152848145	2.15930962100669
613000	614000	0.0163572945862985	2.05081726604856	2.19419004430044
614000	615000	-0.00891316077111037	1.96333939948837	2.08998341155515
615000	616000	-0.0356876457186467	1.93846088438315	1.870313200012
616000	617000	0.127222413275061	1.82349355117711	2.01798852066969
617000	618000	0.215594838995584	1.76684043937104	2.13420941381363
618000	619000	0.0557579170863005	1.67602432366633	2.14772789434504
619000	620000	0.140457577627288	1.64528511607397	2.29281842506303
620000	621000	-0.00153855625923373	1.79993989432894	2.28251919539948
621000	622000	0.07358730210622	1.79612683509531	2.45284300072436
622000	623000	-0.159029304070024	1.84634779592809	2.47565129596461
623000	624000	-0.0729953356999894	1.62578685775709	2.49199895958402
624000	625000	-0.236197080046251	1.66816974113582	2.40137722726399
625000	626000	-0.357083874921132	1.5737030030091	2.61305089535359
