0	1000	-1.02736104408349	-2.10068572921026	-0.0447180359600687
1000	2000	-0.980553339779588	-2.22668413624231	-0.295808790432016
2000	3000	-1.25791011146165	-2.26409928690564	-0.560250833693983
3000	4000	-1.12923743964977	-2.03058638375065	-0.328508438467144
4000	5000	-0.896926027912791	-1.95821269994383	-0.388882471189859
5000	6000	-1.14478574878301	-1.89789677449258	-0.711387365568847
6000	7000	-1.08144991805905	-1.7472275928854	-0.421623897930045
7000	8000	-1.28349737890586	-1.74708355342581	-0.269427445932346
8000	9000	-0.968891080741116	-1.57700587600699	-0.223834644074418
9000	10000	-1.15992727964166	-1.64592013860491	-0.00359918624226695
10000	11000	-1.24460223597208	-1.41223679435561	-0.199824924857076
11000	12000	-1.65173741607682	-1.57043291791999	-0.195745776309843
12000	13000	-1.45766182806287	-1.30542709743291	-0.397984272641642
13000	14000	-1.52887737698147	-1.11638890658166	-0.163922190124884
14000	15000	-1.67251528274417	-0.983969744323758	-0.403316548526488
15000	16000	-1.71163407800365	-0.783995350107264	-0.165209802553537
16000	17000	-1.90404655485592	-0.638555477446814	-0.428901613388128
17000	18000	-1.71549987053057	-0.376738927668092	-0.244641180942746
18000	19000	-1.87940304285527	-0.27777199121601	-0.522089376817379
19000	20000	-1.95168148367827	0.0187560044941169	-0.365504191793235
20000	21000	-2.09809024195194	-0.190958241950049	-0.180000903819752
21000	22000	-2.155465722929	-0.481119928858745	-0.110030773396127
22000	23000	-2.355887012516	-0.368271483471783	-0.340980094593625
23000	24000	-2.28816386756281	-0.241104565335271	-0.616083174586258
24000	25000	-2.33017484914044	-0.559709029682543	-0.75453006732404
25000	26000	-2.42526592728427	-0.761556973421558	-0.487701187247298
26000	27000	-2.46352050036219	-0.629217537992396	-0.148752121933604
27000	28000	-2.72101735357529	-0.836276023306363	-0.21568676475937
28000	29000	-3.94376444877687	-1.68546879508499	-0.36539733441275
29000	30000	-3.0661679259561	-0.944167663236978	0.264596204675954
30000	31000	-2.68459445206992	-0.50116952476679	0.420227056400687
31000	32000	-2.36992333420171	-0.350896561794557	0.540950903771949
32000	33000	-2.07467184905148	-0.248153587971193	0.760622737106805
33000	34000	-2.2860886561286	-0.233880188335938	1.01421671485412
34000	35000	-2.52531867255016	-0.294463205043836	0.822022808287672
35000	36000	-2.79906886907662	-0.481183866631298	0.874321899773094
36000	37000	-2.7603119942892	-0.82952580403647	1.10528167955122
37000	38000	-2.424252217779	-0.641509250434448	0.910062971642198
38000	39000	-2.09140581152904	-0.807069829600078	0.996870396277981
39000	40000	-2.28839394138144	-0.734103863822301	0.639376901312824
40000	41000	-2.59993368480316	-0.840148589379511	0.644703065641502
41000	42000	-3.69862163435216	-1.85648398952937	0.832707619272357
42000	43000	-2.57145865543733	-0.99074880922742	0.327867387717065
43000	44000	-2.29859443534384	-0.79198927132085	0.269077307288116
44000	45000	-1.99573554717588	-0.977736325816789	0.234203623708218
45000	46000	-2.19548056808085	-1.07934850221053	0.423952476296946
46000	47000	-2.57792715010071	-1.8340561568635	1.38003066635572
47000	48000	-1.97872312781733	-0.559432897733968	0.346391173838942
48000	49000	-1.8751145836561	-0.19366023808279	0.314564439006224
49000	50000	-2.22773731960441	-0.0511096901702225	0.261982788201883
50000	51000	-2.5108897929004	0.0143278919042748	0.305931672153292
51000	52000	-2.83420460298207	0.216620626437192	0.134039221383829
52000	53000	-3.09911068066123	0.321684504462021	0.154077478941014
53000	54000	-3.37133552491048	0.37026190062632	0.0318830342491315
54000	55000	-3.08918597709319	0.434428044706432	-0.104571211691253
55000	56000	-3.27640657685176	0.56243277525136	-0.222552002263151
56000	57000	-3.15343694547603	0.607733167332409	-0.485680799019715
57000	58000	-3.205528085128	0.395867345571144	-0.379188556527614
58000	59000	-3.05813752734928	0.318018373508804	-0.56213220749498
59000	60000	-3.29184536950234	0.159703846375179	-0.30681217033575
60000	61000	-3.01769214510308	0.138691603443228	-0.280720369544294
61000	62000	-3.12448060075882	-0.0200119729124825	-0.0608382789187066
62000	63000	-3.03113380854418	-0.277561041226068	-0.0485342071124195
63000	64000	-2.9165105920041	-0.218365985490757	-0.309532248483844
64000	65000	-2.75499019517325	0.00123298158365287	-0.462950965748763
65000	66000	-2.69214450340157	-0.0439681436795081	-0.174050363545872
66000	67000	-2.70369935395817	-0.167094106874903	0.089191052465166
67000	68000	-2.89201868247551	-0.0949490491113229	0.322329002099379
68000	69000	-3.19985725176235	-0.0311581410663084	0.567053748858226
69000	70000	-2.79121004582282	0.169937451847864	0.434947975938108
70000	71000	-2.51736419843193	0.283587581706984	0.115977894757791
71000	72000	-2.37831010880246	0.327320915038853	-0.158854066780152
72000	73000	-2.65498845134858	0.434945578633611	-0.130511650509625
73000	74000	-2.54744836682707	0.690722382317221	-0.21144196989788
74000	75000	-2.82033787420958	0.671758799769422	-0.111576497772804
75000	76000	-2.7437760397471	0.807427071595802	0.0533982980965517
76000	77000	-2.80745299704039	0.953443648740429	-0.207942058715818
77000	78000	-2.90102336729263	1.07075854254905	0.0338937067408548
78000	79000	-3.07736629239948	0.884274442478742	-0.00121312520648064
79000	80000	-3.2681264609036	1.22350381408506	-0.0332484401181884
80000	81000	-3.34094873745478	0.909651923617846	0.108847203521213
81000	82000	-3.14584523644566	1.04143827572295	0.257911478278047
82000	83000	-3.09761961937521	0.781074612224773	0.275510695356954
83000	84000	-3.09621732682652	0.582561251850162	0.428831587800813
84000	85000	-3.3345246154132	0.685894669690016	0.467247078418078
85000	86000	-3.23799427234842	0.708092644775739	0.71910401976264
86000	87000	-3.3930708282713	1.03390817753123	0.658048647889652
87000	88000	-2.97518453725491	0.744815288146384	0.687011674144381
88000	89000	-3.01092068693483	0.915869844394783	0.554175011123035
89000	90000	-2.83189363716977	0.944904780322516	0.712060608680094
90000	91000	-3.01609087732705	1.06643359842794	0.751705390046061
91000	92000	-4.1361662192967	2.20557454161267	0.662105344955806
92000	93000	-2.8407278225865	1.16317351844366	0.535786390370554
93000	94000	-2.7244568252264	1.43982158004875	0.418893010908998
94000	95000	-2.63207854599075	0.904040509916072	0.483302367556871
95000	96000	-2.71581885629974	0.659813605805914	0.444533539012426
96000	97000	-2.62744478861375	0.629938183326803	0.721178482658474
97000	98000	-2.82025251282996	0.393578513706791	0.726034037691956
98000	99000	-2.49845358547737	0.33310839854417	0.7508285788582
99000	1e+05	-2.50633508572014	0.472763020505307	0.449696889735271
1e+05	101000	-2.24819186297495	0.492278318926915	0.548617215326485
101000	102000	-2.27328657957175	0.624587757167533	0.243526318768317
102000	103000	-1.99082655345585	0.721906029081333	0.404768062105838
103000	104000	-2.27493176283188	0.902455345406591	0.384948150023655
104000	105000	-2.03874581661493	1.21730259047474	0.439976501877707
105000	106000	-2.34707713469881	1.14747670179013	0.587883164681053
106000	107000	-2.30266754146782	0.901713206266199	0.724417323400957
107000	108000	-2.47394413433452	1.20431544589852	0.871197840308637
108000	109000	-2.39681937348957	0.942653346248741	0.949123735325374
109000	110000	-2.18150984594126	1.1983933445656	0.975272456014658
110000	111000	-2.09400695771717	0.904777392436557	1.03214919278756
111000	112000	-2.04737429806515	0.62338579006972	1.06367288428503
112000	113000	-2.32303576617606	0.526706668215884	1.10723451903491
113000	114000	-2.28471498959553	0.729252212224739	1.33227766927389
114000	115000	-2.3670269638611	0.624348939963583	1.65625180633637
115000	116000	-2.74777362627568	0.661858067723706	1.6207453801136
116000	117000	-2.59993916561071	0.653625526150368	1.22932045130246
117000	118000	-2.8304535703852	0.450720453982697	1.25683165160553
118000	119000	-3.20950212808922	0.578230822391728	1.42195852564959
119000	120000	-4.26826063948529	0.896242259124821	2.18446582897326
120000	121000	-3.04441549537887	0.959076137968573	1.3352952076237
121000	122000	-2.99131312000165	0.763878074714268	1.1438213651956
122000	123000	-2.76230135311614	0.885189360246406	1.10616894857101
123000	124000	-2.79543082045219	1.09717248169096	1.21194586205689
124000	125000	-3.7368814553584	2.15670580434021	1.91782649406139
125000	126000	-2.66988597407052	1.20782893819911	1.45342974109039
126000	127000	-2.47041100834096	1.08694925739511	1.36552360263932
127000	128000	-2.41435950568026	1.09996790922595	1.55390144577991
128000	129000	-3.24211290988768	1.74144505708913	2.74139790827721
129000	130000	-2.35955794967806	1.29288196776397	1.70535698158466
130000	131000	-2.18113462313323	1.19237861456191	1.57115131255338
131000	132000	-2.18974595068946	1.14119214083495	1.95437023447006
132000	133000	-2.05554360329015	1.2432139350874	1.73063426381759
133000	134000	-1.99149023470356	1.52213668934643	1.73154645761727
134000	135000	-1.83948610219548	1.20024757309003	1.72668178196292
135000	136000	-1.7204637530283	1.2464234009443	1.93517769811103
136000	137000	-2.12185247413083	1.51167076143258	3.21758959880603
137000	138000	-1.4405109093844	1.30071133931498	1.96247779708558
138000	139000	-1.7641610645088	2.58915385157092	2.47057875387372
139000	140000	-1.13101618786479	1.45092616954239	1.98465056131337
140000	141000	-1.05863659148403	1.1565027390957	1.92105316926091
141000	142000	-0.714457122302096	1.3211935649676	1.8474903687039
142000	143000	-0.791179634952459	0.850469433945333	1.90990209200403
143000	144000	-0.526685682301455	1.06870016097138	2.04409981558266
144000	145000	-0.777310973145604	0.92355382501035	2.32256916037856
145000	146000	-0.752773721342966	1.26299515567317	2.21641414057024
146000	147000	-0.832861338550851	1.21363826559887	2.4519961723827
147000	148000	-0.886146731334504	1.56853628882598	2.54543118838741
148000	149000	-0.597541636986742	1.32662552008196	2.61309357597033
149000	150000	-0.46961650672649	1.35793207481043	2.40102278242701
150000	151000	-0.41923717672934	1.14555081584476	2.58181989948194
151000	152000	-0.236058016920235	1.21066049369147	2.41072987957067
152000	153000	-0.255186819670367	1.48687636426912	2.54041196037686
153000	154000	-0.0277060330203851	1.46205227125723	2.4058550558507
154000	155000	0.00369775034151576	1.21224417959718	2.54657720175044
155000	156000	-0.154621357456943	1.02729824990376	2.66283066267723
156000	157000	-0.310363910849338	1.10476666279362	2.93047057905737
157000	158000	-0.0367090455624855	1.16444158628047	2.82437794289617
158000	159000	-0.17833627996709	1.33491811561085	2.78814228825216
159000	160000	0.0166863948177496	1.49809523408252	2.76196468066216
160000	161000	-0.228179009868157	1.48405822260297	2.99432457290092
161000	162000	-0.11256582360604	1.80133048888047	2.97604797568633
162000	163000	-0.132357354836684	1.52975467827242	3.33361762712773
163000	164000	0.165083134603924	1.56409149894755	3.04830946756145
164000	165000	0.0612968520989894	1.2943929123289	3.1886927042833
165000	166000	0.278121338852383	1.29865431798967	3.04639139416664
166000	167000	0.291638923622522	1.22004679949725	3.30315647925426
167000	168000	0.318859184513683	1.44792188878956	3.5409261898811
168000	169000	0.426583616170353	1.39515947458401	3.22300830338086
169000	170000	0.558603508298213	1.50803379540673	3.09709486306042
170000	171000	0.688795885167382	1.5240923440571	3.31419626425394
171000	172000	0.800965026702976	1.37189683913049	3.58284584000441
172000	173000	0.65629240212696	1.23969355576933	3.32404465424452
173000	174000	0.655476969876893	1.01412947673139	3.24053829973885
174000	175000	0.604520478316686	1.15257128580657	3.06017489580997
175000	176000	0.763032346689485	1.29591640774922	3.01990112413245
176000	177000	0.939281424129903	1.30922509815804	3.13746825706413
177000	178000	0.931192053867143	1.07232667144244	3.19325896894732
178000	179000	1.25316529390245	1.14335671409586	3.18941394760467
179000	180000	1.05689418588702	0.945461923915531	3.01891856367608
180000	181000	0.914633338686195	0.987771515236993	2.85964540456625
181000	182000	1.03525199336103	0.816809342574617	2.7946746075217
182000	183000	1.17407716126835	0.951960129561391	2.66764842261015
183000	184000	1.17624092457082	1.16853625476851	2.77559588023793
184000	185000	0.913710543073688	1.0476954553805	2.59880069204099
185000	186000	0.85039455508284	1.24869651525374	2.71597276718819
186000	187000	1.02532374406262	1.39366706413024	2.56966854786261
187000	188000	1.04315812054891	1.48691132161626	2.8511561553549
188000	189000	0.923095063420253	1.79131603457894	2.79025013850267
189000	190000	0.668921886036597	1.52836458913075	2.74746390591617
190000	191000	0.512172771454622	1.3084607625364	2.66579480547572
191000	192000	0.626763356126596	1.47201764583519	2.44975744873868
192000	193000	0.462991490126728	1.76000157425259	2.35102258225724
193000	194000	0.575480168132799	1.22167529977152	2.25998950264804
194000	195000	0.357461954402323	1.01685867350037	2.46034200282414
195000	196000	0.526148451085463	0.871116044052174	2.65803016385215
196000	197000	0.314320514669618	0.935642342530295	2.80922418290564
197000	198000	0.445679771007105	0.731998713779987	3.06787599049449
198000	199000	0.173857606759305	0.873387522551362	3.07016736397384
199000	2e+05	0.173293691507205	0.670578736593318	3.23618354453815
2e+05	201000	-0.0484905903433078	0.716612478647573	3.04138841094015
201000	202000	0.0716281077948659	0.497093845990221	3.05244940088173
202000	203000	-0.107900909991676	0.492978153081801	2.85558376965605
203000	204000	0.180228237840637	0.594149565005019	2.83975123585714
204000	205000	0.103723978116524	0.454430073186686	2.63277235206612
205000	206000	0.401289143201069	0.445994929854629	2.7360089423576
206000	207000	0.39048188469863	0.251074376048255	2.95550342283942
207000	208000	0.932165718086583	-0.640427656071726	3.89136178014678
208000	209000	0.455793525471632	0.11004727071792	2.67174989869524
209000	210000	0.293642922257238	0.040801908794186	2.38151060752144
210000	211000	0.32595224878114	0.367290829547049	2.34165770613135
211000	212000	0.407502612867397	0.322735761234366	2.05335543303379
212000	213000	0.536744367345667	0.551100170496051	2.31481502083801
213000	214000	0.672170540872977	0.319521264771932	2.21959942852656
214000	215000	0.683750984574693	0.127786667554392	2.41885890630012
215000	216000	0.944801175900122	0.179729145556658	2.33194401862557
216000	217000	0.833824534483554	0.364365277197626	2.57511549855032
217000	218000	1.10188216563528	0.425185312836022	2.51023696344613
218000	219000	0.889764735387166	0.588587593831017	2.39027440334524
219000	220000	0.846025376371972	0.770528448026468	2.18740753841939
220000	221000	1.11795823949616	0.62380747667771	2.13582966886376
221000	222000	1.36099786182793	0.33348807133759	2.06640219277391
222000	223000	0.913767721665446	0.415535199214462	1.89840090194488
223000	224000	0.767540463821006	0.701547625524053	1.88255027870604
224000	225000	1.14213860851472	0.787087145055414	1.81351554497935
225000	226000	1.12971218926962	1.08765450060435	1.98741399246693
226000	227000	1.37923991021958	1.11583653924095	1.69524282977866
227000	228000	1.24731176789649	1.46377245215402	1.8185157467793
228000	229000	1.18446247871027	1.4294026949826	1.43125667781253
229000	230000	0.938450198492066	1.28376291819466	1.66186249174979
230000	231000	0.797668330664964	1.53071330459156	1.51063725842309
231000	232000	0.779330319973952	1.86153822920752	1.75302320453611
232000	233000	0.637262520187627	1.43859606548689	1.84615646623139
233000	234000	0.50820098923938	1.13379835926933	1.75367191539393
234000	235000	0.152336452424847	0.927588927824314	1.45578410839981
235000	236000	0.161127901168402	0.805794352164085	1.79350348403271
236000	237000	0.246315484689549	1.04562272275515	1.93376826355513
237000	238000	0.220061846612604	1.33618977780686	1.89488113851479
238000	239000	-0.00523557869756862	1.54279777233991	1.64626772838671
239000	240000	0.360716812100761	1.48987197331247	1.60467490301764
240000	241000	0.340061173587209	1.29701669609494	1.30548355753733
241000	242000	0.674317401654923	1.11872607105137	1.43708583019101
242000	243000	0.735925058327285	0.807501221640587	1.47693228857125
243000	244000	1.00472353519091	0.954662749798575	1.30619442593065
244000	245000	0.946675534897975	0.6967725335292	1.1154847200226
245000	246000	1.34095930373057	0.858694298914117	0.886643388635541
246000	247000	0.823284589994765	0.82481858699581	0.692889337031639
247000	248000	1.02980163493925	1.09043600467241	0.775226083440327
248000	249000	0.687723520351116	1.05472093830942	0.874026197780728
249000	250000	0.913108310187685	1.35749098795399	0.944222430125712
250000	251000	0.622963960855633	1.3206236953297	0.742403673925414
251000	252000	0.863002800090802	1.57899440650127	0.680233803483704
252000	253000	0.70121279723356	1.37749557950939	0.390626897851816
253000	254000	0.9174240330349	1.89338673184187	0.432061344100165
254000	255000	1.00694564275207	1.53305000589969	0.311037683769308
255000	256000	1.18308002637877	1.25971818997755	0.264494209547566
256000	257000	1.07737546324018	1.47070933003099	0.0228874418344438
257000	258000	0.88445454794037	1.21306794903046	0.00610934279255887
258000	259000	0.773293682997813	1.51711526257358	-0.132810844261971
259000	260000	1.0080152870843	1.25206584948124	-0.38560439262063
260000	261000	0.987012025595444	1.56147231485473	-0.39829666356299
261000	262000	1.3356454604517	1.69885110652236	-0.470657417009719
262000	263000	0.904891694955945	1.69791286158117	-0.730721596716535
263000	264000	0.736960391581208	1.83882031328418	-1.0398617435288
264000	265000	0.724328869774885	1.49558968489671	-1.26473932072221
265000	266000	0.672790574426182	1.45750674295954	-1.60100929894942
266000	267000	0.844260592313475	1.1603079874275	-1.80996502065507
267000	268000	0.714942848749388	1.46160873341504	-2.03638957237913
268000	269000	0.42557108714837	1.36246978525283	-1.92333006166772
269000	270000	0.475606630290191	1.38425764472824	-2.26908185281131
270000	271000	0.537286038182854	1.07022944202263	-2.12593722554616
271000	272000	0.554052972765049	1.08606091815858	-2.52426542272096
272000	273000	0.327077048894382	0.914221792833835	-2.30074007246688
273000	274000	0.173608452887476	1.16820461853563	-2.33047676928954
274000	275000	0.00165176782697838	0.831662196648464	-2.44710061829603
275000	276000	-0.00681652249800486	1.07500694817958	-2.03458150026516
276000	277000	-0.0807759941163047	0.795175380270365	-2.08203201920399
277000	278000	0.180544373416352	0.796940316351025	-1.82619525660181
278000	279000	0.201951461113262	0.530598404138861	-2.04436478787851
279000	280000	0.37929168244204	0.387669513455497	-1.79220682817965
280000	281000	0.199988369614814	0.0343569902040226	-2.08598676564129
281000	282000	-0.00553409155009828	0.25642319169474	-1.65976848311467
282000	283000	-0.15019438564927	0.401070129960649	-1.90904054615088
283000	284000	-0.417097825547592	0.341754109815016	-1.782705596276
284000	285000	-0.402312653975686	0.475608995325239	-2.11583306395569
285000	286000	-0.655569587087324	0.359403493409624	-2.02835105485648
286000	287000	-0.72660031571273	0.431132618850015	-2.4713373668187
287000	288000	-0.818486918191429	0.643338401791518	-2.13975491286564
288000	289000	-0.663164293029492	0.858015901518905	-2.23456570821923
289000	290000	-0.778068744267939	0.980262244178069	-1.95824813729834
290000	291000	-1.24283260107044	1.18529831813769	-1.98877508435632
291000	292000	-0.974102917560022	1.05851480931522	-2.19092729581733
292000	293000	-2.04148133994766	0.619552348208658	-3.42181556324981
293000	294000	-1.3295585517729	0.74607037740583	-2.29591172615862
294000	295000	-1.19235952117435	0.81691795791622	-1.92722410681777
295000	296000	-0.998500870881406	0.651368864345242	-1.73465893065919
296000	297000	-0.908710705109676	0.964113305372639	-1.57053053220343
297000	298000	-0.730056516096865	0.614792114681139	-1.49364146114552
298000	299000	-0.789148732394084	0.834357343017518	-1.20111240290225
299000	3e+05	-0.461254050917822	0.816133359238765	-1.54777831230637
3e+05	301000	-0.176523315183254	0.838893005665762	-1.53994795010069
301000	302000	-0.104943443133914	0.65001427544614	-1.33935773138304
302000	303000	0.0316943228936155	0.89917170860842	-1.22930807758979
303000	304000	-0.307854647739305	0.769486538537298	-0.997546934267258
304000	305000	-0.347897604765089	1.00507702291304	-1.27046725845883
305000	306000	-0.14819334423712	1.19377190372301	-1.43224314634721
306000	307000	-0.184486253783522	1.28161183146755	-1.15447428929364
307000	308000	-0.344035329880401	1.4515643708016	-0.890374218675486
308000	309000	-0.599273068790341	1.35556436199979	-1.20960503767093
309000	310000	-0.540617613521273	1.78305065504158	-1.09249080942736
310000	311000	-0.481712859061627	1.38703285984814	-1.46271071148754
311000	312000	-0.301089232783912	1.60909653430199	-1.36163932835732
312000	313000	-0.896381053430418	1.6603801614008	-1.33953655172648
313000	314000	-0.523283852812673	1.68426473554247	-1.54339027846532
314000	315000	-0.718915767342521	1.48363940124348	-1.73076775693539
315000	316000	-0.24865356228596	1.51362874457368	-1.75809587591531
316000	317000	-0.455406832008522	1.34788633991648	-1.94652729066504
317000	318000	-0.344416623082199	1.70456263361078	-1.96108092110637
318000	319000	-0.563293873150881	1.5900877731622	-2.1349924820849
319000	320000	-0.0711553185689911	1.5164440521922	-2.1063900944126
320000	321000	-0.329103752614099	1.41504157223378	-2.31441199588427
321000	322000	-0.152357403208145	1.68852222216762	-2.36278103794807
322000	323000	-0.0981983625684347	2.04579078548547	-2.75258853767402
323000	324000	-0.123464506331068	1.70864497524125	-2.64832168648017
324000	325000	-0.213890763030901	1.64967802575587	-2.89948484945869
325000	326000	0.00366667722632947	1.71329399889927	-4.37806862453531
326000	327000	-0.177601403440031	1.31586237041259	-3.01625910897404
327000	328000	-0.143132088419544	1.29955826254923	-2.72425877523938
328000	329000	-0.320883804145871	1.13729035980104	-2.65843666105335
329000	330000	-0.453593790269075	1.17564323735727	-2.88932123508631
330000	331000	-0.470017940646427	1.33680192835487	-2.70856618219134
331000	332000	-0.452957417929242	1.46731111630105	-2.91170795683937
332000	333000	-0.443219033046712	1.59693500936334	-2.6556233117875
333000	334000	-0.617770126512639	1.63786027903203	-2.83277571391772
334000	335000	-0.716353670774241	1.49522409022831	-2.59953370524357
335000	336000	-0.881097341588051	1.49481560629677	-2.8314008494756
336000	337000	-0.993705508637089	1.56729381881687	-2.55825993409429
337000	338000	-1.11439780596203	1.72561731829684	-2.77887095101736
338000	339000	-0.852153641068718	1.75593834531266	-2.6615478030537
339000	340000	-0.875623846164276	1.86055771068037	-2.92315755897164
340000	341000	-0.692875768624169	1.9767423208192	-2.76915371011804
341000	342000	-0.639947773136137	1.89434036701058	-2.5410354688859
342000	343000	-0.832585645975282	1.83451943097409	-2.38970673264252
343000	344000	-0.878372454304289	2.05556182079996	-2.50254862101085
344000	345000	-1.07103839720901	2.17752499268781	-2.62144479497477
345000	346000	-1.28530424054014	2.01210095307626	-2.49326292295323
346000	347000	-1.153584781595	1.90914704531632	-2.29615859758667
347000	348000	-1.29548993766949	2.04045552377744	-2.17425782955436
348000	349000	-1.34538687998	2.28693650793043	-2.24804981058693
349000	350000	-1.09887256482953	2.25753685852532	-2.25652898212887
350000	351000	-1.00738104147598	2.08896742528306	-2.14923748190868
351000	352000	-1.09639350419723	2.01411365883175	-1.93805447947516
352000	353000	-1.17757791585071	2.31271861401626	-1.92678527976725
353000	354000	-0.913197831114033	2.26920389039358	-1.89494246524372
354000	355000	-0.777864539243124	2.04340519155147	-1.94481652325744
355000	356000	-0.727536252675411	2.20490191201795	-2.14537499647761
356000	357000	-0.792192484595434	2.46346626768697	-2.11890154073006
357000	358000	-1.24747624156339	3.72851218223745	-2.91718573577368
358000	359000	-0.5967054854963	2.40866142531678	-2.32137459392153
359000	360000	-0.445654528507866	2.28511958057528	-2.17857899261524
360000	361000	0.102621880255353	3.61983948302163	-3.0548221603345
361000	362000	-0.375153696946687	2.60315808978548	-2.21890243743489
362000	363000	-0.57412096272818	4.05302603346139	-2.18965793623248
363000	364000	-0.488329310902781	2.60760523831659	-1.89508697980672
364000	365000	-0.482573383572849	2.32028939660718	-1.86277246904456
365000	366000	-0.619601173790886	2.45767371078493	-1.56406939526757
366000	367000	-0.430942928100102	2.06981111552743	-1.78145712116576
367000	368000	-0.243711342722416	2.31595847392018	-1.70635135018017
368000	369000	0.192266603710212	3.83861114869758	-1.54587210159793
369000	370000	-0.00439583703579942	2.57195760926797	-1.98227597170238
370000	371000	-0.0383982565572634	2.28178912114279	-2.14332973219414
371000	372000	-0.179521933877665	2.07268872120369	-2.07939300979025
372000	373000	0.0209883202006655	2.05703104341847	-1.93665481028508
373000	374000	0.283303824026329	2.07851606982561	-2.05836279143591
374000	375000	0.440668434502892	2.34097662492843	-1.8785903871087
375000	376000	0.454690134923118	2.00122581765564	-1.79312037210678
376000	377000	0.693560061677075	1.96873944496623	-1.70949584081059
377000	378000	0.979172174984622	2.18226888176746	-1.765992086972
378000	379000	0.958236988113912	1.9117961548793	-1.57590823343343
379000	380000	1.155011202305	1.80320378743619	-1.6792406502687
380000	381000	1.3537359571451	1.85182015043179	-1.46199928465168
381000	382000	1.54989529255488	1.82124038680062	-1.70581651326619
382000	383000	1.36136896143535	1.59626471033815	-1.38601805702165
383000	384000	1.46846063174839	1.52033859201729	-1.56931448470352
384000	385000	1.62994039408126	1.61166757158504	-1.36821595643858
385000	386000	1.56244818935496	1.37958439657252	-1.35754675773521
386000	387000	1.80937158946041	1.36780729416632	-1.43289718977797
387000	388000	1.88065831679305	1.34421624091364	-1.1495549869254
388000	389000	1.84352680702359	1.10182009624333	-1.33580293258567
389000	390000	2.04122364408051	1.06184978106348	-1.17771196609589
390000	391000	2.14377730485027	1.02356574712449	-1.45062732985362
391000	392000	2.45827525693028	1.21759290083585	-1.42315066873828
392000	393000	2.28568476468308	0.796614361225381	-1.31525176405287
393000	394000	2.11729433703764	0.649649062711663	-1.15443884495995
394000	395000	2.1351889603444	0.775733353289982	-0.88515979017152
395000	396000	2.39535650773114	0.874305798405674	-0.894367996190578
396000	397000	2.59145260777654	1.06184877459451	-1.00342403427401
397000	398000	3.68973715784338	1.93490420802941	-1.10355208278643
398000	399000	2.72036395200602	0.798195786857594	-1.14994841448318
399000	4e+05	2.61063773382808	0.630854772353369	-1.35350469207144
4e+05	401000	2.53743431257895	0.518066703887295	-1.03018025289535
401000	402000	2.8987231194057	0.685711015462639	-0.785234906279108
402000	403000	2.84017188116183	0.45955607128232	-1.06738716207275
403000	404000	2.83329309907078	0.247084415766647	-1.19529358284454
404000	405000	2.60357473167284	0.183325372902001	-1.1027399659139
405000	406000	2.77758508902751	0.154150895503603	-0.914553286718218
406000	407000	2.51789833618862	0.157121680274797	-0.803859861670383
407000	408000	2.70036094658057	0.0441613187300779	-0.489682895780127
408000	409000	2.62504914755787	-0.147699151951209	-0.856419964148942
409000	410000	2.79319449276565	-0.209103657519712	-1.0343338336659
410000	411000	2.97314835949353	-0.115051048536866	-0.819780910146506
411000	412000	3.15959596270727	-0.116095689685794	-0.490985817417468
412000	413000	2.91734257426722	-0.399420159268755	-0.849120983368199
413000	414000	2.97511233128661	-0.483444245611232	-0.605792276497427
414000	415000	3.30805711952585	-0.685011624888775	-0.518895538766413
415000	416000	3.20654925457135	-0.394868031235093	-0.73826377742387
416000	417000	3.18022534387193	-0.643117100503707	-0.865310467749955
417000	418000	3.17726369964109	-0.378151166529301	-1.03850599117618
418000	419000	3.33063056297366	-0.571520811772589	-1.08632879746245
419000	420000	3.70005393760221	-0.690294653613119	-0.946022988627728
420000	421000	3.49153188016147	-0.44870354652426	-0.919037189905429
421000	422000	3.44697640432525	-0.207033542939611	-0.948706652370163
422000	423000	3.71546963337016	-0.246555292840112	-1.02855269194412
423000	424000	3.62410561136469	-0.427884238772283	-1.25455532718984
424000	425000	3.49053202325582	-0.196501699400855	-1.23963555523856
425000	426000	3.38436437221649	-0.417104948656271	-1.4039364797988
426000	427000	3.23688517514279	-0.216810746732507	-1.35679811437003
427000	428000	3.48848706103252	-0.381250275912698	-1.68134122229272
428000	429000	3.32120796951479	-0.139039986208179	-1.58130602356367
429000	430000	3.60261501379393	-0.148298275282664	-1.53299790205785
430000	431000	3.76598391450205	0.14151954611129	-1.5949163946764
431000	432000	3.47230389716009	0.12133326633324	-1.34793882476259
432000	433000	3.59623542367102	0.291974927030147	-1.03153545211483
433000	434000	3.22452340404217	0.0954722406036655	-1.17790981005577
434000	435000	3.19748624187408	0.217786825153935	-1.48769762296805
435000	436000	3.33846943279627	0.196512882950227	-1.89665020995238
436000	437000	2.96994656165165	-0.00606508567750563	-1.57901143762483
437000	438000	2.80360426392551	0.0111833213323689	-1.81440909308504
438000	439000	2.83083582862585	0.299730846310904	-1.68938741349129
439000	440000	2.56661182038022	0.242898965015381	-1.85820967822821
440000	441000	2.48519232171482	0.249572520470532	-1.55854156040127
441000	442000	2.56286251563229	-0.0178951656984834	-1.55298606762221
442000	443000	2.28419541729936	-0.0279280351448934	-1.2863985103441
443000	444000	2.57046158846938	-0.247453292212308	-1.36792007402156
444000	445000	2.81927907049778	-0.391431233642493	-1.43924102447588
445000	446000	3.1039739411769	-0.706219460129415	-1.44831738201034
446000	447000	4.43223679489919	-1.72304620111197	-1.5447940907368
447000	448000	2.96317875342219	-0.830621254456004	-1.20825725719673
448000	449000	2.7182126827187	-0.681970299958256	-1.19077219350239
449000	450000	2.47920467592877	-0.733894456766725	-1.0365033399608
450000	451000	2.54860493053955	-0.815293352553391	-0.748395237099276
451000	452000	2.22430419738448	-0.886800067011684	-0.803951008935113
452000	453000	2.37218615954483	-1.00883925813804	-0.532040078265034
453000	454000	2.23204910724054	-1.24683882055529	-0.702543170577961
454000	455000	2.54641392945865	-1.20277361700307	-0.776972619944149
455000	456000	2.29068760636758	-1.25999504940902	-1.02725124488458
456000	457000	2.41177808082063	-1.05199030922011	-1.12975603548841
457000	458000	2.58009017014498	-1.28074325724453	-1.1000073227515
458000	459000	2.83069902298094	-1.16987117693185	-0.982505406466264
459000	460000	2.86630500449579	-1.29526723364921	-1.23489957330061
460000	461000	2.71114712031076	-1.1313680576451	-1.35931531941151
461000	462000	2.72014193797302	-1.65783314106249	-1.34655788917581
462000	463000	2.6965130777806	-1.42274103317421	-1.57033171870776
463000	464000	2.47167327179396	-1.27873782792586	-1.45965131568352
464000	465000	2.20510158198597	-1.20384186752469	-1.51755631245187
465000	466000	2.26580877792849	-1.41796904790978	-1.62610524020008
466000	467000	2.42157786449679	-1.32253752004326	-1.77552998490375
467000	468000	2.41538566445108	-1.11521555289153	-1.6735929418444
468000	469000	2.30359597050667	-1.12689900480627	-1.9144003554028
469000	470000	2.49865244167475	-0.983750439695074	-1.84634804421232
470000	471000	2.56456321095832	-1.10459511467273	-2.05600026338746
471000	472000	2.80400754337068	-1.1919959631282	-1.92528985659525
472000	473000	2.81970489928905	-0.94904569899667	-1.94595676843609
473000	474000	2.67033894964304	-0.828342848586838	-2.0774238369345
474000	475000	2.8621622773065	-0.687676333925301	-2.05586414856836
475000	476000	2.73945645958437	-0.720173561962324	-1.83506747010152
476000	477000	2.96458662687084	-0.723885563048737	-1.8115875274555
477000	478000	3.19654271246557	-0.978235646470122	-1.96196634091974
478000	479000	2.85539165956739	-0.882261841433974	-1.63937915365884
479000	480000	2.643010453655	-0.74820038350447	-1.57340282379893
480000	481000	2.52982636720801	-0.556384298943473	-1.70754177218
481000	482000	2.38871633332672	-0.582272455804134	-1.99945213177349
482000	483000	2.2262660511635	-0.501201982415617	-1.72271337697133
483000	484000	2.18589766698433	-0.768181673955115	-1.62409469893781
484000	485000	2.1050027988815	-0.599961174598957	-1.36206946328377
485000	486000	1.89263863006392	-0.827167181819832	-1.4122607997514
486000	487000	1.77398015516738	-0.705949696324826	-1.02271954296036
487000	488000	1.69334090333412	-0.493114071474623	-1.36452891575647
488000	489000	1.79166490493274	-0.219062214594904	-1.22755858057621
489000	490000	1.48963514385534	-0.143561940172002	-1.4209660754026
490000	491000	1.68212291117448	0.13287795211181	-1.37247234756192
491000	492000	1.68024927558351	0.0416585171330856	-1.6872767148581
492000	493000	1.96740364359752	-0.0767421883568143	-1.67514282846374
493000	494000	1.86338805893546	0.0907712791865158	-1.97701907743378
494000	495000	2.07382716367971	-0.110030780470832	-2.07721210905502
495000	496000	2.20508755873129	-0.0866046376240811	-3.66023250781411
496000	497000	1.97441167882097	-0.376420454191985	-2.3051685145436
497000	498000	1.78324393095457	-0.352946407704076	-2.06388826309565
498000	499000	1.72554755780919	-0.452854969031944	-1.8299554887264
499000	5e+05	1.51900115132059	-0.543290452432064	-1.96476708228844
5e+05	501000	1.82372092848037	-0.75171907856259	-1.91112194087646
501000	502000	1.71040077121351	-0.713321130054518	-2.20063149756554
502000	503000	1.66814933370629	-1.13118638505974	-2.19992648810874
503000	504000	1.51760773340419	-0.889880009946165	-1.95661837661566
504000	505000	1.46894204876435	-0.956080720055953	-1.69132327238393
505000	506000	1.17626370580265	-0.982343277893933	-1.81203233965069
506000	507000	1.13618330942887	-1.23026534667373	-1.60987357177716
507000	508000	0.936927731018216	-1.02959536465316	-1.47261830699893
508000	509000	0.661311669032348	-1.16831174631502	-1.30381181295345
509000	510000	0.384379952103804	-1.36127309887399	-1.04383396091442
510000	511000	0.0708231610086259	-1.37722160213219	-0.843734347581242
511000	512000	-0.163166853145372	-1.62591014092833	-0.852305152669865
512000	513000	-0.125816569089078	-1.52757629590711	-0.499623507335109
513000	514000	0.162062179434302	-1.8543073927639	-0.67522782481895
514000	515000	0.266352679470077	-1.56986147777684	-0.395682537828513
515000	516000	0.508493923723541	-1.82588024853842	-0.382955547482599
516000	517000	0.18925796783107	-1.8817733685193	-0.106236004312836
517000	518000	0.284681764176904	-2.14917208693392	-0.263796580676712
518000	519000	0.679288816333446	-2.33226002989141	-0.438880856363901
519000	520000	0.564815486672686	-2.15339336315404	-0.0567607011237923
520000	521000	0.47236891664174	-1.92792051740705	0.253459305008555
521000	522000	0.780949792756204	-2.0306265038302	0.248374733481011
522000	523000	0.933237716368157	-2.27394670249905	0.111490796787052
523000	524000	1.83593333450408	-3.30531934450107	-0.374416543646243
524000	525000	0.74628708322094	-2.5426768211023	0.257067621304211
525000	526000	0.535452572182535	-2.38119983201093	0.394722658660916
526000	527000	0.750941763004436	-2.22524231235804	0.579495749634667
527000	528000	0.99159941155458	-2.33378341789454	0.7579304845312
528000	529000	2.06779055706253	-2.34421518184788	1.62588124987766
529000	530000	0.644548032738905	-2.28526815028729	0.986855305636497
530000	531000	0.38753007271034	-2.24052922745885	0.792967352798138
531000	532000	0.512559516749906	-2.54221207972556	0.830883244757904
532000	533000	0.75038269120739	-2.62187243459076	1.03711052222588
533000	534000	1.90065110411289	-3.36465391645116	1.90260903211237
534000	535000	0.687888192954791	-2.80388862530168	0.856113603792087
535000	536000	0.792135551210638	-2.76971343146678	0.662093959577689
536000	537000	1.00875256739754	-2.88785575555596	0.84387788371141
537000	538000	1.96008840722973	-4.00637423509161	1.2249860638031
538000	539000	0.860618741708815	-3.13866262536314	0.899522710520928
539000	540000	0.802213847765753	-3.09789108514637	0.662505579358921
540000	541000	0.904923332261899	-3.31853006506418	0.420570210243384
541000	542000	0.608044831819582	-3.38685503479663	0.609846253284822
542000	543000	0.572164804630772	-3.09422231298496	0.55115062325573
543000	544000	0.574655986470356	-3.26143535568836	0.872413011478798
544000	545000	0.386971297175774	-3.06288769001641	0.759447961420609
545000	546000	0.38436882796677	-3.15003264031707	1.0264532509449
546000	547000	0.408994962388719	-2.88945999085228	1.02319750323506
547000	548000	0.551283089468034	-3.00161267272629	1.23603603181776
548000	549000	0.277892041249385	-2.99552568508756	1.25765981237434
549000	550000	0.313705635158166	-3.17929945979503	1.48395359474042
550000	551000	0.277761948515451	-4.18462843186927	2.50107977646578
551000	552000	0.249304835298362	-2.89834874176659	1.582689923035
552000	553000	0.484083732527241	-2.89009589515	1.85278362564304
553000	554000	0.301770778301691	-2.69863058671934	1.45915448858538
554000	555000	0.474959325781927	-2.56716139047237	1.56145694418742
555000	556000	0.290675315260095	-2.47533512073416	1.35044454469313
556000	557000	0.484398233870901	-2.26688555028826	1.43315882904356
557000	558000	0.183041479474052	-2.21192809125857	1.379706082441
558000	559000	0.25180624923748	-2.26995575059002	1.63405251217978
559000	560000	0.319624692478347	-2.34003009054089	1.8951971434142
560000	561000	0.471084879385112	-2.79208588207085	3.22841967971538
561000	562000	0.0827524745215617	-2.53029020793038	1.87055606171646
562000	563000	0.01138201870795	-2.45788539505287	1.60865560011348
563000	564000	0.0457019810963815	-2.69424225692527	1.66428746082289
564000	565000	-0.201809679752905	-2.66437861698989	1.70183929711043
565000	566000	-0.118067713966188	-2.83325326818015	1.46943193742472
566000	567000	-0.128644019551919	-2.5761889189557	1.28666884647974
567000	568000	-0.00312454733735783	-2.73776293661984	1.14278562541698
568000	569000	-0.186151160465281	-2.68196858848026	0.893394161665459
569000	570000	0.124202771072671	-2.68529428983627	0.842564175327405
570000	571000	0.00560743326634829	-2.47557783553924	0.684724486621655
571000	572000	-0.0328324058363603	-2.35809454257519	0.981120816998708
572000	573000	-0.241446577172384	-2.19510475388148	0.820495846199931
573000	574000	-0.421905262485162	-2.39115119897746	0.876488660921147
574000	575000	-0.680399446216249	-2.45341414764167	0.888728316600626
575000	576000	-1.98529271643515	-3.59674728036502	1.21387993492523
576000	577000	-1.20383556933124	-2.5317810421609	1.19795238961657
577000	578000	-0.936149449967085	-2.28288638462266	1.07374011065848
578000	579000	-0.666875198417139	-2.17418349986046	1.13839784945244
579000	580000	-0.833931162690172	-2.20269289047348	1.35135129353682
580000	581000	-0.938947395630053	-1.90813682418095	1.43477006889024
581000	582000	-0.874220927973039	-2.26386076890481	1.72177575115362
582000	583000	-0.601043496762101	-1.98365992649784	1.82817757576466
583000	584000	-0.535992609460051	-2.2223366674006	1.68475899310271
584000	585000	-0.557603886419398	-2.1325977235758	1.47653129411324
585000	586000	-0.468075011693151	-1.93212852929139	1.4779466901606
586000	587000	-0.314690384472564	-2.13722186112338	1.44833964267768
587000	588000	-0.428891854117965	-2.30232637715504	1.2727690774493
588000	589000	-0.55169680074053	-2.49434308552035	1.45064166066814
589000	590000	-0.799250186764619	-2.63083301860278	1.30040157167918
590000	591000	-0.775961954185524	-2.85416897585405	1.65437285857799
591000	592000	-0.48300659298242	-2.67051760526327	1.18093090833372
592000	593000	-0.548373988742983	-2.9665927777856	1.35401617640903
593000	594000	-0.495144439788454	-2.93153627471465	0.99452825272633
594000	595000	-0.367836529957139	-3.29072187698023	1.29208563444487
595000	596000	-0.384445193113576	-3.25701646017607	0.946034148743696
596000	597000	-0.133106802950897	-3.13241711151517	1.12540287578356
597000	598000	-0.0776561668442678	-3.00780367754491	0.886073983186828
598000	599000	0.00837629636196212	-3.24584588184114	0.84770938303527
599000	6e+05	-0.0972863702668716	-4.81624640907758	0.662380049524377
6e+05	601000	-0.0876097112346935	-3.34250984451435	0.553819324321575
601000	602000	-0.26085991019828	-3.09032160242739	0.561894844251825
602000	603000	-0.0731864761018352	-2.88649774114755	0.525366244732426
603000	604000	0.162567376697153	-2.87343210699443	0.406953892680892
604000	605000	0.0274098402763335	-3.10231330854503	0.344920709581669
605000	606000	0.0947560812980451	-2.96018906062799	0.137500703363758
606000	607000	-0.196462340930087	-3.05275924950402	0.194069226626724
607000	608000	-0.125283687101474	-2.78488378415669	0.12449141166362
608000	609000	-0.373091976273756	-2.83041868056743	0.318598887425448
609000	610000	-0.171992836084846	-2.58856956085263	0.288344429476204
610000	611000	-0.411638702004795	-2.57899742611295	0.258034758175206
611000	612000	-0.482254980533105	-2.86951740095432	-0.0244286673981413
612000	613000	-0.800272414529433	-2.91480765693105	0.149602215861011
613000	614000	-0.607332536431797	-2.57709552930258	0.081055120621781
614000	615000	-0.417148448866976	-2.55409117726115	-0.114027615221823
615000	616000	-0.32245624690039	-2.70438992967402	-0.420344128882053
616000	617000	-0.274301054064916	-2.34521666146175	-0.169981925400787
617000	618000	-0.408631986247265	-2.16183210435127	-0.205752962727333
618000	619000	-0.433129440497269	-2.14046273641892	0.0706803375728434
619000	620000	-0.609102850919558	-2.03498116240082	-0.100589992177403
620000	621000	-0.636711868845863	-2.28625777808854	-0.0405393591310746
621000	622000	-0.649442421266332	-2.33129424494868	-0.290715083430012
622000	623000	-0.764333025217243	-2.60943160992179	-0.527218468175133
623000	624000	-0.899642457960258	-2.54365297861194	-0.208196746755426
624000	625000	-0.913312130621265	-2.34044503164709	0.0187380970393892
625000	626000	-1.28026460578472	-2.48216664784418	-0.0826576971695446
