0	1000	1.53397326272561	1.87004760586259	-0.634108467640686
1000	2000	1.91287111412621	2.02991667374256	-0.620237863392675
2000	3000	2.44971484104621	2.14314531553021	-0.75400982913634
3000	4000	2.27298302504601	1.72569508342738	-0.714300641909992
4000	5000	2.19382311351051	1.7917297481117	-0.385203292444919
5000	6000	2.32467090467202	1.47650926534871	-0.271571437928038
6000	7000	2.53943122707349	1.2357471788641	-0.0844626272133154
7000	8000	2.18567486153279	1.13355100929774	0.128963593177915
8000	9000	2.33519361805834	0.751199431362962	0.132194602649959
9000	10000	2.26943938349463	0.941271603396494	-0.258119127586879
10000	11000	2.62125481012008	0.753768196687411	-0.279787124152435
11000	12000	2.68348868099662	1.1923012359353	-0.543297617022756
12000	13000	2.43040107573536	0.908017324258527	-0.767347739440764
13000	14000	1.93155872731269	0.804451887189204	-0.537310603223374
14000	15000	2.2358269393383	0.493491158039759	-0.922165446682471
15000	16000	2.143998366938	0.369192546777668	-0.473890730966018
16000	17000	2.32036922622482	-0.0241651152763876	-0.711370126683318
17000	18000	2.1731516065243	-0.184941505846415	-0.245027863887643
18000	19000	2.21546053084706	-0.706287425741519	-0.309633483829183
19000	20000	2.30924964811221	-0.681881081343909	0.198206243679399
20000	21000	1.88456257249491	-0.773902602088336	0.309787057324589
21000	22000	1.50828754354965	-0.999140694616535	0.152601680652429
22000	23000	1.4411485695089	-1.49768677060971	0.279115323887687
23000	24000	1.72290903460895	-1.86624030019824	0.474319618837254
24000	25000	2.0708880211746	-1.74260495897191	0.131726106819555
25000	26000	1.77137646768016	-1.49870091318632	-0.213268275150353
26000	27000	1.42997928198056	-1.76001643815763	-0.502507442024789
27000	28000	1.80517547783771	-2.23775929824322	-0.893164407762113
28000	29000	2.4723415363172	-2.56127016835911	-1.59876136513731
29000	30000	1.83732730803682	-1.75097355411269	-1.44007570261307
30000	31000	1.12597490939344	-0.990160578299696	-0.85634146288209
31000	32000	1.14784960790067	-0.52814109210298	-0.361361115437359
32000	33000	1.2691819022922	-0.27989463063814	0.149258664342823
33000	34000	1.25216086043467	-0.534585091305391	0.574011840184633
34000	35000	1.0260913706928	-1.05477579266531	0.771935637808976
35000	36000	0.689542355022397	-1.42528190975825	1.08344464785547
36000	37000	0.401821810299675	-0.98327252975321	1.03627287119743
37000	38000	0.453535120259066	-0.620615950133977	0.638446226664421
38000	39000	0.297159576422709	-0.33512086767453	0.135777076558449
39000	40000	0.553399885828242	-0.343051221240887	-0.392592633182384
40000	41000	1.9418554584362	-0.989009130681597	-0.887734736295746
41000	42000	3.16784914443427	-1.4425662834402	-1.15542705279282
42000	43000	2.67525761182362	-0.77568837405342	-0.792177007820284
43000	44000	1.69184929076772	-0.337988835475067	-0.612359609142555
44000	45000	1.62651142112026	0.167944763123933	-0.520013226140177
45000	46000	2.82834585251289	0.186825861286091	-0.529057143901314
46000	47000	3.88412532593056	0.154791442980803	-0.308434523460064
47000	48000	2.98369744383719	0.0768683662582528	0.168193647054677
48000	49000	2.52408250043284	-0.200997466404577	0.577246896568327
49000	50000	2.31651950237073	-0.487000361638417	0.910300551712414
50000	51000	2.13707687913501	-0.71201396121267	1.19537417638128
51000	52000	2.24477143307709	-1.06849560270312	1.29873936872535
52000	53000	1.91315973744114	-0.999306990850702	1.49810086194727
53000	54000	1.86405409756885	-0.669201862325526	1.66250820282284
54000	55000	1.79692173052547	-0.907928863700275	1.92371587328464
55000	56000	1.94154601357547	-1.21639205576881	1.9380220853719
56000	57000	1.81259157797416	-1.54493559307591	1.91212152027806
57000	58000	1.65042823825355	-1.79924531193861	1.72069343750042
58000	59000	1.37659563416233	-2.09943450049425	1.67268829589614
59000	60000	1.03987530364836	-2.37745341004519	1.45504428695197
60000	61000	0.735843652437322	-2.70107661285649	1.22031269068402
61000	62000	0.755416599068129	-2.9067303947945	0.836119587752397
62000	63000	1.03654638845904	-2.50812036335487	0.835191771456373
63000	64000	1.41464616684251	-2.29791343748898	1.04357402551868
64000	65000	1.34770190470766	-1.87391868942519	1.13399470384919
65000	66000	1.80102856089089	-1.80839134302775	1.03060645892308
66000	67000	1.63268644706788	-1.32494776455339	0.891032344604406
67000	68000	1.67890200358938	-0.842481822420529	0.974109974651782
68000	69000	1.36168398701113	-0.582827019103875	1.25595612432788
69000	70000	1.20970958952774	-0.829158272915339	1.64885661602884
70000	71000	1.09260348997499	-1.18873553160513	1.93336695527595
71000	72000	1.04726104075273	-1.67002454472086	2.03248525317122
72000	73000	1.06891211104945	-1.6506910148045	1.57918092404787
73000	74000	1.32075949090007	-1.35512762202071	1.40692453714203
74000	75000	1.70358000481206	-1.39548162406226	1.45875090439634
75000	76000	2.04361268566809	-1.41188003662606	1.54609188612677
76000	77000	2.31851233467533	-1.20044777750418	1.71583358902672
77000	78000	2.22204227604124	-0.919860326698945	1.92984109289171
78000	79000	2.24770245878851	-0.781056354693744	1.60470570865756
79000	80000	2.62687098639794	-0.582171081168978	1.42778385499423
80000	81000	2.45654451761727	-0.51431595135228	1.81477734657786
81000	82000	2.18402796370617	-0.295555203028325	1.95272980320972
82000	83000	2.14961967455076	-0.248532702853753	1.51249113720424
83000	84000	2.42472093778651	0.0423847368275041	1.57385117535645
84000	85000	2.30984169571528	0.13366141815269	1.14917408786241
85000	86000	2.49796345332246	0.52994809239845	1.28487993196773
86000	87000	2.21493771707624	0.682320715864524	0.900147944809332
87000	88000	1.99808596679308	0.825862258227266	1.33365811599469
88000	89000	1.60525999043344	0.782076089841117	1.6545582217602
89000	90000	1.28557934663992	0.887319640379063	2.12374745542476
90000	91000	1.4202795892888	1.04091753292194	2.83503005516725
91000	92000	1.8135193888787	1.11464595617341	3.82677220808257
92000	93000	1.2973670429775	0.473462228782088	3.17337997568862
93000	94000	0.921230739827628	0.227051103290891	2.64600343961119
94000	95000	0.921403683097448	0.0873100760918585	2.18233156792773
95000	96000	0.531137553030991	-0.172309756525807	2.08644553645574
96000	97000	0.56732944228056	-0.526467839638058	2.42049560769394
97000	98000	0.0894251122276092	-0.442568939841822	2.55507113197921
98000	99000	0.228873934137395	-0.150373145121767	2.97560425943391
99000	1e+05	0.0756893467498323	0.237352868395984	2.7773301158821
1e+05	101000	0.208281870898388	0.612759231876602	2.57877597449377
101000	102000	0.0201413405365466	0.607590678388152	2.16471054401063
102000	103000	0.261085750010728	0.655611018733663	1.74429933627544
103000	104000	0.682660743898716	0.884726619990855	1.731233981046
104000	105000	1.12197273645459	1.21860706821826	1.63093130618307
105000	106000	1.2100737631922	1.0164389516147	1.14878952904544
106000	107000	1.07193463685881	0.72356687952365	0.777747082255514
107000	108000	1.27486249566474	0.474711187669229	0.384225606895516
108000	109000	1.62882249313904	0.24287343226346	0.685747190714912
109000	110000	1.66975586602541	0.246375334244721	1.181535352496
110000	111000	1.35062619768077	0.203824476323653	1.60549373294335
111000	112000	1.83039000668044	0.130163373000177	1.64587181284586
112000	113000	1.64405800866253	-0.289685639650252	1.80525862206091
113000	114000	1.87023106207871	-0.0371505167895122	2.12958464262197
114000	115000	1.7293209477429	0.273100728296901	2.45907099009496
115000	116000	1.35647401800259	0.55921825904053	2.61318938255084
116000	117000	0.855494687163006	0.801672373577744	2.7511273909326
117000	118000	0.579268398310044	0.720265899256554	3.08551917483661
118000	119000	0.748687098519954	0.521408351627071	3.68651010253997
119000	120000	1.02162277899117	-0.0856425825906874	4.38646866408622
120000	121000	1.03163583243311	-0.197189568906513	3.31370897517703
121000	122000	1.15553263429606	-0.442954948407094	2.55102917237071
122000	123000	1.40770075463309	-0.697870775232534	2.2377783246102
123000	124000	1.50336474621842	-0.97644107359615	2.78920640636818
124000	125000	1.36805147703947	-1.57042167916059	3.63939300575913
125000	126000	0.739069799245856	-1.36971049226237	2.80868102034153
126000	127000	0.299662471923781	-1.40868755356493	2.02508305265196
127000	128000	0.143053865282786	-1.9667392550484	2.40830518849362
128000	129000	-0.206722295586061	-2.41890514114634	3.31460651723321
129000	130000	-0.461501183750298	-1.67706703966468	2.77067591301443
130000	131000	-0.578757098916403	-1.25975573923764	2.29694597793263
131000	132000	-0.730587238826481	-0.814474495761314	2.3676713900228
132000	133000	-0.770367560336038	-0.481062616510273	2.73168464460513
133000	134000	-0.55568987612059	-0.0742971497123984	2.92979384274496
134000	135000	-0.33054783324595	0.436842057708535	3.06667676573108
135000	136000	-0.182459815102806	0.653922142036351	3.52616228495971
136000	137000	-0.309911375582532	0.742729445084039	4.61629258664248
137000	138000	-0.821411664912164	0.657681342054398	4.2411176345823
138000	139000	-1.3641497670127	0.370162755663219	4.23752534629953
139000	140000	-1.09988542211396	0.336717163974093	3.26718634322974
140000	141000	-0.831484048655254	0.227497800562449	2.52093763101643
141000	142000	-1.0273149698326	-0.032808282342388	2.07106846644349
142000	143000	-1.41260207973294	0.316512268709389	2.10428531108821
143000	144000	-1.54554329789007	0.640023615484353	2.49852253993622
144000	145000	-1.45535196534089	0.318535971099369	2.80399232535046
145000	146000	-1.4139558271528	-0.137815443697174	2.54120252377369
146000	147000	-1.75428724122935	-0.196015458174268	2.2027221282836
147000	148000	-2.03155404326806	0.21925600655948	2.09177868583917
148000	149000	-1.999120191576	0.72201261232098	2.07204797089359
149000	150000	-1.8383924555445	1.06439841288095	2.22593446607862
150000	151000	-1.83856889799445	1.47923124567371	2.17029583248397
151000	152000	-1.50659874618977	1.67510339854084	2.00156808418382
152000	153000	-1.63823795975815	2.02551184453721	1.82454628718117
153000	154000	-1.39203068521891	2.25297674527007	2.09940382804038
154000	155000	-1.17047785661227	2.54109217916656	1.87431036517064
155000	156000	-0.778318104950879	2.62154521161768	1.80481539539564
156000	157000	-0.412002716724865	2.80982840407381	1.67028817963785
157000	158000	-0.216048867025752	2.57401836924097	1.33408581955264
158000	159000	-0.499588062957689	2.56153723602557	0.993392254970619
159000	160000	-0.608948674180752	2.83122848432567	0.608712941175558
160000	161000	-0.425773879361301	3.21264994921383	0.267584291304475
161000	162000	-0.726527023409286	3.52786533347365	0.145282788888067
162000	163000	-0.924707325111084	3.43391622898767	0.651091433934097
163000	164000	-1.07312340264762	3.12026991797375	0.346289304996364
164000	165000	-1.00037321359808	2.71615965227926	0.219219235268851
165000	166000	-1.36174439236966	2.50854832933528	0.0394925856465094
166000	167000	-1.62647596521774	2.07997483560645	-0.0608266400344618
167000	168000	-1.73246894866503	1.95905925485513	-0.541207921039258
168000	169000	-1.36892773254103	1.75309888596129	-0.761291406060699
169000	170000	-1.06594710393657	1.46246170518383	-0.926089390914888
170000	171000	-0.910410546255711	0.982508534041026	-0.836309878086811
171000	172000	-0.53387860254417	0.925697272616368	-0.454740122361261
172000	173000	-0.404770930822979	1.38986027886884	-0.125730178501684
173000	174000	-0.792339734397919	1.72404648055078	-0.0291480062340453
174000	175000	-0.998282020886349	1.86561185708898	0.338031308306481
175000	176000	-1.39839671103876	1.8013238808864	0.593930531311835
176000	177000	-1.03332113300951	2.10680337457566	0.884834265264017
177000	178000	-1.44668410444971	2.4795078751817	0.774161500175784
178000	179000	-1.10534803545218	2.84670485122956	0.794323951467122
179000	180000	-1.20592457878553	2.88770764981785	1.20329275306385
180000	181000	-1.07767293208125	2.43914782888726	1.31964353056328
181000	182000	-1.49407893057336	2.33323414277033	1.46521708323985
182000	183000	-1.5834235972371	1.95802875289137	1.31060807969803
183000	184000	-2.05046272985593	1.95697296257933	1.27620838663012
184000	185000	-1.86779856302788	1.59973856352554	1.00620913916472
185000	186000	-2.23393697976835	1.76375940860376	0.748315892044416
186000	187000	-2.1894746014684	1.38280369432263	0.48389248496965
187000	188000	-2.53138650700086	1.08775354252536	0.67985150071046
188000	189000	-2.57243772314989	0.603603135911699	0.534641767333206
189000	190000	-2.08023194875609	0.458237382867164	0.363616986848398
190000	191000	-1.82292402879141	0.899861691567248	0.630514443091735
191000	192000	-1.52570095663404	1.19471165213805	1.04338654927825
192000	193000	-1.2683743244031	1.48658538886503	1.33461233737612
193000	194000	-0.999796586733696	1.84751252891941	1.5403791931684
194000	195000	-0.568576111228461	2.08084820045938	1.56237582238245
195000	196000	-0.649758541958965	2.02339902712804	1.97536681192788
196000	197000	-0.802094786315086	2.14597137794319	2.35040402102854
197000	198000	-0.501646734301848	2.53137875943184	2.40854684831505
198000	199000	-0.213805029682338	2.37810953401194	2.00181490423794
199000	2e+05	0.251037046185515	2.37916041779815	1.84357119356884
2e+05	201000	0.0742415153952179	1.90785065009285	1.94050405323437
201000	202000	0.122986860259959	2.13306416346449	2.3943889837919
202000	203000	-0.239697602076722	2.05071300851266	2.57192959273079
203000	204000	-0.538071942836403	1.95724977310323	2.82251168423464
204000	205000	-0.597337096121801	1.66927026841459	2.49640619303335
205000	206000	-0.88926735109422	1.59625212119021	2.80062697544648
206000	207000	-1.09175782201228	1.79273430535939	3.14743179102058
207000	208000	-1.47082468388698	2.00856676234978	4.20956056602464
208000	209000	-0.958917806352894	1.35329798667616	3.39224389610165
209000	210000	-0.740568918154685	1.07596582620179	3.07540354653356
210000	211000	-0.48020298290127	1.28969546961692	2.80179726502614
211000	212000	-0.210375374226979	1.59681103313091	2.71268264335265
212000	213000	-0.0261477515282731	1.22241265628694	2.7185808645885
213000	214000	-0.0402238410436059	0.874009041365008	2.87408480041366
214000	215000	0.0215673431335305	0.96401330176542	3.26781522485073
215000	216000	-0.249831383852781	1.25748172859361	3.22055500262437
216000	217000	-0.198099275699444	1.61275072673131	3.09944681967464
217000	218000	0.162084067536494	1.55755258975859	3.24052375243847
218000	219000	0.218057712174628	1.61047530007356	2.85968005557142
219000	220000	0.332744042089759	1.20970740130672	2.94609151595605
220000	221000	0.626054476512371	1.35949726702901	2.75510558268704
221000	222000	0.736901822532316	1.82974578692994	2.89126478308464
222000	223000	0.548193329209041	1.69689213365407	2.44923422853591
223000	224000	0.192946713101621	1.54687524798395	2.30564001693019
224000	225000	0.0699303900488753	1.16741629311958	2.23713642142883
225000	226000	-0.366731345504551	1.15947478554965	2.22054736430676
226000	227000	-0.657839181390598	0.82877736310299	2.28944950673875
227000	228000	-0.995864181104414	0.992406364589595	2.5239553997446
228000	229000	-1.31401731174904	1.22964013634845	2.77219125426108
229000	230000	-1.25396527793734	1.62738345757798	2.45381417001361
230000	231000	-1.0557632379339	1.48827288183788	2.06029730330734
231000	232000	-1.20176054978104	1.07990458633578	1.90279862049348
232000	233000	-1.59844916419901	1.00542088183958	1.7445683687898
233000	234000	-1.92529537283559	1.2437902841412	1.63219250231065
234000	235000	-2.37569688158722	1.46332838111364	1.5796021049964
235000	236000	-2.34378886700886	1.01981442740324	1.53379034714968
236000	237000	-2.14120421626512	0.819414049304532	1.1933814067461
237000	238000	-2.39181907110263	0.56718706212395	1.4922596963809
238000	239000	-2.523510242561	0.28961671935304	1.10517502757023
239000	240000	-2.24733274681945	0.0172743929791143	1.50950995586278
240000	241000	-1.85237749288536	0.039040986543651	1.22469425643217
241000	242000	-1.51992934452434	0.38608444180735	1.15946565201545
242000	243000	-1.3824568818474	0.567774677286702	0.656797812842158
243000	244000	-1.14520168112593	0.858294420105051	0.31238046601869
244000	245000	-0.625737801866666	0.8755466957598	0.331722002197328
245000	246000	-0.0881332252305499	0.963584466508638	0.483861249305232
246000	247000	0.335358633640179	1.12513696133	0.775709020142624
247000	248000	0.501543085257871	1.39455551125355	1.19373543018019
248000	249000	0.533516835426037	1.78221523315476	1.52176703902343
249000	250000	0.452966809943603	2.12148104875667	1.12721658694439
250000	251000	0.18053519652096	2.14330585099572	0.692008949670925
251000	252000	-0.237167974597813	1.85127138596943	0.772767513524677
252000	253000	-0.440563171714298	1.63279322714269	1.19292658282182
253000	254000	-0.291847752638983	1.29859160753385	1.51987770414835
254000	255000	-0.621283019778851	0.989789722043716	1.61107186175772
255000	256000	-0.775677319644964	0.701336220871301	1.28096393026477
256000	257000	-0.819296328128477	0.358546649147891	1.63691751883066
257000	258000	-0.439934423493685	0.0518213793794164	1.7976363752814
258000	259000	-0.0511682808796367	-0.231536801659038	1.57656667728154
259000	260000	-0.180794302760434	-0.175621619338661	1.06137928486103
260000	261000	-0.520376018421348	-0.021363023229923	0.695060570541767
261000	262000	-0.937361233043323	0.0647195413100385	0.305940506227716
262000	263000	-1.13528573676723	-0.446913805780555	0.272199783027578
263000	264000	-0.913790284396341	-0.807939527080259	0.70474797909735
264000	265000	-0.563354460298578	-1.19263490949552	0.845822257058338
265000	266000	-0.244105714957044	-1.54500161917526	0.545613871149797
266000	267000	-0.116039359543568	-1.75949768223669	0.0243317942865987
267000	268000	0.00587073991258295	-1.67374555159531	-0.538580976768114
268000	269000	-0.330804794291787	-1.20716181599382	-0.579785965792452
269000	270000	0.149106813876792	-1.05882431409438	-0.380767026535385
270000	271000	0.19793540241711	-1.25613742070438	0.149941704514469
271000	272000	0.65872212063926	-1.46637175971771	0.102772211831481
272000	273000	0.911006757354135	-1.76831072451844	0.358466204578343
273000	274000	1.09290899760054	-2.12383093894372	0.066068770675907
274000	275000	0.944791906373059	-2.54031021737757	-0.128594855214404
275000	276000	0.687436785562748	-2.51270815151061	-0.528242979630597
276000	277000	0.365280333596255	-2.25890283132142	-0.767987373049629
277000	278000	-0.0745574440312724	-2.23107516832223	-0.487143473399495
278000	279000	-0.284627565116072	-2.25582640395396	0.0265230977889977
279000	280000	-0.27407468630237	-2.10665266072059	0.600654195947547
280000	281000	0.0348579227362682	-1.96233081636954	1.1259132484885
281000	282000	0.491150924529279	-2.13851448614812	0.990052759988875
282000	283000	0.495660850400815	-2.30973138602527	0.525262891812231
283000	284000	0.53033270488673	-2.75675938962918	0.412110577275417
284000	285000	0.312137115231868	-2.69800693307344	-0.00868542349650324
285000	286000	0.712125443485618	-3.06548153022041	0.0795756480781186
286000	287000	0.579172813049692	-3.247164455496	-0.280951725181235
287000	288000	0.375097698487152	-3.33356900647291	-0.628684581899481
288000	289000	0.225870345466321	-2.96619262331379	-0.716867350830455
289000	290000	-0.105261794146057	-2.7041800614105	-0.528635591991928
290000	291000	-0.481912289658965	-2.80666680689387	-0.26630808915437
291000	292000	-0.904492192001845	-3.66292655257994	-0.113147671201844
292000	293000	-1.51574997430114	-4.73563182360005	-0.0393003045975573
293000	294000	-1.48753897887256	-3.74181563125976	-0.21180187428332
294000	295000	-1.2879760199405	-3.11309507302487	-0.319032240886348
295000	296000	-1.04822496390309	-2.78045253871197	-0.567514106692793
296000	297000	-0.69325436323225	-2.68333500128901	-0.812484986214195
297000	298000	-0.633407393457129	-3.13040515651616	-0.882223905637458
298000	299000	-0.37263151998607	-3.49505737110591	-1.07583421720477
299000	3e+05	-0.0705483272364356	-3.11911592163425	-1.15333576365737
3e+05	301000	-0.235801310771865	-2.84109329174838	-0.954656529941868
301000	302000	-0.266083945585095	-3.14875840835591	-0.567928897351508
302000	303000	-0.326910177954168	-3.49046398587879	-0.546114080050971
303000	304000	-0.752371927854829	-3.56083536820372	-0.653604198195208
304000	305000	-0.756107973463487	-3.17789189079314	-0.402433311387915
305000	306000	-0.777767972102017	-3.01607943425894	0.00874153738576755
306000	307000	-0.822309833972066	-3.30893078501216	0.225968874464506
307000	308000	-0.727099790937344	-3.23632795722948	0.636935304534252
308000	309000	-0.421759858638176	-3.49389237488392	0.541339185234239
309000	310000	-0.138122611994768	-3.31437848110889	0.862925362370505
310000	311000	-0.050842140218215	-3.23858719078723	0.471604305083165
311000	312000	0.288371238823749	-3.22989640640221	0.411010673892644
312000	313000	0.187636319160863	-3.61056497607028	0.322280562377481
313000	314000	0.00913741474639074	-3.54189002060972	-0.0435661993064432
314000	315000	-0.336970037504353	-3.39012392611765	-0.0793041360502235
315000	316000	0.0344700387096713	-3.16084050799646	-0.20778865498524
316000	317000	-0.160922638108277	-2.94022395778095	0.103875805158774
317000	318000	0.0229259648162616	-2.78777409654454	0.498474773978489
318000	319000	-0.413857575361771	-2.69864245001664	0.509023795657158
319000	320000	-0.22714053494108	-2.6645842786103	1.00187702020912
320000	321000	-0.708831594720004	-2.55849565928116	0.896683247755782
321000	322000	-0.713739001419836	-2.8374003659049	1.25505047602566
322000	323000	-1.18433410741722	-2.72367365966619	1.29824294884966
323000	324000	-1.22299189946032	-2.96069150542095	0.937676997218146
324000	325000	-1.29641903399017	-3.30610463882113	1.07571826267927
325000	326000	-1.58353642054015	-4.40883548499774	1.19923482546416
326000	327000	-1.21088864561025	-3.44714366756425	0.635538667134411
327000	328000	-1.00908170705387	-2.82261307159989	0.526402927270431
328000	329000	-0.974516667157505	-2.37135900444541	0.318536870187379
329000	330000	-1.25502312377077	-2.57679192571784	0.030405415487462
330000	331000	-1.57258834696743	-2.51025094012372	-0.222583321844228
331000	332000	-1.7670480993343	-2.02773384614875	-0.217495924602806
332000	333000	-1.76603513174452	-1.64018823732136	-0.054022584754418
333000	334000	-1.68196084466983	-2.01046266345199	0.273843942918281
334000	335000	-1.54208243199961	-2.38454910378289	0.42725371870396
335000	336000	-1.50061868094358	-2.7634367433614	0.533856169425047
336000	337000	-1.66772085787524	-2.70377135423538	0.871872274727791
337000	338000	-1.6431957472827	-2.35012068616328	0.912739422951086
338000	339000	-1.98032699069104	-2.32595748675875	0.790523526940435
339000	340000	-1.77418021763893	-1.99492936830177	0.719320466246007
340000	341000	-2.24801131608742	-1.92624052689121	0.61168553423087
341000	342000	-2.1367715344531	-1.50992788657727	0.560602766606055
342000	343000	-2.34310072697016	-1.10269806109999	0.489732759530754
343000	344000	-2.31111808644197	-0.623808614472677	0.66732854812285
344000	345000	-2.33959908060621	-0.860124761887943	1.11123967962312
345000	346000	-2.28787916446663	-1.33112389441566	1.21853362809446
346000	347000	-1.96808893900153	-1.65981661288098	1.21459978207207
347000	348000	-1.59753707679817	-1.42862922655567	1.01200171599175
348000	349000	-1.63723026827089	-1.32134701565243	0.558473377318074
349000	350000	-1.70885265766748	-0.916267359752485	0.321159972155839
350000	351000	-1.65173694738048	-0.676994922267555	0.843409707880403
351000	352000	-1.55780312311751	-0.680716764633041	1.36639453234287
352000	353000	-1.61740483931296	-1.03488741925142	1.71914965996612
353000	354000	-1.66516595050223	-1.54501256110789	1.6748258060595
354000	355000	-1.23144313528651	-1.59761194211922	1.53719399021691
355000	356000	-0.877564287136968	-1.81452735500779	1.76893088093836
356000	357000	-1.04123195137442	-2.30222803669236	2.1894781775268
357000	358000	-1.18596799249428	-3.12304914242116	2.80126913037721
358000	359000	-0.78981853520722	-2.94833400118863	1.83081663213879
359000	360000	-0.444887571399672	-3.22878677900796	1.49661736709628
360000	361000	-0.00725256231185146	-4.16577656032696	1.84920890841741
361000	362000	0.176432742128153	-3.81841131153457	2.2083961780016
362000	363000	0.325154377055754	-3.42692043938706	2.53394181818323
363000	364000	-0.102127915845485	-2.73423439348147	1.89847101130972
364000	365000	-0.516525944880907	-2.22279016960397	1.38729502848379
365000	366000	-0.910324437904955	-2.03342540204276	1.08226142363012
366000	367000	-1.29610453213726	-2.14308272926469	1.36260556245649
367000	368000	-1.68626865304771	-2.69172232231739	1.62300602216789
368000	369000	-2.3586317258413	-3.50052408359586	1.96749922517914
369000	370000	-2.08349530841224	-3.14830382789979	1.10379935590647
370000	371000	-2.01076209325066	-2.78174407524256	0.528596159776489
371000	372000	-2.09288429135915	-2.40833801182486	0.199967602714124
372000	373000	-2.10503776930275	-2.3650727279432	-0.349816202017502
373000	374000	-1.59725147143594	-2.25694419789518	-0.699943877551587
374000	375000	-1.07680860177361	-2.07324077967087	-0.478563830448631
375000	376000	-0.829148021044537	-1.73342056061414	-0.130977988190702
376000	377000	-1.02685990617901	-1.26943092829011	-0.332985954856113
377000	378000	-1.04117807710978	-1.43344897351585	-0.823950466585305
378000	379000	-1.33758546843001	-1.72285277075123	-1.02007322741339
379000	380000	-1.7754501167011	-1.88023689663124	-1.18023637720453
380000	381000	-1.92353007488533	-1.31037696520687	-1.19718398931463
381000	382000	-2.06131667179237	-1.5789921869203	-1.65143219595751
382000	383000	-1.65876591364759	-1.35674994341216	-1.89889050265083
383000	384000	-1.89543297602448	-1.54809761838941	-2.30764686047588
384000	385000	-2.12254382095709	-1.19862784451671	-2.06143654581605
385000	386000	-2.18580570615911	-0.863330291770568	-1.66549162190364
386000	387000	-2.28807326958351	-0.314633361019632	-1.51344346217531
387000	388000	-2.09875337905863	0.297285187914992	-1.56490225998987
388000	389000	-1.8458906025948	0.250791332825338	-1.0850683215613
389000	390000	-1.70767262094958	-0.223539355098578	-1.20764183028586
390000	391000	-1.82789604158271	-0.170434984556276	-1.7609691355352
391000	392000	-2.16393435790024	-0.0521926662094115	-2.18596526151132
392000	393000	-2.17407874563708	-0.41314153357397	-2.46010296322533
393000	394000	-2.0606047365267	-0.4918171352025	-2.11422715245916
394000	395000	-1.75879649167846	-0.678545689236219	-1.81723749054445
395000	396000	-1.88972286672073	-0.862216627553143	-2.2907783847337
396000	397000	-2.22886157043175	-0.836782049807036	-2.85678518279802
397000	398000	-2.73257655225016	-0.770017198920369	-3.86998654202047
398000	399000	-1.77037519234605	-0.541476780579998	-3.20186197077119
399000	4e+05	-1.30966157416738	-0.414055990977906	-3.02514455714717
4e+05	401000	-1.24565924091527	0.020636586171589	-3.10528910738999
401000	402000	-1.20159003132981	0.168736435666688	-2.70297302047061
402000	403000	-1.12910331149907	-0.233044927959185	-2.43393181573165
403000	404000	-1.27635778457203	-0.540129327139481	-2.15249895265342
404000	405000	-0.863209368879286	-0.763313131836681	-2.19859537311176
405000	406000	-0.692377430480056	-0.775646274087321	-1.79504000699852
406000	407000	-0.532109691019035	-0.329087875370577	-1.67407311735994
407000	408000	-0.9071157008241	-0.172513289584436	-1.27514452330753
408000	409000	-1.1511167155871	-0.663636313778389	-1.28505730349483
409000	410000	-1.13437770342287	-1.17130162864571	-1.50969123186583
410000	411000	-1.19894935664477	-1.67303290061847	-1.75308667957139
411000	412000	-1.43109064201703	-2.13922247502404	-1.96348722464654
412000	413000	-1.23898526731271	-2.41331741689834	-1.66526642794958
413000	414000	-1.07698532692666	-2.72580463024025	-1.377968592154
414000	415000	-0.67178246868919	-2.95349774947059	-1.51480056629607
415000	416000	-0.24181159356291	-2.88107126574399	-1.73721745665452
416000	417000	0.000972709454350546	-2.48652629269997	-1.69596252716662
417000	418000	0.00385463529863	-2.51168652175449	-2.13822215097941
418000	419000	-0.346977260413505	-2.46105121808744	-2.31166331353768
419000	420000	-0.611271873870693	-2.8381869066216	-2.3106720828973
420000	421000	-0.662205962859246	-2.59016379232519	-1.91324624486815
421000	422000	-0.515752072686944	-2.32300715831839	-1.55375989551632
422000	423000	-0.665841161319535	-1.96767514383	-1.75645173541114
423000	424000	-0.887081391954846	-2.12547370058354	-2.15394214039367
424000	425000	-0.979946336736813	-2.24943345035695	-2.56829117560407
425000	426000	-1.00663204411364	-1.88797047669196	-2.83837004776771
426000	427000	-0.705873326928421	-1.83737254419776	-2.96171547158526
427000	428000	-0.666528241652866	-1.86601125198519	-2.54359647716064
428000	429000	-0.440194515184204	-1.88031933407299	-2.20238846482828
429000	430000	-0.437310507926732	-1.43123780200796	-2.28308969832496
430000	431000	-0.152028520375577	-1.33038091791264	-1.96954396935203
431000	432000	-0.228843818083934	-1.08454492731159	-1.59046467508176
432000	433000	-0.133175042859074	-1.55196773952333	-1.32995816203381
433000	434000	0.381134448508707	-1.35513288204551	-1.44174422165921
434000	435000	0.705282992890356	-1.73447996640906	-1.54774523054585
435000	436000	0.694838213049902	-1.94154626820874	-1.98793570876199
436000	437000	0.190142307753292	-2.02780559335232	-2.12746887439837
437000	438000	-0.0800633244230994	-2.00572021308609	-2.44005652611775
438000	439000	-0.0930438874124544	-2.19348045741818	-2.76012012063378
439000	440000	-0.404931571542461	-2.17737870376479	-3.00192027587195
440000	441000	-0.296699881480552	-1.81924616553245	-2.77270675072512
441000	442000	-0.364696555384682	-1.51817157403884	-2.89240209566593
442000	443000	-0.113502548689185	-1.22045573378487	-2.83782770840904
443000	444000	-0.50896381830291	-1.09636996906252	-2.74071942603786
444000	445000	-0.714526653098568	-0.787212103480801	-2.93221665514657
445000	446000	-0.922518614982496	-0.762701195696047	-3.62145789374582
446000	447000	-1.02558402393845	-0.238854392281127	-4.61467407834136
447000	448000	-0.712848644524356	-0.243716883735037	-3.52372681177871
448000	449000	-0.481552966913251	-0.367346466516268	-3.11126408013748
449000	450000	-0.339669393175148	-0.51962264141976	-2.72034449272867
450000	451000	0.107162384627928	-0.649701510396319	-2.9194415481354
451000	452000	0.0502489060126907	-0.735300219921352	-2.33796348556447
452000	453000	0.577471424199619	-0.612943062529778	-2.49044102559971
453000	454000	0.443948103594977	-0.51664991730116	-1.91275330743422
454000	455000	0.689446480002718	-0.0542948182729987	-2.15897820388955
455000	456000	0.248433547881662	0.17286506650331	-1.95517294370381
456000	457000	0.0724209258782834	0.155421106979671	-2.5361681262127
457000	458000	-0.444046296292673	0.25058256658799	-2.29131649241937
458000	459000	-0.404350366332247	0.650652869490633	-2.71478051277008
459000	460000	-0.17932454727133	0.712334803731035	-2.10581067735227
460000	461000	0.180188866285889	0.832477363554207	-2.58031765841459
461000	462000	0.0537197954560991	1.22813074640108	-2.2015260974448
462000	463000	-0.444025430864726	1.31695509827168	-2.47714852838651
463000	464000	-0.838684144171893	0.966207901862911	-2.40564355788503
464000	465000	-1.07560501221781	0.535021605810479	-2.44032895946841
465000	466000	-0.99146626404357	0.540556554557988	-1.92055461944259
466000	467000	-1.04489128779392	1.00703977300809	-1.6255244249913
467000	468000	-1.4366535985505	1.06034787009616	-1.94442983266735
468000	469000	-1.59220868868568	0.620591264291103	-2.20813040631672
469000	470000	-1.70695272666617	0.262168611542681	-2.45433947026572
470000	471000	-1.7106418715784	-0.0565536721077749	-2.57488185332283
471000	472000	-1.87698640032388	-0.118517237429095	-2.92784143128928
472000	473000	-1.64018626222722	-0.305470276405361	-2.79014172674831
473000	474000	-1.93239172522278	-0.429220908952824	-2.80012035768433
474000	475000	-1.72092558005324	-0.520520230163932	-2.56463941746853
475000	476000	-1.63930606612725	-0.624336582632208	-2.84321381770462
476000	477000	-1.56861283156396	-0.912938453209025	-2.80286316845732
477000	478000	-1.71868702167894	-1.13002773613937	-3.10844726988365
478000	479000	-1.55257044165497	-1.49134420422497	-2.8483194841098
479000	480000	-1.18701797015722	-1.56398555127642	-2.72247890153577
480000	481000	-1.31294198204897	-1.65050558345216	-2.36592812318968
481000	482000	-1.03699924653628	-1.29124937751959	-2.24797663263624
482000	483000	-1.38288146552119	-1.06775579644964	-2.40306175277169
483000	484000	-1.11579583195011	-0.906592494061707	-2.7300682084198
484000	485000	-1.15972474211365	-1.25757128501037	-3.00754587943336
485000	486000	-0.820659902621249	-1.16738264520377	-3.16096058358588
486000	487000	-0.737260937745466	-1.34887624278505	-3.56506901864637
487000	488000	-0.270025021046137	-1.2484072508949	-3.39072805256069
488000	489000	-0.4845508134375	-1.42754774457941	-3.19063481634856
489000	490000	-0.215340596471904	-1.5980881642564	-3.29705442005811
490000	491000	-0.472375736502962	-1.76516180452893	-3.23862105722538
491000	492000	-0.222475758843879	-1.8650037592255	-3.11241966730068
492000	493000	-0.0399106989915538	-1.62954712371886	-3.00855664373618
493000	494000	0.15055417171297	-1.91590764924367	-3.04939045852408
494000	495000	0.000406722747635378	-1.88128846364621	-3.37334944930321
495000	496000	0.50302554172601	-2.10084644014809	-4.49849080287153
496000	497000	0.312848071002245	-1.55002838255964	-3.45888119931128
497000	498000	0.347638720494727	-1.29312236419526	-3.00963047442966
498000	499000	0.356745872208309	-1.1665398957524	-2.55140584152095
499000	5e+05	0.174465856228126	-1.52981306148768	-2.41315765064668
5e+05	501000	0.506895857423377	-1.76006332198705	-2.61352058932897
501000	502000	0.858977582527152	-1.46565506219562	-2.42563516767308
502000	503000	1.24150234768514	-1.20092120431121	-2.08110411409281
503000	504000	1.46134355108309	-0.890257231018665	-1.68936017138551
504000	505000	1.58675502272513	-0.579938714111813	-1.32863964413004
505000	506000	2.01569827814908	-0.322270531049228	-1.21592381838264
506000	507000	2.01245263307839	-0.482603767176739	-1.6290255190868
507000	508000	1.65047127492173	-0.478469907993149	-1.87023896658217
508000	509000	1.55194089585891	-0.0997249351045635	-1.77145244163298
509000	510000	1.77927428141904	0.31710149368276	-1.76803536580172
510000	511000	1.6956418891777	0.654084481249082	-1.5353664820082
511000	512000	2.04807685261983	0.930919104933425	-1.4674449038092
512000	513000	1.71923241317209	1.02883373426226	-1.09605807208183
513000	514000	2.20941269470952	1.20226738605171	-1.08004551508238
514000	515000	1.83602939559801	1.3933577134526	-0.785934112909876
515000	516000	2.30377905967689	1.63233463426606	-1.13063665933229
516000	517000	1.89798903289923	1.76477008474045	-1.04185511333856
517000	518000	1.99739073900611	2.12175196204824	-1.12980853499691
518000	519000	1.89481630377748	2.5219643336645	-1.3591596110778
519000	520000	1.54279011655459	2.75726579946911	-1.36683155329757
520000	521000	1.26962636179363	2.44789978616172	-1.36512883843452
521000	522000	1.61900142566958	2.12085835208806	-1.4328577470529
522000	523000	2.15629811572929	2.21835853666666	-1.5929257124858
523000	524000	2.70226855025938	2.36781911833847	-2.56696375786902
524000	525000	1.81046392136352	2.00477129214469	-1.90849512523086
525000	526000	1.29580192605751	1.6272097576539	-1.59314226953759
526000	527000	1.71973482195507	1.39574135568525	-1.51113926797297
527000	528000	2.40473548744078	1.42630814539641	-1.76138913032077
528000	529000	2.94747765697775	1.3779095957633	-2.70749875577549
529000	530000	1.96381697154413	1.10596442593142	-2.04613423191772
530000	531000	1.05065277342791	0.950690153324752	-1.3794802636949
531000	532000	0.504471614205012	0.896372681672593	-1.28955248962004
532000	533000	0.747329456439189	0.931424412322174	-2.32660493817586
533000	534000	1.22726676850589	0.800355140945071	-3.34752140734914
534000	535000	1.46351314111726	0.563597098032358	-2.57884293844074
535000	536000	1.1655426523764	0.692646892854737	-2.01951367443894
536000	537000	1.11999338381067	1.3059252691736	-2.70185376607329
537000	538000	1.02696477449218	1.85464795949944	-3.51611367557559
538000	539000	0.711616671734896	1.98100039163718	-2.61879707283836
539000	540000	0.577655625161553	2.05028616181627	-2.0100064256157
540000	541000	0.120495269333919	2.11437605372778	-1.87903197169983
541000	542000	-0.122909062657982	1.66261032888166	-1.77104675209024
542000	543000	-0.150714407146905	1.37747497796514	-1.33410416557817
543000	544000	0.191040948734484	1.51084042989247	-1.00414402234078
544000	545000	0.623652735095226	1.70077963919012	-1.11822558080544
545000	546000	0.915057920252978	1.63256178259102	-0.743694543085342
546000	547000	0.779616581235547	1.7391298368307	-0.297387767214784
547000	548000	0.412157025224996	1.99899390985622	-0.107592346081423
548000	549000	0.0154338985484344	2.26145026096301	-0.189080747397656
549000	550000	-1.13559034557333	2.91306443239571	-0.560117322474569
550000	551000	-2.07445031885182	3.462568800285	-1.04282909542787
551000	552000	-1.23233913334929	2.87457108343741	-1.1109503129077
552000	553000	-0.671165233056771	2.58836503903932	-0.94821975040728
553000	554000	-0.123029843760633	2.39292179296586	-1.00526389771624
554000	555000	0.258878125374807	2.34163930556528	-1.33245485699242
555000	556000	0.326134472214676	2.79226713714655	-1.56546310133589
556000	557000	0.21658180984336	2.792382280613	-1.13776914184075
557000	558000	0.0199746561470269	2.81600787771449	-0.731847604481465
558000	559000	0.0395149477681069	3.1819833769337	-1.14190830493733
559000	560000	0.0639059377092241	3.83817330148507	-1.0843335635659
560000	561000	-0.26780762513417	4.9048498224987	-0.933127694720529
561000	562000	-0.00841604925737744	3.82498041252171	-0.457281920792911
562000	563000	0.087635359838098	3.05035658319013	-0.316178787062044
563000	564000	0.486310678427886	2.89724087720987	-0.304436265564359
564000	565000	0.898717556111105	2.9689369485666	-0.161539863119385
565000	566000	1.17236939435362	3.28261394014202	-0.166403646301582
566000	567000	1.21049754816884	3.34703643614508	-0.575681500854695
567000	568000	1.21181877507034	3.26917100282184	-1.01466259914209
568000	569000	1.03737354125976	2.97638672002557	-1.27406431422121
569000	570000	0.749268655060171	2.65583022459351	-1.09985801268649
570000	571000	0.531962497991514	2.57234357978944	-0.701091480427941
571000	572000	0.882882193333927	2.42610789196721	-0.524962119869372
572000	573000	1.26839372112082	2.5245474205791	-0.47663797773692
573000	574000	1.63755381327941	2.62938468258457	-0.446732194065619
574000	575000	1.96354050502768	2.95422893384639	-0.386511119087225
575000	576000	3.06756901425869	3.48632415357886	-0.0704742695717652
576000	577000	2.40976357226153	2.65444334077082	-0.0453307489819088
577000	578000	1.72164281715294	2.04851554329639	-0.0703416468078145
578000	579000	1.25461030027128	2.17824484905961	0.0677127947272682
579000	580000	1.54827185750827	2.58631145691342	0.221899406367745
580000	581000	2.00920047332508	2.24180525531015	0.335671726533695
581000	582000	2.16283961178493	1.86192940084112	0.622195732485065
582000	583000	1.74331788742183	1.53494221010176	0.671501785381756
583000	584000	1.3964142001729	1.8539798192361	0.787458862293362
584000	585000	1.05322663157425	2.16202366837839	0.78433913811691
585000	586000	1.06364580750454	2.57333139608501	1.05718661112663
586000	587000	0.715697987455735	2.80297426751022	0.825033967976938
587000	588000	0.66693407370015	2.98131178177179	0.415076939367075
588000	589000	0.273573116120195	3.2303467796228	0.488688075552343
589000	590000	-0.0729198236905115	3.15274548318714	0.910324387594613
590000	591000	-0.0810242531924847	2.77365881172664	0.544280698480343
591000	592000	-0.319621369160965	2.6127460627682	0.0842811159485099
592000	593000	-0.531195392149203	2.28305685743674	-0.373880322018008
593000	594000	-0.487852290612511	2.01283558823366	-0.854587171127153
594000	595000	-0.630637045723625	1.8989435931795	-1.33817880833586
595000	596000	-0.790550321445556	1.65161319057691	-1.81255689074088
596000	597000	-0.737952181163351	2.13439418864583	-1.89690242317176
597000	598000	-0.572306068874991	2.58825160199802	-1.56173185068497
598000	599000	-0.686304654043134	3.24432582787175	-1.4286169670476
599000	6e+05	-1.17038597151184	4.22113696583745	-1.55691107692206
6e+05	601000	-0.422747797760328	3.63165992751495	-0.970440844081545
601000	602000	-0.184769875290836	3.41321201321384	-0.695399338117404
602000	603000	0.109297332179577	3.38745509899995	-0.765181977385005
603000	604000	0.295200290137295	3.58405478307428	-0.929602531439558
604000	605000	0.364843839625701	3.26908643348573	-0.790596290902427
605000	606000	0.2955081113844	3.67380061708085	-0.608202832676854
606000	607000	0.188577998722034	3.39860999907247	-0.382685032427922
607000	608000	0.443418469815225	3.67178168242253	-0.218298098658242
608000	609000	0.514121476207408	3.30335048770892	-0.132078251872764
609000	610000	0.755290768243394	3.43820629400531	-0.338572971151982
610000	611000	0.54210450317009	3.36585627517954	-0.528081235603146
611000	612000	0.649130526846172	3.72782190013571	-0.564844352682883
612000	613000	0.985483992498437	3.74784152605254	-0.675798872203466
613000	614000	0.735647461867385	3.4441223777961	-0.80813267637989
614000	615000	0.62158186063022	3.5148324779201	-1.14329570199333
615000	616000	0.592563529495466	3.27663232948645	-1.45594603193897
616000	617000	0.674541274732638	3.07642255983679	-1.00082219715677
617000	618000	0.864624155179166	3.09377708284642	-0.674537597300522
618000	619000	1.11059048849187	2.90247769878434	-0.75593781830386
619000	620000	1.41487193980374	3.03316554733562	-0.603437750548312
620000	621000	1.34774135011594	2.72739642251566	-0.92064330970864
621000	622000	1.67815161305679	2.88628341925653	-0.846037504758711
622000	623000	2.07166982678426	2.78506844571723	-1.00848613957024
623000	624000	1.95928910890942	2.4343898038462	-0.766184795223851
624000	625000	1.58401534464268	2.30201640991385	-0.886827189706958
625000	626000	1.33046148885202	2.00449627216136	-1.06473903715422
