0	1000	-0.0134557174827295	-2.63831640273767	1.24097367120786
1000	2000	-0.229202091538628	-2.40269097996284	1.16379747988573
2000	3000	-0.374694563414583	-2.15107241420204	1.55063232932853
3000	4000	-0.624500260916168	-1.77956205513206	1.59633841609934
4000	5000	-0.711905167220673	-1.52754204799529	1.74595395380413
5000	6000	-0.740859512887125	-1.14710515255236	1.91006811354231
6000	7000	-0.958369544843319	-0.796097368990044	1.86184233685424
7000	8000	-0.909901698363821	-0.661339247281897	2.14401601237532
8000	9000	-1.20255604565218	-0.62958407821209	2.03796092190869
9000	10000	-0.847975687611341	-0.467844568589504	1.87804950834212
10000	11000	-1.11491933538608	-0.424936157073991	1.73158900950625
11000	12000	-1.00923142417351	-0.196840314339977	2.24406305028487
12000	13000	-1.2960200445296	-0.129169913423032	1.9049356379123
13000	14000	-0.996280676349525	0.0596883858106728	1.72016723462021
14000	15000	-1.30064472785076	0.20184792720453	1.76601135634152
15000	16000	-1.00319769170101	0.382937700330668	1.91937707221871
16000	17000	-1.34069528244172	0.543502212041285	1.67092150663792
17000	18000	-1.0432023462189	0.785907981965588	1.59455662061246
18000	19000	-1.28128246398431	1.05964997231433	1.34301020877613
19000	20000	-0.891486616060736	1.17187607221764	1.21602707480528
20000	21000	-1.03883971877747	1.43165896663645	1.48100129889874
21000	22000	-1.03652284813833	1.58873679703945	1.15897651362269
22000	23000	-1.15889438787041	1.74844956602046	0.810578891433667
23000	24000	-0.993639803213091	1.45977898992838	0.656399408684898
24000	25000	-1.2017286064324	1.15832673201226	0.515385575630231
25000	26000	-1.28727627321619	1.18124164546392	0.898511064774877
26000	27000	-1.39463238506057	1.48570246323772	0.758334474877839
27000	28000	-1.7057577538121	1.39696515135879	0.604475809207461
28000	29000	-2.4974697768343	1.3594533924825	0.681611129422492
29000	30000	-2.10037893211747	1.51201781740631	1.29222040705027
30000	31000	-1.64525575784087	1.63056237469507	1.26330920152156
31000	32000	-1.31951695729174	1.76851328151164	1.43031771784307
32000	33000	-1.05277596642089	1.84521964774707	1.73122474682104
33000	34000	-0.879004920604177	1.91981934512138	1.39194901352408
34000	35000	-0.741213701848757	2.12573341418902	1.02876190743241
35000	36000	-0.482685964073832	2.20027741602028	0.660686898943674
36000	37000	-0.960111090857926	2.29204126972099	0.640215123861343
37000	38000	-1.18003788834919	2.19438232157402	1.00884468615165
38000	39000	-1.46434095180763	2.49614109892018	1.29806702205461
39000	40000	-1.61652701950647	2.09690620263124	1.23739076267182
40000	41000	-1.72865536041443	2.09422877706107	1.56621858558738
41000	42000	-2.22840066638846	1.95710279956357	2.18584356305311
42000	43000	-1.49287393993994	1.72523847249685	1.81060498770985
43000	44000	-1.44683039759948	1.41364561575464	1.5724078628481
44000	45000	-1.21267239293295	1.28700980975984	1.90384575818322
45000	46000	-1.44993983873025	1.00146738184346	1.74313217519915
46000	47000	-1.49871061795143	0.419782788526793	2.62750168582981
47000	48000	-1.22502256404358	0.666546431825072	2.09721001742645
48000	49000	-1.23220815733604	1.90703230984779	2.52321874629591
49000	50000	-1.10076055584514	2.64226106962867	2.33525525621987
50000	51000	-0.979118351130352	2.98420162140717	2.24997390557373
51000	52000	-1.06864731003527	3.29311754486253	2.21397499154073
52000	53000	-0.838536424969355	3.22178292563007	2.00233843212906
53000	54000	-0.527991435546133	3.42205673584286	2.23004860513006
54000	55000	-0.668261995362114	3.52094686699857	1.93854685868857
55000	56000	-0.745995730689684	3.81261448571757	1.77925202992613
56000	57000	-0.814161552704955	3.88408387308023	1.37805163310456
57000	58000	-1.08036971623407	3.70151684736817	1.19574855707188
58000	59000	-0.943255278243152	3.81638429902867	0.874627734172132
59000	60000	-1.27515874378426	3.61270509214901	0.714444539014419
60000	61000	-1.21825598416577	3.58383397226849	0.336746891198919
61000	62000	-1.37945855457533	3.29153765074512	0.363598486753087
62000	63000	-1.06820982756282	3.17181959193673	0.466223125497063
63000	64000	-1.02365652947459	3.12192810386509	0.866278470229254
64000	65000	-0.671304132960665	3.06374457692083	0.894331611664756
65000	66000	-0.922425893644809	2.80531959686833	1.04430868473175
66000	67000	-0.68125639201456	2.55693227154195	1.20700167571848
67000	68000	-0.700876900957395	2.38079400440961	1.51905791629839
68000	69000	-0.7985509201233	2.52069513548294	1.90395822535131
69000	70000	-0.440643525656594	2.73857802922797	1.64586062877309
70000	71000	-0.235559577564026	2.63680872874409	1.35335536233051
71000	72000	-0.263028399050174	2.80616671679699	1.02332987311591
72000	73000	-0.282299730781742	3.02563438483687	1.3167824079193
73000	74000	-0.622067958574634	2.99931085018764	1.37215128046636
74000	75000	-0.766769158550914	3.35243321889003	1.50598783655909
75000	76000	-0.964668058376772	3.50671009904781	1.75497532607404
76000	77000	-0.959970673267901	3.73278931319704	2.14405346975607
77000	78000	-1.29437101381363	3.59972460428945	2.31456606863499
78000	79000	-0.930740377235494	3.53099894855992	2.5020233817129
79000	80000	-1.16167131396661	3.18969120454607	2.82448482924953
80000	81000	-0.685319155458459	3.21636992968556	2.66548239130993
81000	82000	-0.764090517031127	2.82655640036111	2.81693835021027
82000	83000	-0.456145155193923	2.92971699606836	2.99704636205782
83000	84000	-0.698133781188102	2.74447708179552	3.23306429803713
84000	85000	-0.338182575099971	2.52769498258544	3.18520368760371
85000	86000	-0.574150510627036	2.27302107368002	2.92891473222237
86000	87000	-0.266005776981781	1.93186298565528	2.9442087829121
87000	88000	-0.337942589621107	2.1150167596109	2.53435360289443
88000	89000	-0.0178923952638008	2.12338945996517	2.3949489880785
89000	90000	0.347697152222167	2.29134806716415	2.31816337389816
90000	91000	0.704559805026878	2.40967985252954	2.36424556796954
91000	92000	0.741787711415832	2.58843277709524	3.1861336367291
92000	93000	1.00669208468985	2.6470507242789	2.2060840336458
93000	94000	0.582645858286167	2.84959511634357	2.194253272061
94000	95000	0.877227200925549	2.51615093989151	1.88207557370982
95000	96000	0.490898128002879	2.51906138511016	1.84262522439657
96000	97000	0.700089422699136	2.49944893163781	1.52805006126661
97000	98000	0.733296666235373	2.15565524052852	1.72323109507329
98000	99000	0.932819019159002	1.93152613511079	2.05087577643113
99000	1e+05	1.21983840632053	2.10164825640086	2.24392536571096
1e+05	101000	1.59546311052935	2.13730658386724	2.12349209284485
101000	102000	1.52012804964243	1.88624080231233	1.80667741176113
102000	103000	1.47688042156312	1.9397277057802	1.34700894232162
103000	104000	1.11907433926931	2.07301752233781	1.4710718340519
104000	105000	0.331643198344063	1.7680692929017	1.72229609468546
105000	106000	0.00412052567433382	1.83075713668149	2.03498308259905
106000	107000	-0.312916718998139	1.74725384757268	1.91831997216144
107000	108000	-0.631767074203264	1.58817857697103	1.83979514580668
108000	109000	-0.609376021612183	1.89760925126767	2.0278477199527
109000	110000	-0.344168970209383	2.22919711406434	2.08832634399832
110000	111000	-0.0535161349239833	2.50382472368464	2.18262982798051
111000	112000	-0.216638634274328	2.49293477159133	2.51092363039509
112000	113000	-0.433194860117473	2.76170478377099	2.44345921237123
113000	114000	-0.101355782607136	2.87115800093027	2.53597533190244
114000	115000	0.397376741592781	3.02955859388104	2.72105061051832
115000	116000	1.01522055657109	3.10049047258648	2.73290383924486
116000	117000	1.41739581847567	2.86901891667244	2.55664619420655
117000	118000	1.73095147703145	2.93178280201318	2.68484230140914
118000	119000	1.52004833963133	3.26876076563431	2.37736515719266
119000	120000	1.24775349570787	3.77668144535032	1.97849299410114
120000	121000	0.977362784198205	3.04160351940668	1.92078038438868
121000	122000	0.416285981612454	3.06672595730695	1.70099138637075
122000	123000	0.0144935260919279	2.87871333103962	1.68308053493289
123000	124000	0.217110906806364	2.60329260014413	1.49814378909161
124000	125000	0.648905261678055	2.83660805982482	0.800416968728052
125000	126000	0.453156200740512	2.13979887514996	1.13095664661074
126000	127000	0.245839339928344	1.88954364438643	0.870627181112679
127000	128000	0.212698351567435	1.67701055226318	0.629724982578371
128000	129000	0.267456547495485	0.954462374942229	0.901477591220324
129000	130000	0.570387121201206	1.21438533443315	1.42927586007827
130000	131000	0.768348254887928	1.30427991212038	1.76111874283189
131000	132000	0.808820372652199	0.977185476438641	2.04528377044923
132000	133000	1.07903854798659	1.37055270198859	2.0867792722223
133000	134000	1.10853196795731	1.52842073020387	2.51531569000289
134000	135000	1.53295102191706	2.02086028501449	2.56611826386608
135000	136000	1.62340017467802	2.30382924291345	2.79092594341441
136000	137000	1.63687184099466	2.3727786374654	3.70394754104619
137000	138000	1.83814905501962	1.91845875383598	2.83046461605076
138000	139000	1.42864297717176	1.3940983600066	3.3120824250057
139000	140000	1.64500488664094	1.44580183690728	2.44355916848385
140000	141000	1.58171358309156	1.3319222502723	2.07075921497746
141000	142000	1.66715423610628	0.97651496291097	2.02357900866834
142000	143000	1.52623590592228	0.746827586851352	2.42631816694953
143000	144000	2.02499562301277	1.01610158693057	2.45876493555293
144000	145000	1.92348558210491	1.04585793143365	2.87420560943791
145000	146000	2.03298779608604	0.731905960567451	2.7473818737766
146000	147000	1.93314847778459	0.655767502535332	2.48195020711995
147000	148000	2.26612762532539	0.362876564102345	2.46412547069196
148000	149000	2.57190480760932	0.789733159524729	2.49743945638915
149000	150000	2.7026090875362	0.871096615059473	2.74795814609061
150000	151000	2.94266360520311	0.966033007490447	2.50653160691843
151000	152000	3.03717432048541	1.14551656333605	2.19387237913103
152000	153000	3.256576021768	1.2636196374077	1.92669203652963
153000	154000	3.61501662610062	1.15487224056518	2.06933740127313
154000	155000	3.65886393951369	1.57367699865273	1.92965250283861
155000	156000	3.53527648502202	1.92146454278256	1.77491860071149
156000	157000	3.60260003511137	2.23649712196383	1.53498869155342
157000	158000	3.36084675736597	1.99717130135635	1.37640317544245
158000	159000	3.58827362199214	1.75921439647553	1.3349827220176
159000	160000	3.9061391299566	1.61764840444139	1.13921702667629
160000	161000	4.30437233842184	1.47453557495665	1.04069230532896
161000	162000	4.61440828613222	1.26582235809512	0.740625671092189
162000	163000	4.61600247524809	1.04439176391712	1.27940202863372
163000	164000	4.21939153344537	1.08259393742189	1.05203662930823
164000	165000	3.95544851884521	0.890654631941882	0.813329318023626
165000	166000	3.57262627767769	0.672199362982016	0.694630360979072
166000	167000	3.1845828339533	0.519119260375513	0.533027225356077
167000	168000	3.02290165235422	0.195756790338004	0.226039195084457
168000	169000	2.78001307259227	0.548369005315537	0.300393818361154
169000	170000	2.51580727289727	0.313835283825019	0.232537432973654
170000	171000	2.36607644398351	0.655090127630088	0.021224736937343
171000	172000	1.94879665051485	0.694662745588524	0.279262794722193
172000	173000	2.29094008775932	1.01512978938689	0.457348174951676
173000	174000	2.55618490233443	0.746660203928256	0.610209415307015
174000	175000	2.94012151301706	0.918741142010776	0.564750687796196
175000	176000	2.79025196286915	0.902568125130137	0.956832124000608
176000	177000	3.08769400021455	1.09996328131921	1.16852851711467
177000	178000	3.40645775452674	1.35819678471243	1.11935061697956
178000	179000	3.69748658500705	1.37519240923468	0.77788809404335
179000	180000	3.86027170649827	1.24667714305045	1.32339763842911
180000	181000	3.59821903179015	1.26325490118641	1.57604966780548
181000	182000	3.44600546692645	1.0009382050905	1.70118078416504
182000	183000	3.47231891754698	0.919889937340656	1.36979200256506
183000	184000	3.33252910380117	0.571413725559266	1.41931524611172
184000	185000	3.23570145307682	0.527457876594099	1.09461636135029
185000	186000	3.42044510399502	0.217291564557978	1.18826682826813
186000	187000	3.43470243145102	0.121688891849646	0.788011372153655
187000	188000	3.22472884331454	-0.181611851024335	1.11646317830638
188000	189000	2.94920435769976	-0.418766197471324	0.805524979401271
189000	190000	2.78409247678666	-0.0139645669187731	0.996250769067636
190000	191000	2.68129531651841	0.304744985758364	1.06697878971858
191000	192000	2.77849575302408	0.621057014705879	1.30160069884973
192000	193000	2.87357092402294	0.842539487009969	1.66908286792461
193000	194000	2.83555914437066	1.37228180878946	1.53594743756436
194000	195000	3.07987104486579	1.68444196068412	1.80067463581171
195000	196000	3.09679940424198	2.0740138721745	1.78154745268738
196000	197000	3.10109673588031	1.98229928478633	2.13730420371805
197000	198000	2.71278964524375	1.92036399818781	2.07320930473348
198000	199000	2.59336402750435	1.84288395535894	1.69722936960802
199000	2e+05	2.67942652334603	2.23436836422719	1.61149664728034
2e+05	201000	2.47716325636879	2.49323891757362	1.81983061197418
201000	202000	2.79999464811338	2.47237832615697	2.00962293393684
202000	203000	2.95256935751526	2.38202045456268	2.34643493710797
203000	204000	3.1386812828815	2.15647853282631	2.57631865469664
204000	205000	3.00730236544521	2.01441403454774	2.86623744108498
205000	206000	2.78779800635947	1.74474437047157	2.63929822204524
206000	207000	2.91881384008641	1.42359887295893	2.75416630164691
207000	208000	3.03994300729144	0.939670430073458	3.50917646698927
208000	209000	2.54986883992182	1.3982583877158	2.9409128210866
209000	210000	2.33683400382851	1.76001876028301	2.93570895974768
210000	211000	2.60459787071457	2.07583138324809	2.80171551304685
211000	212000	2.79731587515877	2.41538559755545	2.82374009826679
212000	213000	2.37524335737868	2.38683371241145	2.72053428215873
213000	214000	2.03736053199564	2.41950396904124	2.684854838731
214000	215000	2.0321139311989	2.26704494379851	3.03716524939645
215000	216000	2.42101605431591	2.26112133633146	3.18274317390368
216000	217000	2.51164437406936	2.58487325717096	3.06035063327361
217000	218000	2.64531504295911	2.87406307168009	2.88395552395441
218000	219000	2.27343744111565	2.80056404605181	2.76950912819963
219000	220000	2.56239761383699	2.74313680836697	2.52717436891271
220000	221000	2.30508093232352	2.96945371481032	2.4444674895628
221000	222000	2.62402529884909	3.14640185493735	2.20061337491591
222000	223000	2.30173895392221	2.67136883770369	2.20316123460927
223000	224000	2.45499608979413	2.32810984360879	2.272830686531
224000	225000	2.0501778234284	2.26766771607771	2.2392554868226
225000	226000	2.21894908681481	1.9089063058368	2.32397772793238
226000	227000	1.99879353557754	1.56509788872594	2.18175272793621
227000	228000	2.41180555369433	1.54513174612954	2.12633496151175
228000	229000	2.32863163611895	1.35114556586474	2.50309546703721
229000	230000	2.64988591977017	1.23618295117198	2.27433385066161
230000	231000	2.56608943578275	1.15028421482055	1.94745164414348
231000	232000	2.32480534519343	0.789884359919567	1.95470111193621
232000	233000	2.588985512673	0.455475482681403	1.80653120728706
233000	234000	2.6280083501203	0.255571834538359	1.46007234028067
234000	235000	2.8830036171316	-0.104866121407565	1.67400786325034
235000	236000	2.75201687895231	-0.343624479819779	1.33841257742444
236000	237000	2.54198408862101	-0.109166205034855	1.3461543221811
237000	238000	2.38956007945378	-0.23137914696772	1.10328367309841
238000	239000	2.11722782561077	-0.141723847787392	1.45723824591094
239000	240000	2.1437692030554	0.121310597037851	0.999264803176509
240000	241000	1.75412391215858	0.319733445815621	1.23591086161567
241000	242000	1.93489352891231	0.657951562025628	1.00834009852697
242000	243000	2.01865120329075	1.0395859228337	0.966071617159618
243000	244000	1.79739560110345	1.14353716960281	0.7449719223234
244000	245000	1.96528867977548	1.45900078233705	0.743370210911297
245000	246000	1.7924334203336	1.98562970718804	0.801202632582481
246000	247000	1.75946908368362	2.28900810684722	1.26546050422311
247000	248000	1.71333936319484	2.26019671544372	1.62956914758919
248000	249000	2.02498769366202	2.43691324808977	1.64495451626496
249000	250000	2.16796626684509	2.14426937522464	1.51237349445171
250000	251000	2.34584888741961	2.38250829365081	1.34017404268987
251000	252000	2.3721616481855	2.04651552433188	1.11331260947515
252000	253000	2.26936963143441	1.68805805913863	1.38215971393199
253000	254000	1.99363813147379	1.66114185202257	1.70435368557828
254000	255000	1.85896537837143	1.29539697617129	1.56780450628948
255000	256000	1.86718996141575	1.51284519189115	1.22782097895713
256000	257000	1.65807351757372	1.19227925824316	1.2496808128218
257000	258000	1.41477488273551	1.38594301714534	1.46452933093678
258000	259000	1.15306165423056	1.56042518724171	1.18073058995722
259000	260000	1.20460356495156	1.74291432331067	0.827523629645563
260000	261000	1.43828955451346	1.41396724038236	0.889163358689095
261000	262000	1.42604413193955	1.16740221055931	0.50360555757293
262000	263000	1.205075937503	1.53686309225879	0.335612631207597
263000	264000	0.893312669786474	1.89640584136992	0.0320660232123183
264000	265000	0.0204316406488091	2.27281521986148	-0.298444309019191
265000	266000	-0.47068800443801	2.19147025086677	-0.34528651944719
266000	267000	-0.80255301437699	2.45674144036638	-0.556033416928094
267000	268000	-0.521751618283928	2.64681227610195	-0.343137342872273
268000	269000	-0.775174674722563	2.75025938582669	-0.0699253090343172
269000	270000	-0.516591791918866	2.49008508213778	0.0133838067283264
270000	271000	-0.782675829565771	2.3168815627972	-0.102307730908284
271000	272000	-0.778874790437958	2.00430208936826	0.157788025423735
272000	273000	-1.0972723426452	2.2320353386031	0.163446093389277
273000	274000	-1.24468579066381	2.36216984226002	-0.14885830288671
274000	275000	-1.56019445721165	2.52826624236289	-0.451047312375574
275000	276000	-1.31996581151324	2.53743065889294	-0.744025788888222
276000	277000	-1.12285779816933	2.81265257094764	-0.710057541946035
277000	278000	-0.986331954061178	2.53970121280398	-0.972105148743842
278000	279000	-0.79459176584013	2.20060524734329	-0.912541265880262
279000	280000	-0.595890890857096	1.88635791348498	-0.71196663852963
280000	281000	-0.634107839471658	1.626533669103	-0.276413410096248
281000	282000	-1.0325752077218	1.96465413185091	-0.360105909038455
282000	283000	-1.3512413486777	2.11772852617731	-0.510184663503044
283000	284000	-1.37818428191108	2.16772696677634	-0.869866228472164
284000	285000	-1.7041370622363	2.30011779530427	-0.889177675081952
285000	286000	-1.50196974552476	2.57112241690384	-1.09107306121403
286000	287000	-2.06731021261378	2.74606030815817	-0.942820613979575
287000	288000	-1.78712659335008	2.85056669390502	-1.282079090254
288000	289000	-1.91112381730792	2.6682698355278	-1.59567200060821
289000	290000	-1.46820750294552	2.54723956007447	-1.61864876083506
290000	291000	-1.0237894647809	2.4957230053966	-1.49480437270402
291000	292000	-1.03858090166265	1.98381254129787	-1.57921414592246
292000	293000	-1.62686012663002	1.10668288347676	-1.8314898888118
293000	294000	-1.07007781768989	1.37325991459935	-2.19806241552665
294000	295000	-1.13631570827514	1.77613154843029	-1.92424313490539
295000	296000	-0.867420040853415	2.19015818201677	-1.89343665883966
296000	297000	-1.11580288393127	2.50678976935478	-1.96666628516446
297000	298000	-1.40283899525903	2.17389038851499	-1.89538189273286
298000	299000	-1.95673176950372	2.14660876489611	-2.12245650536407
299000	3e+05	-1.71463951392309	2.4617776293285	-1.95246649708923
3e+05	301000	-1.5719199989121	2.6743031361503	-2.10238429622371
301000	302000	-1.58179149716453	2.32527562572446	-2.25312504722129
302000	303000	-1.34467893117128	2.46693265862907	-2.42673838323402
303000	304000	-1.45085792603083	2.06879219090003	-2.62205088018779
304000	305000	-1.16362538563699	2.1446855608997	-2.23672000368461
305000	306000	-0.794629241635231	1.87445718483686	-2.23994437143094
306000	307000	-0.591901894918957	1.69516657109392	-1.95642571047073
307000	308000	-0.754118721284326	1.40413357625947	-1.65665838410301
308000	309000	-1.08464100598938	1.50803578915326	-1.35466742258054
309000	310000	-1.54144539454058	1.26316062051588	-1.10470250129635
310000	311000	-1.68099485775494	1.62427034578848	-1.07063707823736
311000	312000	-1.94654991006158	1.61495120399605	-1.14806387328286
312000	313000	-2.19638714648041	1.87099142655668	-0.950899094681855
313000	314000	-1.74679579863828	1.98247951071575	-1.30852616105999
314000	315000	-2.03377355028278	2.14937035967198	-1.57920964169363
315000	316000	-1.66178511222524	2.21800779648829	-1.58519955123494
316000	317000	-1.41174379504051	2.15263656279898	-1.29065742748756
317000	318000	-1.1707202950306	1.91253453770098	-1.06395224481298
318000	319000	-0.826667869500194	1.79849755839891	-1.16202181860789
319000	320000	-0.429491789507705	1.76315543470679	-1.16121841693997
320000	321000	-0.341269236842965	1.40286651482668	-1.03887834397011
321000	322000	-0.0292403640245871	1.53013555046491	-1.1595090338629
322000	323000	0.304278507412593	1.90454255980439	-1.33797373476679
323000	324000	0.32525619625229	1.60789411503567	-1.68711681771613
324000	325000	0.0201577540230305	1.59782686674514	-1.88678201553912
325000	326000	0.045736504963486	2.38429218207501	-2.31726717765197
326000	327000	-0.208904009226309	1.82681178182302	-1.67079437231989
327000	328000	-0.272443777741488	1.43456890247971	-1.59700136664987
328000	329000	-0.23946970512516	1.09159609848292	-1.75710683217132
329000	330000	-0.294469322157505	0.875564883748178	-2.08619851957353
330000	331000	-0.0743124807169637	0.656087938031993	-1.90769406649047
331000	332000	-0.0926161640863656	0.479714187118325	-2.21109016471996
332000	333000	0.170904903758696	0.388318407876628	-2.02934237776698
333000	334000	0.188360542570376	0.688426642980996	-2.18978947729473
334000	335000	0.202962118133865	1.01085116342877	-2.03076504726862
335000	336000	0.251626129994417	1.20641550623876	-2.33353493317271
336000	337000	0.586938890954982	1.30255769665249	-2.21703742061216
337000	338000	0.649246948478416	1.07021522078606	-2.5323089007815
338000	339000	0.504799644810965	0.944493663663454	-2.20671052756582
339000	340000	0.618943523641473	0.653261781845755	-2.32226431864729
340000	341000	0.66079128095689	0.668234402801037	-1.86242800655086
341000	342000	0.66022924135987	0.321070613537463	-1.84000517089814
342000	343000	0.972693868731297	0.3273507980381	-1.84539627826115
343000	344000	0.935799340312912	0.0433910080234892	-1.71135993691257
344000	345000	1.24461547309191	0.261113517137452	-1.6178371251161
345000	346000	1.04727039686562	0.427688310264149	-1.31869989224805
346000	347000	0.691314087517858	0.571373585126796	-1.37024932804009
347000	348000	0.726645953758966	0.22053954272729	-1.36007940285725
348000	349000	0.325020658755623	0.314339641306871	-1.49802443358698
349000	350000	0.401892271478887	-0.0274077974505286	-1.40112004897779
350000	351000	0.442420818933816	0.200319192056335	-1.14768402502385
351000	352000	0.605578592642096	0.0343340488616238	-0.920683649546462
352000	353000	0.741363552521313	0.389338183354838	-0.869108065934928
353000	354000	0.328824638475027	0.511377604437549	-0.923736850692173
354000	355000	0.561378526078241	0.778377737793813	-0.858389867554966
355000	356000	0.294140520658485	0.772596361618737	-0.596819718472303
356000	357000	0.388472066473152	1.09723135244233	-0.539274419141008
357000	358000	0.80167045957596	0.93529586469585	0.0369189013138716
358000	359000	0.19467308969683	1.33069389487376	-0.220677753370732
359000	360000	-0.0690142610511597	1.43995318946103	-0.128578378616727
360000	361000	-0.432552578896807	0.967695613208212	0.382722239980984
361000	362000	0.048359330269123	1.50932964619955	0.21616801486428
362000	363000	0.340402991422603	2.10378319039463	0.129007013561256
363000	364000	-0.0319444569125138	1.70414351611347	-0.482417717360806
364000	365000	0.0360522497103899	1.30999768612225	-0.736629576162454
365000	366000	0.45026017478826	1.37679021700213	-1.00836670984274
366000	367000	0.229333084163166	0.959505306194204	-0.92721888715477
367000	368000	-0.116006380077496	0.899787085200381	-0.758349809952645
368000	369000	-0.838689558517182	0.640239764729749	-0.674963289847024
369000	370000	-0.37159669159134	0.924099045270718	-1.33361372681588
370000	371000	0.162630585293787	0.905038906271744	-1.44435534088285
371000	372000	0.011024196010941	0.559985039761496	-1.27577474528396
372000	373000	-0.245176971885425	0.344413112637059	-1.46669491679427
373000	374000	-0.529367306744477	0.0351032542041208	-1.55195751132393
374000	375000	-0.844668217839846	0.403092500323306	-1.76244420943741
375000	376000	-0.906356672977299	0.172603442699332	-1.37876039109067
376000	377000	-0.967381508838966	-0.0144428886609483	-1.63227597837512
377000	378000	-0.965048976197952	-0.453428999392203	-1.6890848054749
378000	379000	-1.32471870155271	-0.2142287745991	-1.77894021090988
379000	380000	-1.6175880255241	-0.505984744454879	-1.70296930059652
380000	381000	-2.39485470311888	-1.12123699571218	-1.76252376689807
381000	382000	-2.85849313613035	-1.01567082487278	-1.88846916890459
382000	383000	-3.06140149718604	-1.3967719589697	-1.97701390637686
383000	384000	-3.00254928914317	-1.48345661655868	-2.29107626931507
384000	385000	-2.70828437799883	-1.47594575321024	-2.07449757762028
385000	386000	-2.82596300143743	-1.63423370730244	-1.78631366062154
386000	387000	-2.7516622326467	-1.56465460965923	-1.42137154284875
387000	388000	-2.7636088741088	-1.88794883474289	-1.13651232009393
388000	389000	-3.0270550399977	-1.69024672953548	-1.27963282695493
389000	390000	-2.89510818394559	-1.85673508697248	-1.47427309544661
390000	391000	-3.22899187620976	-1.88225365526414	-1.54492009708289
391000	392000	-3.32596181365954	-2.36242134465585	-1.5716731699132
392000	393000	-3.21176951598112	-2.34430060079131	-1.97032710162725
393000	394000	-3.45215297273073	-2.14970038354696	-1.97848933502837
394000	395000	-3.33782492883305	-1.76409448931052	-1.89982157250541
395000	396000	-3.02690044799417	-1.95335905040682	-1.956442566181
396000	397000	-2.71687861385167	-2.17554411330179	-1.92170481726613
397000	398000	-2.63857759653212	-2.74011325809951	-1.36701296001138
398000	399000	-2.35572128301216	-2.71702735606961	-2.1292733674137
399000	4e+05	-2.05137779126042	-2.80472470050846	-2.33614367081034
4e+05	401000	-1.75622715534694	-2.65466905536968	-2.01256075135454
401000	402000	-1.7691326820229	-2.32430464104766	-1.70049487931208
402000	403000	-1.98874993397385	-2.32655478197488	-2.10133961632742
403000	404000	-2.01976122406377	-1.9833304778948	-2.15407102713305
404000	405000	-2.08461262007601	-1.60872064784808	-2.17985250163094
405000	406000	-1.75097979564614	-1.54675216158216	-2.19093706984482
406000	407000	-1.52033753185079	-1.37937054669795	-1.97999549680744
407000	408000	-1.6726140550099	-1.39255090185412	-1.49631907879608
408000	409000	-1.88899497196935	-1.49163248697834	-1.85383919911903
409000	410000	-1.89665829411177	-1.18478334173137	-2.06896735283558
410000	411000	-1.64892349870656	-0.849433753274385	-2.24693712837584
411000	412000	-1.34100407713988	-0.509522218173718	-2.420814879122
412000	413000	-1.341309157556	-0.46465636624283	-2.81478647793174
413000	414000	-1.32593537351144	-0.0653688022194035	-2.80017203492719
414000	415000	-1.63450730397748	0.15136309993307	-3.0752205667538
415000	416000	-1.69691315315478	-0.243907178901118	-3.32904354701254
416000	417000	-1.90438472018412	-0.355479730381188	-3.63369020472997
417000	418000	-1.72200062860609	-0.340661120605428	-3.9935266526722
418000	419000	-1.48456783290538	-0.354950520996397	-3.74718917228922
419000	420000	-1.20166938159979	0.0408266658494384	-3.86257426351991
420000	421000	-1.21603934099697	-0.182189319575929	-3.42986555603931
421000	422000	-1.37443092379719	-0.420665197968377	-3.1778973559386
422000	423000	-1.73020807608616	-0.509201753669429	-2.94497883365512
423000	424000	-1.46898802674186	-0.813874816224481	-3.00149923518992
424000	425000	-1.2468809584858	-0.928855623634959	-3.31657233520287
425000	426000	-1.38357474822937	-1.31237024406495	-3.40730651889056
426000	427000	-1.59142891566152	-1.53518849448409	-3.51426260359083
427000	428000	-1.83901702257537	-1.25310835484659	-3.56578186861668
428000	429000	-1.61512386960647	-1.0656240258824	-3.27624271443751
429000	430000	-1.61441029569049	-1.25705983569386	-2.9247571421026
430000	431000	-1.29158998954355	-1.21190310489416	-2.53631001949139
431000	432000	-1.79449101260433	-1.16147404539059	-2.53816913551994
432000	433000	-2.24443900844393	-1.01852527732676	-2.45114492087374
433000	434000	-2.05792898422174	-0.605593237202733	-2.47313924950889
434000	435000	-2.30007466401883	-0.526846836458461	-2.76450650029393
435000	436000	-2.4261395580781	-0.73051155247302	-3.14064267517849
436000	437000	-1.82423199713766	-0.761123704782023	-3.31468574519094
437000	438000	-1.60918633880395	-0.871833349691937	-3.66470163363733
438000	439000	-1.35183716459887	-1.08135949928807	-3.79301699281735
439000	440000	-1.52676192949208	-1.3799660903933	-3.91021047507521
440000	441000	-1.14728967436255	-1.48324166358541	-3.81797937618021
441000	442000	-1.29703533884154	-1.79774347391859	-3.81453678581277
442000	443000	-1.3491605475693	-1.99646071659035	-3.4351660988466
443000	444000	-1.60703749957053	-1.79023825455226	-3.04608185285521
444000	445000	-1.64004637635777	-1.77751250346457	-2.64519702878402
445000	446000	-1.7153816039439	-2.22942429818755	-2.52044457285284
446000	447000	-1.66068981671062	-3.15287086811036	-2.94661867015348
447000	448000	-1.31491743099801	-2.62401981675897	-2.31699094470228
448000	449000	-1.32602247461853	-2.27799649005178	-2.28694833344163
449000	450000	-1.29204477502605	-2.35262591725134	-2.64285908496784
450000	451000	-1.21315950201911	-1.93264137537898	-2.60883981535132
451000	452000	-1.08226645134748	-1.63088318287351	-2.51276751324407
452000	453000	-0.747702658934012	-1.65541986129933	-2.39127328841362
453000	454000	-1.01326278897568	-1.72356022773496	-2.09413613254606
454000	455000	-0.676731161104685	-1.77095863709389	-1.88021734544878
455000	456000	-0.85759955716999	-2.0066163895273	-1.64291794933674
456000	457000	-0.908811466119283	-2.19736796834761	-1.9785329188834
457000	458000	-1.0143216996288	-2.58220844151855	-1.87016050517642
458000	459000	-0.664792511307882	-2.78864185455491	-1.94622497536065
459000	460000	-0.97666689467967	-2.50012318827259	-1.51352870965916
460000	461000	-0.65277381854977	-2.37142389237821	-1.72903368308285
461000	462000	-0.703266556726689	-2.18663069868663	-1.24202154231553
462000	463000	-0.545445417398188	-2.65404417354639	-1.43979485713069
463000	464000	-0.904404917623352	-2.92364220616428	-1.63665213441565
464000	465000	-1.19863776096935	-3.04856160260384	-1.86958031731055
465000	466000	-1.229256216783	-3.04337616676842	-1.45710562639131
466000	467000	-0.886306612664389	-3.16212979719744	-1.32711264326545
467000	468000	-1.02901718388604	-3.36368374851405	-1.56792403630885
468000	469000	-1.4225229767881	-3.40592973482508	-1.67560858446721
469000	470000	-1.76366675000568	-3.33502207243498	-1.81164380214364
470000	471000	-2.02961632064829	-3.38138880660279	-1.98608214808791
471000	472000	-2.39147565604252	-3.34799804865712	-1.82413502454664
472000	473000	-2.50094666877937	-3.38191640451236	-2.15848396070549
473000	474000	-2.73401507978887	-3.31250654385322	-1.950269012891
474000	475000	-2.84396383997815	-3.25281505448944	-2.28974424310195
475000	476000	-2.73658534018216	-2.98081352335166	-2.2029601250466
476000	477000	-2.7497954605231	-2.78466097854025	-2.45625381315161
477000	478000	-2.87866754468524	-2.54036763954271	-2.76395334364337
478000	479000	-2.59554951915993	-2.08540075583366	-2.89381877813599
479000	480000	-2.34344475665997	-2.00943203164416	-3.13837352525315
480000	481000	-2.47720652021351	-1.72685098467306	-2.98347652697675
481000	482000	-2.24614870086394	-1.73915845016931	-2.6742954998614
482000	483000	-2.41291958118591	-2.03382652724485	-2.43576860478233
483000	484000	-2.19635253327225	-2.23879964636021	-2.68609738986333
484000	485000	-2.19987927546494	-2.43884620529537	-3.00933670787383
485000	486000	-1.8695754798476	-2.2013509786689	-3.12755321030051
486000	487000	-1.67873513942132	-2.65057515135806	-3.62249731796065
487000	488000	-1.62351237430735	-2.33805742087551	-3.960057103067
488000	489000	-1.29732371759129	-2.39642209810288	-4.10025432765051
489000	490000	-1.40052590595146	-2.09061302127692	-4.23061638561287
490000	491000	-1.10898171507557	-2.12234861997141	-4.38928193340704
491000	492000	-1.21636616019652	-1.84154040914587	-4.22492786496827
492000	493000	-1.07994112645125	-2.0304802153851	-4.02729415856051
493000	494000	-0.877563097138994	-1.7151272689736	-4.21099878062673
494000	495000	-0.744198525486457	-1.98523943968052	-3.96799275486077
495000	496000	-0.0168501546814474	-1.74508981637542	-4.05153817599971
496000	497000	-0.558888902232105	-1.89341827265747	-3.50601597333481
497000	498000	-0.710555063432769	-1.6812864428172	-3.2231424281332
498000	499000	-0.783754377166031	-1.66788562302382	-2.89564484674244
499000	5e+05	-1.05661183684862	-1.65109866983916	-3.0525918566966
5e+05	501000	-0.89819534854081	-1.96437932299295	-3.08118420916365
501000	502000	-0.608492447377546	-1.99789345127687	-2.80521278722045
502000	503000	-1.67833173507343	-1.96497380261245	-0.982907069671338
503000	504000	-2.08143720570348	-2.08206489174684	-0.488440866973111
504000	505000	-2.23011581963323	-1.87060097865415	-0.300146717821302
505000	506000	-2.48650237001594	-2.14111156941923	-0.317126414569904
506000	507000	-2.3670715994066	-1.94159740466284	0.0155518643247683
507000	508000	-2.13147020350948	-2.15352196212293	-0.159554630138321
508000	509000	-1.86396265468896	-2.04022237312891	-0.0443577129839883
509000	510000	-1.55499300895299	-2.27157883442516	0.172397796687416
510000	511000	-1.3126316979357	-2.14887888535539	0.211893893177749
511000	512000	-1.18500302190784	-2.32843113970116	0.450381058108197
512000	513000	-1.09988907120481	-1.92680539502978	0.642750463875888
513000	514000	-0.774863879259715	-2.1073122986536	0.600439544382917
514000	515000	-0.640835275843818	-2.05379759666806	0.915560681581832
515000	516000	-0.964300350940361	-2.16051679303616	1.13209843434731
516000	517000	-0.652984039473559	-2.37152600906818	1.19591012992623
517000	518000	-0.508726977242561	-2.63681186617451	1.02599730911183
518000	519000	-0.418867491115688	-2.92410011954562	0.582774947324909
519000	520000	-0.46963305426428	-3.21140152384022	0.878669811052641
520000	521000	-0.779608207867127	-3.26167034417355	1.0896746665722
521000	522000	-0.764192949597208	-2.89839670426333	0.884187315455401
522000	523000	-0.838439509361911	-2.53716174735451	0.845835528758337
523000	524000	0.0369758687801624	-1.67598411730009	0.956399086922603
524000	525000	-0.457914211486726	-2.39599839897431	0.55181589465599
525000	526000	-0.540888407347336	-2.40353561839983	0.155376162609318
526000	527000	-0.656104744300043	-2.04011510904856	0.197157925359893
527000	528000	-0.51125950991245	-1.76645130126842	0.453440532702074
528000	529000	-0.0746515758875861	-1.28430685459041	-0.00172847166013337
529000	530000	-0.469502322945108	-1.97306635034229	-0.137341302320477
530000	531000	-0.334469315562525	-2.22344163821397	-0.374243679702354
531000	532000	-0.338590293901336	-2.47097111781292	-0.700983928783652
532000	533000	-0.436073101470287	-2.15388651137846	-0.848496572559361
533000	534000	-0.844611176451831	-1.46996037054281	-0.76978754389562
534000	535000	-0.692919748730172	-2.1427498393097	-0.402086848351402
535000	536000	-0.95830491038515	-2.25449060924718	-0.152296824150816
536000	537000	-1.1206568553084	-2.59917168716817	-0.235197933045601
537000	538000	-1.56657682014636	-3.19671761920646	-0.320309722167834
538000	539000	-0.854722183256507	-3.13605843107154	-0.511679895167325
539000	540000	-0.518152013315025	-3.3834695964992	-0.477961090656384
540000	541000	-0.317024786943855	-3.08445398509265	-0.68407899453333
541000	542000	-0.489624278423721	-2.86194818961171	-1.02556126375312
542000	543000	-0.111535397088713	-2.70544706797277	-1.08513742858593
543000	544000	0.0556632133635199	-2.56410038509932	-0.717860606887994
544000	545000	-0.167742035479633	-2.70013079268878	-0.307952132965101
545000	546000	0.110609098775023	-2.43468383944889	-0.27702293221051
546000	547000	0.224688423757004	-2.75479119643863	-0.360281265464448
547000	548000	0.524532143976142	-2.67404879541969	-0.185099346484674
548000	549000	0.604020376595235	-2.65671700373675	-0.519912043641134
549000	550000	0.661311250143362	-2.5125691568515	-0.884353132225146
550000	551000	0.734304831331319	-2.48743875938842	-1.64113367496632
551000	552000	0.375973397573481	-3.14625441516229	-1.15202768526818
552000	553000	0.736897512287507	-3.36639919046828	-1.14829813323026
553000	554000	0.309931904326161	-3.37473478315084	-0.779743451074699
554000	555000	-0.0376407210019111	-3.53747485562528	-0.668783804671817
555000	556000	0.060102122078618	-3.85365841356441	-0.714989262290603
556000	557000	0.418007107621093	-3.78588214284832	-0.789945172440798
557000	558000	0.342692459714401	-3.68005709472166	-0.43957480118022
558000	559000	0.328477631763163	-4.07058559805714	-0.474358158174393
559000	560000	0.668439779036661	-4.20123524066922	-0.639983591818309
560000	561000	1.46513566342759	-4.2036433729958	-0.941007578408591
561000	562000	0.923835793504309	-3.98263329193648	-0.311261445844492
562000	563000	0.655896334465269	-3.95172573498856	-0.110391374301157
563000	564000	0.867276252685201	-3.75159544285258	0.0864850512255875
564000	565000	0.943971204880067	-3.71800337311682	0.489734625302898
565000	566000	0.819719593462524	-3.74691887025944	0.886223782985873
566000	567000	0.51600267424356	-3.72023734427786	0.62742533895924
567000	568000	0.143148351205215	-3.65838603369162	0.537677640264614
568000	569000	-0.141537697821089	-3.69185067731805	0.270967446111935
569000	570000	0.0933830063200411	-3.64102644006425	-0.00944040536531333
570000	571000	0.271021281260733	-3.31421547009389	-0.053637582623047
571000	572000	0.29786998908829	-3.29232010904923	0.357307792097322
572000	573000	0.48340937066742	-3.31335541099397	0.755714006065613
573000	574000	0.239653228934499	-3.13979351875811	0.937327780091839
574000	575000	0.49250381412499	-3.20129354721526	1.14771024675619
575000	576000	0.483872973733102	-3.29307295294199	2.04819101705399
576000	577000	0.526293059223493	-2.73017469652321	1.54209148295777
577000	578000	0.574775117542762	-2.49513816581737	1.13726813180045
578000	579000	0.837298442564019	-2.75626491665267	1.04341353332238
579000	580000	0.984038687599467	-3.06733605082302	1.1612044931186
580000	581000	1.21841330264904	-2.83231746956373	1.53738296572043
581000	582000	1.03336096592172	-2.37418743683978	1.57336549752697
582000	583000	1.31213554800555	-2.10687594712461	1.23628932762927
583000	584000	1.13154425934749	-2.4333209381483	0.974392073104178
584000	585000	1.22455693499603	-2.78401309802428	0.970332145555064
585000	586000	1.56059021396467	-2.73200550706609	0.883525415788128
586000	587000	1.56617456390349	-3.13114192251079	0.767896512156698
587000	588000	1.35206987940572	-3.03759932313245	0.49770904753307
588000	589000	1.46288337588492	-3.17542535143849	0.147230620220475
589000	590000	1.53038094510749	-2.78028565793431	-0.158537714323124
590000	591000	1.37307279339117	-2.73544612139757	-0.60032692979085
591000	592000	0.900999353762378	-2.94789462017066	-0.625613674151098
592000	593000	0.51782167238508	-2.94337565082291	-0.825780239852392
593000	594000	0.0580825897015502	-3.09283830913597	-0.974033285518961
594000	595000	-0.199881300170087	-3.22753577064213	-1.30981485670187
595000	596000	-0.513748928452611	-3.10968411334422	-1.57177158428654
596000	597000	-0.663328003434778	-3.42039949754488	-1.48413857243076
597000	598000	-0.397288237935167	-3.64904056455635	-1.25856772162951
598000	599000	-0.0237975936397805	-3.66710529654523	-1.14720409294798
599000	6e+05	0.158325486627284	-4.31556641588825	-1.66691207542214
6e+05	601000	0.280987470007012	-4.28193865912012	-0.968254423448895
601000	602000	0.339837652178963	-4.60422265410798	-0.629931595741755
602000	603000	0.50481775217776	-4.88058041104833	-0.5999935136821
603000	604000	0.371317602695698	-4.89944297340991	-0.31278907703594
604000	605000	0.681540269547466	-4.7463489633521	-0.385978268006203
605000	606000	0.499124354575652	-4.4941180118246	-0.223442000966425
606000	607000	0.889403395421995	-4.43866274791703	-0.168943288960501
607000	608000	0.740849943457778	-4.26924816926171	0.125556955310387
608000	609000	1.05308547777209	-4.15477439436408	0.244676615714909
609000	610000	0.885499693161421	-4.33738632541982	0.458554549084542
610000	611000	1.00498510043672	-4.52672881239428	0.265277457411086
611000	612000	0.693814453191149	-4.71633865334358	0.350627785555194
612000	613000	0.345428650649116	-4.61392123761909	0.627847055041761
613000	614000	0.382632835169835	-4.35124197633801	0.203853914968172
614000	615000	0.190042150129883	-4.08885266339371	-0.0459618211978797
615000	616000	-0.261047675713457	-4.21909021622309	-0.0422377999766763
616000	617000	0.0586644060108883	-4.06116746646831	0.308211212433724
617000	618000	0.101905336559466	-3.99444362856187	0.667969308825714
618000	619000	0.174397891332211	-3.9104138131912	1.01901086439792
619000	620000	-0.130525606591373	-3.72505055308212	0.91736150935364
620000	621000	0.158700823805316	-3.54009269880541	0.965074794660436
621000	622000	-0.070616447533855	-3.32944481676479	1.10030722191205
622000	623000	-0.267952505312985	-3.29864234937947	1.52472400764159
623000	624000	-0.342660420542689	-2.84653267221911	1.42313978530989
624000	625000	-0.187901963000928	-2.88377244679526	1.05789537459136
625000	626000	0.0483404604412469	-2.57649293119304	0.800060358123275
