0	1000	1.37119395852712	-2.39524789565373	-0.281232665435866
1000	2000	1.37050093364318	-2.42680780782853	-0.0780820722351357
2000	3000	1.59392669186237	-2.47751179871966	0.20430675059125
3000	4000	1.3258581569129	-2.22318273193671	0.0445794387650422
4000	5000	1.51446994167054	-2.16906794296338	-0.0109147101936402
5000	6000	1.54250444876217	-1.99316110543498	0.354555052724998
6000	7000	1.51416901082299	-1.90200395976948	0.00181993382952365
7000	8000	1.34575188170405	-1.79890221361488	0.0410664631463045
8000	9000	1.34072595512234	-1.76616244195597	-0.206361212899526
9000	10000	1.18964954509423	-1.6050559196463	-0.0871446667945291
10000	11000	1.37223431736778	-1.44489298364596	-0.0564265007597648
11000	12000	1.32474622738984	-1.12564564224769	0.0370730336291032
12000	13000	1.64129360214002	-1.30083321246376	0.0365605864330913
13000	14000	1.82905489717006	-1.14947724190676	-0.0534742932307192
14000	15000	1.98489993547847	-1.06696453035093	0.101135303399414
15000	16000	2.09228715431787	-0.868838990268354	-0.0402095999737107
16000	17000	2.33676173239946	-0.818456222067027	0.132769389430401
17000	18000	2.29435919541412	-0.514284073303745	0.132386666860489
18000	19000	2.57693566955331	-0.516829210580537	0.229526861911998
19000	20000	2.59945621129662	-0.279736723437585	0.0638240771203289
20000	21000	2.78204497624085	-0.483545045673113	-0.0612866052462926
21000	22000	2.71267694866443	-0.611503160264793	-0.270120746476756
22000	23000	2.94610332407582	-0.70079518406684	-0.228830545843177
23000	24000	2.8062371788404	-0.900221547805754	-0.152608555876737
24000	25000	3.06116506753424	-1.0285559781002	-0.0974150081292692
25000	26000	2.93109885180969	-1.10010111075896	-0.381398343676597
26000	27000	2.88074630016046	-0.846874787791835	-0.512745747071503
27000	28000	2.89606166172116	-0.99286470223997	-0.7413729237758
28000	29000	3.08135858442828	-1.62418033384053	-1.25077872264831
29000	30000	2.87288634321236	-0.953292595859887	-1.41166535615188
30000	31000	2.71771439332899	-0.527376438890927	-1.23263497444749
31000	32000	2.62457148329609	-0.334580775934214	-1.22420547314886
32000	33000	2.42863900503228	-0.159173127681653	-1.18048310443009
33000	34000	2.58322357777867	-0.145350454447557	-1.43071869640345
34000	35000	2.46768362965518	-0.335108063156705	-1.46854963901765
35000	36000	2.56755200775202	-0.369199000712154	-1.72846034042962
36000	37000	2.29969643300675	-0.570567181167207	-1.93615698335888
37000	38000	2.30050117174303	-0.652052629468063	-1.56132030063325
38000	39000	2.2392717812853	-1.01451799022664	-1.43408069282128
39000	40000	2.16615044967365	-0.700884000112825	-1.31375636077971
40000	41000	2.00208098956621	-0.581700000678345	-1.4252296329626
41000	42000	1.35838929369921	-0.283484500767876	-1.64735140873652
42000	43000	1.9187569851343	-0.393022401835985	-1.14935601812403
43000	44000	2.10248181149392	-0.530119107658811	-0.993911853599908
44000	45000	2.09339087514911	-0.689053203163211	-0.780031728387455
45000	46000	2.02866687966604	-0.412404363281206	-0.691869075776895
46000	47000	1.63998807131312	-0.0967011878142011	-0.237809939710311
47000	48000	2.22461399302896	-0.0918230445062912	-0.487664061933253
48000	49000	2.44879017759362	0.0687812372559654	-0.61377282243693
49000	50000	2.71737772519705	-0.0645538072311564	-0.497906840577915
50000	51000	2.98218950217328	-0.0991792354080213	-0.479473449776573
51000	52000	3.24525664780928	-0.0519084024340803	-0.485217850105402
52000	53000	3.56090900382737	0.047084740231411	-0.504756296799112
53000	54000	3.83527191144388	0.195745235004435	-0.496745664682422
54000	55000	3.84754324497094	-0.0500719340961012	-0.487892350753225
55000	56000	3.95453048344379	-0.198478075614542	-0.355499199127662
56000	57000	4.21932116741337	-0.219733670191028	-0.473439398821199
57000	58000	4.03014389277681	-0.282370686370941	-0.620460580822858
58000	59000	4.14247410716986	-0.199725897735098	-0.84212212877881
59000	60000	3.87708655999429	-0.288445707518588	-0.890565285115593
60000	61000	3.71104532103883	-0.132544250624357	-1.02281070715138
61000	62000	3.51586887193781	-0.298397777393479	-1.06249984871973
62000	63000	3.33384611312911	-0.319380166592897	-1.22900091948619
63000	64000	3.25671550568819	-0.497557612807458	-1.08819561070545
64000	65000	3.3996083626237	-0.597714552488103	-0.92896629522742
65000	66000	3.25166929725031	-0.418639012353669	-0.796529586780367
66000	67000	3.10806133196296	-0.226956052880902	-0.895757942174954
67000	68000	3.0224551154237	-0.0266227788601333	-0.958750688497232
68000	69000	2.83683189751057	0.246289671277952	-1.05017938472922
69000	70000	3.1178291494482	0.162392104244327	-0.783746183791741
70000	71000	3.09733792064165	0.275850281035903	-0.546181429156423
71000	72000	3.04931126441826	0.314926117124751	-0.280272958418138
72000	73000	3.18632320592207	0.166700966744402	-0.145545626450977
73000	74000	3.39209759212332	0.0745016142540275	-0.0575592778582561
74000	75000	3.33924137645648	0.241364776674092	0.122898702000909
75000	76000	3.42697188014706	0.374287265649725	-0.00864367784621646
76000	77000	3.32515103894368	0.5343290000076	0.149514744827832
77000	78000	3.70427539614838	0.440678132579859	0.126184325424672
78000	79000	3.67479414129757	0.677160520262914	0.26654226774919
79000	80000	4.04509843542829	0.740769222855491	0.36139937311936
80000	81000	3.72041344068392	0.978138861605527	0.290013666361749
81000	82000	3.81830408247302	0.888023268952245	0.00188505548460864
82000	83000	3.53731526773287	0.963295216862164	-0.0747377714980221
83000	84000	3.67218145542586	1.12927840168208	-0.251834010919513
84000	85000	3.32546759124014	1.17327445703139	-0.254840456792527
85000	86000	3.5199997080993	1.44717689145085	-0.246489191036523
86000	87000	3.25626724810326	1.6376099827755	-0.427369984268498
87000	88000	3.43820392325077	1.34085478738889	-0.524568235203991
88000	89000	3.47219461653334	1.41983466373686	-0.694824217688896
89000	90000	3.66381221151833	1.33827197321952	-0.634686433632846
90000	91000	3.72031592621411	1.41655471096435	-0.835750651697783
91000	92000	4.4754220828243	1.79059263318044	-0.755389575469257
92000	93000	3.89945758944163	1.18635299905042	-0.922126047494258
93000	94000	4.13290302503305	0.967716000012278	-0.760731394647466
94000	95000	3.73657313521859	0.945424791488181	-0.910771213633942
95000	96000	3.713969866075	0.751992498003112	-0.735098585854158
96000	97000	3.49201949244427	0.882908093520517	-0.880347884851892
97000	98000	3.34649351266991	0.731082309208508	-0.75032321445973
98000	99000	3.12073821523179	0.733402251091448	-0.942043334614041
99000	1e+05	3.3524696706683	0.566400234012708	-1.00649123569844
1e+05	101000	3.21865316889475	0.526327267308359	-1.18410242619684
101000	102000	3.4837601187918	0.448217129198019	-1.23973457305208
102000	103000	3.35677827544849	0.521040670202773	-1.5067225710618
103000	104000	3.45220312131559	0.749588285259094	-1.37096000375334
104000	105000	3.75227447617673	0.93200340034215	-1.55017268458478
105000	106000	3.40364777490909	1.06557596324235	-1.33269711018555
106000	107000	3.25776699038547	1.20191059863254	-1.17890510396476
107000	108000	3.22250955464539	1.41003325370236	-1.06517015378502
108000	109000	3.04632199757859	1.3040635989432	-1.11646765195133
109000	110000	2.88096040461472	1.39881567721558	-0.940778281825411
110000	111000	2.76084964484368	1.25325940956755	-1.15398596382226
111000	112000	2.73071492042056	1.03221789910202	-1.25957674686343
112000	113000	2.80347640317873	1.06780886706958	-1.48466365465092
113000	114000	2.75199712700021	1.25720105857836	-1.6277285222698
114000	115000	2.63662918974071	1.59650899676541	-1.6038300270465
115000	116000	3.03895262043681	1.65666873302736	-1.76658245640303
116000	117000	3.07758659452732	1.2884216288603	-1.76653219299081
117000	118000	3.30876085080094	1.36041090100885	-1.85911301569532
118000	119000	3.66049744874692	1.5513446367067	-2.0271361984195
119000	120000	4.12188192384726	1.32476420365346	-2.50101763499972
120000	121000	3.51036270024144	1.01499955819726	-2.10747024561829
121000	122000	3.39775447471945	0.764848776406123	-1.97452271584079
122000	123000	3.17117620835412	0.805586732746854	-1.89524023555059
123000	124000	3.0836864866591	0.806363440029837	-2.09742513851948
124000	125000	3.04060904341474	0.560635513699699	-2.83786587571082
125000	126000	2.87782852240033	1.10488488859559	-2.34337975887407
126000	127000	2.77557219241554	1.27559942482976	-2.22000167186993
127000	128000	2.70564393688823	1.38124957575353	-2.34037199579549
128000	129000	2.90544529364932	1.40314340169328	-3.18385408916829
129000	130000	2.65615491466413	1.60395250282659	-2.54151539420959
130000	131000	2.51002299959816	1.64018142333731	-2.34057915708558
131000	132000	2.53352477964629	1.98592133598079	-2.31537310256855
132000	133000	2.29931679331553	1.75058619587312	-2.31094152356733
133000	134000	2.08201932024331	1.52568967559403	-2.25422237870661
134000	135000	2.09228173281299	1.84617589831016	-2.26598045039154
135000	136000	1.98979011090538	2.02341993579429	-2.20836802414487
136000	137000	1.85425040167536	2.62727503397964	-1.93642812036824
137000	138000	1.73486209287375	1.96685100760592	-2.3124530959629
138000	139000	1.68978472776013	1.60366105674219	-2.96906531147215
139000	140000	1.40660697174647	1.88811414390071	-2.37636666443594
140000	141000	1.33531589598116	1.99449502900566	-2.16063047835772
141000	142000	1.07477398085271	1.98335825588822	-2.19787444097515
142000	143000	0.728754833470966	1.87802350754307	-2.11559093836912
143000	144000	0.803792359637528	2.26445030530006	-2.09157846476864
144000	145000	0.969174098185817	2.52575135411295	-2.18368425489692
145000	146000	0.938619246498659	2.35609829146009	-2.37980801285741
146000	147000	0.98085118967874	2.46793800220495	-2.53863517920764
147000	148000	1.15082842434993	2.61576410106135	-2.78336140411582
148000	149000	0.766681855951372	2.55848071132316	-2.6448875448895
149000	150000	0.725338783308386	2.49213428754055	-2.82660292456982
150000	151000	0.524138387885494	2.59918063545691	-2.75228301836374
151000	152000	0.479593489331163	2.42052750401884	-2.85645074855413
152000	153000	0.327109753141047	2.28629926590905	-2.76562516026589
153000	154000	0.416124190362468	2.1899386207745	-3.04885347994211
154000	155000	0.0890782036069646	2.24875971269242	-3.02575727383451
155000	156000	0.175979070622209	2.42198344919109	-3.19474463929339
156000	157000	0.338863217340254	2.60869315357908	-3.24778182626034
157000	158000	0.116262977003601	2.60739896243139	-3.0611059144871
158000	159000	0.207215156492853	2.75815942547498	-2.94914045553994
159000	160000	0.0722313384312863	2.87167977404514	-3.12407682361821
160000	161000	0.285928662348657	3.06685758950026	-3.08828404572378
161000	162000	0.133454274860973	3.23748973364904	-3.40141331564128
162000	163000	0.0424345952145888	3.48779784419053	-2.99647126488127
163000	164000	-0.328411947335035	3.24041490490284	-3.06908898029687
164000	165000	-0.291352516849078	3.22934317426293	-2.76110371910828
165000	166000	-0.547582426687881	3.35024728217201	-2.7908966607943
166000	167000	-0.485654441058408	3.47872118857488	-2.58456338142369
167000	168000	-0.570357356833353	3.79841843142353	-2.5637604160088
168000	169000	-0.741594204335912	3.46231683716066	-2.58303909206536
169000	170000	-0.823995096428226	3.38174033099879	-2.39808135971711
170000	171000	-1.02682871147467	3.5924045967712	-2.48872115171194
171000	172000	-1.07691252556689	3.63395791091303	-2.09231679856209
172000	173000	-1.1486327310001	3.35106730841453	-2.2923176741907
173000	174000	-1.13227356680605	3.12237353748173	-2.37169002575371
174000	175000	-1.32232388940836	3.29745802291272	-2.56745879320643
175000	176000	-1.43732582470695	3.11107352811785	-2.37694110380688
176000	177000	-1.45955166759268	3.01798488117849	-2.59305075397125
177000	178000	-1.6892749145937	2.9358666418188	-2.47563946441706
178000	179000	-2.01896496865362	2.79700357863944	-2.63600853698917
179000	180000	-1.77415437683074	2.59301748178556	-2.44778805643768
180000	181000	-1.65828611305157	2.44844152790489	-2.54278154110661
181000	182000	-1.68160920540678	2.27589920886136	-2.46345444238554
182000	183000	-1.57916176711176	2.20959126962012	-2.6357819155619
183000	184000	-1.38545053103909	2.35801768316144	-2.53635773802297
184000	185000	-1.43325547232157	2.44521175304271	-2.75295431488359
185000	186000	-1.61755564882647	2.45437968194279	-2.96617824826113
186000	187000	-1.30601625081403	2.48544290169352	-3.05907606818774
187000	188000	-1.43414216873136	2.7712913589288	-3.02035295813198
188000	189000	-1.18795381696108	2.92600231498886	-3.24940389213798
189000	190000	-1.12045652717628	2.82770987650652	-2.87336339832226
190000	191000	-0.973614816784705	2.79375559448765	-2.72736615734582
191000	192000	-0.835836547506739	2.69661468311859	-2.89121028180039
192000	193000	-0.741604757138301	2.51851957715417	-3.24660972228114
193000	194000	-0.69735359178191	2.16129693452578	-3.01375626587411
194000	195000	-0.751894409952408	2.35453739514005	-2.64904252126911
195000	196000	-0.818943938813755	2.50729010700419	-2.39444128663764
196000	197000	-0.598513765608157	2.61194206201704	-2.36578684117433
197000	198000	-0.37178582996939	2.6908681234676	-2.50805032584982
198000	199000	-0.351459296269771	2.77197436871988	-2.21175383395616
199000	2e+05	-0.109272670684953	2.81547211636824	-2.30651246477707
2e+05	201000	-0.109407988334678	2.69615431422517	-2.10272929895855
201000	202000	-0.109184608812543	2.55379873379618	-2.25821887557498
202000	203000	-0.123891245487707	2.40379423053681	-2.08586824758991
203000	204000	-0.226173737609401	2.33793537052768	-2.2977967119932
204000	205000	-0.377863281679155	2.18978569664493	-2.22360074320663
205000	206000	-0.325934350712155	2.05514997977434	-2.42588512641555
206000	207000	-0.289192424148412	1.8238977503	-2.30115196804389
207000	208000	-0.215307251129231	1.21820297924577	-2.96803975694022
208000	209000	-0.489239889378303	1.55212322860513	-2.25881526347962
209000	210000	-0.677661194840222	1.67392410190272	-2.45716453295594
210000	211000	-0.692293301894423	1.71694778067691	-2.18157904414044
211000	212000	-0.850792060955041	1.88310411805596	-2.18442302131715
212000	213000	-0.906187114587442	1.64345234924092	-2.09243726666373
213000	214000	-1.01058303375838	1.63620954527974	-2.29551063133506
214000	215000	-1.05318398481141	1.39150936787828	-2.20218229501732
215000	216000	-1.25731423490817	1.45802737863445	-2.38871619214133
216000	217000	-1.31073261694416	1.55918419882499	-2.17036739004577
217000	218000	-1.45450988991688	1.73526742909361	-2.25654341675039
218000	219000	-1.4331408026841	1.73778551776083	-1.98885740207475
219000	220000	-1.25398245498925	1.89288254098809	-1.96729015559677
220000	221000	-1.30200808098339	1.98581685680379	-1.76428127493921
221000	222000	-1.61358035264455	2.2276908086261	-1.78636901026927
222000	223000	-1.19577305304747	2.23747534546911	-1.89023358403229
223000	224000	-1.04370276019731	2.17847548944419	-1.72460644174083
224000	225000	-1.19748345912598	2.30041154071653	-1.53996268930462
225000	226000	-1.29804265725553	2.1080239813676	-1.3613410760334
226000	227000	-1.45202123503006	2.17422064129103	-1.09847452659138
227000	228000	-1.32023207281956	2.11027242579496	-0.838538814197648
228000	229000	-1.10601771591344	2.3586635808977	-0.849415824408586
229000	230000	-0.981586501962503	2.16722650825972	-0.991445925022569
230000	231000	-0.786223533174091	2.25435198263656	-0.973898403663146
231000	232000	-0.684379254395033	2.62436436788833	-0.898763383352162
232000	233000	-0.641158400285807	2.40123248198722	-1.22620069729823
233000	234000	-0.5137846892315	2.21379284455217	-1.20664277893211
234000	235000	-0.199474815699383	2.42585397105117	-1.06559946216373
235000	236000	-0.297365043685118	2.37124898748921	-1.41348097729632
236000	237000	-0.420186227553584	2.17783609183007	-1.45094178163847
237000	238000	-0.214552391786937	2.07048788908587	-1.46795899640042
238000	239000	-0.015913777820452	1.94202885164607	-1.19569423456698
239000	240000	-0.368116750613411	1.81922498736731	-1.38446053813709
240000	241000	-0.433723613090076	1.67236267421426	-1.06839470100748
241000	242000	-0.75240647237273	1.66624397473497	-1.33349258047606
242000	243000	-0.961209882517092	1.76809301316171	-1.24049310242612
243000	244000	-1.03542448743967	1.60627785146457	-1.11397178953851
244000	245000	-1.12899888089582	1.41913475158084	-1.02478295832287
245000	246000	-1.31504830826874	1.11055535781463	-0.852238495360003
246000	247000	-1.12778335212231	1.31799449499615	-0.666229175663794
247000	248000	-0.914878445958898	1.4441302911594	-0.66685631915596
248000	249000	-1.06170560658658	1.50394335841802	-0.497698427499116
249000	250000	-1.21951289594063	1.6351390384186	-0.599239946431688
250000	251000	-1.09870566394183	1.75226673325772	-0.461923803949238
251000	252000	-0.929930480003953	1.77656158861351	-0.245823083363966
252000	253000	-1.19645945758725	1.7227286022282	-0.153886906127926
253000	254000	-1.57809235405151	1.78777299683948	-0.0875889678655949
254000	255000	-1.29510070663818	1.85072284990061	0.0633999300402263
255000	256000	-1.12672699962903	1.93736842176209	0.251435652709828
256000	257000	-1.27471637877897	1.72678728044767	0.265185504032286
257000	258000	-1.1283117583701	1.55877082521946	0.269631448011734
258000	259000	-1.3480944974388	1.49492635206595	0.427544811191698
259000	260000	-1.10558971596896	1.37406465276342	0.589131461490741
260000	261000	-1.24642332449038	1.54557249409054	0.667735399732965
261000	262000	-1.21740048999936	1.77459908066939	0.873306790797517
262000	263000	-1.22117779712387	1.45817258664712	1.06408327922265
263000	264000	-1.05980875858848	1.37812561171263	1.47252893790717
264000	265000	-0.94160210600471	1.23250673548546	1.79855510420222
265000	266000	-0.763671978838849	1.17030104362082	2.0083820326522
266000	267000	-0.75046043919016	1.4953697816287	2.21875583594096
267000	268000	-0.566152560480628	1.16722784077853	2.26440733268325
268000	269000	-0.421754337361838	0.968856469642864	2.35005298110155
269000	270000	-0.246440938603673	1.14851573740012	2.36164009116388
270000	271000	-0.245779949158727	1.24326188396533	2.1789443879263
271000	272000	-0.13231868934712	1.32887076890864	1.96005254487635
272000	273000	-0.0867026662510315	1.06971508328092	2.10610737869263
273000	274000	0.0972777022227137	1.18542336405828	2.18086626918622
274000	275000	0.185403696706434	0.905420366280677	2.28112889813705
275000	276000	0.31327789763782	0.997805608598324	2.04263307613574
276000	277000	0.265598934680484	0.775918812978008	1.97167086518904
277000	278000	0.306194293720719	0.903625180085206	1.74886158307693
278000	279000	0.131836256788636	0.73550214059692	1.68440446330816
279000	280000	0.0912606852205494	0.872081361200311	1.44549710136206
280000	281000	0.120488991276917	0.58210276331027	1.1686583141782
281000	282000	0.370238044281333	0.633684692025441	1.46508523779125
282000	283000	0.519335710987024	0.555162344116272	1.63217770641807
283000	284000	0.736757379064479	0.554964112440647	1.59837204189051
284000	285000	0.80074231470661	0.77475593705359	1.65674925006238
285000	286000	1.01283023593783	0.661511353883929	1.72754717762794
286000	287000	1.31182327038346	0.941986699893158	1.76094283226217
287000	288000	1.19794250358693	0.774149704219541	2.06182407452208
288000	289000	0.989760867698987	0.790427942234223	2.22774941454325
289000	290000	1.03954293533653	0.570183595107032	2.36295567916544
290000	291000	1.28684333783777	0.672626327713379	2.65529954155408
291000	292000	1.19058030646976	0.382211019740682	2.54059187432758
292000	293000	2.0823970800006	0.365414848843733	2.85828608433443
293000	294000	1.68853963400791	0.164451831245372	2.37758926380917
294000	295000	1.40116787687978	0.322592804607347	2.20229641896206
295000	296000	1.20958476878977	0.197735304490211	1.98244253854706
296000	297000	0.969584347544388	0.0485762629608412	2.12151354615735
297000	298000	0.857115203239236	0.0195632751451326	1.81466327082769
298000	299000	0.740893939538723	-0.308383632434798	1.93961874301317
299000	3e+05	0.56254261053134	0.0172889380035392	1.96337449967079
3e+05	301000	0.388419162525759	0.150503375973055	1.91817066739289
301000	302000	0.303694352608345	-0.0472865511820972	1.85486348475062
302000	303000	0.105381113560988	0.0323301700950815	1.95924751298253
303000	304000	0.115763131686513	-0.353063502284362	2.04372781059102
304000	305000	0.282267294871814	-0.0481722076810615	2.19405943653787
305000	306000	0.393753690549463	0.0750729144969311	2.38058197124655
306000	307000	0.288714414531951	-0.122608572981805	2.49070535649002
307000	308000	0.446338405067827	-0.472648054725651	2.55637305754888
308000	309000	0.568162398976414	-0.1633652210518	2.70197048781272
309000	310000	0.855416202625497	-0.0982921446864013	2.87792226668265
310000	311000	0.514349526123404	0.0850900897682153	2.78658394531256
311000	312000	0.451924992378098	0.0239908491199014	2.96739848610648
312000	313000	0.157029323524105	0.0570877536620961	3.08868702082268
313000	314000	0.577048546629337	0.272587259058272	2.95204498292683
314000	315000	0.346623814957714	0.440732621368516	2.9662829600175
315000	316000	0.623373701437273	0.611605327500726	2.91276648208343
316000	317000	0.406686627250278	0.674692817024558	2.74573415212612
317000	318000	0.545719170583453	0.840497423193663	2.78462675997844
318000	319000	0.379800379082687	0.934114854607478	2.96773592010601
319000	320000	0.626064081539663	1.13010789644001	2.88261371133488
320000	321000	0.36199395874428	1.19312435167908	2.71396546730166
321000	322000	0.392671872126584	1.41494203276387	2.73770363973241
322000	323000	0.19365976617865	1.64542579024614	2.96799124122533
323000	324000	0.535093882473481	1.67547996130382	2.85917896593938
324000	325000	0.47774154709949	1.81866818770267	2.62487514616267
325000	326000	0.127943055392636	2.59449985994322	2.49611304017163
326000	327000	0.621492462988447	2.04156790145481	2.34704607861406
327000	328000	0.67575957277476	1.77758821654331	2.36646637153525
328000	329000	0.87581785255563	1.78691123751267	2.30227253895391
329000	330000	1.09106016886903	1.82790105034997	2.38708662641018
330000	331000	1.00172799360264	1.96734927503904	2.55759561130888
331000	332000	0.928980543413103	1.77951239403289	2.65853698566776
332000	333000	0.898577635876854	1.94086074930638	2.83317668510057
333000	334000	0.991038317929035	1.74419120958971	2.93494928849719
334000	335000	1.20950835558905	1.83224810803044	2.92885745357502
335000	336000	1.2674083245815	1.57277065360613	2.99914169931607
336000	337000	1.47002287040858	1.76447189296336	3.06388724754189
337000	338000	1.50328074588515	1.65958697587239	3.31020467474958
338000	339000	1.28808956417776	1.76061006314571	3.22841554742791
339000	340000	1.31139663688192	2.00633342602929	3.32057124344301
340000	341000	1.04477201653959	1.88352250579288	3.36084030427612
341000	342000	1.05426979414544	1.64605115801117	3.32137696539851
342000	343000	0.960582463370969	1.61498848567042	3.50538215600369
343000	344000	1.15277424648983	1.49647875535199	3.56668148796048
344000	345000	1.18158185469365	1.67028959607496	3.80628691635673
345000	346000	1.4515617317946	1.44001361369469	3.80174517519824
346000	347000	1.2427226001953	1.41420400724594	3.99025677679454
347000	348000	1.37352676610586	1.25225259781378	4.05136965443436
348000	349000	1.18156885913033	1.22051405771574	4.24709441012162
349000	350000	1.18972582376918	1.0474212620574	4.03294569925613
350000	351000	1.04852720052246	1.1555976446109	3.92888188416724
351000	352000	1.1008752455648	1.04256822298182	3.75955964863681
352000	353000	1.04862037624001	0.780574722859927	3.86646229924041
353000	354000	0.854118926985637	0.933780415486943	3.68838725466336
354000	355000	0.728124577541767	0.913433389222154	3.90388655267805
355000	356000	0.636138927837636	1.13331186713073	3.8502174020348
356000	357000	0.613547824184714	1.13015031143521	4.07865797312441
357000	358000	0.483591898133979	1.82233842923782	4.62929379708489
358000	359000	0.344804955292151	1.1884612002658	4.15248176158584
359000	360000	0.312237005963991	1.0151746308232	4.06960261550483
360000	361000	-0.427560507028745	0.875303227878794	4.52388217517495
361000	362000	0.170209676742101	0.806960477112104	4.3201841902787
362000	363000	0.424906984606992	0.317460064325919	4.74528029567183
363000	364000	0.252668394923675	0.553074661124433	4.04018501258399
364000	365000	0.194767267042584	0.71084299511106	3.81791812369425
365000	366000	0.00877139962812258	0.531178490458109	3.62495709240012
366000	367000	0.281911287350591	0.843631438197394	3.61032449312138
367000	368000	0.234320930243704	1.0907848275251	3.6689493343327
368000	369000	0.0713821773322442	1.98968942335837	4.04920759827111
369000	370000	-0.278001076971468	1.50423413972144	3.88897115948326
370000	371000	-0.184383996444134	1.22099712574016	3.67534047193426
371000	372000	-0.088362478342579	1.2470046748335	3.45399744204532
372000	373000	-0.254772346266914	1.21307124472224	3.36352086355218
373000	374000	-0.432064201890473	1.4005359035579	3.290945785416
374000	375000	-0.690708778640762	1.17218092289448	3.40039084003699
375000	376000	-0.78366535308171	1.28055468486436	3.08559430586124
376000	377000	-0.955291003289367	1.2501754059185	3.02127607407943
377000	378000	-1.18904005739817	1.08436320808729	3.17018936130977
378000	379000	-1.21256238015715	1.27221629584279	2.90725774023912
379000	380000	-1.36842895674534	1.39757243851472	2.74456429192864
380000	381000	-1.67608818349086	1.26517656930443	2.75870899262212
381000	382000	-1.91226361300369	1.53648694909033	2.65724685428692
382000	383000	-1.85053094306111	1.20268168098383	2.51643614484621
383000	384000	-1.82172842537304	1.27536583777546	2.31076181613516
384000	385000	-1.86859182842522	1.02812217864016	2.32801768210529
385000	386000	-2.05540990918051	1.13674855611274	2.32828419952348
386000	387000	-2.23822609324282	0.998311370189555	2.2860403612322
387000	388000	-2.21787193304542	0.921630494200355	2.01241817246013
388000	389000	-2.42824998712581	0.909961628643181	2.1476469671706
389000	390000	-2.49111939417527	0.760199444697008	2.06330776862427
390000	391000	-2.69987852559578	0.78226124622478	2.15529681188421
391000	392000	-2.84764054283261	0.506788451253349	2.30525679387369
392000	393000	-2.73119343557665	0.567113966287458	1.93012090955073
393000	394000	-2.59929698335481	0.434916331998097	1.77301247767083
394000	395000	-2.64339473883094	0.634815190207042	1.60116694436961
395000	396000	-2.85739103358691	0.756647950768538	1.55557427701241
396000	397000	-3.02853009883352	0.963992181775487	1.61613066517229
397000	398000	-3.56543431801324	1.41498059170387	1.7721180710786
398000	399000	-3.19872098884945	0.658691285250482	1.68044785169181
399000	4e+05	-3.24727228957471	0.452090821030032	1.86145253623814
4e+05	401000	-3.20779045633475	0.341325434829497	1.58667793597458
401000	402000	-2.97135229596017	0.22940074059268	1.34659894376372
402000	403000	-3.1295507909557	0.0684276371238386	1.64642525910632
403000	404000	-3.34068078360657	0.0597093444933515	1.69198114414387
404000	405000	-3.37102703319722	-0.0813649720226901	1.51216395684556
405000	406000	-3.49629981083056	0.0614146215031531	1.42605297426385
406000	407000	-3.54887909185696	0.186949549081387	1.25756937881321
407000	408000	-3.68946409682525	0.140153016316731	0.92788430077147
408000	409000	-3.57706077290464	-0.114675930179458	1.18136371346576
409000	410000	-3.67326967891806	-0.254145447373367	1.31110140993768
410000	411000	-3.78912911146285	-0.365857880472314	1.12606510520393
411000	412000	-3.9959743747619	-0.627959002284881	0.918823976588067
412000	413000	-4.04888192296908	-0.405033404969273	1.18201672537338
413000	414000	-4.2570217732538	-0.302167367515025	1.06212221959416
414000	415000	-4.60544014470575	-0.343336195277846	1.19162340492862
415000	416000	-4.3065565579996	-0.564290381606043	1.26835090938165
416000	417000	-4.23803499432022	-0.475696331720842	1.52854169008819
417000	418000	-4.07404839512414	-0.71600154881423	1.57538555698356
418000	419000	-4.16690994727671	-0.736744121983592	1.77877945472152
419000	420000	-4.4296299667788	-0.992335133997296	1.84071687674016
420000	421000	-4.39109479330657	-0.631270145412562	1.88184730957956
421000	422000	-4.2351771986537	-0.672732754626141	2.06481560183586
422000	423000	-4.30341421931188	-0.400927111615942	2.16644151583069
423000	424000	-4.07137116448425	-0.52770189999388	2.28798371934328
424000	425000	-3.91790267579513	-0.339397738976117	2.18272552430249
425000	426000	-3.77721926539225	-0.543309483779156	2.18267501217841
426000	427000	-3.77896943041179	-0.468564918159998	2.38402323679104
427000	428000	-3.55655459711292	-0.338166433841014	2.34908414945796
428000	429000	-3.5712607051527	-0.563950029294454	2.47061905840535
429000	430000	-3.70036215379765	-0.696431732723033	2.61291939445526
430000	431000	-3.84804476065887	-0.915875191520738	2.84333682690501
431000	432000	-3.73122315829569	-0.95280302008723	2.42158720348377
432000	433000	-3.89505457962875	-1.25251801138444	2.28300590632457
433000	434000	-3.58520542193248	-1.04385258514581	2.1678444184684
434000	435000	-3.39534426700533	-0.93253798341497	2.30262137703263
435000	436000	-3.19198817697626	-1.0022250827018	2.65218737115314
436000	437000	-3.07951727127366	-0.873794214558375	2.27186569869464
437000	438000	-3.0573940978762	-0.659288954383629	2.201500222024
438000	439000	-2.81972924031097	-0.67290063203972	2.23419666673907
439000	440000	-2.90612781204761	-0.413847615179515	2.24605092105145
440000	441000	-2.73088489180001	-0.437899930192325	2.05443934739912
441000	442000	-2.92344339249731	-0.519522519768427	1.95914573243484
442000	443000	-2.71223720775737	-0.568212940702316	1.72342745493152
443000	444000	-3.06525614162269	-0.667950566722372	1.76982352570121
444000	445000	-3.17496115434451	-0.86324539139178	1.59110178398095
445000	446000	-3.4289792545263	-0.975163162521695	1.41671725502827
446000	447000	-4.22189220786352	-1.5107346321766	1.11123990810212
447000	448000	-3.46679901693559	-1.26214089191546	1.50990767122056
448000	449000	-3.1975057910658	-1.26315421672799	1.57163454784226
449000	450000	-3.14563365609021	-1.38646983238515	1.82986326286405
450000	451000	-2.87704970173673	-1.27918432042432	1.88267264422743
451000	452000	-2.93432816084139	-1.43950552696013	2.03545018146067
452000	453000	-2.72264857496822	-1.52519997765255	2.05512949461765
453000	454000	-2.90878334237456	-1.71479027967824	1.99167558923845
454000	455000	-2.75715303235764	-1.65398277162751	1.74828013795768
455000	456000	-2.9708570105894	-1.72388014081649	1.66445263163833
456000	457000	-2.88174968007959	-1.74930226270147	1.44803045983398
457000	458000	-3.11956610531243	-1.75161602209295	1.48578097672137
458000	459000	-3.29570967614938	-1.95458903770208	1.52464973860398
459000	460000	-3.29702949952215	-1.73590882033404	1.29560344451845
460000	461000	-3.14717057368863	-1.92611384073787	1.19927727466866
461000	462000	-3.44029934773402	-1.99041056748458	0.935320595453468
462000	463000	-3.05543516487299	-1.96044822024402	0.87839054915804
463000	464000	-2.97070058913251	-1.6809466666727	0.883976693864087
464000	465000	-2.7094937878814	-1.72342984924966	0.886249662973045
465000	466000	-2.76472418928769	-1.70677451281712	0.648745168470845
466000	467000	-2.7583522262564	-1.50059044726088	0.735353784876079
467000	468000	-2.83848684416206	-1.46118945201135	0.565717560637083
468000	469000	-2.81658625941446	-1.2544113268608	0.616266266383612
469000	470000	-2.97326810764571	-1.24444612460777	0.46913291997288
470000	471000	-3.18848938589231	-1.3137517827219	0.508972131460584
471000	472000	-3.26581595917699	-1.12774118187147	0.285669242781954
472000	473000	-3.41706824004558	-1.10779374186805	0.532262691517159
473000	474000	-3.5108738316131	-0.939293399539172	0.408183102908778
474000	475000	-3.52018339374319	-0.895742658337733	0.653682937897379
475000	476000	-3.29378732949858	-0.884837141156883	0.639502207680712
476000	477000	-3.2687099677275	-0.687036385765038	0.597270689838096
477000	478000	-3.12138360072193	-0.472310909252183	0.361948704117505
478000	479000	-3.09247510014536	-0.533387492664605	0.775667870233086
479000	480000	-2.94940590379213	-0.716656663656523	0.704740611133965
480000	481000	-2.95491430220543	-0.776149231567561	0.964773172473015
481000	482000	-2.63442053602973	-0.847444913464863	0.847296128079475
482000	483000	-2.60197208096036	-0.865129921990979	1.14735128577155
483000	484000	-2.45208405342274	-1.08692741698221	1.10109114743578
484000	485000	-2.45703638121296	-1.14791362754708	1.37911008796334
485000	486000	-2.19943273143651	-1.112603594724	1.32355531762815
486000	487000	-2.12691395006842	-1.21480266370377	1.70920895603755
487000	488000	-1.96291892504554	-0.895134900075949	1.57574598040908
488000	489000	-2.07933548984973	-0.68111540443068	1.68355191242859
489000	490000	-1.86176887686817	-0.56667152869774	1.71308957859617
490000	491000	-1.95856445878717	-0.389771504876902	1.85107317050751
491000	492000	-1.9630939747995	-0.348044556340743	1.6142179360986
492000	493000	-2.10165496975251	-0.32580306452888	1.44515984428145
493000	494000	-1.81142873150334	-0.332739792741839	1.33977909078685
494000	495000	-2.0457231029744	-0.290723480159202	1.17658378910752
495000	496000	-1.5685506595131	0.181562664005506	0.735827010011398
496000	497000	-1.87734985993792	-0.396358724997904	0.845019589340759
497000	498000	-1.89244942095401	-0.645772898927079	0.954141066994535
498000	499000	-1.75240249276439	-0.7863679454217	0.958517290566664
499000	5e+05	-1.80859498610877	-0.820281507267709	0.765661224121671
5e+05	501000	-1.90560107091604	-1.00943203016652	0.906961108548518
501000	502000	-1.9794372137042	-1.01975629021244	0.659798443018329
502000	503000	-1.80153951309975	-1.34743730599292	0.579837507631558
503000	504000	-1.590587626959	-1.06223283921046	0.67967384936655
504000	505000	-1.42337889265285	-1.15484324552281	0.840828259125505
505000	506000	-1.15994333803379	-1.09812654286946	0.775360266958619
506000	507000	-1.03464050063528	-1.37880437627774	0.772636988204514
507000	508000	-0.806068176423312	-1.31851395362702	0.66725406082293
508000	509000	-0.582156707517264	-1.40374543496178	0.622359667893367
509000	510000	-0.388415941640186	-1.53411530044524	0.489366743318974
510000	511000	-0.204779425414053	-1.63958108001003	0.41384483669394
511000	512000	-0.0197738182842113	-1.62132217251633	0.281586177001476
512000	513000	0.049848268180456	-1.89930501795979	0.385566736445686
513000	514000	-0.0116237015502305	-1.93761298732007	0.0593122589171598
514000	515000	-0.211648588350973	-2.09443719367591	0.155961327271505
515000	516000	-0.384303293360017	-2.05364435907748	-0.0721756543842873
516000	517000	-0.210272281055956	-2.28970148492205	-0.131411493270112
517000	518000	-0.358766948925204	-2.3993358058129	-0.0429904958955456
518000	519000	-0.433246084823169	-2.66405766413388	0.173554247737656
519000	520000	-0.560007272249984	-2.53186381632153	-0.15684333715938
520000	521000	-0.38087470098414	-2.70601922984098	-0.341558023330545
521000	522000	-0.639692187225026	-2.72406508413714	-0.416379615770512
522000	523000	-0.650371604007714	-2.94287058297643	-0.307924812238734
523000	524000	-1.27316730060305	-3.38807755923252	-0.131091121554343
524000	525000	-0.70210025853524	-3.04631244518529	-0.601385082500247
525000	526000	-0.559239703225715	-2.95783772689357	-0.781415263316951
526000	527000	-0.4223348984905	-3.17367759166064	-0.748456925707603
527000	528000	-0.428811511000091	-3.45394004743383	-0.713441795804351
528000	529000	-0.317221353788688	-4.20088841537344	-0.625598488918356
529000	530000	-0.280988364087202	-3.52950128119145	-1.14907942317341
530000	531000	-0.251448545015925	-3.31700545843988	-1.28209814582299
531000	532000	-0.44523519814144	-3.40515060321327	-1.44301307690897
532000	533000	-0.624330207816059	-3.55407050723009	-1.38636227395128
533000	534000	-1.04718918647899	-4.25920724203867	-1.24280497140456
534000	535000	-0.757575877607109	-3.3638979024684	-1.34870921097594
535000	536000	-0.898994777987906	-3.28174420602076	-1.28209841748115
536000	537000	-1.05118147034423	-3.48810110384837	-1.31527271307973
537000	538000	-1.74956776476002	-3.84315264431221	-1.54051130643918
538000	539000	-1.22485323732364	-3.22927511862219	-1.47202061450007
539000	540000	-1.22266986435024	-3.0096030749515	-1.41302036974149
540000	541000	-1.46300784597509	-2.75049439059125	-1.39287792761729
541000	542000	-1.33899498987063	-2.89852558552455	-1.734713199642
542000	543000	-1.09346700862288	-2.84311982132221	-1.64054667307739
543000	544000	-1.00967766049941	-3.03996268651872	-1.77832926200903
544000	545000	-0.760896871417922	-2.89676782008891	-1.64440688718962
545000	546000	-0.712203781156275	-3.09708022638582	-1.82507158223757
546000	547000	-0.591647080665374	-2.93224403024488	-1.90590100676356
547000	548000	-0.558992218735334	-3.1271001433246	-2.05662001209671
548000	549000	-0.51845130163788	-2.9242762643078	-2.19387133955028
549000	550000	-0.578511240501391	-2.88473292047598	-2.46390754102739
550000	551000	-0.862765829240937	-2.54070475509509	-3.11296113161006
551000	552000	-0.289454288163732	-2.94408289352239	-2.62307732973894
552000	553000	-0.410323213681002	-3.21846657282684	-2.81441539344268
553000	554000	-0.117854001117515	-3.10213784323081	-2.56674702962962
554000	555000	0.00858834698649377	-3.00056697816181	-2.40882239980247
555000	556000	0.039377824092784	-2.86225900197322	-2.56093815174055
556000	557000	0.210640309360398	-2.69896337043562	-2.55679894805819
557000	558000	0.183485743436554	-2.83276859431879	-2.75730667236546
558000	559000	0.36131899534833	-2.95241004891906	-2.68544869169958
559000	560000	0.379038587365727	-2.96614118820678	-2.96945220999049
560000	561000	0.71016459237128	-3.37757365267795	-3.54348543090111
561000	562000	0.254004067665478	-3.28924100465638	-2.8756976970523
562000	563000	0.257278634485524	-3.28517082423487	-2.649529877088
563000	564000	0.0858364002056279	-3.42789012103675	-2.65270285337743
564000	565000	0.265485456160184	-3.56769780702298	-2.49644950418811
565000	566000	0.0315035175513389	-3.5152389623983	-2.27409717315892
566000	567000	0.160405304818797	-3.31856217500737	-2.06679293803346
567000	568000	0.0415857831803712	-3.36043804881923	-1.83742235657837
568000	569000	0.0947047919565724	-3.08547204446982	-1.79850941583299
569000	570000	-0.0199916607695018	-3.04149922257244	-1.57635169147839
570000	571000	0.209973103469366	-2.94840653220808	-1.51228468085103
571000	572000	0.266347469838624	-3.19879848439432	-1.45792775023798
572000	573000	0.544898295860115	-3.17395070453272	-1.46900897294775
573000	574000	0.4654865203188	-3.41541944719075	-1.42801755493003
574000	575000	0.677327795878237	-3.47175296275321	-1.34034717951466
575000	576000	0.792854789631571	-4.11947867843039	-0.640355184754633
576000	577000	1.14957163069386	-3.87219293447207	-1.09522269966245
577000	578000	1.05966313035177	-3.62977021842677	-1.35500912692429
578000	579000	0.905768662859874	-3.7229245198454	-1.53189905019943
579000	580000	0.991368756725392	-3.96721432515527	-1.52605902850787
580000	581000	1.26433429473398	-4.11494753002392	-1.7583361485499
581000	582000	0.972065557941246	-4.50049879509675	-1.76987078510768
582000	583000	0.869116397067579	-4.37036898308966	-2.16942651985137
583000	584000	0.547436591661495	-4.34398026212468	-2.0456302451905
584000	585000	0.599742672889223	-4.23176033044743	-1.86255621680325
585000	586000	0.498423362125093	-4.38277551268646	-1.72272935265437
586000	587000	0.40535866744038	-4.09950247120937	-1.72391996529837
587000	588000	0.571530198075545	-3.88974277383253	-1.79299472793643
588000	589000	0.561281227210087	-3.64813233234315	-1.8611715575995
589000	590000	0.779079393796218	-3.43251957809134	-1.94578115936463
590000	591000	0.96158094396137	-3.13697490636557	-2.09347470011939
591000	592000	0.523023159546886	-3.14154614262451	-2.01658715631929
592000	593000	0.574537074800028	-2.89511123266332	-1.93033957616471
593000	594000	0.350790484357822	-2.72605607902966	-2.00943315954459
594000	595000	0.468053753175233	-2.43363788448845	-1.9055556158092
595000	596000	0.240092255735511	-2.34265033110473	-2.07186152254494
596000	597000	0.142353928665858	-2.50513208850564	-1.9165180572309
597000	598000	-0.0531136291519376	-2.63717131190183	-2.00050764431749
598000	599000	-0.10678235493411	-2.46725249857548	-1.85251183656336
599000	6e+05	-0.494246535405474	-1.73703434098635	-2.16027982523182
6e+05	601000	-0.265163904885165	-2.25023453803985	-1.62000769949459
601000	602000	-0.118360075207619	-2.47252897938573	-1.50272031824898
602000	603000	-0.12249281715301	-2.54851342585937	-1.29746396677259
603000	604000	-0.312338105908423	-2.41643047818386	-1.22635592004921
604000	605000	-0.141809319458628	-2.25834441531855	-1.21771300253768
605000	606000	-0.094003721532721	-2.3556443919008	-1.01003746103808
606000	607000	0.115743571852928	-2.23529099236256	-1.12316518973189
607000	608000	0.212097318321691	-2.49156594022483	-1.12576868353931
608000	609000	0.392835208782164	-2.33639514929933	-1.02751507865329
609000	610000	0.384799637111806	-2.53697738292187	-0.928622044725094
610000	611000	0.502535158042558	-2.42351001372401	-0.804915477954369
611000	612000	0.725106958633467	-2.53942556021202	-0.951274702133661
612000	613000	0.932775479218906	-2.28994262321574	-0.812847513713413
613000	614000	0.719719522303158	-2.54559665122881	-0.647043144786512
614000	615000	0.708879413973747	-2.74905253645815	-0.528806953168349
615000	616000	0.56175670610887	-3.04437572626772	-0.353157628487557
616000	617000	0.55754085752756	-2.66945264247517	-0.269969244783657
617000	618000	0.64882172384811	-2.47485115175589	-0.251314763332486
618000	619000	0.556210998856996	-2.47409821068694	-0.045496461155681
619000	620000	0.806571712280544	-2.46143847355595	-0.0187041315971298
620000	621000	0.845358959348618	-2.63335568546552	-0.159029005568255
621000	622000	0.946217768698498	-2.75083637791836	-0.0340308506504538
622000	623000	1.07514129772763	-3.06889583927708	0.0212029458406723
623000	624000	1.23436788607078	-2.82628204101174	-0.231618546789403
624000	625000	1.22259029597208	-2.58113617305927	-0.273705051912243
625000	626000	1.60135082079207	-2.64040437896471	-0.395299056908451
