0	1000	-0.661161488317882	0.990491720856641	-2.84039818404661
1000	2000	-0.636951146006984	0.856404294775153	-2.86554102655084
2000	3000	-0.605938826696305	0.767190100835445	-3.05654384055931
3000	4000	-0.604962034506724	0.681773907349959	-2.87629345167716
4000	5000	-0.482346934726753	0.698152239621269	-2.86783374593479
5000	6000	-0.496743467758894	0.569428149037844	-2.71428334463809
6000	7000	-0.467496579023641	0.552304248119591	-2.8994387143512
7000	8000	-0.515127248764293	0.439889798594251	-2.89516252236531
8000	9000	-0.382586185026485	0.415139944813538	-2.9307291019031
9000	10000	-0.446393552595106	0.308458203995685	-2.85602270705972
10000	11000	-0.345359352767405	0.240662486867658	-2.93433662526987
11000	12000	-0.496370089636805	0.114175868364424	-3.0019973676873
12000	13000	-0.273294325512245	0.0809653380129493	-2.98410556100288
13000	14000	-0.308765479326167	-0.0702380032185971	-2.9152748409442
14000	15000	-0.190182383028741	-0.135162975623248	-3.00758479201282
15000	16000	-0.323997492297013	-0.261499759097361	-3.02836169944798
16000	17000	-0.132795654378961	-0.313509284465975	-3.02614481135192
17000	18000	-0.222303779008101	-0.424612077994672	-2.8904915629972
18000	19000	-0.0611812197775884	-0.468333073985267	-2.97795348085523
19000	20000	-0.237730383849763	-0.545352169399173	-3.07840932412965
20000	21000	-0.0609158016744911	-0.544118432667022	-3.147663736469
21000	22000	-0.0769304129218552	-0.678758395354727	-3.03687019402389
22000	23000	0.00156750504188452	-0.696497675437591	-3.17412285096824
23000	24000	-0.126522015608104	-0.801458567043932	-3.16050888573677
24000	25000	-0.171438760415209	-0.705832395087885	-3.3295596660981
25000	26000	-0.149107845221559	-0.901476470191991	-3.33337090443926
26000	27000	0.00910812215854154	-0.833188201700599	-3.35511021761847
27000	28000	-0.0383857337620168	-0.84060982870691	-3.54090311619059
28000	29000	-0.189956380757801	-0.695807808879843	-4.34129805756986
29000	30000	0.116160221384142	-0.827121124073409	-3.75324521416539
30000	31000	0.19671410098854	-0.887975173789421	-3.43818290133353
31000	32000	0.244078075141083	-0.923987243158301	-3.3015783902901
32000	33000	0.206603140754453	-0.893651369686049	-3.15612557140875
33000	34000	0.34643602336948	-0.862780425023857	-3.08028050836431
34000	35000	0.388721936965195	-0.861603150581965	-3.23129036469696
35000	36000	0.399688488739068	-0.693769887131358	-3.28871820834961
36000	37000	0.528512369145942	-0.521097507650798	-3.19036186202962
37000	38000	0.541712543108305	-0.752551561114442	-3.11763283612277
38000	39000	0.749148647798773	-0.754760371412692	-3.0388400307123
39000	40000	0.622954258527083	-0.848796680293881	-3.25977407825091
40000	41000	0.636830363891117	-0.764508810760609	-3.41142170560752
41000	42000	0.958884822320135	-0.330082725674506	-4.04130870535204
42000	43000	0.823789588204657	-0.746306320924443	-3.48969818278697
43000	44000	0.786891134703441	-0.871778964060928	-3.35708142109983
44000	45000	0.951244560473553	-0.874213912588999	-3.27969352035611
45000	46000	0.976744761182708	-0.922340703300952	-3.43823204490193
46000	47000	1.53100018494777	-0.915961410213189	-3.94978168228924
47000	48000	0.911707210357389	-1.0485618740131	-3.53609559925904
48000	49000	0.789683585517831	-1.10682535190221	-3.67972829037297
49000	50000	0.690116437314709	-1.12069836724429	-3.44847137364985
50000	51000	0.764576308292618	-1.12213312163286	-3.31862074771281
51000	52000	0.736584363156117	-1.16947247515658	-3.18045402409643
52000	53000	0.897795938540108	-1.17626814370595	-3.20069757863346
53000	54000	0.903987884086926	-1.26989475435963	-3.05444719319636
54000	55000	0.867881902037552	-1.33317975663251	-3.22108986066612
55000	56000	0.841742106164074	-1.3968558130701	-3.35306407590188
56000	57000	1.02914055716397	-1.44922316922246	-3.35116231581766
57000	58000	0.911863749633818	-1.51641293541507	-3.2421354204412
58000	59000	1.03503737270572	-1.49169380401006	-3.10782312975528
59000	60000	0.896596971442793	-1.6107645376471	-3.08052063949946
60000	61000	0.751868824001159	-1.50201321230887	-3.07005754409976
61000	62000	0.713951209152768	-1.66283140885708	-3.12560399270052
62000	63000	0.722085277522231	-1.64722088144945	-3.32571526287477
63000	64000	0.574304778111704	-1.71034625721402	-3.24140612757215
64000	65000	0.556792699955685	-1.53649451668241	-3.33094726935154
65000	66000	0.476622869333429	-1.57496370362773	-3.13767682425442
66000	67000	0.496327514489283	-1.38128032809253	-3.18657235613987
67000	68000	0.39883931855816	-1.40347322773557	-3.03828218041176
68000	69000	0.442141635838311	-1.17339114054614	-2.98264187158091
69000	70000	0.230846910937771	-1.27686756049059	-3.07776124260804
70000	71000	0.319793700788479	-1.23750605722498	-3.23389861687255
71000	72000	0.132421404828157	-1.29051962127776	-3.26744405192619
72000	73000	0.264690086741809	-1.30995788670293	-3.39791973529603
73000	74000	0.113112116105293	-1.37574125219522	-3.48640159368246
74000	75000	0.246001157405392	-1.50282555435012	-3.43535604165773
75000	76000	0.162368609915247	-1.55346061791075	-3.31036837652722
76000	77000	0.189128720380998	-1.75851087135741	-3.39401412371989
77000	78000	0.1172658643716	-1.63273530572307	-3.56016977849253
78000	79000	0.00116171088487592	-1.68683711325898	-3.43888522036277
79000	80000	-0.117311170749379	-1.67790787107951	-3.69987016801345
80000	81000	-0.190552141088361	-1.7121395660733	-3.4828729380545
81000	82000	-0.200056602952882	-1.51629835337367	-3.48898880596975
82000	83000	-0.113645382678457	-1.52971349761598	-3.32534031454089
83000	84000	-0.293604042106594	-1.47381919462961	-3.30671857954563
84000	85000	-0.248824750618608	-1.63223067071522	-3.24212739883668
85000	86000	-0.210179927146483	-1.78676919114418	-3.20965499181576
86000	87000	-0.127716621223149	-1.93787906612505	-3.10371279614209
87000	88000	-0.0561654840478237	-1.67870391683944	-3.09961339114553
88000	89000	0.00171047525543539	-1.55157255704381	-3.07527544575447
89000	90000	-0.119592298180819	-1.52477591836086	-3.02720503521574
90000	91000	-0.207613184515544	-1.62218235831358	-2.97783146666537
91000	92000	-0.968946039183021	-2.00420430656505	-3.1014499113638
92000	93000	-0.337385619323417	-1.51412193524461	-2.93129203312513
93000	94000	-0.506568778303379	-1.38854262755142	-2.90168270460251
94000	95000	-0.238897356571336	-1.38532103469228	-2.89266356705378
95000	96000	-0.301474934710259	-1.25197693097345	-2.98434718547468
96000	97000	-0.138244959954815	-1.24922554465831	-2.91584832832145
97000	98000	-0.229018378787567	-1.1964650614017	-2.78762693813688
98000	99000	-0.249262688779327	-1.31988690289505	-2.65143305895657
99000	1e+05	-0.0934614894825559	-1.34193810248382	-2.74698917065593
1e+05	101000	0.0179474782066643	-1.253092383445	-2.78546477149308
101000	102000	0.00874168778314354	-1.15756777244213	-2.66857911553477
102000	103000	-0.00913752073939936	-1.23422865767071	-2.51719377662208
103000	104000	0.0275311862627919	-1.37318362257201	-2.61800181861406
104000	105000	-0.0842488353868291	-1.56636563403475	-2.46116606196017
105000	106000	0.0857657867310303	-1.54472020189282	-2.60496759038596
106000	107000	0.179277510933268	-1.46080203517502	-2.683698797101
107000	108000	0.269586953222739	-1.35102805495153	-2.6807973702681
108000	109000	0.248486628666883	-1.37277554788972	-2.54853211797884
109000	110000	0.269284141463572	-1.49131014859578	-2.42962276870734
110000	111000	0.415445117429208	-1.3862507852423	-2.52519022103299
111000	112000	0.349747994271292	-1.5837860879834	-2.60321877035622
112000	113000	0.482378041871299	-1.5063024327047	-2.65462794941951
113000	114000	0.513615141771921	-1.58804916290261	-2.49716640845047
114000	115000	0.725031796989442	-1.50714659127135	-2.39934389724416
115000	116000	0.72595774133937	-1.7182395823304	-2.50918754835486
116000	117000	0.53900051284048	-1.73078372273743	-2.64317330980177
117000	118000	0.48661232636111	-1.89518178897762	-2.68069396512477
118000	119000	0.508112404986028	-2.17202264606987	-2.79267624932741
119000	120000	0.686697894728378	-2.80402695217723	-2.91693822929176
120000	121000	0.663587545488957	-2.12943244509476	-2.60149229219355
121000	122000	0.664670315727088	-1.99565097212526	-2.50679179706102
122000	123000	0.627272926188315	-1.96613460572327	-2.3566199990832
123000	124000	0.628906786259779	-2.12062558101111	-2.32464704145757
124000	125000	0.494459262608402	-2.80232519116096	-2.24027800366497
125000	126000	0.73964007724303	-2.21945417550812	-2.15185026776104
126000	127000	0.824743891168974	-2.10362456976973	-2.0827881551976
127000	128000	0.91023626132933	-2.19099044988282	-2.01607043061406
128000	129000	1.31676956367907	-2.71533030240189	-2.20807886130626
129000	130000	1.03846576790057	-2.30092722043735	-1.88483805178273
130000	131000	0.967514353812409	-2.24933728625004	-1.76864548988106
131000	132000	0.91857256759831	-2.21001176274468	-1.60009876198114
132000	133000	1.05207160048512	-2.315944708188	-1.63860674481658
133000	134000	1.20973559386346	-2.2093345141937	-1.57622443532264
134000	135000	1.0999710943957	-2.32516842763363	-1.49689491711026
135000	136000	1.12194137932021	-2.43001421024954	-1.40582284265789
136000	137000	1.04366616647955	-2.91804414796546	-1.29576168429464
137000	138000	1.31633018607636	-2.5590419367415	-1.14555447786025
138000	139000	1.71847240128547	-2.6781944112998	-1.31188468711027
139000	140000	1.51906158953657	-2.54178444461852	-0.806055131249525
140000	141000	1.52105924851902	-2.42885756644345	-0.676037094148581
141000	142000	1.4931931782042	-2.53985217215679	-0.549167627947543
142000	143000	1.31152068972806	-2.38012071103858	-0.492606348112731
143000	144000	1.46887846650216	-2.53842836004433	-0.329165740274355
144000	145000	1.49608824104239	-2.33852990635392	-0.260387508220975
145000	146000	1.6684008321129	-2.4565546674976	-0.318541117635506
146000	147000	1.6839113664437	-2.28729035758089	-0.32852200772562
147000	148000	1.88601382929504	-2.28603738306076	-0.48840914322034
148000	149000	1.81447575355597	-2.20434833919601	-0.222069307341715
149000	150000	1.84216235936474	-2.37744422255117	-0.20688403682401
150000	151000	1.79837464057258	-2.27930807268301	-0.0410362933974208
151000	152000	1.89801311832834	-2.43157412477743	-0.0521682835199342
152000	153000	1.9910933285276	-2.29255643049038	-0.101437196971883
153000	154000	2.12592410695234	-2.42827841249218	-0.19305476274959
154000	155000	2.1775928828572	-2.22328623785609	-0.1157771547021
155000	156000	2.13599679732804	-2.36998176155945	-0.000458703755124804
156000	157000	2.10070026359261	-2.17181153007049	0.090325106250925
157000	158000	2.11911891763547	-2.37674003809529	0.148022096918873
158000	159000	2.18916471638128	-2.27435610776227	0.218549305868876
159000	160000	2.30420526189062	-2.35197070655123	0.132935616884998
160000	161000	2.39139147299426	-2.23218569993636	0.207733833835095
161000	162000	2.55733055995393	-2.27020544513987	0.0370372629463601
162000	163000	2.64530769376098	-2.38218877094627	0.215805874258915
163000	164000	2.44834812473718	-2.53743539768076	0.138892618006498
164000	165000	2.40819041346804	-2.48181329122776	0.303712233820291
165000	166000	2.29683332850252	-2.61269563935713	0.285922274520919
166000	167000	2.42017667911528	-2.68926734346494	0.298018674305675
167000	168000	2.57546292906183	-2.84238285980969	0.309358279385947
168000	169000	2.38758802076654	-2.7402587457998	0.438850295839131
169000	170000	2.43347538301317	-2.62217449911637	0.48673922677268
170000	171000	2.58078878709934	-2.65085138795692	0.522045367306327
171000	172000	2.69002385075839	-2.75998180965896	0.667260900863902
172000	173000	2.47871033285094	-2.73446209127633	0.60171091688311
173000	174000	2.4397571839634	-2.7750773969813	0.711813380673646
174000	175000	2.3011084727008	-2.75673085526239	0.658291043488888
175000	176000	2.37699628104107	-2.64377573941566	0.739480506433827
176000	177000	2.35589070903005	-2.53140948402951	0.656427327808651
177000	178000	2.44665456039285	-2.47521802940319	0.780640901964185
178000	179000	2.4550315707367	-2.49707665178246	1.00030140597666
179000	180000	2.27900909862617	-2.5365973042653	0.880876238578854
180000	181000	2.18273260393997	-2.5648890091716	0.755184308791276
181000	182000	2.18909749323254	-2.44367027052623	0.799244354962193
182000	183000	2.05982162181823	-2.52428844387691	0.830911438842308
183000	184000	2.05162803703386	-2.37002599135184	0.829751265324271
184000	185000	2.09548078115683	-2.41404399433145	0.658672754104281
185000	186000	2.21399284660398	-2.25136651595611	0.732384382950897
186000	187000	2.11935149591932	-2.24311129175152	0.569811449313904
187000	188000	2.00809236373293	-2.18932206399278	0.716511440157251
188000	189000	1.83789812678117	-2.17001350709505	0.610759649659988
189000	190000	1.86687856996437	-2.44092729400584	0.623668474889947
190000	191000	1.95008549103084	-2.5901390483205	0.566203727084055
191000	192000	1.92013879864681	-2.481023260231	0.428488717232014
192000	193000	1.713670861136	-2.39969724982476	0.347833532525009
193000	194000	1.70171913482329	-2.63256186441844	0.360237307066184
194000	195000	1.84311821706693	-2.77139316240924	0.444147791689734
195000	196000	2.02287838646039	-2.78405387667595	0.403217789115284
196000	197000	2.02722038825333	-2.85749883598773	0.254423163034156
197000	198000	1.94965902352561	-2.73658836147516	0.143823733251355
198000	199000	1.95379327867193	-2.86768840589504	0.016905262749933
199000	2e+05	1.76145751341507	-2.79646246272452	0.12047495549477
2e+05	201000	1.75114887376867	-2.91538048670955	0.00359888734393331
201000	202000	1.69202788843005	-2.95538802844686	0.156523909099069
202000	203000	1.69567386867549	-3.0877914943583	0.043160717552672
203000	204000	1.83627772320556	-3.04896564437425	0.157315642182709
204000	205000	1.8807207848782	-3.12466133765483	0.0363479120776464
205000	206000	2.02191441579221	-3.15196825424143	0.115282186208357
206000	207000	1.96469493875098	-3.29736636504659	0.0372688645464962
207000	208000	2.33410461820631	-3.97456538112267	-0.139103874263318
208000	209000	1.89466848485923	-3.40919169393613	0.188589375785315
209000	210000	2.03818181283001	-3.36529608762568	0.291262942781815
210000	211000	1.82723538397253	-3.27522064766357	0.304831730180033
211000	212000	1.94865758402066	-3.19510323877636	0.390580653164493
212000	213000	1.77446658317538	-3.20850455994365	0.446484283869376
213000	214000	1.86565926214156	-3.332766924381	0.469356449146217
214000	215000	1.73611954410606	-3.36823689703567	0.557015055267141
215000	216000	1.91723115405674	-3.42944445244226	0.601141551602878
216000	217000	1.86881907043663	-3.28895958980328	0.668593877722182
217000	218000	2.06173286934209	-3.29745611697499	0.642706945969501
218000	219000	1.94019610045253	-3.15640105132422	0.620368085134711
219000	220000	2.06399709954467	-3.10489769570277	0.666212649686814
220000	221000	2.01777366213294	-3.15623458614157	0.793252984272689
221000	222000	2.06835929510109	-3.25605791948564	1.00192113261869
222000	223000	1.87152409773799	-3.12575824432855	0.843842066830376
223000	224000	1.900092165149	-2.98913011444359	0.767792640106644
224000	225000	1.75056517852428	-2.99269546397097	0.747307266808504
225000	226000	1.78500906191263	-2.90981804085631	0.885922681356116
226000	227000	1.74277701605162	-2.97176256447136	1.04623474157437
227000	228000	1.61264917370419	-3.11561436704312	1.01616055552212
228000	229000	1.5284902514761	-3.15402270706584	0.846710968002847
229000	230000	1.55588622023693	-2.97920835677818	0.760189253430935
230000	231000	1.4840419716693	-2.91049091008665	0.882627582185713
231000	232000	1.26112448101865	-3.04073502249516	0.998562359244696
232000	233000	1.3067024631719	-2.95010754880259	0.770263204977562
233000	234000	1.3994165479216	-2.92360997426482	0.628946754574023
234000	235000	1.16167513091803	-3.08219839728087	0.521761782608784
235000	236000	1.30563043067975	-2.89128521868337	0.464966826738134
236000	237000	1.44075359533587	-2.76451745989271	0.53253789883514
237000	238000	1.3250572420479	-2.67603949744121	0.435858236076465
238000	239000	1.09253548692297	-2.60488772691616	0.413533764561095
239000	240000	1.22773231673061	-2.6220346159533	0.618206040597257
240000	241000	1.09598809053814	-2.61146639638003	0.840390877939246
241000	242000	1.33644092776029	-2.54170693369449	0.800557398072166
242000	243000	1.48741363435295	-2.452470136458	0.779483907924254
243000	244000	1.39391079854631	-2.40723387683227	0.647440159538712
244000	245000	1.38328200885616	-2.24036254199072	0.681805427547561
245000	246000	1.14874886984344	-2.17680234046052	0.753080558612502
246000	247000	1.37050169166145	-2.17665390842601	0.878760084011177
247000	248000	1.30798960785304	-2.29826725802615	1.013607352743
248000	249000	1.34868159712957	-2.13233041027695	1.08929144634602
249000	250000	1.19259990800975	-2.16593224329903	1.17012968033676
250000	251000	1.18256711370047	-2.00716320254346	1.23609299873554
251000	252000	1.04421746328941	-2.05994077783025	1.34597098576222
252000	253000	1.02914296773558	-1.89493970474472	1.41206185935229
253000	254000	0.927715223571289	-1.96089922238955	1.58132566793443
254000	255000	0.864663894815127	-1.77547995126599	1.59370691005259
255000	256000	0.735883250407566	-1.81778877577446	1.72618209475042
256000	257000	0.701407184154071	-1.67143822630292	1.7736947089125
257000	258000	0.609680266368473	-1.70659919427789	1.89864592027129
258000	259000	0.550198151238795	-1.54881480220148	1.92086035959657
259000	260000	0.469048766747107	-1.60736435419827	2.07889417373197
260000	261000	0.383848306490065	-1.43692461704417	2.10782409079562
261000	262000	0.282848141307697	-1.50679003029338	2.27535292025085
262000	263000	0.217629400377935	-1.27362409555299	2.30542585473651
263000	264000	0.179133977440196	-1.34435778488377	2.51401144301843
264000	265000	0.0991968426439971	-1.11792836635967	2.5777327524451
265000	266000	-0.0809106029088468	-1.18761574926609	2.64483070192179
266000	267000	-0.15099588269704	-1.04184203300596	2.45081242843811
267000	268000	-0.269134270262689	-1.11245280334163	2.68920450115902
268000	269000	-0.181377223071393	-0.945531941698347	2.69505983675678
269000	270000	-0.192366926621071	-1.05448651519888	2.85627626888912
270000	271000	-0.124203737675421	-0.894093135533654	2.86760536911729
271000	272000	-0.159988357874596	-0.941227461555679	3.02166475150495
272000	273000	-0.27901691480878	-0.837180889955091	2.98194325884328
273000	274000	-0.348766552038719	-0.867330087933074	2.84089446694814
274000	275000	-0.416833809975235	-0.701180339693459	2.8739822017658
275000	276000	-0.454408492377309	-0.961215756071977	2.93360669040438
276000	277000	-0.541584873763523	-0.839727595511025	3.01903123280443
277000	278000	-0.598970845989072	-0.981348208510198	2.84992535053957
278000	279000	-0.66225707562884	-0.811088656744257	2.87755999516821
279000	280000	-0.746848075670617	-0.9182918371017	2.71891658615462
280000	281000	-0.965211670258206	-0.774721753525847	2.78474703963459
281000	282000	-0.851064476378215	-0.919491184354347	2.93275296405317
282000	283000	-0.799199146148077	-0.981757056944749	3.07211682455557
283000	284000	-0.746239120844594	-1.13567113129139	3.02164420706444
284000	285000	-0.877226080835183	-1.13271947760756	2.92827082583356
285000	286000	-0.917040807357215	-1.28228252128943	2.88903613990959
286000	287000	-1.1757988095346	-1.20658499809733	2.90818798060442
287000	288000	-1.01302156796635	-1.31996202109328	3.04377209040286
288000	289000	-1.03489969343399	-1.17760091036558	3.16140742657379
289000	290000	-0.939023432573095	-1.30735641002832	3.21174248476387
290000	291000	-1.14615899383784	-1.34357344874267	3.38066353967847
291000	292000	-1.0292904357748	-1.45338914474933	3.26606118569069
292000	293000	-1.56706009333867	-1.99143360306822	3.61713396305888
293000	294000	-1.09140058427716	-1.76101153408867	3.31296231964911
294000	295000	-0.896090854715194	-1.5967297795448	3.37053237552106
295000	296000	-0.814446161336862	-1.54972822820037	3.19864576731935
296000	297000	-0.670238821844777	-1.57872157675521	3.33782659347803
297000	298000	-0.67703814905271	-1.68455823542109	3.13677416191457
298000	299000	-0.517612224157839	-1.80085892912933	3.27192528881658
299000	3e+05	-0.563411104778823	-1.50582592433669	3.12124530759725
3e+05	301000	-0.474987671165524	-1.43618613847731	3.22088019483696
301000	302000	-0.425192170768104	-1.41360050540359	3.05308856913206
302000	303000	-0.370060744988947	-1.58085212026682	3.07877767508876
303000	304000	-0.210983506653494	-1.69742319331619	2.95067218689874
304000	305000	-0.211956388841739	-1.48956456539617	3.09876620649056
305000	306000	-0.224819949694689	-1.36579636093726	3.19184161319765
306000	307000	-0.173852401575529	-1.49775482264489	3.31092588169214
307000	308000	-0.00350105038235176	-1.64887381357009	3.41846245416859
308000	309000	0.0136392746787632	-1.4222429907969	3.29954374337003
309000	310000	0.169083771854371	-1.37324270251094	3.1563012666694
310000	311000	-0.0693307045682632	-1.22716476970713	3.2624389469357
311000	312000	0.0782839511441643	-1.15073509197738	3.3052717595488
312000	313000	0.223782883135334	-1.24290292068696	3.52712335275966
313000	314000	0.00263276716192354	-1.04205616043526	3.44305800236398
314000	315000	-0.0823683051470399	-1.21959457432584	3.51619318807964
315000	316000	-0.184923308391719	-1.03084820572447	3.37713425621804
316000	317000	-0.327076697734634	-1.16392208511089	3.43372396398295
317000	318000	-0.405012348466286	-1.02688033314645	3.34033566111005
318000	319000	-0.454340625265313	-0.886948572801218	3.45005835760257
319000	320000	-0.648758883826665	-0.990049738710134	3.41830470203769
320000	321000	-0.581019776172139	-1.04881246913728	3.58728853472901
321000	322000	-0.561908598953592	-1.21335915855636	3.59567730847411
322000	323000	-0.63241306238706	-1.42160783132507	3.73936284248643
323000	324000	-0.652107221126428	-1.25119470899357	3.83300566500111
324000	325000	-0.584007829894672	-1.25022694563931	3.97883796922221
325000	326000	-0.545737292745653	-1.68033033274379	4.67746307095714
326000	327000	-0.397526217644177	-1.26180639587768	4.03623017953062
327000	328000	-0.430616027809455	-1.22137121377774	3.87554521209511
328000	329000	-0.433960478855847	-1.09609809942448	3.84988488492252
329000	330000	-0.283637799326546	-1.19337255658316	3.83053099198492
330000	331000	-0.287638330312116	-1.07898968284257	3.94071762557862
331000	332000	-0.265622454134099	-1.03890751845931	3.78103548105292
332000	333000	-0.195466651723301	-0.965303033989666	3.88764819270221
333000	334000	-0.315209993053794	-0.892291734840018	3.77528494553019
334000	335000	-0.168004116557798	-0.84481584197557	3.76944601686689
335000	336000	-0.225230839231402	-0.694936973197478	3.77544642430426
336000	337000	-0.150169881827231	-0.726655448694478	3.922121312624
337000	338000	-0.238294570519445	-0.794450789808283	4.07095428339723
338000	339000	-0.385560055929328	-0.779938291254113	3.93714834105342
339000	340000	-0.369057023913572	-0.658348433365635	4.10649389975583
340000	341000	-0.387724015491565	-0.567959828823835	3.94649451101298
341000	342000	-0.440876861218007	-0.641134688924378	3.82035096718811
342000	343000	-0.543077288792767	-0.737021253167425	3.80227697787922
343000	344000	-0.5951181564222	-0.646579551871329	3.91984108366057
344000	345000	-0.66816189870021	-0.625884207802142	4.07371970468169
345000	346000	-0.686204594849575	-0.820396657652	4.11758936603082
346000	347000	-0.669575883068882	-0.827722655707955	3.9373766548353
347000	348000	-0.785490750035292	-0.902555972366926	3.90646682618629
348000	349000	-0.91303885617775	-0.830367198165591	4.01247454764922
349000	350000	-0.844087543217435	-0.725630941515879	3.86206511504119
350000	351000	-0.78225752565153	-0.77410414650458	3.7190934866956
351000	352000	-0.891074198741529	-0.875622201798853	3.72786101132171
352000	353000	-1.06115969290019	-0.927015321800212	3.77286374596227
353000	354000	-1.02553883076365	-0.827106214753736	3.60754612478207
354000	355000	-0.925861987360356	-0.694453476130304	3.5775650857553
355000	356000	-1.00760833137002	-0.667719856808021	3.689220430487
356000	357000	-1.12058816368772	-0.709591792874877	3.76405382539033
357000	358000	-1.72931514432065	-0.627335158199114	4.2886440608164
358000	359000	-1.09036641551459	-0.538376320837704	3.79456914720382
359000	360000	-1.04091317587457	-0.499220978900087	3.65328061374323
360000	361000	-1.75290966131351	-0.126422469243913	3.7514656003616
361000	362000	-1.18886392612683	-0.302563170152965	3.8065392730044
362000	363000	-1.33787009666258	0.109584929664126	4.25341513616086
363000	364000	-0.915999812527357	-0.286318088825571	3.74621877102374
364000	365000	-0.817788239663926	-0.366325733258397	3.60446205169442
365000	366000	-0.790389381064957	-0.335839576321149	3.40025538187963
366000	367000	-0.616886283507556	-0.330245827043463	3.54935681676774
367000	368000	-0.595101751236209	-0.170177156108437	3.67212725819357
368000	369000	-0.48734889887096	0.371651521553135	4.22863605357696
369000	370000	-0.531735198108348	0.106390300560946	3.65649896475474
370000	371000	-0.508879877827076	-0.0488512325548425	3.47621378723008
371000	372000	-0.603441215063327	-0.107009799015469	3.3579713631529
372000	373000	-0.517791970981774	-0.0238251120600025	3.27306754710499
373000	374000	-0.61677506536876	0.125017278245632	3.2547261964218
374000	375000	-0.430847139911413	0.221616564816566	3.17471532027955
375000	376000	-0.548199453834473	0.338392599059067	3.10129186442965
376000	377000	-0.513912460572411	0.435391881746593	3.01238920350995
377000	378000	-0.439817120675579	0.597616487585423	3.02257986999157
378000	379000	-0.528434155010694	0.686997918826362	2.88935126108053
379000	380000	-0.41589247367383	0.78366447517625	2.84298761892051
380000	381000	-0.535160023077115	0.899754081355408	2.80168835757735
381000	382000	-0.368495894291573	1.00904750103664	2.80669053497167
382000	383000	-0.494762785182163	1.09452288972296	2.70175468325439
383000	384000	-0.403145505534393	1.15466321208241	2.62592458347449
384000	385000	-0.489642694986623	1.26445382004866	2.64484312308644
385000	386000	-0.418744839888929	1.3111579734971	2.55296517472568
386000	387000	-0.449775175229704	1.43187540132569	2.58407142392485
387000	388000	-0.424052994772104	1.4405194349927	2.43615988018047
388000	389000	-0.427784138357699	1.57177023804027	2.49909818291724
389000	390000	-0.423653294677968	1.63627878455885	2.38865041243875
390000	391000	-0.427894631859848	1.75449823725748	2.47443259169998
391000	392000	-0.622456888585851	1.76988907287602	2.35000292324106
392000	393000	-0.440020579364493	1.90184823774358	2.38767063672733
393000	394000	-0.397040371494144	1.86500477778062	2.23710826928119
394000	395000	-0.357527239933753	2.03501077835228	2.31178854164994
395000	396000	-0.229559529611862	1.96040919394618	2.22324629662596
396000	397000	-0.0881922734581331	2.03570587012997	2.3281074215138
397000	398000	0.571307487329529	1.93894638455646	2.53850717428948
398000	399000	-0.0435933671557664	2.15999939261496	2.15565879151729
399000	4e+05	-0.208902112369228	2.198985055778	2.11043477372231
4e+05	401000	-0.0986284006671115	2.18912907213088	1.97143242847211
401000	402000	-0.121449575386312	2.04285592619006	1.80113687946085
402000	403000	-0.115750956553052	2.29599788831187	1.84175419603157
403000	404000	-0.269018166872149	2.32150162618932	1.83800997826704
404000	405000	-0.186099761595097	2.46801046331765	1.82857647758577
405000	406000	-0.250236444541671	2.44706294888983	1.69132196362457
406000	407000	-0.0727215755043783	2.43225599233841	1.64332880865076
407000	408000	-0.0556324201118323	2.37682126408533	1.40934821290861
408000	409000	-0.172378392663949	2.54699037659666	1.54676951066038
409000	410000	-0.242438695040781	2.67064602171746	1.53623170450617
410000	411000	-0.119303008398798	2.6707127306194	1.41884754542751
411000	412000	0.100479141666101	2.73289454372545	1.32917889443579
412000	413000	-0.0416014478924498	2.77434765637612	1.54747029557164
413000	414000	-0.0515888352448709	2.94127171787839	1.54641397624662
414000	415000	0.146231290290691	3.07147063995571	1.6008315411457
415000	416000	0.079421212933394	2.87811993246992	1.70026157939581
416000	417000	0.158656277093825	2.7203833713418	1.76276348755891
417000	418000	-0.0142355530049274	2.77502154716414	1.83072337945931
418000	419000	-0.0865590856608608	2.90872706925362	1.8873680504805
419000	420000	0.151480976056285	3.08244374890881	1.97848983359436
420000	421000	-0.0161708847169265	2.93972070166765	2.06161674527399
421000	422000	0.0871296883720681	2.78145069759636	2.04178642486619
422000	423000	0.0430744771312856	2.82373204408354	2.23046819708827
423000	424000	0.0266160610709362	2.64264071866708	2.13563743033741
424000	425000	-0.102849808460456	2.62914201272235	2.21527332569544
425000	426000	-0.23646594732827	2.62393845904155	2.11383726766623
426000	427000	-0.229895934153963	2.76597420551899	2.16578121879171
427000	428000	-0.242031919574869	2.87448358749835	2.31820955940714
428000	429000	-0.303681136924248	2.69892895366978	2.30238832292383
429000	430000	-0.305550601780142	2.56334608690156	2.38136559778767
430000	431000	-0.148061296318229	2.66678635524346	2.60259860039326
431000	432000	-0.363185050986742	2.66392504544157	2.5297789906392
432000	433000	-0.377015847723636	2.89332831263428	2.640884085409
433000	434000	-0.517854965555183	2.64577551020375	2.43729575799882
434000	435000	-0.530126592850099	2.82325429132605	2.45420462468984
435000	436000	-0.739251638003805	2.73807302160337	2.57172190266133
436000	437000	-0.65583406704328	2.79053782804192	2.33062924538057
437000	438000	-0.615935489770125	2.72817268780241	2.19868949299391
438000	439000	-0.566611574962289	2.8950675041318	2.20414792392458
439000	440000	-0.665711855109877	3.03887995800598	2.22246653464496
440000	441000	-0.600939305749424	3.0080809037267	2.05846652854799
441000	442000	-0.71536989959761	2.88221466472144	2.06862892290292
442000	443000	-0.90191099139698	2.81354632083145	2.16734158268762
443000	444000	-0.6670974026716	2.76269916597895	1.92902435467658
444000	445000	-0.538047548427743	2.84977073462121	1.85121891880567
445000	446000	-0.450531266897119	3.07902417728031	1.84445804472732
446000	447000	-0.078046248591754	3.80833399230721	1.70277824174892
447000	448000	-0.464131988263906	2.8703045665441	1.67907309915141
448000	449000	-0.572068984215014	2.6285557740602	1.70010807837378
449000	450000	-0.640004739088549	2.52405984612304	1.81025629915347
450000	451000	-0.653101650911052	2.37675655112311	1.88598432931311
451000	452000	-0.733701997889418	2.39739060027622	1.72501449228959
452000	453000	-0.68008525339974	2.30499614289619	1.60903190538168
453000	454000	-0.766680211674906	2.17362956771722	1.67413702323844
454000	455000	-0.768610481454752	2.19143315837003	1.8582589798573
455000	456000	-0.900333213571816	2.2010111783766	1.78501217780969
456000	457000	-0.974496418933206	2.3205218965206	1.72639649397703
457000	458000	-1.01712851354177	2.28153950949069	1.87928010601648
458000	459000	-0.922129349092265	2.39581708363507	1.98140444695675
459000	460000	-1.09292789013185	2.38979480228593	2.00949559919347
460000	461000	-1.08475265546357	2.55846153614819	1.99198058347304
461000	462000	-1.37121630288114	2.45688973075687	2.02061648802044
462000	463000	-1.25962292947547	2.6418061924397	1.91616538530452
463000	464000	-1.1758587089563	2.50644327048501	1.77024122146908
464000	465000	-1.24505369037336	2.64479317047823	1.6852451906758
465000	466000	-1.09262642114279	2.58699488749399	1.5771651929928
466000	467000	-1.04368302083109	2.67981783613876	1.7074290232404
467000	468000	-0.936878360086614	2.72991844231128	1.61266173941524
468000	469000	-0.97308188038624	2.8241539787736	1.7426859156174
469000	470000	-1.04089750282756	2.85890764040617	1.58829254790816
470000	471000	-1.14070847574368	2.92087829641743	1.72008527367324
471000	472000	-1.20124720854606	3.04742492239777	1.60463541340747
472000	473000	-1.06060122068995	3.07361525537511	1.77003624461114
473000	474000	-1.01786070622517	3.09250246556403	1.61626731067119
474000	475000	-0.880170259751279	3.0642110193796	1.76694334245056
475000	476000	-0.841802303359633	3.06103043967516	1.6189543858564
476000	477000	-0.880601579761443	3.21589520419476	1.67770438773219
477000	478000	-0.910474320210069	3.46043683897874	1.67263308429366
478000	479000	-0.742935126502087	3.28981537549951	1.64009926210629
479000	480000	-0.668285949973046	3.16854817824356	1.56049613032299
480000	481000	-0.740209035471487	3.26976808359562	1.46016230754002
481000	482000	-0.848900408084657	3.34826036726201	1.36625529750014
482000	483000	-0.908090442355174	3.18145232913715	1.34135592598189
483000	484000	-0.754616730649624	3.07307650028842	1.39251472479618
484000	485000	-0.564250087389086	3.08349991541638	1.34424321481531
485000	486000	-0.680581948695583	3.13874924625694	1.25425522384644
486000	487000	-0.668063860888838	3.24160652587532	1.05073100131779
487000	488000	-0.799485990713906	3.04091863934677	1.15077529915104
488000	489000	-0.655883809054478	2.93682802972601	1.15153471836879
489000	490000	-0.77883711247711	2.87452714202087	1.27059534898207
490000	491000	-0.689354955087956	2.74887122293802	1.18209645677468
491000	492000	-0.854800467123342	2.72397352813654	1.24362395991228
492000	493000	-0.879852137332098	2.77610601653385	1.08938955157234
493000	494000	-1.05564545489273	2.74912766454605	1.1575906449108
494000	495000	-1.10814414945394	2.82656022675109	1.02030411941182
495000	496000	-1.78132449533045	2.87731323667381	0.752857726188615
496000	497000	-1.15131857225566	2.61455984160332	0.918134820000334
497000	498000	-1.00923749680176	2.50275032967672	1.03627759828308
498000	499000	-0.872686562251338	2.52275786195991	0.943701939657046
499000	5e+05	-0.843812185441195	2.36398642212817	0.912274747986244
5e+05	501000	-0.867708349308641	2.47055702396371	0.748959885548112
501000	502000	-0.869222681990607	2.28786131334851	0.68613430098492
502000	503000	-0.997656148991679	2.36232724285067	0.490341414514774
503000	504000	-0.835636860899239	2.24723237405055	0.400414657561922
504000	505000	-0.890966971779946	2.36222265705496	0.265854578136658
505000	506000	-0.813822024365279	2.24280070732897	0.133200613551168
506000	507000	-0.916504698855147	2.34565558135701	0.00611519491545728
507000	508000	-0.833926800625446	2.22603873161215	-0.114558412837122
508000	509000	-0.882740708801167	2.31233839361526	-0.256600745643286
509000	510000	-0.83991003337361	2.22186869669343	-0.402318934479835
510000	511000	-0.894402001373935	2.26794265485449	-0.553844464894717
511000	512000	-0.835081894089845	2.21193779748782	-0.719636514793864
512000	513000	-0.944774407068394	2.26890080515992	-0.871384162348621
513000	514000	-0.819038211794841	2.21102292127298	-1.03686138156547
514000	515000	-0.944053569424071	2.29850352851436	-1.18573908037876
515000	516000	-0.797081813543373	2.24017187071633	-1.31692211027089
516000	517000	-0.945799521826939	2.30608770275382	-1.4611368094934
517000	518000	-0.800195831381521	2.34457810755922	-1.57252007095202
518000	519000	-0.929344091315274	2.57934474782357	-1.51584618030166
519000	520000	-0.742229645170779	2.48178934674937	-1.69586645041393
520000	521000	-0.91539813241724	2.55337988316465	-1.7983128268602
521000	522000	-0.741437125734048	2.53960983540239	-1.9062449054876
522000	523000	-0.688127502562351	2.71502279944209	-1.87797444558694
523000	524000	-0.161235388251067	3.16739391440131	-1.7662158950684
524000	525000	-0.659656266245174	2.70438622234236	-2.08666000830005
525000	526000	-0.800092227512425	2.61620875383253	-2.13241695539196
526000	527000	-0.870847394196362	2.77572307784792	-2.15089530468802
527000	528000	-0.781350102391042	2.94637730387642	-2.17523446201493
528000	529000	-0.456986745465493	3.61682826786185	-2.21701829752181
529000	530000	-0.701785727594409	2.89638570021316	-2.37648811595443
530000	531000	-0.752762740970001	2.73655654933776	-2.38511340825541
531000	532000	-0.777587336423034	2.74922415708868	-2.53553356900907
532000	533000	-0.770549874599643	2.88075279598451	-2.61070311732908
533000	534000	-0.58319660307894	3.51972661323382	-3.07015744168452
534000	535000	-0.922556352065568	2.83696056106908	-2.66893058053362
535000	536000	-0.993525003630504	2.83758079086864	-2.56732515660881
536000	537000	-1.01695941793659	3.02275937334158	-2.64684060251892
537000	538000	-1.25972176246146	3.76446226386651	-2.76287353381701
538000	539000	-1.14933480615111	2.97161861095858	-2.53418278374129
539000	540000	-1.12322552071178	2.84678417019705	-2.45665098645692
540000	541000	-1.27986561063594	2.98647367321399	-2.34121773422181
541000	542000	-1.31423962943055	2.81399813695199	-2.45594164037688
542000	543000	-1.2119685335309	2.71663878636901	-2.52118497757771
543000	544000	-1.20424708883257	2.7902193299372	-2.6484927773884
544000	545000	-1.34421927372876	2.84049457639018	-2.70424640270368
545000	546000	-1.24377682490939	2.68265503239059	-2.73317335754553
546000	547000	-1.35616813626082	2.64446004045986	-2.62570157146403
547000	548000	-1.34199957545394	2.56074192307745	-2.72587537463255
548000	549000	-1.46130227583052	2.62817159767943	-2.75004296895415
549000	550000	-1.49000699418537	2.7161364841187	-2.88884182859592
550000	551000	-2.13818556943259	2.97573618693534	-3.1596413136969
551000	552000	-1.39961800245181	2.56478938780292	-2.90682543281181
552000	553000	-1.66302027161547	2.48203879596634	-2.97042310555049
553000	554000	-1.44744923971309	2.43084073393597	-2.94871117241158
554000	555000	-1.38082994403755	2.35198455956775	-2.86433899407991
555000	556000	-1.26733974661746	2.42224442401221	-2.91695825413048
556000	557000	-1.25935588194938	2.51432869310199	-3.05746988987467
557000	558000	-1.19339884536849	2.38919320851568	-3.05159507302175
558000	559000	-1.32526679361488	2.34212676653141	-3.07353599922685
559000	560000	-1.32324611111624	2.34425710796261	-3.23385216265465
560000	561000	-1.69973027231318	2.2305967859081	-3.85813025360039
561000	562000	-1.33566799987556	2.15692115939571	-3.14034755715642
562000	563000	-1.29875339049621	2.1456383230192	-2.97288589610413
563000	564000	-1.17389064912993	2.16933612583302	-3.06578911305122
564000	565000	-1.06867181961312	2.05161554973865	-3.07333356978903
565000	566000	-1.01841616552102	2.23058210508073	-2.96224297850713
566000	567000	-1.07555033407536	2.12452972800245	-2.81356588910946
567000	568000	-1.11812473638631	2.27954468515542	-2.72322521012289
568000	569000	-1.1403996846085	2.13855550193036	-2.61814508130522
569000	570000	-1.10917164266774	2.31544909180587	-2.51410780691972
570000	571000	-0.962763865625024	2.20024304899157	-2.54388790855222
571000	572000	-0.929636581344956	2.39609050297636	-2.53339775501973
572000	573000	-0.870468733911453	2.295630009013	-2.6819252917674
573000	574000	-0.801347830406956	2.43031031880535	-2.71599132283694
574000	575000	-0.731519246532871	2.46421927190678	-2.85428432610037
575000	576000	-0.302948458124974	2.9258349341253	-3.49322931083034
576000	577000	-0.557291652620294	2.43912475809553	-3.14184928106289
577000	578000	-0.666330254121941	2.29437718312394	-2.95724593206733
578000	579000	-0.705047658316148	2.20706058084373	-2.79804358534454
579000	580000	-0.582770845155775	2.0931619879869	-2.85163704861868
580000	581000	-0.374842886590261	2.19392453216324	-2.93978971913969
581000	582000	-0.268339814567065	2.14714464351749	-2.71268927826404
582000	583000	-0.33829797468135	2.34123205517944	-2.57699619452885
583000	584000	-0.479295123649484	2.1744947110216	-2.55220942680344
584000	585000	-0.656955249065545	2.1981536260193	-2.52243986523872
585000	586000	-0.602279992399429	2.023408400289	-2.53200151527071
586000	587000	-0.606541199974455	2.16107150060013	-2.35800069086776
587000	588000	-0.778355508409221	2.04469589965581	-2.43792078846669
588000	589000	-0.704461428359385	2.03352539375055	-2.29215066586316
589000	590000	-0.722506504600343	1.86664152576774	-2.26315552808588
590000	591000	-0.66030089187692	1.941599606806	-2.04691872947188
591000	592000	-0.870106086422332	2.01154650650965	-2.21432354942856
592000	593000	-0.825336012423731	2.16210325438194	-2.1233994426653
593000	594000	-0.948227048880807	2.08026177190059	-2.07879027966413
594000	595000	-1.02425237685283	1.94389830724246	-2.02384197101087
595000	596000	-1.06568784064477	2.00270548194334	-2.18700877952596
596000	597000	-1.07787992484877	2.14469568082567	-2.21956448445608
597000	598000	-1.16652909287036	2.21979264450189	-2.13435631227045
598000	599000	-1.24508444837097	2.10906652095453	-2.09314455462615
599000	6e+05	-1.99198222916893	2.33797288752537	-1.7283757336476
6e+05	601000	-1.46333981757954	2.07032223982475	-2.10380472092749
601000	602000	-1.39296075681653	2.15527197051658	-2.24005338948581
602000	603000	-1.29981505763934	2.00401346277298	-2.2418463584298
603000	604000	-1.34154531625169	2.06260740021477	-2.38057077606353
604000	605000	-1.40759966089811	1.9190102839616	-2.30430775320716
605000	606000	-1.47265203156375	1.95951587821514	-2.45540520391642
606000	607000	-1.41279465324396	1.78953259052396	-2.40134660252454
607000	608000	-1.35349726382748	1.84678071957403	-2.56031054302319
608000	609000	-1.22407946140287	1.80643143687202	-2.43503429526325
609000	610000	-1.1765200316243	1.79119587161959	-2.5752100036196
610000	611000	-1.20533255804939	1.66063342706713	-2.49588019103652
611000	612000	-1.34763423025453	1.58104410278926	-2.56302172510612
612000	613000	-1.38703274595894	1.49326612400406	-2.76865475168443
613000	614000	-1.14691934247122	1.60589105187348	-2.68789378411341
614000	615000	-1.11628277751967	1.46847570786029	-2.60731751932693
615000	616000	-1.0690810187666	1.32749366522466	-2.43981600480334
616000	617000	-0.935173049780234	1.51062629809744	-2.5512285667082
617000	618000	-0.905251133664298	1.60536603949646	-2.67339941859582
618000	619000	-0.932351577994899	1.55242030581459	-2.83355919505075
619000	620000	-0.958005306738501	1.38814605258853	-2.81341116349258
620000	621000	-0.839897711148079	1.40502807219269	-2.69707908631783
621000	622000	-0.738974061338432	1.45499672133377	-2.79576503398496
622000	623000	-0.526501184041829	1.3692080965867	-2.8183663760933
623000	624000	-0.671103934028936	1.23379233368383	-2.78134341641572
624000	625000	-0.772085612831899	1.15139185126846	-2.85319098027941
625000	626000	-0.7063348024557	1.06905859115825	-3.05478649389977
