0	1000	1.23735065988323	1.25316552994566	-0.0334262173634615
1000	2000	1.63565774414348	0.937925102272542	-0.0472196622721659
2000	3000	2.18213032112746	0.803602341604961	-0.2176414488316
3000	4000	2.05145341914958	1.3148829898431	-0.140632467829899
4000	5000	2.14172015765454	1.68299790882115	0.113798978584021
5000	6000	2.45786917809782	1.57906356659986	0.474217548817499
6000	7000	2.20450239906896	1.34012158336812	0.839951184580556
7000	8000	2.1049002717118	1.05427095682677	1.12674678844152
8000	9000	1.94427962527335	1.27399820325238	1.43917534890049
9000	10000	2.1542733492772	1.57520648935413	1.5364105996452
10000	11000	2.48763109358585	1.39621438439918	1.52120396537574
11000	12000	2.89405745827397	1.63397706335031	1.32874431124072
12000	13000	2.6405523008739	1.45191644155354	0.978962069045872
13000	14000	2.64282446539812	1.03763843899467	0.801151375811912
14000	15000	2.72534536032304	1.02953340855105	1.18171720664195
15000	16000	2.90342773961766	1.12085560399388	1.58596676613846
16000	17000	2.81396382556591	0.719422090157374	1.51061826788986
17000	18000	2.99754171489648	0.409756453705091	1.30449264938236
18000	19000	2.81362330828084	0.0214580923377087	1.16774479998083
19000	20000	2.37937625506169	-0.00755858094506598	1.36285133314149
20000	21000	2.29685598363256	0.439838671700635	1.16177175723962
21000	22000	2.0856506428504	0.194081262876609	0.862634698675662
22000	23000	2.47886374013062	-0.129772380373188	0.788842887760651
23000	24000	2.23452126936427	-0.489689087311824	1.07597443515561
24000	25000	2.78993966705526	-0.631635493256024	1.13423319941251
25000	26000	2.41604396071967	-0.998234445912128	0.999188024452761
26000	27000	2.49795373128048	-0.691013096487734	0.64536353072617
27000	28000	2.85267474899703	-0.739720694857155	0.318314822047801
28000	29000	3.34427314547098	-0.71065887378244	-0.48342428472145
29000	30000	2.422987523363	-0.70596698863313	-0.283164072338237
30000	31000	1.83638320597519	-0.590735435589788	0.183891665874555
31000	32000	1.63009804480638	-0.448372413326742	0.667627956303143
32000	33000	1.49071970924987	-0.205969205080467	1.09413338690199
33000	34000	1.19750228901739	0.0262498527601205	1.48085838305449
34000	35000	0.900607006829103	-0.050139542472933	1.86165679179652
35000	36000	0.694543846984281	-0.399450144062831	2.15309115935548
36000	37000	0.684915190561947	-0.91777163437408	2.08957459709439
37000	38000	0.533883764799703	-0.871524556808433	1.60084582688176
38000	39000	0.317497133362662	-0.559914688727623	1.29343554763307
39000	40000	0.240246865298251	-0.0321510066090598	1.59259158402622
40000	41000	0.353336150912037	0.0028715256897704	1.13614666121712
41000	42000	0.530688067168237	-0.0729040971306283	0.535413951208449
42000	43000	1.10471604070503	0.0320822571027662	0.596526626828294
43000	44000	1.13763798655068	0.469520728240215	0.858239495972407
44000	45000	1.40693987519227	0.868139407620303	0.676638988755393
45000	46000	1.70147935906462	1.51264854781915	0.845055050580049
46000	47000	2.61416499125536	2.51455247457892	0.982560721849645
47000	48000	2.3956877073983	1.85803268986687	1.28752486083393
48000	49000	2.34677851865285	0.855047379567086	1.59372260471578
49000	50000	2.43258652237173	0.468017055960389	1.80969836160486
50000	51000	2.65173935536751	0.123338207759291	1.84610254324472
51000	52000	2.49041983772132	-0.194153233143014	1.99627926736773
52000	53000	2.78592189432126	-0.351433717524914	2.21673850795767
53000	54000	2.51645582502228	-0.516697007628194	2.49776535329531
54000	55000	2.58938004545937	-0.744983500108601	2.20197465407232
55000	56000	2.84217861190899	-0.930704260632139	1.99757820056103
56000	57000	2.88995949093887	-1.30870002633867	1.95569059584172
57000	58000	2.76286704091604	-1.25722170238189	1.61436797934541
58000	59000	2.52727215152201	-1.56819736158382	1.68954541296208
59000	60000	2.44524092993966	-1.69725813647084	1.27920098158821
60000	61000	2.10809649318243	-2.00802014783402	1.3564285028832
61000	62000	1.8359459035347	-1.72361671650176	1.09742006614972
62000	63000	1.68042344458646	-1.60561249211495	1.55386878271598
63000	64000	1.71440277387169	-1.1226207670191	1.24967726156747
64000	65000	1.39385345675513	-1.19798191110744	1.7295402935352
65000	66000	1.34807508430692	-0.793389486365165	1.42406660951503
66000	67000	1.30691661437425	-0.583498001445743	1.8686100056107
67000	68000	1.41808466423512	-0.214105122578068	2.1453804580378
68000	69000	1.8586026182541	-0.175641936995426	2.26569484656068
69000	70000	1.8916920567566	-0.641819897840089	2.31541304233592
70000	71000	1.79971304998311	-0.49408645730834	1.83093770668806
71000	72000	1.89167321575339	-1.02881464902848	1.94737255648275
72000	73000	2.1055065205557	-0.681626330206847	1.53717366692201
73000	74000	2.36908697454252	-0.92807011061803	1.77566619327596
74000	75000	2.5676034973188	-0.539658228984743	1.70501398492385
75000	76000	2.92808628815493	-0.629740672533133	1.73420289141077
76000	77000	3.17022526464274	-0.445840660092147	2.05034669935285
77000	78000	3.07572838330391	-0.106580679203962	1.79293702326022
78000	79000	2.9947874431847	0.050584477526742	2.16601673564675
79000	80000	3.08102341636726	0.52986871881985	2.20469974948249
80000	81000	2.9443557081073	0.204607201210762	2.58107816715586
81000	82000	2.56582620589379	0.0853812027691156	2.46121386334692
82000	83000	2.58790069414867	0.422631828790409	2.66961409201839
83000	84000	2.55231392348127	0.577461758779727	2.29383795850249
84000	85000	2.5491834571262	0.896936303209315	2.58299023571216
85000	86000	2.42491963552781	1.08569114344963	2.18390770963218
86000	87000	2.09382502628054	1.18965863545164	2.57947307252365
87000	88000	1.97617189858232	0.862618935809381	2.17708064296086
88000	89000	1.60165720975665	0.712438876197344	2.36909823117615
89000	90000	1.48090861004621	0.933391702367622	2.67444832918294
90000	91000	1.33261895981131	1.00227666481104	3.04365528606203
91000	92000	1.02468789311119	1.18725103122601	4.13675864911045
92000	93000	1.46139175742862	0.811235519398055	3.40343153098938
93000	94000	1.82135261198285	0.770072776458539	3.23242690348205
94000	95000	1.42708921537485	0.588953689661005	2.95919204737184
95000	96000	1.63623668509431	0.296245951967168	2.89487237539317
96000	97000	1.23335390037596	0.220207870718731	2.79424190045485
97000	98000	1.33357644820898	0.168562520968562	3.24650201503916
98000	99000	0.89282488499451	0.213105155696484	3.21878814178394
99000	1e+05	1.15687310944687	0.528949131202062	3.28948542322442
1e+05	101000	0.984613646040136	0.607169718130809	2.9862046407911
101000	102000	0.661195562664174	0.718157913405139	3.1734260509595
102000	103000	0.621782339477914	0.484107038578124	2.73513685712936
103000	104000	0.834418892105547	0.952051769415207	2.81391314017445
104000	105000	0.928485082863528	0.716685833329341	2.43203958651838
105000	106000	1.12072937268936	1.26698545492766	2.5658482600918
106000	107000	0.951574007205014	1.07241751900796	2.17031614211814
107000	108000	1.17143409056307	1.46349582391057	2.03617523896555
108000	109000	1.14472809724858	1.00203596879821	1.74395337423788
109000	110000	1.62503401670809	1.14131296183355	1.89920160109653
110000	111000	1.50686372461401	0.620171368798412	1.87261062911147
111000	112000	1.88643876050597	0.563138225334168	1.66681477520608
112000	113000	1.87102985741272	0.0862016514730907	1.73692747927046
113000	114000	2.05856835373498	0.238737637415265	2.14901696970709
114000	115000	2.07420553661874	0.506939934769433	2.60640565789741
115000	116000	2.29604642654142	0.404837095996253	3.12486655415819
116000	117000	2.10342981301079	0.0235033546293266	2.72017235508414
117000	118000	2.27911106365763	-0.334321670534568	2.90065469096846
118000	119000	2.55162833843879	-0.233253442885389	3.30131163723365
119000	120000	2.66284411151129	-0.000231521958672115	4.23193350422561
120000	121000	1.91481579032844	0.0647890557294144	3.41465164199113
121000	122000	1.7645512339607	-0.104729881215528	3.08436374389934
122000	123000	1.53612043060318	-0.208643967294361	2.70440572697659
123000	124000	1.52366893538645	-0.466598652629993	3.04605846655198
124000	125000	1.20113767326882	-1.16293268382367	3.75673842618254
125000	126000	1.02117341863531	-0.512605118451585	2.9919406761899
126000	127000	0.918622153194764	-0.204451272178343	2.60107248887742
127000	128000	0.51558508162898	-0.293703192945161	2.88756691661816
128000	129000	-0.028050816019491	-0.697929200476391	3.62554725639461
129000	130000	-0.432086139593586	-0.396857277806978	3.03762527543666
130000	131000	-0.541717985707333	-0.230265321864782	2.67314411567929
131000	132000	-0.897439178038273	0.0264255875933896	2.81125449096196
132000	133000	-1.34982656755606	0.0895481713600155	2.76424968146081
133000	134000	-1.59983299598799	-0.0370384968333167	2.504084271382
134000	135000	-1.78583031174502	0.281094863726962	2.70803369200771
135000	136000	-1.9756205333767	0.107843675165147	2.88522810769928
136000	137000	-2.77130116774651	0.0603196949775192	3.42857701422851
137000	138000	-2.06574459979065	0.447999020736876	2.83441304639313
138000	139000	-2.04598890821656	0.965590291142848	3.59761958399599
139000	140000	-1.72213834549522	0.70142821038759	2.62367373991905
140000	141000	-1.47762855446016	0.622080044371437	2.23818837691087
141000	142000	-1.66596955478226	0.361721688060948	1.91223334896797
142000	143000	-2.0978236564841	0.0720156394063708	2.14843705473821
143000	144000	-2.39920564525071	0.453600715361078	2.41509995395585
144000	145000	-2.30859611865209	0.849465901591691	2.42857092869407
145000	146000	-2.02547008334396	0.594186353698032	2.33023073116115
146000	147000	-2.1767054110851	0.51335872324735	2.02910036070399
147000	148000	-2.5901001701238	0.214875842949278	1.94184509341921
148000	149000	-2.58846805869355	0.686996750250449	1.92701970272267
149000	150000	-2.31996475070541	0.892781329803017	1.89836597153589
150000	151000	-2.46799494133451	1.11024451447521	1.6269862418118
151000	152000	-2.67752223468938	1.16339256092726	1.29436156202535
152000	153000	-2.46264982803411	1.12920102858883	0.905251760790621
153000	154000	-2.98917447759616	1.14783041436074	0.757286317957619
154000	155000	-2.63257941799478	1.50352963575246	0.711098666681418
155000	156000	-2.94902869208889	1.66487724597555	0.958850598351749
156000	157000	-2.56239695413544	1.72395848833838	1.16978539400989
157000	158000	-2.70113447180741	2.06711927772353	1.0354316311355
158000	159000	-2.44086152166853	1.97985119359338	0.720119819634877
159000	160000	-2.79740768837277	2.17518284814652	0.64797405446071
160000	161000	-2.54126842168987	2.51592005210191	0.80090498799746
161000	162000	-2.95166903414975	2.75444541769014	0.803827644051734
162000	163000	-2.64505825584536	2.96842375090845	0.463836995892723
163000	164000	-2.84138184955561	2.50811941592731	0.365077398503052
164000	165000	-2.42663006770921	2.54215523401442	0.337880173272777
165000	166000	-2.3878060243834	2.22028992463427	0.136552651864118
166000	167000	-2.22525316907443	2.18002209991707	-0.21634132762885
167000	168000	-2.25141578950915	2.10869960136169	-0.662411255993283
168000	169000	-2.03983815840035	1.70183076150968	-0.693024055430612
169000	170000	-1.93133384613698	1.34867495062893	-0.902807259377212
170000	171000	-2.24439093237828	1.2726682180176	-1.224093109133
171000	172000	-2.68481030045382	1.04060512702669	-1.1212679019815
172000	173000	-2.34750035197894	1.04321328192227	-0.643809101688517
173000	174000	-2.06519210856579	1.31026279931958	-0.326762680284703
174000	175000	-2.44009025996429	1.47439332326651	-0.400442949170532
175000	176000	-2.77132484232665	1.52770975794025	-0.651323387463624
176000	177000	-2.82712520118173	1.33095544422739	-0.224440575463065
177000	178000	-2.84957447039516	1.77075421497454	-0.231958281645755
178000	179000	-3.22988348192645	1.87886242922839	0.0700688877976098
179000	180000	-2.67779830807881	1.90349073898286	0.175629016016265
180000	181000	-2.79079089512671	1.5668717810345	0.308573704352192
181000	182000	-2.51736908782216	1.26105746118054	0.188151181322287
182000	183000	-3.02598584193412	1.18338512864414	0.177840820774319
183000	184000	-2.7048066828842	0.822521433649841	0.125924413646217
184000	185000	-3.02625022506706	0.839038112614736	-0.156897347014336
185000	186000	-2.75114388049063	0.419253296686823	-0.103869156168099
186000	187000	-2.85278281034423	0.698470446732396	-0.575185304419926
187000	188000	-2.94651441184577	0.137526885984535	-0.487743091938473
188000	189000	-2.66758691895601	0.242658531797838	-0.897126250678401
189000	190000	-2.36338321008132	0.0948940077406895	-0.444768879913419
190000	191000	-2.13353001325507	0.523148980281711	-0.371288944492928
191000	192000	-2.19792433990698	0.517199693971925	0.1603621614482
192000	193000	-1.87913966640012	0.930887708826213	0.196007833988919
193000	194000	-2.00945865203736	1.17815468742674	0.620053627329066
194000	195000	-2.03821544971251	1.64967822774905	0.570232450481707
195000	196000	-1.87881627105592	1.88275283905439	0.88573945814784
196000	197000	-1.4737693196554	2.0346638234269	0.805876107734509
197000	198000	-1.3014214485804	1.93198758672524	0.383379242733462
198000	199000	-1.74078747298567	1.8437768729864	0.159714134246368
199000	2e+05	-1.60275904762144	2.25461987703896	0.015721541097447
2e+05	201000	-1.76203667657415	2.53255454249381	0.291455546237336
201000	202000	-1.45669660603125	2.50767540854487	0.60085142679138
202000	203000	-1.89280075925368	2.60934739331959	0.747724471409701
203000	204000	-1.80874885101405	2.32637310047211	1.02708309135783
204000	205000	-2.02999649007015	2.51366723249475	1.27422059925961
205000	206000	-2.12392623726379	2.11965006955612	1.33316322920634
206000	207000	-2.43879666691126	2.31434215680002	1.53374862065631
207000	208000	-3.26400350190653	2.56694860048051	2.17265828552286
208000	209000	-2.50479270626147	1.90976338099495	1.87436626930427
209000	210000	-2.27210235357012	1.6283143779641	1.71531542983826
210000	211000	-2.03718519398744	1.69948880170681	1.37258576850852
211000	212000	-1.67030926270505	1.58407922641529	1.23544074097531
212000	213000	-1.58557854857525	1.37920630872256	1.66893637367636
213000	214000	-1.92237742969647	1.22482746419831	1.88875155675098
214000	215000	-1.66091053227122	1.35081486851266	2.23595873954732
215000	216000	-2.02719753606849	1.65362397589935	2.19230533038192
216000	217000	-1.83172026267643	1.8298910314289	1.85434764338835
217000	218000	-1.8919120529227	2.24177608187796	1.7895047983682
218000	219000	-1.56384288861031	2.02472297083329	1.54514636609544
219000	220000	-1.45818891042195	2.38801705126863	1.43262795698483
220000	221000	-1.0815590869614	2.24074540249686	1.2332268911694
221000	222000	-0.987880799389277	2.60170215816717	1.7160434203278
222000	223000	-0.879725992596449	2.07841052865372	1.64768314708732
223000	224000	-1.18880527268065	1.79127430099913	1.84740052130961
224000	225000	-0.933329595356631	1.56659477872257	1.50381181882284
225000	226000	-1.19777815574194	1.48844495248943	1.12936020958352
226000	227000	-1.01374167983178	1.23867237898695	0.733988686268411
227000	228000	-1.15015274442577	0.868982086101733	1.05295542371009
228000	229000	-1.36065514753921	0.750172083716921	1.47580079593171
229000	230000	-1.79256498192167	1.0744345690308	1.25288989428727
230000	231000	-1.98467969641024	0.744995942707197	1.41712342044054
231000	232000	-1.78518657381212	0.6408733083679	0.901266692701922
232000	233000	-2.12405848769401	0.381819433433921	1.16157766273194
233000	234000	-2.49356388565252	0.589956505941457	0.949734862346246
234000	235000	-2.97883860532289	0.619737410233467	1.3915614044599
235000	236000	-2.92248666961925	0.320918407811044	1.05233922647835
236000	237000	-2.55409829009062	0.206080469962152	1.33133362442024
237000	238000	-2.72117903704225	-0.0738140418777133	1.05353497794427
238000	239000	-2.42476314159559	-0.419726416117373	1.26931247709043
239000	240000	-2.51439846321765	-0.253035042758672	0.646888947584164
240000	241000	-2.02662560554391	-0.270457152970293	0.765703716024098
241000	242000	-1.77183011161604	0.0965841108336536	0.518700365999837
242000	243000	-1.41429559594679	0.415411538010895	0.412529233324818
243000	244000	-1.20960463448845	0.770041378920436	0.111262642896748
244000	245000	-0.768244592818066	0.56080588369221	0.0332317051578585
245000	246000	-0.217107677909124	0.429410423050842	0.010057440341946
246000	247000	-0.166020609841098	0.168979838303672	0.505936911277871
247000	248000	0.186413212593872	0.552385152501112	0.797657604988301
248000	249000	-0.275509573640005	0.76653252496912	0.844950993834251
249000	250000	0.0405322727213618	1.10033029055724	0.506334200334399
250000	251000	-0.37507562118924	1.4314267938171	0.516509489048868
251000	252000	-0.1938121447736	1.41638094475504	1.0777797809877
252000	253000	-0.366390774636807	0.953943206880206	1.3685261427506
253000	254000	-0.376477900101091	1.03287401101507	1.93784328397759
254000	255000	-0.617737501183616	0.547546173984342	1.67276936842359
255000	256000	-0.879605824972182	0.6875123910299	2.12511226914238
256000	257000	-0.922249696644831	0.15349138010486	1.91193547160521
257000	258000	-0.472164187596932	0.254863874706893	2.21495233234944
258000	259000	-0.247906077007227	-0.182351144023833	2.03440581067402
259000	260000	-0.331478875899879	-0.438606994556005	1.57847230793384
260000	261000	-0.787061141714519	-0.641332216304811	1.62770192884505
261000	262000	-1.16659485000407	-0.774075719189108	1.25166337948541
262000	263000	-0.878275658771469	-1.27299389158085	1.38220523824893
263000	264000	-0.663766946208381	-1.55321365378403	1.02141563276659
264000	265000	-0.162596499566822	-1.57926356644568	0.880219282342463
265000	266000	-0.163181296501299	-1.48156965236863	0.343070101578421
266000	267000	0.297761401025618	-1.3197451870118	0.0674963753906183
267000	268000	0.144372246357946	-1.74775261088236	-0.158723640480219
268000	269000	0.38975184475594	-2.21517523628824	-0.22203127390363
269000	270000	0.060741287744351	-2.11381258576921	-0.556786227752674
270000	271000	0.394957973161036	-2.0482583652452	-0.903072592963625
271000	272000	0.38888479300921	-1.49892878913422	-0.76242636886254
272000	273000	0.910460319891387	-1.71424872027496	-0.774924441732831
273000	274000	0.913131967895205	-1.58285164357077	-0.288797901108902
274000	275000	0.956717720059065	-1.99918125378636	-0.0520518323250661
275000	276000	0.970014717677955	-2.10847657555272	0.390094394786884
276000	277000	0.477955191799742	-2.14979805327079	0.464257833613706
277000	278000	0.73616261378797	-1.91854546250225	0.876949443587997
278000	279000	0.668391245765691	-1.47832147998986	0.645134853068789
279000	280000	0.978295378376181	-1.14402717787229	0.472800395909442
280000	281000	1.00676353751117	-0.903180118912836	-0.0585038341457542
281000	282000	1.48268699847022	-1.17572863454734	0.0945139325617802
282000	283000	1.54618322210634	-1.58004594015626	-0.170983580629445
283000	284000	1.85814953684389	-1.75286375537901	0.147164170908203
284000	285000	1.93496555481192	-1.87980162872213	-0.358723490246561
285000	286000	2.24930739985771	-1.97846661212703	-0.0440274694910845
286000	287000	2.45423444350699	-2.37790543311998	-0.368627472371253
287000	288000	2.30818870407085	-2.42053590491236	0.110209238595817
288000	289000	2.0501566785197	-2.65201702103841	-0.074770074359956
289000	290000	1.68551231593971	-2.37522518810625	0.0911928904426323
290000	291000	1.38516649822299	-2.6290342786298	0.311529823180434
291000	292000	1.35543314123603	-2.9865704827973	0.66080555403304
292000	293000	1.59855940443051	-3.76869963768929	1.52624106285865
293000	294000	1.25161966438675	-3.63398847575088	0.720727953701278
294000	295000	1.07038071852068	-3.1399833355813	0.332794773232779
295000	296000	0.978827033457147	-2.86483984995334	0.0102852597677077
296000	297000	0.982641067763307	-2.70414000604754	-0.367885501835661
297000	298000	1.10645592756804	-3.04973704365427	-0.64735701708245
298000	299000	1.41753781730341	-2.78457584777044	-0.972456365179565
299000	3e+05	1.33660272734865	-2.45237267433049	-0.624727414588601
3e+05	301000	1.37568250535639	-2.34097010185755	-0.24739106157352
301000	302000	1.72314506602953	-2.48127788246009	-0.369531616420663
302000	303000	1.92867924891354	-2.64474971857089	-0.627327078401117
303000	304000	1.88028203582778	-3.0649906274951	-0.8176438505157
304000	305000	1.54089613422154	-2.87978067374242	-0.416141673600841
305000	306000	1.62628067780506	-2.89488447917883	-0.0128298460762377
306000	307000	1.62790231521494	-3.24055036148409	-0.138301907786968
307000	308000	1.48160016671049	-3.44594995717642	0.204824999529049
308000	309000	1.81428395093113	-3.29819419818022	0.392074220130119
309000	310000	1.87963773404718	-2.9912389554698	0.568634679535314
310000	311000	2.02430182633796	-2.68456029483167	0.405237096675939
311000	312000	2.23256919217128	-2.57515403985578	0.69142916898541
312000	313000	2.13827223008768	-2.90019303832107	1.02862768875884
313000	314000	1.79954280479713	-2.59375878938307	0.78904691558169
314000	315000	1.93083692343652	-2.23022187499159	0.534527360352227
315000	316000	1.56851912282396	-2.2287176701719	0.795839188478912
316000	317000	1.25174963582752	-2.52911642385344	0.844420301980587
317000	318000	0.825391804754187	-2.70584506525389	0.709567008194772
318000	319000	0.538331258946339	-2.79107601978915	0.364991524079718
319000	320000	0.080480328363679	-2.63715268462704	0.304239453096386
320000	321000	0.144257235393545	-2.79835257062104	0.734565467284802
321000	322000	0.262051394240003	-3.14248224757799	0.876462334302657
322000	323000	0.216015009373618	-3.63098021176403	0.944086165306723
323000	324000	0.229174914507038	-3.53652451574097	0.500146832830249
324000	325000	0.344696434582224	-3.86147611439257	0.356705138095817
325000	326000	0.753025807333525	-4.85367207304536	0.353113838054182
326000	327000	0.804914713552225	-3.79870900332637	0.383751075010457
327000	328000	0.695515201418693	-3.37301927205074	0.447224410693493
328000	329000	0.852196589398189	-3.45921140088667	0.0462684547230516
329000	330000	0.610783431698541	-3.18739356658614	-0.102105725143855
330000	331000	0.629870523293395	-3.43035165694687	-0.427152221783916
331000	332000	0.466693678088918	-2.98640440084575	-0.487161889096809
332000	333000	0.172339016484507	-3.28358027178267	-0.626586802734157
333000	334000	0.101526476412137	-3.06770379098435	-0.226945187894511
334000	335000	0.208297879271254	-3.54248893087791	-0.128530603705367
335000	336000	0.0102691621773915	-3.27770957949471	0.194043732065542
336000	337000	-0.169811295476172	-3.72502388283996	0.172939792032876
337000	338000	-0.487680727178238	-3.49278678102163	0.287848844536607
338000	339000	-0.530310998278619	-3.5535433825633	-0.0885934028507405
339000	340000	-0.232355644537512	-3.43335223100313	-0.27993767699906
340000	341000	-0.611638103412013	-3.37926348856616	-0.474379162101939
341000	342000	-0.509412081771879	-3.08984616936557	-0.150972910045979
342000	343000	-0.853718491753975	-3.01426398227835	-0.0835767471555312
343000	344000	-1.16700895326575	-2.9500887337971	-0.281364804239911
344000	345000	-1.26969839680889	-3.36648512825178	-0.367218275966835
345000	346000	-0.994280034567845	-3.64201717788957	-0.256911046356029
346000	347000	-0.91893589233149	-3.61333701147284	0.0951153793863996
347000	348000	-1.05116173520121	-3.56689220549883	0.399044127353234
348000	349000	-1.36287479479274	-3.62597152237049	0.0961689109874271
349000	350000	-0.989620195430329	-3.25279072244035	0.212860097801314
350000	351000	-1.2756399101209	-3.20120347425658	0.0597518698702947
351000	352000	-1.37550388597489	-3.31752441146462	0.390533329102744
352000	353000	-1.55962586014671	-2.96773896453246	0.318327408926585
353000	354000	-1.21095780349775	-3.16619164173847	0.712591907260799
354000	355000	-1.18197088676671	-2.76867201542712	0.531307127942774
355000	356000	-0.933289610972852	-2.70896370991736	0.854700518616161
356000	357000	-1.29234286193692	-2.79724614617594	1.03163246775164
357000	358000	-1.7278715260995	-3.03139718780815	1.87835775097649
358000	359000	-0.892645764158502	-2.63732914302727	1.4992307697587
359000	360000	-0.563108871201235	-2.51841540085687	1.78468947090033
360000	361000	-0.168217855872426	-2.55666587701073	2.62692921721499
361000	362000	-0.705619555968275	-2.32300832959282	2.53202701607128
362000	363000	-1.22962489849379	-2.0449546235725	2.4765248958438
363000	364000	-0.762973895020362	-2.11259984155454	1.67712425864271
364000	365000	-0.370490231563157	-2.22904719236747	1.35759367166607
365000	366000	-0.009179157858956	-2.41285403645147	1.08593663855516
366000	367000	-0.414965127962184	-2.72722408484071	0.970626227198123
367000	368000	-0.460048878156767	-3.12488706603198	1.23883710086049
368000	369000	-0.492281687403247	-3.96752207748156	1.93154324040964
369000	370000	-0.552514211631021	-3.72558777764859	1.04493477743677
370000	371000	-0.572689095627305	-3.24215451701639	0.721678510141863
371000	372000	-0.660594937943886	-2.93354787039334	0.42789714651165
372000	373000	-0.573527503665494	-2.59512507337732	0.219183460016225
373000	374000	-0.705231506370089	-2.1908980377254	0.385905273756645
374000	375000	-1.23579259990441	-2.03777958932845	0.38029135038852
375000	376000	-1.20938127204288	-2.41255069937422	0.0150589959688878
376000	377000	-1.00701493242965	-2.19580839240837	-0.326839102951454
377000	378000	-0.548170146766706	-2.25440689222976	-0.343322535351904
378000	379000	-0.654153132546011	-2.07491443753333	-0.815501276178134
379000	380000	-0.360597658983616	-2.52913347054607	-0.867589475253161
380000	381000	-0.730071303249556	-2.6104607809198	-1.25860677131214
381000	382000	-0.394534589033165	-3.1137411836252	-1.22114385849655
382000	383000	-0.797977045277405	-3.29702360945011	-0.997726812148819
383000	384000	-0.783477701302467	-2.94896099425457	-0.840846854037492
384000	385000	-1.16915614475511	-3.05420336519539	-1.09316276873695
385000	386000	-1.12261965465739	-2.64939014931041	-0.91159517189876
386000	387000	-1.54558597716198	-2.70294326194361	-0.838302858365737
387000	388000	-1.52903758712995	-2.32872402945867	-0.50139708888109
388000	389000	-1.80237984904866	-2.34466228313878	-0.811265436599074
389000	390000	-1.62312145725887	-1.95541988012079	-0.850612987010405
390000	391000	-1.89271682720655	-2.08719763605911	-1.23835753189502
391000	392000	-2.27058063354582	-1.91055371637018	-0.890048632566953
392000	393000	-2.27254145550729	-1.70687913382591	-1.32648819814966
393000	394000	-2.52131228723849	-1.42770338306239	-1.1202364685285
394000	395000	-2.50886458385789	-1.00888891833657	-1.28079772302406
395000	396000	-2.04190068621473	-1.23232305863756	-1.33580464591975
396000	397000	-2.18854450564928	-1.82194474234137	-1.77949137447581
397000	398000	-1.98334972399494	-2.55022365795147	-2.17705622250327
398000	399000	-1.56768642976494	-1.53176315494466	-1.56332758200559
399000	4e+05	-1.31311542564449	-1.0367960250687	-0.821190741195469
4e+05	401000	-1.64041709938297	-0.698245799632329	-0.538253899284522
401000	402000	-2.02371535015174	-1.14362942438829	-0.567594405957899
402000	403000	-1.93627804491788	-0.801681686525158	-1.05762421814979
403000	404000	-1.52472992313616	-1.07650519595526	-1.3187708809834
404000	405000	-1.62603024805057	-0.63158670215095	-1.47504409558911
405000	406000	-1.17336599625915	-0.528078360125803	-1.37960337232809
406000	407000	-1.37986869534873	-0.0802115191363589	-1.30253077790496
407000	408000	-1.47995911930579	0.113269578552136	-0.78422954150982
408000	409000	-1.11971983380589	-0.263705431271871	-0.756267911015629
409000	410000	-0.791799349239048	-0.610571776225434	-0.944768764748773
410000	411000	-0.630121762350204	-0.915928580123817	-1.31327848022554
411000	412000	-0.25699815178109	-1.2015943362918	-1.48337060065348
412000	413000	-0.0511936581845104	-0.742193391714673	-1.49356267823592
413000	414000	0.273012143960813	-0.720364761514123	-1.08205087566621
414000	415000	0.732318034099731	-0.608838533414124	-1.40992555793699
415000	416000	0.669642353235933	-0.907059034469931	-1.89181238432909
416000	417000	0.234314122815315	-0.778251805891202	-2.06563937414201
417000	418000	0.136727068990392	-0.874133812583704	-2.49145438224779
418000	419000	-0.179417150719375	-1.16840518024423	-2.32520797732698
419000	420000	0.198087283456923	-1.58393379388761	-2.55284656174994
420000	421000	0.199959958582415	-1.71983400717865	-2.07843587448133
421000	422000	0.236650316624149	-1.43790890950696	-1.66368165821163
422000	423000	-0.0937658986914819	-1.86046065688645	-1.63040669613421
423000	424000	-0.558386131338245	-1.61011030573213	-1.66957861403812
424000	425000	-0.574613146904936	-1.90937254830229	-2.09621894917011
425000	426000	-1.03349247847351	-1.62938773503194	-1.98893613390445
426000	427000	-1.16740289109796	-1.76415509795588	-2.41370834031219
427000	428000	-0.838970390625184	-1.53539152037467	-2.57628062092282
428000	429000	-0.730781619782283	-1.22758277879218	-2.21702503211011
429000	430000	-0.851315389357199	-0.847450525019803	-2.0298388818425
430000	431000	-1.05488314337769	-0.386012537852397	-1.95468646872367
431000	432000	-0.601192332725931	-0.396342359263379	-1.73414578986467
432000	433000	-0.465403269899054	0.122187752170192	-1.72392755399295
433000	434000	-0.059060142600444	-0.243884112143594	-1.89941979943679
434000	435000	-0.0325691650999054	0.12365975222469	-2.25340281977191
435000	436000	0.256409781854503	-0.277433801042631	-2.44238510329837
436000	437000	-0.156909723466159	-0.505924483456201	-2.7146779728563
437000	438000	-0.00250450503574562	-0.838299976589079	-2.93029282845843
438000	439000	-0.168554014962312	-1.13963911080486	-3.11738367666075
439000	440000	-0.283616451062116	-1.49882806477975	-2.87050266827834
440000	441000	-0.493060922140038	-1.11298736422376	-2.72483834930645
441000	442000	-0.637207296225324	-1.18818473578313	-3.06561333845122
442000	443000	-1.05755170223007	-1.2822402443749	-3.16211339100841
443000	444000	-1.06859156257115	-0.960170807986046	-2.6668140543737
444000	445000	-1.31629981574659	-0.682322827296241	-2.34066088239257
445000	446000	-2.06719190791451	-0.342531518505439	-2.52744446367053
446000	447000	-3.06515130866622	0.0162143464389948	-2.8581144101186
447000	448000	-2.118569764012	-0.105204630304702	-2.92011937427982
448000	449000	-1.67525293507554	-0.22742617117388	-2.68681552857238
449000	450000	-1.31751173955126	-0.371267567988073	-2.82735117300457
450000	451000	-0.896438576291963	-0.479507510025626	-2.61861604607908
451000	452000	-0.73839461705885	-0.239591584394545	-2.88689532839851
452000	453000	-0.386867509913049	-0.116102009673328	-2.76383876978775
453000	454000	-0.578634397870715	0.277197581235166	-2.91894415128271
454000	455000	-0.727093046701329	0.0577798485521034	-2.38929440266241
455000	456000	-1.03485944335128	0.170917788346902	-2.78571719947803
456000	457000	-1.27727033137457	-0.00802049150818688	-2.4244478386285
457000	458000	-1.50344569184296	0.130825992534909	-2.9445995912513
458000	459000	-1.6633251528372	0.287196559155633	-2.50417822639497
459000	460000	-1.43652318680049	0.546065210700617	-2.79287160293347
460000	461000	-1.13846059760451	0.62521730400001	-2.40842950329844
461000	462000	-1.53363611201213	1.03682547691838	-2.56567582101391
462000	463000	-1.63033416372418	0.721095833588893	-2.10774028607555
463000	464000	-2.07310452356716	0.381288307123856	-2.22914404311933
464000	465000	-1.87204244540526	0.0594718280864874	-1.90742834458178
465000	466000	-2.10797185267453	0.504844223940698	-1.78278017316906
466000	467000	-1.76583245254921	0.576516797518145	-1.4224014044321
467000	468000	-2.23089818535561	0.478084812939073	-1.33857208756307
468000	469000	-2.20444264203181	0.0156759897012668	-1.42104453951492
469000	470000	-2.28256357173961	-0.237571142276858	-1.75803993844674
470000	471000	-2.43641828353435	-0.409929842380291	-2.06702993304398
471000	472000	-2.52884935924989	-0.733019319717833	-2.35224822089021
472000	473000	-2.54097445253599	-0.874600965228514	-1.98382781353572
473000	474000	-2.12925199119237	-0.746758102461587	-1.89694340942642
474000	475000	-2.35882454726687	-1.13696516372924	-1.7657048771528
475000	476000	-2.00080780359805	-1.16017191699746	-1.97176072272739
476000	477000	-2.2980905022255	-1.27472132471305	-2.1867258741281
477000	478000	-2.27034701059028	-1.60033691818327	-2.50677376928114
478000	479000	-1.96768240466171	-1.26774575696019	-2.5552939552452
479000	480000	-1.63077580534891	-1.26027134818982	-2.46268884950837
480000	481000	-1.51844777426351	-1.11556007835275	-2.79072384935512
481000	482000	-1.73984596791735	-1.33543641496261	-3.03135342295692
482000	483000	-2.09098886124917	-1.02705676894886	-2.91717575403711
483000	484000	-2.11635564040938	-0.881182799147587	-2.4886246997092
484000	485000	-1.76559163139255	-0.767904844294164	-2.51614604447141
485000	486000	-1.73361673942011	-0.664556542275464	-2.94660551277865
486000	487000	-1.55972478796813	-0.774157254795014	-3.39001937077678
487000	488000	-1.39950456889903	-0.351984894084354	-3.34921924274257
488000	489000	-1.05879732584879	-0.370247531051479	-3.22761186698579
489000	490000	-0.901502692675201	-0.416690070176221	-3.52604158683615
490000	491000	-0.872678395489771	-0.748213487128041	-3.40182711396388
491000	492000	-0.67078711259129	-0.493514723949516	-3.20835913267866
492000	493000	-0.475939505553424	-0.555833038216662	-3.48315438169914
493000	494000	-0.354139660444889	-0.175441395792636	-3.39632847982204
494000	495000	-0.0399635953960948	-0.447374056874577	-3.51210517605788
495000	496000	0.651614127978897	-0.551752335091655	-4.32352374552752
496000	497000	0.599942532883585	-0.191708252221583	-3.42540592791083
497000	498000	0.594242096308294	0.0697691156817101	-3.12671220448764
498000	499000	0.446708910513444	0.0983565771262937	-2.82271302793227
499000	5e+05	0.104895980527001	0.144533513590746	-2.93281600292956
5e+05	501000	0.173443072897924	-0.115250011247481	-3.2247835242387
501000	502000	0.141140028578718	0.325082377531533	-3.29740123443844
502000	503000	0.555243437394579	0.492521537933676	-3.53700775212737
503000	504000	0.469302291407836	0.727259059075088	-3.11088832589707
504000	505000	0.8183823947261	0.883752092998981	-3.13468401900229
505000	506000	0.796310920485955	1.20536542787109	-2.91305996068527
506000	507000	1.13832266072816	0.912526259706951	-2.93590675644484
507000	508000	0.692053192809976	0.716287121975132	-2.76404798740936
508000	509000	0.916231768237381	0.331399725304996	-2.83367479636028
509000	510000	0.906274664696965	0.647246515843986	-2.42851349755062
510000	511000	1.26440533950361	0.459812685002253	-2.53556387153952
511000	512000	1.52494386380282	0.733180549716565	-2.50334823119332
512000	513000	1.71892587691869	0.554149732629063	-2.15402808176435
513000	514000	1.95384660321134	0.97948085523329	-2.11379379531472
514000	515000	1.48820050879628	1.01672687205206	-1.97270010907655
515000	516000	1.65967358208958	1.18503810431099	-2.37832319980272
516000	517000	1.21064982605998	1.18990037691801	-2.26015778305097
517000	518000	1.33373448976645	1.47535489326427	-2.44479499447491
518000	519000	1.71765256116028	1.77960004184891	-2.36047206521816
519000	520000	1.32365972242703	1.87294700844773	-2.4235440227823
520000	521000	0.958263505194023	1.85182155271466	-2.24439962550158
521000	522000	0.89116559741186	1.60600559019577	-2.51384354403596
522000	523000	1.13704673908426	1.76985649721889	-2.79504560907292
523000	524000	1.51737297034832	2.57467427077949	-3.33306139617205
524000	525000	1.13859990803568	2.24100641994523	-2.34435415446864
525000	526000	1.03208410975795	1.63134993291544	-1.78787001125311
526000	527000	1.3794505958728	1.59842871769991	-1.49279876216767
527000	528000	2.07096051773377	1.59564233931358	-1.66377397708085
528000	529000	2.8006325165301	1.03431044220279	-1.77517392309771
529000	530000	1.65006536147194	1.17490447057309	-1.45917263895161
530000	531000	0.935240880235522	1.17580532939307	-1.34478757838917
531000	532000	0.649908680115501	0.842690223757424	-1.61177810584886
532000	533000	1.11267229192996	0.473253640561724	-1.78478355043049
533000	534000	1.73331884077711	-0.267919449027421	-2.37501716434192
534000	535000	0.714638191961905	0.335574720517989	-2.15021422134458
535000	536000	0.164577532997188	1.07012107491652	-2.31069939816006
536000	537000	-0.202945585531844	1.52854346125846	-2.62207866261073
537000	538000	-0.738457848680779	2.25430989109225	-2.98747672122447
538000	539000	-0.565091356352109	1.91080759209968	-2.06352212784662
539000	540000	-0.652115794995066	1.72178955298869	-1.58752401306307
540000	541000	-0.542575133269501	1.22687931917595	-1.47471235070816
541000	542000	-0.922443001606546	1.05678227136801	-1.1112088439031
542000	543000	-0.518128165677903	0.736892502810775	-0.942918204404204
543000	544000	-0.266135143256787	1.20482242862734	-0.85219025097542
544000	545000	0.264027709399803	1.06289175023006	-0.842033386410589
545000	546000	0.264641635075532	1.58762119763713	-0.90517554483532
546000	547000	0.603899514512103	1.55829192570631	-0.494598318410678
547000	548000	0.280493604147552	1.84471853409741	-0.291402586603333
548000	549000	0.140987981946984	2.10943682112965	0.122833141686766
549000	550000	-0.186374052077036	2.71154164666638	0.243108854012684
550000	551000	-0.477466419348526	3.67114073648895	0.353671812005609
551000	552000	-0.188797707129097	3.12469631519376	-0.345214405653499
552000	553000	-0.173856757972924	2.82054255072281	-0.66728215172602
553000	554000	-0.109146389836965	2.59693069784796	-1.05944626105804
554000	555000	0.10847639705249	2.22433933946041	-1.21091519393682
555000	556000	0.152283830505876	2.70138977198253	-1.39225174924243
556000	557000	0.436826577662742	2.60314892799644	-1.010028062858
557000	558000	0.576850704818045	2.88956312779689	-1.30804807538829
558000	559000	0.342431180487961	3.08868309386911	-1.05452487443994
559000	560000	0.462323406132907	3.48232738099271	-1.16217626871384
560000	561000	0.39182716630155	4.47779253568717	-0.881370777342228
561000	562000	0.558596987530033	3.4048764423571	-0.644927688891025
562000	563000	0.359197992950892	3.0405107264493	-0.523363694300268
563000	564000	0.724718795880106	2.95192952975125	-0.669048181740794
564000	565000	1.01718229186711	2.67185217848303	-0.485068845518798
565000	566000	1.2173293847373	2.99831937801936	-0.861615311662739
566000	567000	1.08974720500076	2.53334346286873	-0.970116384437661
567000	568000	0.914153755792624	2.41094224427273	-1.31774858449896
568000	569000	0.828792166194173	2.09807621029486	-1.61303656389609
569000	570000	0.557056922256825	2.08972014915937	-1.26197289738889
570000	571000	0.759007038522518	2.05695274361343	-0.844775290246989
571000	572000	1.11394296392455	2.11445804719059	-0.565314810189252
572000	573000	1.58633436895306	2.21838408333783	-0.511948403039122
573000	574000	1.60486527489597	1.99267854718661	-0.11269265947161
574000	575000	1.34472478061582	2.06814598667258	0.352713544442918
575000	576000	1.09110832479979	2.93700630399221	1.53616362056526
576000	577000	0.649178147995752	2.52332340024671	0.920319136001017
577000	578000	0.83949238882843	2.14548615489407	0.334310656429835
578000	579000	1.20373841947889	2.36652613674842	0.0231664070138202
579000	580000	1.70402950894354	2.51500788704127	0.138953845782154
580000	581000	1.87264177420404	2.17652454937086	0.528273503418714
581000	582000	1.75101066165185	2.4451908471229	0.998066294770594
582000	583000	1.22729312958646	2.44624829430129	0.944355403229791
583000	584000	1.47948432467482	2.78379931815283	0.616382104731728
584000	585000	1.15315242153249	2.69244129897479	0.360626562307183
585000	586000	1.32528063479476	3.14943489168657	0.374579809906209
586000	587000	0.930123407523103	3.03333038180464	0.239794146722709
587000	588000	1.26428412305244	2.90406350044363	-0.0447728977289749
588000	589000	1.13053847035931	3.14580656195036	-0.332569809287917
589000	590000	0.96583981885014	3.40839685421941	-0.0722462015387242
590000	591000	0.481349276323065	3.37356178959401	0.0765057479422908
591000	592000	0.55957581460921	2.87502272776923	-0.0842287002980933
592000	593000	0.465474806170452	2.46873307725256	-0.235740425724507
593000	594000	0.0447642507637984	2.32813193309219	-0.455605715688136
594000	595000	-0.461419852901469	2.27284553926769	-0.493465094641065
595000	596000	-0.708020785147337	1.84202287274261	-0.484762420883356
596000	597000	-0.829484986631799	1.77994690192062	-0.971622416664895
597000	598000	-0.529998094089254	2.13958487567938	-1.13761157528787
598000	599000	-0.675650285084283	2.5879412229849	-1.29936796717948
599000	6e+05	-0.938185502523635	3.47182007419423	-1.81626373095286
6e+05	601000	-0.264848622325376	2.80345605770053	-1.86296604096587
601000	602000	0.0114045211668821	2.36227258248934	-1.82545743936425
602000	603000	0.382102116037228	2.2033258470454	-2.01657044053975
603000	604000	0.460298175267708	2.50518359144416	-1.71842160056693
604000	605000	0.695352894589868	2.51935656428302	-2.09153412642322
605000	606000	0.661764896837943	2.90264331214542	-1.90199297216083
606000	607000	0.940627910690332	2.63658010845091	-1.75909532583669
607000	608000	0.967384854332572	3.08874619943135	-1.63417758762261
608000	609000	1.14504096809249	2.84748077058653	-1.3705297156933
609000	610000	1.29149705467383	2.8526564433662	-1.6753423959892
610000	611000	1.35722090685312	2.58211472976942	-1.86502373572773
611000	612000	1.68018753867357	2.80374067505	-1.71013179045796
612000	613000	1.75394979190766	2.8094773825966	-1.25059966582841
613000	614000	1.39928527200695	2.43386470011989	-1.45104519505458
614000	615000	1.41083284751207	2.13397358597029	-1.79097318255558
615000	616000	1.89055335123324	2.25143548036738	-2.02716461009554
616000	617000	1.80039254122721	2.24046541352331	-1.55487031215556
617000	618000	1.64964503657874	2.14327192645696	-1.18935257536705
618000	619000	2.08052304804509	2.10036863274729	-1.06943333546153
619000	620000	1.92837610293793	1.71574358488552	-1.17189622731351
620000	621000	1.61396875807402	1.68042229352049	-0.82865545703238
621000	622000	1.84998497585554	1.30551988362808	-0.823949269144106
622000	623000	2.05184474639027	0.809317370152412	-0.963626263548031
623000	624000	1.49036110851644	0.838162851056047	-0.94318415160908
624000	625000	1.22533579316314	1.06670593135905	-0.594805798189944
625000	626000	1.08955374208448	0.613816962316381	-0.305608006504149
