0	1000	-2.0160502031062	0.51933482938661	0.385896264393925
1000	2000	-2.22772004515613	0.247257937156885	0.464986398996316
2000	3000	-2.78167887641985	0.13554629648942	0.0528923344029076
3000	4000	-2.52376233686893	0.0598324315596324	0.329242599668626
4000	5000	-2.28689490024972	-0.110814716127102	0.238186256108097
5000	6000	-2.65472260769608	-0.412843649621057	0.231419486761986
6000	7000	-2.30119829189717	-0.480541804911771	0.160064946101514
7000	8000	-1.97815411139057	-0.741305456777721	0.202349237373597
8000	9000	-2.21864508675789	-0.859811679736311	-0.0122392854403199
9000	10000	-2.06458515721623	-0.478188219327994	-0.0376586409562443
10000	11000	-2.23034851795753	-0.617504667426341	-0.278673843021371
11000	12000	-2.59400755748723	-0.443519831109966	-0.281925443322669
12000	13000	-2.20679884123469	-0.179358440623717	-0.208445904962314
13000	14000	-1.70879100079455	-0.340398578827077	-0.100704761485642
14000	15000	-1.85230790013043	-0.286733831912393	-0.476061205113113
15000	16000	-2.17489706506999	-0.423984282258811	-0.718710273620844
16000	17000	-1.83360179878489	-0.754546779745437	-0.503937282392863
17000	18000	-1.42915914479999	-0.767597156987388	-0.547258502475869
18000	19000	-1.39663538248653	-1.02842463799725	-0.985482256578124
19000	20000	-1.40047543820893	-1.51085341936043	-0.957375745642846
20000	21000	-1.1386815174017	-1.22478311661313	-0.58149359163158
21000	22000	-0.759934350821767	-1.14590098702679	-0.881658101600904
22000	23000	-0.365763601880831	-1.44584242727326	-1.07668261896014
23000	24000	-0.511593518952862	-1.83006354048789	-1.32073595603627
24000	25000	-0.976524643030942	-1.76127492706125	-1.15731279393319
25000	26000	-0.900533266785346	-1.31338032114851	-1.38062121428327
26000	27000	-0.440600907057938	-1.0905957311839	-1.41076123355691
27000	28000	-0.514661097158064	-1.12431520897812	-1.88264096620898
28000	29000	-1.39126669911596	-1.35356269416834	-3.40856193346795
29000	30000	-0.865381372359603	-0.443733213281766	-1.93673557003343
30000	31000	-0.596900597647686	-0.394296893826078	-1.38133648044248
31000	32000	-0.627400466172815	-0.552040682800018	-0.806329577178783
32000	33000	-0.781338001940876	-0.801352076380261	-0.395950398437481
33000	34000	-0.521056442406527	-1.15332815068383	-0.256509281191029
34000	35000	-0.0945879158486411	-1.35035825733381	-0.513238130766051
35000	36000	0.481488271319529	-1.53509790837926	-0.513640905715083
36000	37000	0.334882962173372	-1.15566661934066	-0.163575677510496
37000	38000	-0.0417551837435055	-0.807712442133926	-0.298541179702376
38000	39000	-0.0509072780540695	-0.292076521506328	-0.255118309949895
39000	40000	-0.377630352777454	0.127588727141573	-0.378241744760421
40000	41000	-0.819285988922491	0.0854157950042157	-0.709867021883226
41000	42000	-2.49465513529747	-0.423165913278898	-2.61536999726961
42000	43000	-1.54435592176143	-0.69705220900173	-1.3983593306666
43000	44000	-1.13644273855551	-0.542429308982089	-1.00586421011188
44000	45000	-1.51829386325367	-0.265911558360673	-0.86378396029178
45000	46000	-1.95441607236684	-0.840049623602937	-0.912642519031774
46000	47000	-3.41225457894092	-1.78069221567652	-1.38560763000419
47000	48000	-1.88871319241776	-1.15015390631814	-0.295895359392015
48000	49000	-1.70954592891921	-1.70402954265752	-0.446182518507288
49000	50000	-1.2747030961733	-1.70584414339927	-0.319525034250872
50000	51000	-1.1012164661346	-2.04461509576199	-0.365571341619932
51000	52000	-0.882311763833395	-2.22230526421759	-0.567477982276707
52000	53000	-0.711632103789179	-2.13746926415978	-0.268051836362384
53000	54000	-0.600114928847162	-2.19371076823882	0.0635155087048605
54000	55000	-0.66965205888758	-2.52483325726578	0.0962445893709621
55000	56000	-0.412078266116455	-2.52256332732126	-0.168283223344202
56000	57000	-0.270320729365765	-2.69436740864026	-0.491346730372847
57000	58000	-0.031963944214108	-2.4477748141926	-0.640158352983028
58000	59000	0.32763528962973	-2.49592534503267	-0.756058820344644
59000	60000	0.582816848974681	-2.23163188400077	-0.987798717145166
60000	61000	0.762221146427032	-2.1463939510057	-1.35187227420843
61000	62000	0.703169649606017	-1.90224210026551	-1.6338562779178
62000	63000	0.311074800644879	-2.01541952309428	-1.45469990603914
63000	64000	0.141207311386988	-2.09204975820721	-1.06204448388181
64000	65000	-0.252160876105665	-2.26315548068405	-1.06237781411801
65000	66000	-0.0258132084304294	-1.8540382589672	-0.767092512760118
66000	67000	-0.488558741816891	-1.84491169869748	-0.79008574225648
67000	68000	-0.76260529659794	-1.65869722097963	-0.545426805427033
68000	69000	-0.827107194935848	-1.60226148036319	-0.117026418466578
69000	70000	-0.406173304529557	-1.7712755354647	-0.0390425200494906
70000	71000	0.0210490600638867	-1.80667416959011	-0.0696598991999594
71000	72000	0.324429506893129	-2.05242808693201	-0.343375342683585
72000	73000	0.199290964552621	-2.47005421084968	-0.218523947149283
73000	74000	-0.123029384323369	-2.2052656348479	-0.207023445258456
74000	75000	-0.346661393810396	-2.17797481701768	-0.533464866898734
75000	76000	-0.578812965877666	-2.43744640887763	-0.506662525970951
76000	77000	-0.776631247494714	-2.64756645138368	-0.237940697482184
77000	78000	-1.03261520028246	-2.47694207547587	-0.347168936444908
78000	79000	-0.956478435832763	-2.32285283936986	-0.0692231452251675
79000	80000	-1.44074509570911	-2.33235992298423	-0.210592975610688
80000	81000	-1.21978653615438	-2.43557791236128	0.140809628548272
81000	82000	-1.18440214760205	-2.04187437190552	0.0600887944905291
82000	83000	-1.32790511197159	-2.11384287209941	0.386225601487761
83000	84000	-1.51512019654917	-1.88238989179587	0.104480895024172
84000	85000	-1.63002631870858	-1.79628845138203	0.481228824306941
85000	86000	-1.72800644461386	-1.4793149908778	0.168340143504945
86000	87000	-1.96945469433749	-1.40572267647214	0.577493466101924
87000	88000	-1.47690887984748	-1.22478039744632	0.507669484790655
88000	89000	-1.31395388179268	-1.3127634579743	0.984642694003203
89000	90000	-0.884321485833324	-1.47863598379154	1.23162030395864
90000	91000	-0.886551077678923	-1.72165965711242	1.68309099879753
91000	92000	-1.37935807135309	-3.38061114676607	2.46220365269871
92000	93000	-0.341151040025255	-2.30320671382659	1.46801144724273
93000	94000	-0.236869032226585	-2.09975927914866	1.08039460738476
94000	95000	-0.229654272875694	-1.61456501881797	1.05154007847326
95000	96000	-0.0454878261574943	-1.80133249643733	0.671306664551353
96000	97000	0.357605627942388	-1.78409342034964	0.552596781992691
97000	98000	0.505446448824614	-2.18289252285998	0.808543875588473
98000	99000	0.725413429065535	-1.85827830786663	1.08437419536809
99000	1e+05	0.426494090223482	-1.92256809197144	1.45029693058267
1e+05	101000	0.19661563313822	-1.55242202937349	1.5955265473555
101000	102000	0.407644994297271	-1.2102014424909	1.37417405225945
102000	103000	0.0341244034009212	-1.01869450471884	1.14110731656033
103000	104000	-0.151870285285889	-1.07351895493411	0.697026077533509
104000	105000	-0.703716690600287	-1.08214991518197	0.906383305226606
105000	106000	-0.714385431688902	-0.683815571516143	0.545871464633329
106000	107000	-1.19921756935353	-0.718619268650113	0.574984815951591
107000	108000	-1.08052707526728	-0.554802468267483	0.048528128418027
108000	109000	-1.28612277472451	-1.0630762668454	0.0259243274281798
109000	110000	-0.874204713302665	-1.3233040496563	0.306402991177674
110000	111000	-1.10959255830206	-1.66513325578498	0.653785174181676
111000	112000	-0.684307236744156	-1.74988105589029	0.559043903661807
112000	113000	-0.918239846861449	-1.94100092801286	0.301810960684528
113000	114000	-0.850485951483203	-2.28812648803906	0.572607195325278
114000	115000	-0.982533946728303	-2.19248036387854	1.06563391527291
115000	116000	-0.651090386437102	-1.98328788318502	1.39974780823759
116000	117000	-0.320402822940038	-1.70656415517102	1.72472831325466
117000	118000	-0.100950875282289	-1.86020384029513	2.04284405055653
118000	119000	0.0461552156417675	-2.26809961869533	1.9739655153107
119000	120000	0.304804806157888	-3.88112251610261	2.29155795845364
120000	121000	0.157495157510752	-2.35358191965224	1.27627164339113
121000	122000	-0.158232982567304	-2.40214012134617	0.70484651166954
122000	123000	-0.225098186633218	-2.14584546783695	0.318613798616249
123000	124000	-0.0499602630824405	-2.61168587494514	0.330967369049706
124000	125000	0.689331423785092	-4.21031187345055	0.556683982136331
125000	126000	0.673486329357395	-2.35515580354089	0.285116564269563
126000	127000	0.774751853471815	-1.84666126667755	-0.0247285460871107
127000	128000	1.07967230067979	-2.11707548178214	-0.29771278055879
128000	129000	2.17059062105961	-3.6007395382362	0.305276387567246
129000	130000	1.45611804709497	-2.05262863901026	0.3469229399426
130000	131000	1.25220435601925	-1.63517640424512	0.423083045252256
131000	132000	1.57464203136576	-1.65721343293699	0.843081071233808
132000	133000	1.20914100616824	-1.57934000726637	1.23861541410462
133000	134000	1.12058320858028	-1.91099306208933	1.63984953597503
134000	135000	0.651133141832497	-1.66933593431388	1.86269379032137
135000	136000	0.440921837010464	-1.92317168378309	2.19649518084538
136000	137000	1.00584678461394	-2.98754856946897	3.58550679214768
137000	138000	0.877461520003266	-1.60157033696116	2.38033917310815
138000	139000	2.20778570565636	-2.48357221660773	3.11140439748365
139000	140000	1.16692379169263	-1.45953913459475	1.97489873115424
140000	141000	0.979531791129028	-1.19378380052148	1.51871487921602
141000	142000	1.45209183621138	-1.00244845571629	1.31000918590844
142000	143000	1.77286164976379	-1.01451940400804	1.80681517495305
143000	144000	1.51736757710477	-0.892661437142458	2.31581578588825
144000	145000	1.17127973239123	-1.05440393695876	2.25948587296674
145000	146000	1.2737421091248	-0.922145950194336	1.83626378348632
146000	147000	1.45380573082421	-0.575853210293206	1.62832556286626
147000	148000	1.68790735852713	-0.363557267687972	2.0692992057284
148000	149000	1.16272852909933	-0.43438683321768	2.20541834429051
149000	150000	1.11648995005853	-0.516041442619261	2.57710334885387
150000	151000	0.834630823435139	-0.344298513953423	2.76127702989724
151000	152000	0.636944299197367	-0.0945253768796918	2.50262493872828
152000	153000	0.394688735983686	-0.190466785374127	2.86487501131719
153000	154000	0.268639739324776	0.18030091154661	2.92897507604202
154000	155000	-0.121228448885049	0.0245208507056996	3.00155448557886
155000	156000	-0.275315560170198	-0.0247258782941144	2.59481119494305
156000	157000	-0.679546963808222	-0.0467058026513226	2.76923122125411
157000	158000	-0.610969093453261	0.0733826649962877	2.25473414069695
158000	159000	-0.754575881489075	0.3435196465557	2.56347527186774
159000	160000	-0.685701091695339	0.678698140765813	2.26965440053464
160000	161000	-1.0399155767237	1.03265772396995	2.28227336946608
161000	162000	-0.934213272777808	1.37053972952244	2.53621227613847
162000	163000	-0.7738231899076	0.959244978651439	2.78974499227426
163000	164000	-0.53267551982685	1.10543850280641	2.46962216493951
164000	165000	-0.52366446467127	1.09862011655308	2.06113802733042
165000	166000	-0.166355401287263	1.35607303450642	2.1586252978837
166000	167000	0.0547150102754266	1.33470191757604	1.72284230760712
167000	168000	0.257524022989339	1.78065398575231	1.5926120716303
168000	169000	-0.111660838314967	1.38545433097826	1.24916082064972
169000	170000	0.13332677106731	1.73700109893207	0.973463245207325
170000	171000	0.198093379149906	1.3245250992885	0.635062007984873
171000	172000	0.269686040448601	0.849981668563908	0.712083294711125
172000	173000	-0.199964933185716	0.649412052537016	0.993460043401874
173000	174000	-0.294484961218048	0.694968966053456	1.48479976550215
174000	175000	0.0131166921694221	0.858336228656945	1.76734092850472
175000	176000	0.260085641990798	0.413275140546454	1.67361000351486
176000	177000	-0.0455084937451501	0.302424767176419	2.05579590112047
177000	178000	-0.165613304972242	0.689646583048847	2.25782504721541
178000	179000	-0.0825363731389471	0.985721938993962	2.71604565262599
179000	180000	-0.36993204554455	0.603797714921918	2.68050614983536
180000	181000	-0.053216817908558	0.353818432475552	2.60059056870815
181000	182000	0.339741139737914	0.27932065890749	2.4442192016402
182000	183000	0.307692350431991	0.646832999608229	2.61855552199566
183000	184000	0.438028393595354	0.609881221371492	2.16165905555761
184000	185000	0.505800317752048	0.966772239039455	2.32168741887573
185000	186000	0.511107295759383	0.996759762901728	1.8636288350441
186000	187000	0.624545974567255	1.38269132040935	2.01620570738446
187000	188000	0.906434413468473	1.1701811051798	1.64958157809962
188000	189000	1.30709525642799	1.31339812765875	1.41863698362646
189000	190000	0.978763053755707	1.05916445862138	1.03335771006858
190000	191000	0.808775413547226	0.6846826453827	1.45551576845045
191000	192000	0.784015979999181	0.407249858969509	1.93003741611249
192000	193000	0.983592288417807	0.500239934380026	2.49667091571142
193000	194000	0.747275330675404	0.242794003405599	2.90736192897054
194000	195000	0.175664872802772	-0.0964351052949796	2.42432955594254
195000	196000	-0.0303337358442485	-0.318573712245713	2.21449182595226
196000	197000	-0.0632929332288177	-0.37776655212886	2.68062010417219
197000	198000	0.0102763454733705	-0.508827925412274	3.1345867483297
198000	199000	-0.524851643138908	-0.527360227909767	2.78193214894964
199000	2e+05	-0.487408933476001	-0.477958454504429	2.19563797278886
2e+05	201000	-0.641229065493142	-0.877478588051842	2.43615927457503
201000	202000	-0.209935899921024	-0.742614185310732	2.42353247449162
202000	203000	-0.191244168655049	-0.871653804695065	2.88418816813459
203000	204000	0.180478971082292	-0.651705131108536	2.62541628480172
204000	205000	0.283073116228456	-0.90802677058509	2.94303548068659
205000	206000	0.550273406042522	-0.680493518608086	2.6611504694851
206000	207000	0.652869686855631	-0.753070041261163	3.02040176569388
207000	208000	1.76259582708582	-0.865379076460368	4.36528045550386
208000	209000	0.930773817711429	-0.936847318720826	2.76599360838463
209000	210000	0.81230318721626	-1.19780855353108	2.51455970655917
210000	211000	0.452743574475487	-1.02031790819262	2.47527694605109
211000	212000	0.110815871101223	-1.01675368077833	2.61121960368938
212000	213000	0.165841513552954	-1.24748097886954	2.31311045256544
213000	214000	0.25441854077463	-1.53678914293342	2.14265579684092
214000	215000	0.492224531760892	-1.54112785072461	2.44310804817034
215000	216000	0.532506680700006	-1.36103073144175	2.81475077298771
216000	217000	0.228234062669935	-1.33536897973423	2.69523988763905
217000	218000	-0.0726677089348634	-1.36523288220167	2.86083634037202
218000	219000	0.0246942545629475	-1.63242539305429	2.54889724477411
219000	220000	-0.227945218956774	-1.2218126770569	2.5155579510399
220000	221000	-0.321578144356432	-1.56509620179046	2.35201943391206
221000	222000	-0.69247637252882	-1.41446083158148	2.55117729525291
222000	223000	-0.27684251147889	-1.277531100935	2.07897217477481
223000	224000	-0.0830903494524655	-0.908999486531798	2.06600927296093
224000	225000	0.213396614232123	-1.17994135369372	1.88895965338533
225000	226000	0.343823598275856	-0.80467497837183	2.02174316604054
226000	227000	0.718545600525681	-1.11696267864391	1.94794465574002
227000	228000	0.77391580650195	-0.655390295164711	1.90649455841779
228000	229000	0.829199267292302	-0.737470549944641	2.31489736996039
229000	230000	0.538527239409561	-0.412688795220946	2.24361118708319
230000	231000	0.734161508442019	-0.115713247624059	2.03462171814249
231000	232000	1.22865110948922	0.0175231899667234	2.42113608418572
232000	233000	1.16389295545752	-0.0793657493935452	1.8030739514675
233000	234000	1.30146904629795	0.309179669690437	1.8900205541946
234000	235000	1.32565857202107	0.814499531267313	1.93077195608648
235000	236000	1.48517820409979	0.670276775899461	1.53162448257462
236000	237000	1.36536757141623	0.63477024996763	1.10708965935441
237000	238000	1.80587369859227	0.69403734769244	1.12830454887406
238000	239000	1.73500192157226	0.595516147591276	0.668337486673825
239000	240000	1.97255986338397	0.16890054573874	0.957078465815873
240000	241000	1.69174113114461	-0.260109931801222	0.97717764426647
241000	242000	1.29043110454371	0.0326299867392534	1.08571139673298
242000	243000	0.848277425230213	0.297854919615436	0.961200951369587
243000	244000	0.385601162885138	0.280490104908707	0.833227327162469
244000	245000	0.00230355011506791	0.00297896807643895	0.937532982231323
245000	246000	-0.388295112868827	-0.300692567869411	0.945565530753725
246000	247000	-0.610154890307549	-0.650639457022172	1.31634639479461
247000	248000	-0.385507654068023	-1.04151999958663	1.50431506135746
248000	249000	-0.70138793495773	-1.07254273495382	1.86663579023248
249000	250000	-0.963932345963843	-0.67784409632622	1.95945998577076
250000	251000	-0.859400531684453	-0.21990318143612	1.82667441527541
251000	252000	-0.407477571778993	-0.0462704476156783	1.6737898603611
252000	253000	-0.0382802408254163	-0.388060619409286	1.66777649647881
253000	254000	0.403700590916744	-0.272953965260503	1.62141391654347
254000	255000	0.475181454933355	-0.674857310744467	1.33816086832934
255000	256000	0.837268934186698	-0.285705100294981	1.35090489036257
256000	257000	0.939874474026165	-0.621907703169234	1.02657091580655
257000	258000	1.10848900454855	-1.05263754537603	0.855523073956796
258000	259000	0.667935007107967	-1.28563684391053	0.630083482684743
259000	260000	0.501937017798545	-0.905467751226091	0.341735126575458
260000	261000	0.505871921898598	-0.413415380662369	0.42904464707746
261000	262000	0.549516520187975	0.131311967457999	0.252061716489853
262000	263000	1.08325513589556	0.0930773218043728	0.0490845482159667
263000	264000	1.23857943940566	-0.481823516643233	0.0672011267913263
264000	265000	1.10796637981953	-0.881762145778252	-0.280496147946037
265000	266000	1.01035886504921	-0.794083576588687	-0.795433205192741
266000	267000	0.775060430552923	-0.784403404013542	-1.2923496821068
267000	268000	0.467387699385416	-0.333164687487399	-1.53103401845518
268000	269000	0.559792110144383	-0.0836778474352484	-1.02256022196561
269000	270000	0.13490291450325	-0.436952864309943	-1.1356428803174
270000	271000	0.488594689274533	-0.808341366225419	-0.833891939178682
271000	272000	0.199864814671616	-1.03174395559085	-1.21766259090584
272000	273000	0.316814513188664	-1.46434965234764	-1.15011749012174
273000	274000	0.161878975458838	-1.36092671576553	-1.65282805327801
274000	275000	0.49044117914394	-1.39237204026374	-1.98539743727582
275000	276000	0.558540842846602	-0.943865040339007	-2.03933271572779
276000	277000	0.559404200936905	-0.509726865715054	-2.0841269026059
277000	278000	0.90965736007947	-0.57968822708269	-1.72577753093851
278000	279000	1.27778679797196	-0.645274567200025	-1.37602725572566
279000	280000	1.28023741002761	-1.13201149253443	-1.08630336748007
280000	281000	1.07400410631779	-1.50593293420192	-0.727982474666766
281000	282000	0.978748308596523	-1.74103727924275	-1.14836740470936
282000	283000	0.799543889035014	-1.43846122580986	-1.44658369443441
283000	284000	1.16212500398263	-1.68113408770322	-1.70684942175773
284000	285000	0.929140836464206	-1.20088331871047	-1.81299423319095
285000	286000	0.963713385156935	-1.56750042712631	-2.07464587110655
286000	287000	0.779640490602403	-1.42643350827327	-2.4647890968431
287000	288000	1.0877758295922	-1.21080069380487	-2.36622045457239
288000	289000	0.969325040955473	-0.896572923716184	-2.22621625873745
289000	290000	1.20510930436955	-0.827283748888501	-2.52336867609713
290000	291000	1.77711533286457	-1.11528701883107	-2.63410225328051
291000	292000	2.0005447534129	-0.899161365197245	-2.16597609177611
292000	293000	3.5455584284164	-1.0801954670083	-3.35591912651961
293000	294000	2.42983369952278	-0.570122687482877	-2.0974412225304
294000	295000	2.06665974700549	-0.278776966643746	-2.0372997516352
295000	296000	1.67645197317138	-0.203620478728253	-1.8405960297825
296000	297000	1.33954046434635	-0.400153193438365	-1.85681054626311
297000	298000	1.5056892498959	-0.30961604860802	-2.3104852863793
298000	299000	1.44973833087947	-0.564700847065148	-2.74666874866687
299000	3e+05	1.10705529538813	-0.411178504822351	-2.47086281121665
3e+05	301000	1.155480116672	-0.538608585923939	-2.18236175959937
301000	302000	1.43925449456354	-0.714888377457111	-2.17122864768584
302000	303000	1.67100252271473	-0.736470772645169	-2.38110294885453
303000	304000	1.88717073723195	-0.43314587190627	-2.53228722064946
304000	305000	1.75551712738237	-0.538005944083752	-2.05172884338385
305000	306000	1.79226177061989	-0.765431794043155	-1.76249878405594
306000	307000	2.14198252154803	-0.763621623359827	-1.77064794159059
307000	308000	2.34384356181008	-1.15490521666759	-1.99440675786247
308000	309000	1.91327331653727	-1.22366730907046	-1.77652153492832
309000	310000	1.90911629253178	-1.69170443055324	-1.85188711265261
310000	311000	1.58950338674004	-1.45684374260673	-1.8118230534636
311000	312000	1.35304630074888	-1.41037366656773	-2.0135114134482
312000	313000	1.48915521051608	-1.64767633110321	-2.30170351977922
313000	314000	1.70222611586968	-1.27924098746119	-2.14332533805858
314000	315000	1.45021841564554	-1.11682814798889	-2.33935572752563
315000	316000	1.52942094977249	-0.995014754314814	-2.00421806319715
316000	317000	1.26055258574821	-0.990292328822418	-1.81279144885596
317000	318000	1.3315618242155	-1.31049592027016	-1.53382147505011
318000	319000	1.61443175042371	-1.05558671164209	-1.45887366159674
319000	320000	1.74743042449539	-1.502723371375	-1.34015650352617
320000	321000	1.84631873096954	-1.17206364106575	-1.07807628498528
321000	322000	2.12889886399606	-1.42465291415136	-1.20890309412448
322000	323000	2.54541234015726	-1.3644057452792	-1.14448190909767
323000	324000	2.3451020133399	-0.999925649767934	-1.15133476460248
324000	325000	2.48988271647137	-0.917780158316243	-1.50077161855412
325000	326000	3.92640885590579	-1.86025351063099	-2.39025010773833
326000	327000	2.26960604787338	-1.20389739271902	-1.56707639164748
327000	328000	2.03168715559947	-0.891918329087459	-1.39801138392747
328000	329000	1.85343853527073	-0.599275821862943	-1.19413583249676
329000	330000	1.95046245766058	-0.281259631287891	-1.41113824655369
330000	331000	2.2898061466582	-0.115310259034288	-1.59466770141882
331000	332000	2.24574171177052	0.186908709768495	-1.33848057355624
332000	333000	2.43845551233431	0.152845221129228	-1.01372112348895
333000	334000	2.23698934527894	-0.197792487173527	-1.10452015914169
334000	335000	2.50131274137953	-0.39006255759437	-1.41854589090266
335000	336000	2.28859933756793	-0.608422100034614	-1.2683224301868
336000	337000	2.61169189968195	-0.678944770493115	-1.25410761927966
337000	338000	2.72735992149998	-0.57621589858981	-0.977656703435616
338000	339000	2.42203657927023	-0.489850497163283	-0.978645942271971
339000	340000	2.70926206698447	-0.244475494854785	-1.0955518276304
340000	341000	2.30879380075449	-0.266438768780389	-0.702123735900321
341000	342000	2.65505343377553	-0.158854132887124	-0.708966205266433
342000	343000	2.42676191136319	0.0875720326894372	-0.533938727170089
343000	344000	2.42403544899305	0.297580970774262	-0.22311020397194
344000	345000	2.49115182512303	-0.0631404066003277	-0.0248897492907376
345000	346000	2.75078632179485	-0.264023075167408	-0.307169027610277
346000	347000	2.54508460924597	-0.584964031146484	-0.448622184267626
347000	348000	2.23382487820366	-0.38400121831542	-0.224808108698893
348000	349000	1.95325964210986	-0.108505229510728	-0.357863907216803
349000	350000	2.00685498825472	0.329980887481841	-0.454638122632616
350000	351000	1.91254300241072	0.156717896303535	0.0466006981346373
351000	352000	1.87110814612787	-0.217378732445205	0.357621136951172
352000	353000	2.24183924020307	-0.553961064734105	0.315005020906991
353000	354000	2.41363645649327	-0.855499243119122	-0.0788067539101121
354000	355000	1.92017863169128	-0.757056945512977	-0.0909538429794138
355000	356000	1.74216765862846	-1.16994205634551	0.0220028584660964
356000	357000	1.98363629582842	-1.56426851935501	-0.0937983576013434
357000	358000	3.28211205815735	-2.84993396406879	-0.16670397119362
358000	359000	1.94925720148115	-1.72194735862316	-0.795256300786188
359000	360000	1.55201655055066	-1.8335063162398	-1.12225461165912
360000	361000	1.90151385615187	-3.53877575618126	-2.01565113353003
361000	362000	1.33392775810978	-2.27165440793416	-1.00649287051176
362000	363000	2.1673188162362	-3.69507124489024	-0.798129431497328
363000	364000	1.50273058061736	-1.89110290524214	-0.595014239721273
364000	365000	1.63096173678468	-1.38203237157789	-0.601129621341621
365000	366000	1.70368334731609	-0.954552574463882	-0.662326968699758
366000	367000	2.06706640329079	-1.14038163927757	-0.394186536037408
367000	368000	2.44271974020531	-1.26783906132581	-0.613276725640402
368000	369000	4.2508219581291	-1.88881029307165	-0.77591540202022
369000	370000	2.82190584736862	-0.992607172338087	-0.959944389563368
370000	371000	2.23659673694632	-0.800776451114017	-0.748180261712345
371000	372000	1.86247417865833	-0.523297126434303	-0.678793348844958
372000	373000	1.68041447038386	-0.162361929154801	-0.808858148794356
373000	374000	1.86871102965771	0.271860771175763	-1.00846217041173
374000	375000	1.51620040328543	0.115765543418416	-1.39723175285646
375000	376000	1.17069884851849	-0.10188026472445	-1.03389241187634
376000	377000	1.23681272541234	0.286490548275386	-0.720499473609013
377000	378000	1.51440635228095	0.722488309672067	-0.792611249451483
378000	379000	1.6155890985107	0.647618847363452	-1.30980830975872
379000	380000	1.96292282886571	0.957057536746614	-1.47430708798001
380000	381000	1.79446289685097	1.15696627047485	-1.00356680483495
381000	382000	1.89358279425462	1.47871415014673	-0.686287160829846
382000	383000	1.71524126673807	1.67437089710041	-1.07885962713008
383000	384000	1.560316558631	1.62804826285586	-1.45296023303205
384000	385000	1.31283598501533	1.48488278671596	-1.1367413772079
385000	386000	1.27277726058095	1.42190003673154	-0.715497017179188
386000	387000	0.913363238236866	1.64256563578548	-0.42859523089345
387000	388000	0.873242944481061	1.97799233904676	-0.0455967483556093
388000	389000	1.09909474217349	1.60594173549509	0.105418711978963
389000	390000	1.41360851929349	1.53413383229852	-0.231158050894742
390000	391000	1.39414891014598	2.02037836217979	-0.365348035302038
391000	392000	1.42624116615368	2.43664930531407	-0.620280029000365
392000	393000	1.18196677910255	2.20751776706477	-0.853015362065675
393000	394000	1.08210406710599	2.08400631989868	-0.593668635353712
394000	395000	1.39103397447448	1.85045279489444	-0.750580549961863
395000	396000	1.4160685347973	2.01717431300661	-1.08291515232334
396000	397000	1.39801143015446	2.42093337639584	-1.12459560106847
397000	398000	1.88725237842358	4.04049213868463	-1.62927097730965
398000	399000	0.817244484550297	2.54391348070902	-1.33486905151486
399000	4e+05	0.465873742442615	2.51525506093354	-1.16567794784698
4e+05	401000	0.18709306920605	2.27944545300225	-0.973196080119345
401000	402000	0.231441788952653	1.87444591370762	-0.727941886104282
402000	403000	0.464812128347055	1.89743739255349	-1.06332485935989
403000	404000	0.800354695733814	1.67602476718587	-0.99146983034498
404000	405000	0.74443606874041	1.37820415692496	-1.28844313503383
405000	406000	0.345163137998744	1.31050780119471	-1.13121057139337
406000	407000	0.0600275688887188	1.14117607040786	-0.857857138576818
407000	408000	0.345184719272542	1.14057940462416	-0.379347636690865
408000	409000	0.74967625161181	1.04877846592924	-0.649359963553052
409000	410000	0.968828681657074	0.950236156741186	-1.11598058556814
410000	411000	1.21084939860914	1.09351365935956	-1.58154063749874
411000	412000	1.6099838574943	1.17495365191017	-2.08943100461832
412000	413000	1.43885486061933	0.722612710197236	-1.89915200220906
413000	414000	1.62151178137271	0.30652337946202	-2.03009548522257
414000	415000	1.53868264566604	0.27846315922195	-2.56925523193882
415000	416000	1.01523339681893	0.11141747927007	-2.36654928597107
416000	417000	0.592620384564483	0.0284198057897262	-2.52699549524487
417000	418000	0.625131467522413	0.338198951449979	-2.31361781272809
418000	419000	0.774482882570494	0.54495372168583	-2.59651182070965
419000	420000	1.13400252849059	0.604303074824065	-2.80472720830563
420000	421000	1.19559403543077	0.529451297946847	-2.35471745927739
421000	422000	1.06003385283899	0.313517602245677	-1.97000869802571
422000	423000	0.875500188434252	0.666602967631064	-1.8668239812226
423000	424000	1.07213232043731	0.951914050326897	-2.14060872098201
424000	425000	1.08773941043327	1.21745037455147	-2.4504156131615
425000	426000	0.836621236661749	1.54615708755028	-2.37084523427309
426000	427000	0.556152721338032	1.53733646923542	-2.04699054057689
427000	428000	0.788289540205711	1.26173262671689	-2.1337003161578
428000	429000	0.590785875493676	0.940314313906869	-2.1456311798961
429000	430000	0.442463980803474	1.16808133438827	-1.77156621089751
430000	431000	0.0663762238841308	0.859016647973034	-1.63919243027288
431000	432000	0.587902396997175	0.83010561089111	-1.49956522598724
432000	433000	0.359009629015254	0.554223544300533	-1.17514280021054
433000	434000	0.28046465995818	0.266315458663965	-1.65430503912214
434000	435000	-0.179159721493472	0.2336768592747	-1.82750983589968
435000	436000	-0.177059292508444	0.281249772053485	-2.39164165054879
436000	437000	0.243886106893304	0.645737163757569	-2.16749744397496
437000	438000	0.402267168412725	0.86203679175315	-2.52646539261976
438000	439000	0.623637404608353	1.1782264597701	-2.58592993230092
439000	440000	0.267218283329825	1.24785232290381	-2.65761608372311
440000	441000	0.36443041674732	1.30883810721237	-2.27096670381865
441000	442000	0.436513857031557	1.56762993954071	-2.50129139843057
442000	443000	0.59487902994905	1.90469109379574	-2.66622960398669
443000	444000	0.748239460262345	1.90644519383882	-2.17700533431616
444000	445000	0.537250155556619	2.21954967229764	-2.03583742584461
445000	446000	0.308075944178854	2.45987700850244	-1.69175196598062
446000	447000	-0.159463953250293	4.17366255556118	-2.05028333873592
447000	448000	-0.119547831642607	2.35958614600592	-1.40108506425065
448000	449000	0.0733112128941039	1.95069511024081	-1.40591421914034
449000	450000	-0.21961288711259	2.00477858413793	-1.7046951337047
450000	451000	0.00571219968588127	1.49301216638029	-1.55614100334443
451000	452000	-0.485922320803392	1.61421940686294	-1.71604630133376
452000	453000	-0.354823256794354	1.09780064894776	-1.52277668442588
453000	454000	-0.804757322486976	1.24695722912375	-1.67387497350576
454000	455000	-0.594791021884416	0.977674047714158	-1.06181691520196
455000	456000	-0.926243424676707	1.40220029732953	-1.14659934104341
456000	457000	-0.4681355307447	1.67099082276742	-1.12159432964071
457000	458000	-0.455173774365321	2.18549634363052	-0.968945951807951
458000	459000	-0.408536421657016	1.99318390897894	-0.522416039724275
459000	460000	-0.512384419398309	1.53691846755672	-0.467552649007105
460000	461000	-0.834688105699746	1.77285201857233	-0.798570788570909
461000	462000	-1.17792283687864	2.17431659741724	-0.756429662435793
462000	463000	-0.842206072481168	2.27883450011069	-0.324448588616461
463000	464000	-0.308068568033495	2.38916991994835	-0.239955508518083
464000	465000	0.0490572558587586	2.36213013909424	-0.490503779490981
465000	466000	0.106792021548489	1.84919334166808	-0.223680573885227
466000	467000	-0.126257131416584	1.66964257126781	0.19144821918779
467000	468000	0.0496038687642703	2.11939314714173	0.317984826500077
468000	469000	0.360386890050136	2.33880457243688	-0.0625481415942712
469000	470000	0.617926052333622	2.24196233411417	-0.447203374214274
470000	471000	0.524935538535862	2.53402158993639	-0.660525588406284
471000	472000	0.883033349711063	2.54416549550612	-0.629641376624894
472000	473000	0.739147915307962	2.43603325198242	-0.904472801716695
473000	474000	0.998258881486579	2.53021308189464	-0.913974354872728
474000	475000	0.851062910806226	2.18220394731391	-0.87417367634637
475000	476000	0.939266366135365	2.30430543827899	-1.11086705131032
476000	477000	0.968117013083566	2.07429716076978	-1.26626956122924
477000	478000	1.23386533398781	2.31929755391497	-1.49376098126174
478000	479000	1.0773618769085	1.82686382922936	-1.53689023509404
479000	480000	0.843035948240078	1.63885896314932	-1.73849715490694
480000	481000	1.15569899310582	1.57827493821838	-1.90645456756815
481000	482000	1.30072328324973	1.9644471708576	-1.89498196529263
482000	483000	0.945039938337005	2.2408404612376	-1.80276034295246
483000	484000	0.634696969919077	2.1780250491524	-1.5001707656083
484000	485000	0.595536905695664	1.83785497877168	-1.53977135355872
485000	486000	0.379742126202437	1.87281869963666	-1.82253215823083
486000	487000	0.0467008212030274	2.30914297472124	-2.10880301861816
487000	488000	0.0645363063330721	1.90302707287157	-2.01715866681952
488000	489000	0.163846205744075	2.01117474849495	-2.34712670738949
489000	490000	0.0429740432137419	1.75903649938725	-2.29815630176019
490000	491000	0.323882224164561	1.77594104241216	-2.31238927742532
491000	492000	0.182368092807923	1.59363722423621	-2.15180063820319
492000	493000	0.145950525530005	1.51297193859785	-2.39469625330987
493000	494000	-0.090241720603475	1.52566354923494	-2.54100879696369
494000	495000	0.120138453282818	1.73182201213198	-2.6149757946274
495000	496000	-0.676743484104841	2.75703084686021	-3.89510291188579
496000	497000	-0.309776457039345	1.80193878695402	-2.40302794270362
497000	498000	-0.334297936065146	1.52055882497626	-2.18074227086928
498000	499000	-0.242739585120772	1.28954274474606	-1.93651379580551
499000	5e+05	0.0312551963805836	1.12280853076981	-2.08221833632549
5e+05	501000	-0.11461619065123	1.10517203990154	-2.45929723807567
501000	502000	-0.430094794046557	0.985998200506578	-2.23691502831075
502000	503000	-0.82267682985054	0.729054702863897	-2.2238749070774
503000	504000	-0.863737559921595	0.41635338593227	-1.83137576165773
504000	505000	-1.06091547373634	0.228057268311612	-1.49746889153947
505000	506000	-1.48917929069859	0.136449125476431	-1.39677994222731
506000	507000	-1.40620444858398	0.330797247397057	-1.76825453452573
507000	508000	-1.18026535078733	0.670199541099418	-1.73975288036346
508000	509000	-1.28089426990087	0.685225442812142	-1.39831933457484
509000	510000	-1.67376402049125	0.744242887201155	-1.20504055642031
510000	511000	-1.69212213253485	0.656368849301936	-0.830118938808078
511000	512000	-2.06761532208369	0.52580925550676	-0.778117365460971
512000	513000	-1.79580129566383	0.352435258313395	-0.450461450074767
513000	514000	-2.2217412694011	0.175750398594735	-0.509928855134537
514000	515000	-1.96785300085901	0.245803719996086	-0.0712351759884474
515000	516000	-2.51283535296062	0.287492064938632	-0.222632958930114
516000	517000	-2.2932494363707	0.382936413466539	0.0493056150448796
517000	518000	-2.48542256442177	0.59439879825626	0.261683063835207
518000	519000	-2.76276195622739	1.04380122552097	0.25296444914631
519000	520000	-2.53196256562575	1.18241284986688	0.542679346551041
520000	521000	-2.19433410667825	1.13326365885497	0.484671914835592
521000	522000	-2.25952609788403	0.904053864640641	0.20038084739724
522000	523000	-2.53138922251745	0.72883158267032	-0.0908030104176217
523000	524000	-4.11009827008326	1.7013372081091	-0.729255518186522
524000	525000	-2.32316821348771	1.13499999358436	-0.117527152601466
525000	526000	-1.84432421501802	1.04449544846033	-0.0955934566815856
526000	527000	-2.00892412138012	0.716328478286424	-0.324114224258324
527000	528000	-2.5317513175212	0.497080854348677	-0.621745939516891
528000	529000	-3.76662802406277	1.10911794487982	-1.72165808947823
529000	530000	-2.15743279772377	1.00901547720748	-0.764215741832456
530000	531000	-1.27744700366721	0.666039771388438	-0.312781886781284
531000	532000	-0.977535441035446	1.08696294701668	-0.210494516504295
532000	533000	-1.24548647946054	1.55620513758944	-0.559490629820103
533000	534000	-2.38070058049355	2.734017732085	-1.84601695734683
534000	535000	-1.50748720007338	1.23892609815062	-1.10613503253229
535000	536000	-1.5289784546985	1.0847436505655	-0.659926320528104
536000	537000	-1.86839793484789	1.48497957389752	-0.630561907636564
537000	538000	-2.98104330602681	2.96395858148326	-0.928017033810344
538000	539000	-1.75531476793657	1.79026404297986	-0.149853654420684
539000	540000	-1.76164385924063	1.63124464416625	0.307211733948262
540000	541000	-1.56278007065357	2.14458114951313	0.368231885255106
541000	542000	-1.15177750344296	1.91157016019457	0.0838299351058294
542000	543000	-0.905144585854509	1.47198556326964	0.178054498056611
543000	544000	-0.941375905785131	0.995009598012506	0.396646340744838
544000	545000	-1.45654815141842	1.16033620886459	0.261412623059802
545000	546000	-1.48722822017962	0.671546866193164	0.311142544731388
546000	547000	-1.27488774445437	0.43098894447524	0.621528890883356
547000	548000	-1.18686030687345	0.477025260320122	1.05222291580401
548000	549000	-1.03296185496812	0.797880298051479	1.27150578624379
549000	550000	-0.707539342429041	1.64231517511091	1.79129073824662
550000	551000	-0.450220304601283	3.24932685817731	2.76637022184567
551000	552000	-0.568210270017241	2.04734440227704	1.41678526110191
552000	553000	-0.729239907795992	1.68031501492549	1.2859478758699
553000	554000	-1.09374805152299	1.50304763945381	1.02140407644668
554000	555000	-1.41308880212655	1.70441696843095	0.721105857684952
555000	556000	-1.68220927421215	2.01002497349829	0.977953753019153
556000	557000	-1.45981553787524	1.71401932048182	1.14238476958982
557000	558000	-1.46068948996051	1.30177008988348	1.23249344498592
558000	559000	-1.38006806771503	1.54455881549144	1.54460452306672
559000	560000	-1.53353242420444	1.73456991386094	1.91511634875701
560000	561000	-2.25368435292843	2.4522676353523	3.50296668194158
561000	562000	-1.61461358154577	1.35102575720632	2.04320232956129
562000	563000	-1.50770138728009	1.1620594240901	1.71359654366676
563000	564000	-1.66827176772926	0.959723245406049	1.42795359615639
564000	565000	-2.01647960556091	0.760097474085297	1.65758525287099
565000	566000	-2.41995865808808	0.85378789323687	1.58738168737
566000	567000	-2.12453950563052	0.926190450890196	1.30857700324228
567000	568000	-2.05623295200955	1.18503143820613	1.02630407316992
568000	569000	-2.28921019419206	1.53137610578288	0.777916439021925
569000	570000	-1.8939533321916	1.42498068831138	0.726462962171472
570000	571000	-1.57440188977439	1.13915596241216	0.859106366652764
571000	572000	-1.84504676278085	0.874123185736567	0.794160090006006
572000	573000	-2.0103317793012	0.662135219359942	1.0465576310691
573000	574000	-2.33362672679796	0.592457763312613	1.10489157804022
574000	575000	-2.66384020792541	0.585683244175841	1.13610423520182
575000	576000	-4.46455830305277	0.225113100346099	1.59268054940736
576000	577000	-2.84379419170204	0.114758107234906	0.922995789790325
577000	578000	-2.4004992172801	-0.00126661662885941	0.881094952224915
578000	579000	-2.18572243793682	0.16349127054101	1.25569545761189
579000	580000	-1.81781695682235	0.258473564637804	1.03505679319392
580000	581000	-1.97441336892229	-0.157794338704482	0.76914878247891
581000	582000	-2.2338783405692	-0.555948719194281	0.76725481248944
582000	583000	-2.06774990975186	-0.671392604430433	1.23435955492416
583000	584000	-1.57634285181397	-0.366764565417933	1.07206520044337
584000	585000	-1.79774451352587	-0.118039194908093	1.46546157631284
585000	586000	-1.42447117284079	0.0468499211899267	1.65424912061211
586000	587000	-1.82281279429452	0.253600419827571	1.94057859464093
587000	588000	-1.54225816691739	0.590894165590838	1.74828783644943
588000	589000	-1.59426288261225	0.82255222743314	2.17128580538634
589000	590000	-1.19954998208826	0.466724641039743	2.26056656522155
590000	591000	-0.94138764152336	0.619585888471452	1.86572207806867
591000	592000	-0.916511380585129	1.12411879822783	1.68590524027694
592000	593000	-0.672144893132937	1.15076535048619	1.14497130126406
593000	594000	-0.703337171634381	1.42290402031585	0.724347543060207
594000	595000	-0.730968258678042	1.86570197234087	0.575373006096237
595000	596000	-0.579437306183641	1.94375425898247	0.0859213730495157
596000	597000	-0.575378382899327	2.32866606275972	0.360779429975657
597000	598000	-0.936843802569498	2.19342010358574	0.80141307166696
598000	599000	-1.11117072066871	2.0890702390721	1.21840061565716
599000	6e+05	-1.49600642396361	3.75292177446833	2.04080078003428
6e+05	601000	-1.40294758817896	2.06085763425738	1.64559166629014
601000	602000	-1.63765856122349	1.83374535118152	1.48716736640197
602000	603000	-1.85750254862362	1.811818297732	1.70250821520906
603000	604000	-1.93984227502447	1.79300966284819	1.4173474001012
604000	605000	-2.11592138371786	1.71569817702875	1.62527411673382
605000	606000	-1.76243546190408	1.49715375939067	1.59180585910772
606000	607000	-1.97650550496533	1.55308839969273	1.91354202316691
607000	608000	-1.89910896032456	1.23010426600748	1.85026277029445
608000	609000	-2.19544553631896	1.1147703627429	1.78629091767723
609000	610000	-1.94884443428441	1.16658202810474	1.54514277228664
610000	611000	-2.11862522486426	1.3768681016822	1.60276191130484
611000	612000	-2.3266258905155	1.44716039930411	1.77833055861188
612000	613000	-2.52514263228625	1.53033190158357	1.51491985488252
613000	614000	-2.00530441543958	1.43208949860694	1.34069427253788
614000	615000	-1.91116394302214	1.60283691482859	1.09233679802019
615000	616000	-2.24823441539015	1.95555885988149	1.17652075893227
616000	617000	-2.31306063122681	1.56458300280507	1.15636568911224
617000	618000	-2.30934767783079	1.25077829299166	1.25658143650441
618000	619000	-2.54889940006785	1.04064716565294	1.24195852141843
619000	620000	-2.5568895594677	1.21231609127245	0.96713291252234
620000	621000	-2.29389809305962	0.954596668977957	0.923543119309172
621000	622000	-2.56410445268696	0.842398246622019	0.814861562499284
622000	623000	-2.91153925073032	0.842976645728992	0.669903535822073
623000	624000	-2.58273139385511	0.456335083877917	0.62954133120239
624000	625000	-2.29238357051152	0.686856030889279	0.583061204887128
625000	626000	-2.92618197185891	0.514156804320399	0.375924989207569
