0	1000	-0.844114006977672	2.01073023435067	0.623228678818909
1000	2000	-1.31661285054947	2.30221010504798	0.289356771296247
2000	3000	-1.51706003115517	2.16844968208191	0.667333568950147
3000	4000	-1.53383737703205	2.34494400886671	0.359342892532726
4000	5000	-1.61680396353714	2.03848110819377	0.207135877972644
5000	6000	-1.79404421498197	1.93533661426826	-0.0491184489728599
6000	7000	-1.96485127893866	1.74293567467848	-0.087808520242619
7000	8000	-1.7187432973878	1.43924446007678	-0.3856504580463
8000	9000	-1.66330897670641	1.28125543487889	-0.263508500962973
9000	10000	-2.04400691099997	1.30613414909082	-0.244522295685622
10000	11000	-2.25380422286625	1.09368364613009	-0.025422678982252
11000	12000	-2.20970337915362	1.63067723273074	0.15850231306457
12000	13000	-1.72132545988165	1.45666009880363	0.326921101981233
13000	14000	-1.46234765347411	1.09868706751801	0.280310246747939
14000	15000	-1.77116883270291	0.940328556068869	0.622642580072868
15000	16000	-2.34851010771077	0.873955533538129	0.287380833223288
16000	17000	-2.16115574605163	0.471271856193445	0.093039931708875
17000	18000	-2.33804388838281	0.174837067606547	-0.0256640085726685
18000	19000	-2.12996928909466	-0.279532515977656	0.00442496442685788
19000	20000	-2.11310644513627	-0.310939323351398	-0.478087532754979
20000	21000	-1.64223256738577	-0.288023300095266	-0.432801081245648
21000	22000	-1.54203006043438	-0.559856375218101	-0.623533289966633
22000	23000	-1.37709449903169	-1.094180373251	-0.517035921244402
23000	24000	-1.83649626398967	-1.32507952485457	-0.754605105093203
24000	25000	-2.12971009234974	-1.31783768408705	-0.581880559352548
25000	26000	-1.80985347559103	-1.10494997519977	-0.156222610043429
26000	27000	-1.81207143565132	-1.24860635903469	0.291367750050203
27000	28000	-2.28218378537415	-1.87928198432689	0.527703949965875
28000	29000	-3.56015902205728	-2.13258403301679	1.0343392024513
29000	30000	-2.45922636109489	-1.28722774364911	1.06314909342651
30000	31000	-1.4592637024068	-0.795152201215942	0.720879806935628
31000	32000	-1.29307601957485	-0.282866414285646	0.0855878282318671
32000	33000	-1.33344447490118	0.0561147668657287	-0.507757982817302
33000	34000	-0.967415658321793	-0.272570592632663	-0.521540500199387
34000	35000	-1.0467783007822	-0.792094693842264	-1.01363062613301
35000	36000	-0.660628868252214	-1.09986527543435	-1.2148230928672
36000	37000	-0.343884335281582	-0.585548072634789	-0.991476475834317
37000	38000	-0.38877086644807	-0.50448947427898	-0.531336459616094
38000	39000	-0.341101239206738	-0.176897648485617	-0.0654336711449099
39000	40000	-0.831517116106617	0.0718324514755439	0.632257904580038
40000	41000	-2.30615210404841	0.0369712673807381	0.862041400471857
41000	42000	-3.73835183046897	0.16660298461779	1.08383225675793
42000	43000	-2.72392699746015	0.0830868010328754	0.635926667714945
43000	44000	-1.723105422026	0.0322008426440058	0.402596593133021
44000	45000	-1.56166929470035	0.459141425716905	0.288387163275576
45000	46000	-2.69448792792288	1.03723364013785	-0.0351249469819418
46000	47000	-3.94197342330863	1.33143622505178	-0.236617721768436
47000	48000	-2.82980087617289	0.61317213985537	-0.700342964466882
48000	49000	-2.29086681347432	0.470565491746504	-0.854114861082873
49000	50000	-2.06869400514896	0.178542431313866	-1.22697736319652
50000	51000	-1.9123786818867	-0.135134526650909	-1.34408437384964
51000	52000	-1.95176449657769	-0.450895321447177	-1.50214528825074
52000	53000	-1.74149154949826	-0.206782572491554	-1.64955559684953
53000	54000	-1.53707671069116	-0.150200119265238	-1.67296966563845
54000	55000	-1.47748819461299	-0.218700038591244	-1.93798887630771
55000	56000	-1.41961975568365	-0.532484303657968	-2.13136086320406
56000	57000	-1.62165140683726	-0.946195227083362	-2.13728089126056
57000	58000	-1.76300919985843	-1.05269720004322	-1.92984263693953
58000	59000	-1.35699660770535	-1.39840074695596	-1.83653137101252
59000	60000	-1.14155390285759	-2.03390245855586	-1.66245235957496
60000	61000	-0.759164466984611	-2.21824557990792	-1.39970752891232
61000	62000	-0.920413371274975	-2.16775511058459	-1.07474043351269
62000	63000	-1.16019236966094	-1.88313924179451	-1.28511936659609
63000	64000	-1.17620164680158	-1.59747808620099	-1.33406476688129
64000	65000	-1.54408922191823	-1.41151464796051	-1.453974356054
65000	66000	-1.41500172505717	-1.12354620096172	-1.24870755309997
66000	67000	-1.6215194793515	-0.776098729789032	-1.21331213258059
67000	68000	-1.4554781749239	-0.411819798946755	-1.17516258124048
68000	69000	-1.07087185839036	-0.201765078618565	-1.20133562773748
69000	70000	-0.812592032326719	-0.431786861040349	-1.68396432162351
70000	71000	-0.825513280030261	-0.663086858670026	-1.92597813523464
71000	72000	-0.81153592440359	-1.2776893946119	-2.06964250682989
72000	73000	-0.961031884364628	-1.15140265595849	-1.82166668342479
73000	74000	-1.21375436324811	-0.814945721517007	-1.57733683841437
74000	75000	-1.54413322989549	-0.818220248925602	-1.77506671162564
75000	76000	-1.73643943365544	-0.666684077216013	-1.84826536307523
76000	77000	-2.26256103185409	-0.415496033273868	-2.09722120091279
77000	78000	-1.92380740924075	-0.285539077981081	-1.96326987100162
78000	79000	-1.91237961242205	-0.0399040736051203	-2.15626451881489
79000	80000	-2.22564412462929	0.00634919729696158	-1.88119966830861
80000	81000	-1.74199399278207	0.352403298067506	-2.08562892454352
81000	82000	-1.92510244986832	0.352436298031941	-1.79225541592435
82000	83000	-1.74397379112545	0.598948333226596	-1.63377795276729
83000	84000	-1.87600448598071	0.75731928310223	-1.66813552552323
84000	85000	-1.66236893541537	0.964871874627138	-1.36703063286577
85000	86000	-2.07662256826584	1.12019893447383	-1.31090767529221
86000	87000	-1.8549886758894	1.34430073334195	-1.05398240890034
87000	88000	-1.40597181267105	1.32651251637625	-1.49441986140393
88000	89000	-1.00691088354296	1.53296607505682	-1.62849859282667
89000	90000	-0.675169159425428	1.508537749388	-1.94722418435683
90000	91000	-0.827365780871323	1.63834844082972	-2.7193659704631
91000	92000	-0.848371068250925	1.72976915486837	-4.03947333031759
92000	93000	-0.556792059402423	0.918433199528417	-3.13913363264423
93000	94000	-0.496040544077658	0.566039458460143	-2.67354126205934
94000	95000	-0.268569002262578	0.377918810835151	-2.24164529997161
95000	96000	-0.201995923594433	-0.0027643509395559	-1.94412840900764
96000	97000	-0.404718770018037	-0.257567229596363	-2.149299216867
97000	98000	-0.0136058093224756	-0.302942234285783	-2.63749588074883
98000	99000	0.201860748881133	0.153129142093551	-2.83656827973801
99000	1e+05	0.12148874558635	0.532813339030185	-2.64119610848999
1e+05	101000	0.360615276387243	0.426507174267624	-2.38413162544546
101000	102000	0.267733854625772	0.73324816688058	-1.93365540418918
102000	103000	0.163937430900523	0.607165397244794	-1.61461673959599
103000	104000	-0.180837094791247	0.834215956278769	-1.48481345309513
104000	105000	-0.484093098751369	1.03826392416667	-1.24180807999798
105000	106000	-0.645156587863406	1.24170546856753	-0.860051296876758
106000	107000	-0.707889386392713	0.88693197147675	-0.660300580531657
107000	108000	-1.00526457276997	0.681807676785014	-0.348378150498307
108000	109000	-1.17313780884613	0.565720963970784	-0.7995976394367
109000	110000	-1.07382764594495	0.642696319119515	-1.24733089085551
110000	111000	-1.1223307529697	0.750273224002718	-1.61576176417404
111000	112000	-1.13526340487632	0.463242183515584	-1.77393518858483
112000	113000	-1.39289784984939	0.484363457094895	-1.92582877490654
113000	114000	-1.25052897290714	0.467924978454991	-2.14619356373171
114000	115000	-1.23542488372045	0.906429112531726	-2.21897356247054
115000	116000	-0.804049845771691	1.1260047623848	-2.44572509622866
116000	117000	-0.167565621108907	1.15177828660183	-2.43261602993854
117000	118000	0.0407134741363477	0.903321197075509	-2.73222638633544
118000	119000	-0.107794452217479	1.05711637247372	-3.39498531315861
119000	120000	-0.366894978350927	0.74265490906796	-4.49117201666343
120000	121000	-0.444176648970066	0.158010190909319	-3.19668953978821
121000	122000	-0.679698515291666	0.0365412178124075	-2.51227726670988
122000	123000	-0.935671905823442	-0.299752991450815	-2.32417870218887
123000	124000	-1.32244740557298	-0.357461245207128	-3.01306161773603
124000	125000	-1.23735879333336	-0.827040786214374	-3.8767388005092
125000	126000	-0.677100540691316	-1.10281333231943	-2.91591195855597
126000	127000	-0.382380465619041	-1.13395371108088	-2.35518155443568
127000	128000	-0.0111369021795016	-1.72499852024176	-2.5229931796938
128000	129000	0.135835481536121	-1.9750596669264	-3.48170582315146
129000	130000	0.606662544681276	-1.35727601286774	-2.75779617950267
130000	131000	0.383421211452823	-1.13467029085887	-2.20911767180606
131000	132000	0.819457258514031	-0.73550470065911	-2.27061199626583
132000	133000	0.689153672900744	-0.319068931948361	-2.48372102463928
133000	134000	0.927556505777252	-0.0158117300651792	-2.6419649235294
134000	135000	0.638058816166356	0.662255693509593	-2.82050589179245
135000	136000	0.73589519020636	0.779050045823964	-3.12377929385016
136000	137000	1.11082333242991	1.07110095167587	-4.49362171063973
137000	138000	1.44541411066304	1.01949990665721	-3.98679221145476
138000	139000	2.17073999598769	0.359030458659349	-3.79337492201611
139000	140000	1.51846295677138	0.436874598778293	-3.05516489548052
140000	141000	1.15261703326049	0.0933866164503385	-2.20450204172881
141000	142000	1.10630899586783	0.100036384869624	-1.77628558485034
142000	143000	1.62384867646643	0.181652836022443	-1.87943738624848
143000	144000	1.8969695782444	0.38458150485037	-2.15555162799578
144000	145000	1.57171352808382	0.151197357286568	-2.43845957284063
145000	146000	1.64376925890146	-0.0959449229198423	-2.1049573908592
146000	147000	1.67632644402866	-0.419116988612546	-1.88535592211697
147000	148000	2.08904031249688	-0.078603918973138	-1.6581310933513
148000	149000	2.18389813502099	0.488987515391231	-1.58637947912796
149000	150000	2.28725568993023	0.932548253436472	-1.62087720734496
150000	151000	2.13051630511503	1.11178063689632	-1.55956745181239
151000	152000	2.00216260841085	1.49684885548638	-1.5469232139113
152000	153000	1.85977950096821	1.55592889153111	-1.34215312737356
153000	154000	1.88112742517052	1.97700317017011	-1.57258996574417
154000	155000	1.61152514229033	2.33080367606509	-1.40803638802785
155000	156000	1.31673664122517	2.31583643244376	-1.19600196379498
156000	157000	1.00081831094311	2.50129619965472	-1.11036715678657
157000	158000	0.799214320594155	2.18218415556386	-0.888318897045665
158000	159000	1.07694491048416	2.31190679822329	-0.722942107459658
159000	160000	0.984047949357608	2.38482112341777	-0.187871924695191
160000	161000	1.06777923519821	2.63518490821355	-0.0473651434056425
161000	162000	1.32539668734002	3.0877392073968	0.22214325386162
162000	163000	1.41315991562615	2.89126965816695	-0.19624681523804
163000	164000	1.33264957543314	2.80090166009971	0.223219476735846
164000	165000	1.54925618624553	2.26853859222645	0.181946111784522
165000	166000	1.65609856193596	2.23446601155896	0.593846191086908
166000	167000	1.79226956769428	1.6089291298063	0.518918780049919
167000	168000	1.9218736097886	1.38635622007523	0.777476827172307
168000	169000	1.59914334504235	1.23126809279116	1.07661718665245
169000	170000	1.43557811420109	0.831187779830078	0.943074587958991
170000	171000	0.790735179077647	0.618643349690603	1.05055898254394
171000	172000	0.620954091654024	0.498839041480109	0.645046493751124
172000	173000	0.473518060342011	0.896764317646041	0.29843628280181
173000	174000	1.08378836461428	1.40658460054156	0.378680224690418
174000	175000	1.28729899466367	1.47918481103497	0.00251288255073761
175000	176000	1.73484180309693	1.43727403279534	-0.0027985997113259
176000	177000	1.64615240579227	1.65937538743686	-0.518513636589066
177000	178000	1.69439417517071	2.02077130178647	-0.315149326244168
178000	179000	1.87694616595709	2.68723459399197	-0.357236077567941
179000	180000	1.55662104496817	2.40290340407244	-0.674389740641779
180000	181000	1.52668811609063	2.1234984996524	-0.845633000821714
181000	182000	1.78815280267112	1.80343903661675	-0.80583804624623
182000	183000	2.1278692801354	1.55655300893984	-0.822565217742243
183000	184000	2.42503571957884	1.64787010283779	-0.583890010468939
184000	185000	2.11670283684654	1.3078649375849	-0.475762676204798
185000	186000	2.418551467928	1.35113627358467	-0.141684981280246
186000	187000	2.36057281567279	0.92507816877728	0.086137546808586
187000	188000	2.59901002973584	0.529424084759899	-0.0462078660292661
188000	189000	2.44845289643433	-0.088851239589994	0.136283184362239
189000	190000	2.15620707577893	-0.104278245145799	-0.0852579044734515
190000	191000	1.87893832194843	0.415986037901464	-0.434903623167284
191000	192000	1.73868768068548	0.771040535256202	-0.724030190406868
192000	193000	1.61666702610453	1.22177811635676	-0.842169693362962
193000	194000	1.42260127604541	1.54922487972055	-1.02983560381986
194000	195000	1.21697582091812	1.71194278489835	-1.22715480925998
195000	196000	1.14603967179817	1.94899876210076	-1.40641899729705
196000	197000	1.31108396947745	1.8773135482739	-1.92451034974475
197000	198000	1.16195160070368	2.24514351761032	-1.89997604859413
198000	199000	0.983781684870797	2.55811771856021	-1.62716612384189
199000	2e+05	0.739157802601349	2.35199696657714	-1.40211441540683
2e+05	201000	0.437139184314198	2.28134071475072	-1.63910741882661
201000	202000	0.774576141197586	1.89335267665408	-1.58457809927382
202000	203000	0.856337501667449	2.05336169052755	-2.26851386174256
203000	204000	1.05475554286315	1.73005060368737	-1.89043697257936
204000	205000	1.15970286957262	1.78071879320439	-2.17537946111234
205000	206000	1.46240722098452	1.47325300566665	-2.30774962745167
206000	207000	1.6935987572066	1.73314085849328	-2.56210617190082
207000	208000	2.34192055570155	1.92612658101231	-3.6609206117094
208000	209000	1.6115738972044	1.25331509224437	-2.84618993777687
209000	210000	1.22166008081016	1.26296349426765	-2.61387655840005
210000	211000	0.989965766414799	1.30445020299218	-2.14174200136169
211000	212000	0.83046394215059	1.45281537855642	-2.08914815933676
212000	213000	0.524344395279489	1.19146766069173	-2.36687159504142
213000	214000	0.328028049403407	0.910465496066553	-2.3403195059047
214000	215000	0.603207690057927	1.03784992709166	-2.62494360152288
215000	216000	0.869372800685252	1.30542104333795	-2.70670133871091
216000	217000	0.746358959961397	1.67440210119465	-2.63828806253871
217000	218000	0.666737439490986	1.78208244205144	-2.36345223706087
218000	219000	0.461875806382115	1.61632181073132	-2.54388328938303
219000	220000	0.397613788763422	1.78018245034721	-2.26399249936994
220000	221000	0.149589201144736	1.35787843811599	-2.45209758692772
221000	222000	0.0200966925960902	2.14826946783041	-2.25619875964999
222000	223000	0.167139628633033	1.52221419094038	-1.99432575229891
223000	224000	0.302533366375135	1.59822312098754	-1.8746418451754
224000	225000	0.356431422048113	1.20529892109573	-1.72076234108867
225000	226000	0.652311578877456	1.12918175681168	-1.76701050319359
226000	227000	0.93886282490553	0.656024003541497	-2.08551958298476
227000	228000	1.57815336058963	0.807612202408843	-2.145608965471
228000	229000	1.60315757708244	1.12637320073484	-2.18927135474999
229000	230000	1.62519009642413	1.32095703445898	-1.77131984620028
230000	231000	1.51539139645605	1.18508448328857	-1.5360572306067
231000	232000	1.54516883856499	0.853241205614907	-1.41317288417442
232000	233000	1.9366542792811	0.83091238696508	-1.23391410850911
233000	234000	2.12148982494143	0.700906366607423	-1.06976717875733
234000	235000	2.61201783729845	1.03685945143215	-1.10912980266615
235000	236000	2.63549198193765	0.631046864360299	-1.0106327393797
236000	237000	2.12137165550932	0.265362451549152	-1.12400711644851
237000	238000	2.48982989343182	0.00347981675226838	-0.674299716670153
238000	239000	2.62562853955819	-0.122841203249481	-0.941933729199367
239000	240000	2.24687941135009	-0.368038390240863	-0.987008822292805
240000	241000	1.82037863101173	-0.311993229981304	-0.690686992647587
241000	242000	1.72503001898716	-0.0307888700185353	-0.887979420274663
242000	243000	1.43461906023565	0.235376857971481	-0.479792718083039
243000	244000	1.35792811044881	0.523648491815457	-0.131817969115638
244000	245000	0.884101306234191	0.661589294319436	-0.307227727419969
245000	246000	0.202115838515639	0.636048862372563	-0.352574235669723
246000	247000	-0.16126728180867	1.10001710264233	-0.665352733289366
247000	248000	-0.129269529607042	1.32037819311987	-0.977307110295275
248000	249000	0.0871065131816631	1.90837202077329	-1.07692702838992
249000	250000	0.0790646037047743	2.17462895625419	-0.810557712623524
250000	251000	0.301148888155994	1.99532382909363	-0.490699444622948
251000	252000	0.532000554187384	1.74557192323171	-0.473013013813314
252000	253000	0.726623289311599	1.36129996281226	-0.725896143607846
253000	254000	0.874714289488838	1.31265272246452	-0.986614660808996
254000	255000	0.756259973324882	0.842901327686916	-1.12825363427004
255000	256000	1.06541660246269	0.735126122533121	-1.05699645220669
256000	257000	0.855491148685324	-0.0567764610664428	-1.30007705253863
257000	258000	0.643210900164161	-0.0459944447482551	-1.58986266036968
258000	259000	0.250946998424785	-0.266223012749726	-1.56065561408182
259000	260000	0.355800300471739	-0.0132698340688688	-1.01873200913958
260000	261000	0.205877869049183	-0.110315049755961	-0.572253619937312
261000	262000	0.883706063742472	-0.229724321431229	-0.251380425636271
262000	263000	0.909839279339	-0.665419367859999	-0.247401465340892
263000	264000	0.502007448709871	-0.76837434263236	-0.618640770913691
264000	265000	0.473102888406127	-1.17733565446251	-0.746612144764686
265000	266000	0.109847871523809	-1.58541192887316	-0.717398720709157
266000	267000	-0.271306577497727	-1.63991786068436	-0.215812917931943
267000	268000	-0.149871871674942	-1.7141484481573	0.336118680845266
268000	269000	-0.312166050862139	-1.23504063748536	0.470850825565586
269000	270000	-0.0927126811694439	-1.04682913514818	0.0915364980134453
270000	271000	-0.314810119288323	-1.09867770220756	-0.192863994125208
271000	272000	-0.723795584308631	-1.08326833748346	-0.185401121519913
272000	273000	-1.19127956861706	-1.37515799155438	-0.317900231973756
273000	274000	-1.40531109031355	-1.62178202325922	-0.414888235115506
274000	275000	-1.24574863493654	-1.94802577564842	-0.161732433502066
275000	276000	-0.866915962437414	-1.95742937258269	0.0350397857208318
276000	277000	-0.903171883272936	-2.09902122902808	0.617393844110995
277000	278000	-1.12599213591724	-2.41856311588232	0.299801757514602
278000	279000	-1.39422514945139	-2.43151469713559	-0.278010990025447
279000	280000	-1.2668687050159	-2.5670151696171	-0.665548575703146
280000	281000	-1.48448886088834	-2.49085794595438	-1.07818485921292
281000	282000	-1.36293329982573	-2.19047225212229	-0.857235420384993
282000	283000	-1.02252359925591	-1.92032568896764	-0.870516062116643
283000	284000	-0.868812060729841	-2.01525804615945	-0.41572591045294
284000	285000	-1.12010515253013	-2.36150225168748	-0.467114606123479
285000	286000	-1.07262467169677	-2.71679531697222	-0.24584647618939
286000	287000	-1.17656334210424	-3.19925125896119	-0.0283733648772793
287000	288000	-1.12967419595877	-2.81389869820345	0.1367806545796
288000	289000	-0.707053200629817	-2.55970820520955	0.395884402316109
289000	290000	-0.896621829179211	-3.10957061349386	0.377986280606755
290000	291000	-0.425860598036479	-3.42282557045615	0.27092879461783
291000	292000	-0.120226863371386	-3.77473415884728	0.0974628845177259
292000	293000	0.438336113485533	-4.97954925489184	-0.109319118732783
293000	294000	0.352904439421712	-3.9838475760651	0.205818379284438
294000	295000	0.375449046342637	-3.28919873066682	0.204823647403869
295000	296000	0.293437951538181	-2.67941635781356	0.392298225805736
296000	297000	0.0949383798592797	-2.43895557460904	0.7433416171027
297000	298000	-0.047931186758625	-2.80422436919388	0.560318536738601
298000	299000	-0.240693980853286	-3.18257394981937	0.820937257110493
299000	3e+05	-0.487500385056877	-2.92753915890523	0.760844440560098
3e+05	301000	-0.570790241809193	-2.48226634037674	0.743011050266604
301000	302000	-0.279718156813347	-2.84009474959267	0.253181005472179
302000	303000	-0.380282790197131	-3.03957422524149	0.359801437269294
303000	304000	-0.0110216096056664	-3.37290418800928	0.433449976773711
304000	305000	0.233711874759504	-3.10456060001305	0.191816857135793
305000	306000	0.0226668513158082	-2.75616279120141	-0.119150647566713
306000	307000	-0.0101518725719411	-3.11103110043853	-0.158819740882044
307000	308000	0.0320865431111886	-2.89930552441074	-0.50145361555514
308000	309000	-0.120409683412781	-3.10952515320801	-0.683648044492923
309000	310000	-0.299997234528521	-2.84071593760248	-0.944120619514176
310000	311000	-0.558448427832833	-2.77276009584179	-0.726526131867106
311000	312000	-0.674392365399107	-2.70081373413694	-0.471644354811677
312000	313000	-0.589851306855259	-3.08333854700502	-0.477508430870783
313000	314000	-0.420875827044159	-3.16354559499444	-0.249480163486317
314000	315000	-0.264709265529239	-2.86477401653055	-0.0199880121824308
315000	316000	-0.547278930076118	-2.73612984118231	-0.0349253808550482
316000	317000	-0.127386648257858	-2.52206874916364	-0.291952826700014
317000	318000	-0.530931904353461	-2.49194187941325	-0.535277708877588
318000	319000	-0.07901313894287	-2.17243768887515	-0.568005743810359
319000	320000	-0.20555921543476	-2.33813900596051	-1.05567089409263
320000	321000	0.0646311854485841	-2.27692326475922	-1.0047398673344
321000	322000	0.114485548494526	-2.74449895502168	-1.22889960933552
322000	323000	0.475213226990437	-2.72903948303748	-1.17485689852133
323000	324000	0.476771171851123	-2.94559675182506	-0.999165698659679
324000	325000	0.898702479448873	-3.45315751865895	-0.813797048269367
325000	326000	0.803410107366351	-4.66351226104659	-1.12116823693686
326000	327000	0.491053056640221	-3.30490852278149	-0.634795513001407
327000	328000	0.36538201693756	-2.54597647475742	-0.657677245108591
328000	329000	0.338644294899092	-2.47829313113397	-0.300249660935024
329000	330000	0.517309917739757	-2.70777991563621	0.0440317646942178
330000	331000	0.758862669924129	-2.82283967035976	0.489339593389813
331000	332000	1.3218727181934	-2.79562872376042	0.564701354808206
332000	333000	1.26534275687218	-2.24591203057528	0.322362884186699
333000	334000	1.15700576905751	-2.63456254021269	-0.0505556281710791
334000	335000	1.02921716157284	-2.52009531307088	-0.205072910504566
335000	336000	0.966175588627176	-3.0997326626063	-0.263451900590597
336000	337000	0.718823103070435	-2.78057020764001	-0.65546450573687
337000	338000	1.1838029739128	-2.86346458774171	-0.561306129567843
338000	339000	1.07730528496496	-2.29563789002875	-0.609892167486523
339000	340000	1.3938983138098	-2.54140688409412	-0.600872865397218
340000	341000	1.48288298382116	-2.21387458236848	-0.530191993902856
341000	342000	1.61547898657705	-1.96632286208473	-0.110499613842071
342000	343000	1.888599830382	-1.45864465355838	-0.232593635086715
343000	344000	2.05437294066942	-1.02688983491964	-0.355961894896066
344000	345000	2.17135837385195	-1.2691272107153	-0.48243175290289
345000	346000	1.90879012403506	-1.6650432847032	-0.800017444145811
346000	347000	1.66822250701856	-1.71960772084323	-1.2324450944222
347000	348000	1.44005522914982	-1.78621921648615	-0.770128655303612
348000	349000	1.44818872865945	-1.53213214166971	-0.230761034308168
349000	350000	1.37953102785568	-1.17661666291301	-0.270208790535183
350000	351000	1.5722735599761	-1.11858783800752	-0.590084452062591
351000	352000	1.25807422255652	-0.754025154308005	-1.14400418110842
352000	353000	1.49833942504322	-1.06141682312685	-1.44119000694162
353000	354000	1.25778324877219	-1.64262693314226	-1.46670082697017
354000	355000	1.0584600012277	-1.33949386340842	-1.60005562223553
355000	356000	0.824821568988429	-1.7751743055982	-1.8432503085115
356000	357000	0.74304537939794	-2.21453983826938	-2.26253987711885
357000	358000	0.660192865186654	-3.18676811046169	-2.86548702317866
358000	359000	0.491538495605051	-2.96498846906131	-1.8021714169399
359000	360000	-0.290729892017217	-3.05047443894038	-1.51541834394247
360000	361000	-0.839399590795331	-3.96211240887953	-2.28099953714487
361000	362000	-0.747557005924499	-3.42451453946376	-2.39205662833242
362000	363000	-0.826689990988988	-3.61740668147325	-2.88483949510671
363000	364000	-0.365929942940844	-2.5957755317233	-2.04671773420045
364000	365000	-0.0280503152522402	-2.25103240789949	-1.47891259590352
365000	366000	0.463139357467737	-2.14218739428797	-1.30738006938322
366000	367000	0.832578597436337	-2.04422213818367	-1.39980028685135
367000	368000	1.13952058982741	-2.75425563432454	-1.63967707297561
368000	369000	1.94650604069008	-3.86783026440055	-1.8260873947129
369000	370000	1.32617919753359	-3.00007477940477	-1.2128765869662
370000	371000	0.959559399641889	-2.43791900468615	-1.10923332620075
371000	372000	0.617743365597449	-2.00912516115681	-0.606690856329818
372000	373000	0.704028203908278	-1.72171772451886	-0.183993759893743
373000	374000	0.823835357681358	-1.98771957872145	0.187265235593478
374000	375000	0.338873835496738	-2.0413995174316	0.364871090620826
375000	376000	0.430534414592338	-1.56952882774686	0.124441190128965
376000	377000	0.549378824968515	-1.25886273498377	0.557454352530774
377000	378000	0.73745893775891	-1.64883804322406	0.672377041433289
378000	379000	0.905154116582294	-2.07468246237676	0.8352387208995
379000	380000	1.17289578359165	-1.9573992414149	1.01038365178079
380000	381000	1.31619633394073	-2.3281382187307	1.24492533634054
381000	382000	1.6422172671938	-2.23233959766095	1.69653348622324
382000	383000	1.29485836900063	-2.04589498992989	1.86861103981059
383000	384000	1.12977916507302	-1.77119741756032	1.94531886821673
384000	385000	0.94789593097804	-1.6678492028989	1.58815624086727
385000	386000	1.3434831920914	-1.14485196979341	1.56310907080775
386000	387000	1.25380701309418	-0.628480111504944	1.39059464766557
387000	388000	1.42127054423382	-0.206247589658264	1.55301798841444
388000	389000	1.65118787903564	-0.424729041999704	0.981132686815155
389000	390000	1.56287605641725	-0.831522161961636	1.02562701242237
390000	391000	1.69646429338973	-0.918446170789248	1.4345722822174
391000	392000	1.79360587091308	-0.856328530791717	2.10614732152569
392000	393000	1.36975964449086	-0.927684533621518	2.29733190323488
393000	394000	1.45243082496782	-1.06312984526432	1.87828930561387
394000	395000	1.42955628390618	-1.4195677289625	1.82034449225124
395000	396000	1.36593282139725	-1.5304620938249	2.28422437941059
396000	397000	1.44760941592554	-1.56111415674315	2.81467025467206
397000	398000	2.03950699941535	-1.76462160146299	3.90630806566485
398000	399000	1.10202628808464	-1.36505460320494	2.97140878467214
399000	4e+05	0.7797769702935	-1.01377979381466	2.97218360346088
4e+05	401000	0.630280645483287	-0.522288113673727	2.79263269535212
401000	402000	0.671258846908748	-0.504303393474122	2.45790932927819
402000	403000	0.869813943255278	-0.492351759788832	1.82328011851624
403000	404000	0.829804662726399	-0.953521317931818	2.0207810770793
404000	405000	0.490626817174753	-1.14985021450309	1.7293993753508
405000	406000	0.16538924321354	-0.880671984288771	1.59585098198596
406000	407000	0.244651359508099	-0.419561795933096	1.46049647810489
407000	408000	0.500289910745917	-0.630604458042877	1.24544517218611
408000	409000	0.694699536829067	-0.942457078003264	1.01590210833635
409000	410000	0.598623551064812	-1.52055028485176	1.37335208828737
410000	411000	0.672957620431123	-1.9427052222637	1.44975626146054
411000	412000	0.62793287153022	-2.46166909378132	1.60217772782727
412000	413000	0.542386058381046	-2.76581756796723	1.45114217988143
413000	414000	0.173130211397348	-2.95374756417194	1.16416435610715
414000	415000	-0.0681293669049826	-2.97065512712057	1.42021958378516
415000	416000	-0.478847324023736	-2.89743322981961	1.33165042552881
416000	417000	-0.792518068248596	-2.56898057470354	1.35637189682092
417000	418000	-0.558514384873281	-2.37795843188135	1.62229832408438
418000	419000	-0.420297730986764	-2.44628260601398	1.86806221141348
419000	420000	-0.329035451312995	-2.77838642745726	1.895477083057
420000	421000	-0.273222515415427	-2.63087809757535	1.49079821747411
421000	422000	-0.301964132049178	-2.30884980080991	1.17000419297527
422000	423000	0.0321018013136706	-2.10205206761907	1.32946834158287
423000	424000	0.145112696808229	-2.38850631370456	1.78306187083755
424000	425000	0.0696731500608674	-2.36975847522565	2.13391949309966
425000	426000	0.129741174449966	-2.03830367414494	2.54481545640706
426000	427000	0.0747229915178151	-1.78502192367912	2.32594910780112
427000	428000	-0.126664318096165	-1.98899547345478	2.2096303820586
428000	429000	-0.179466659659403	-2.02472157681936	1.89243761636136
429000	430000	-0.268357453784741	-1.60609817773413	1.81183067936359
430000	431000	-0.452138997088363	-1.05508809463575	1.68281489554771
431000	432000	-0.205952199556937	-1.32983541841907	1.29431912543787
432000	433000	-0.472256979465082	-1.31957407271552	1.09855540583553
433000	434000	-0.944773269285106	-1.67512192665616	1.04570944011404
434000	435000	-1.34450495724103	-1.30650011985287	1.05521536532692
435000	436000	-1.3189350747009	-1.86405271891837	1.34971210448509
436000	437000	-1.01834378766195	-1.88724784575261	1.66590215436918
437000	438000	-0.691186251451012	-1.82723909619599	1.97235238386766
438000	439000	-0.457077166869593	-2.16632609551472	2.22756038735912
439000	440000	-0.363829022825865	-2.21884883883903	2.48926216990576
440000	441000	-0.321428869526311	-1.7664526547907	2.32176208111839
441000	442000	-0.173417905727564	-1.64471547270751	2.21986179923043
442000	443000	-0.2712244509032	-1.30837734241451	2.16057373121771
443000	444000	-0.131048274080008	-1.17210639711627	2.40662017097669
444000	445000	0.203383799711222	-1.01968619837703	2.64425633327997
445000	446000	0.441344594477981	-0.946221708180266	3.34892466692145
446000	447000	0.365208252052444	-0.818737533344582	4.70226061646376
447000	448000	0.19088711998218	-0.61625875926499	3.26049900590808
448000	449000	-0.00870250074257522	-0.723589052568139	2.73316568609844
449000	450000	-0.255138921807958	-0.528205173439179	2.62520844188789
450000	451000	-0.383167675750562	-0.87101568041339	2.32954206934314
451000	452000	-0.791988833029123	-0.745860273882742	2.35676499739658
452000	453000	-0.723702126954507	-0.723786527939955	1.97020387527241
453000	454000	-0.96622334801497	-0.328853080569277	1.98994603598804
454000	455000	-0.573291617034885	0.00121207981141511	1.60696053648388
455000	456000	-0.521026877398272	-0.016686104621236	1.90376985116629
456000	457000	-0.480799004697242	0.194690645476712	2.32366452100715
457000	458000	-0.00207460468850855	-0.0921485047335379	2.6143670736476
458000	459000	0.257800068651719	0.382118504102772	2.30071488388456
459000	460000	0.00352986822120128	0.563734528004382	1.92693154374777
460000	461000	-0.293857454366212	0.867314656321369	2.08585485715745
461000	462000	-0.0900262893184688	1.19682689439955	2.47503218948239
462000	463000	0.264999857008523	0.898568883167045	2.48819607058762
463000	464000	0.681677676226866	0.582760193860253	2.60409590406341
464000	465000	0.619732502318156	0.198749476623676	2.17599054527763
465000	466000	0.856784916162503	0.22813498783814	1.94751858246318
466000	467000	0.908001742883511	0.740593820459551	1.59107224036229
467000	468000	1.23937972829982	0.589529430581619	1.89910350510043
468000	469000	1.39058606619658	0.380002274076225	2.30562405627521
469000	470000	1.36595637119297	-0.0551823707112218	2.14857782173835
470000	471000	1.23650671065617	-0.548531126847346	2.421116281122
471000	472000	1.13568015788567	-0.765480870758654	2.77904892450339
472000	473000	1.20593733471702	-1.09747955698234	2.71099362932623
473000	474000	0.878592906219999	-0.944816181323476	2.61098741981956
474000	475000	1.03980254278442	-1.09064393666297	2.4871599654243
475000	476000	0.704548601506541	-1.11672977134327	2.53970872807514
476000	477000	0.772323871993982	-1.39015865975236	2.49366019452065
477000	478000	0.714390615226992	-1.73647938150167	2.74622640510467
478000	479000	0.552887680384307	-1.76427443378608	2.58422590481267
479000	480000	0.579642663651199	-2.06911638721739	2.3435875097522
480000	481000	0.48247757698057	-1.85249598033771	2.19836213877245
481000	482000	0.724239202000458	-1.60737831792417	2.06946464081015
482000	483000	0.429691070319271	-1.516274841529	1.86624574960584
483000	484000	0.475177774005985	-1.49464455219972	2.28558564841913
484000	485000	0.257925139106226	-1.54727111239849	2.50581412301009
485000	486000	0.135427991676249	-1.73928076266957	2.82040803757239
486000	487000	-0.14555007650673	-1.53224368114876	3.04298113244533
487000	488000	-0.518872673663101	-1.48069666114452	2.77331873874275
488000	489000	-0.190995420323861	-1.47326680871738	2.71245704456533
489000	490000	-0.271085853504007	-1.76694706692892	2.59279712761714
490000	491000	-0.190560887755188	-1.90611474423392	2.70909979319544
491000	492000	-0.550383464465307	-1.86978831548646	2.54307634468636
492000	493000	-0.501677210046536	-1.66297321199591	2.52569600617199
493000	494000	-0.728245225783093	-1.91444295801713	2.54131359841661
494000	495000	-0.763989102731866	-1.94700368330062	2.85287888667271
495000	496000	-1.35570627076331	-2.25639499954502	4.00778744449619
496000	497000	-1.13089448239345	-1.71078585347585	2.9169539336082
497000	498000	-0.874815937214672	-1.26827331901696	2.42740644259246
498000	499000	-1.00273647588428	-1.19235865979014	2.16004766659839
499000	5e+05	-0.762756181265675	-1.41256600891748	1.90799920634592
5e+05	501000	-1.21686389188288	-1.87974110586047	2.03179081431807
501000	502000	-1.23175059649147	-1.51521380757753	2.05179610930486
502000	503000	-1.65730679864253	-1.29686837201194	1.73224989242552
503000	504000	-1.69816360617365	-0.717550376505105	1.40417950497812
504000	505000	-1.78179236538598	-0.792870227128471	0.99064823993628
505000	506000	-2.13583704294406	-0.499011650638928	0.873738519860584
506000	507000	-1.94041622214016	-0.327704501401838	1.05316418096041
507000	508000	-1.69561749097697	-0.461929768459238	1.45620243349265
508000	509000	-1.53564986338244	-0.0936165534684257	1.58370815357992
509000	510000	-1.53239085973942	0.384979447805586	1.5451412998176
510000	511000	-1.50116851842435	0.730481458531542	1.45401182859347
511000	512000	-1.72241481454875	1.27812202439607	1.2448905411356
512000	513000	-1.52078276987686	1.02288181495019	1.09906882797037
513000	514000	-1.70443007295768	1.68398906523819	0.917275134040656
514000	515000	-1.40302664462958	1.64318117298216	0.720561079749159
515000	516000	-1.87873181955344	1.99608418297564	0.892060228482026
516000	517000	-1.16508286928484	1.94392882000585	0.906319831505687
517000	518000	-1.19022967497292	2.2229266435471	1.04106767819218
518000	519000	-0.741621437468371	2.16154536786836	1.28340703742057
519000	520000	-0.551864282417508	2.36461738887184	1.2906683524643
520000	521000	-0.82622687575278	2.79097181814556	1.42563824444953
521000	522000	-1.11255569790113	2.2875650666672	1.30760870572433
522000	523000	-1.77412820567088	2.71244951830822	1.64178853533372
523000	524000	-2.44966220267694	2.97555075227261	2.33020655144133
524000	525000	-1.49729492989472	2.2453612008771	1.86111303393609
525000	526000	-1.03447587711755	1.67864892084459	1.37217866670369
526000	527000	-1.57793834814849	1.53802701982163	1.46931178433039
527000	528000	-2.15545136210477	1.91687456167317	1.58844542741524
528000	529000	-3.02038243309407	1.93155191164721	2.40991118568731
529000	530000	-2.01712425469542	1.44349561758419	1.854333137776
530000	531000	-0.923167188569267	1.14572253457518	1.25673829095544
531000	532000	-0.740085311986395	0.826530444399828	1.55566006871514
532000	533000	-1.00639724337031	0.854530835655884	2.56861695528166
533000	534000	-2.00786593198806	0.650861500519818	3.56377230425975
534000	535000	-1.63244104796874	0.908349058762199	2.63300478750935
535000	536000	-1.24251828676489	0.677034159933617	2.13445291030286
536000	537000	-0.92427333302433	1.50144607321427	2.48703846333887
537000	538000	-0.951846858493891	2.02372752023369	3.59791021695435
538000	539000	-0.570882055915366	1.868663119543	2.77214171114021
539000	540000	-0.245982541545703	2.00480463544853	1.92527900188622
540000	541000	0.182880051075513	1.67349636783436	1.84970736889731
541000	542000	0.22533018363436	1.33565407795323	1.61735645963052
542000	543000	0.0607951879570281	1.11470200003756	1.38616064196052
543000	544000	-0.163512099696523	1.33706116279772	1.16220367405623
544000	545000	-0.559688238499003	1.32253272228732	0.918078055594136
545000	546000	-0.536943572231486	1.70982833517907	0.730506441902854
546000	547000	-0.193769619700505	1.61220038699087	0.438281061138075
547000	548000	0.149286026715382	1.79743011818769	0.287073954695958
548000	549000	0.548387492934093	1.92455249856294	0.523987249637578
549000	550000	1.72224891628854	2.61764533646283	0.965139967466955
550000	551000	2.54313918105951	3.31778400271874	1.84487499299392
551000	552000	1.64483550927399	2.76715613319406	1.30183166231472
552000	553000	1.03400334061943	2.18533168001486	1.07094163389155
553000	554000	0.621931791101469	2.04342271523429	1.11458547277758
554000	555000	0.224236040745175	2.125036032751	1.34863824597158
555000	556000	-0.0165573533062789	2.23537219103141	1.59689067442787
556000	557000	0.289707006519614	2.45575841521257	1.37752250294073
557000	558000	0.517400682235723	2.39445867027415	1.05661803961014
558000	559000	0.56906093114072	2.96271577591784	1.34115659072618
559000	560000	0.400078564222604	3.45483825527871	1.27770249200171
560000	561000	0.619049975810051	4.77660851108839	1.19510649957468
561000	562000	0.405406391397667	3.53873788171748	0.718173841926847
562000	563000	0.522950027988173	3.05721291186921	0.370068707568017
563000	564000	0.21616754410423	3.19326083384661	0.142152712333758
564000	565000	-0.192355883619975	3.1650916763858	0.174262107957072
565000	566000	-0.383941240145496	2.9701198660147	0.264329930458744
566000	567000	-0.25337545414339	2.62912814806157	0.300682271217293
567000	568000	-0.346798377408454	2.53853871754119	0.659699076252846
568000	569000	-0.279444226521593	2.40710914550195	0.976249449661387
569000	570000	-0.105468875751834	2.5631780323428	1.35380762208059
570000	571000	-0.26419604323279	2.84364036399926	1.35638988863686
571000	572000	-0.672047178783827	3.13276128245889	1.19258342098404
572000	573000	-0.915974427349172	3.04232525553819	0.810211793858325
573000	574000	-0.788957284187721	2.79306445984546	0.430232857159662
574000	575000	-1.33329034959525	3.13128889551432	0.419215004790479
575000	576000	-2.15277704791324	4.4666269059637	0.312121530251085
576000	577000	-1.52711046122394	3.31513207718203	0.11441517079628
577000	578000	-1.22519458724116	2.87947798253012	-0.137256338369593
578000	579000	-0.695649279883954	2.6459434312901	-0.0391863091073959
579000	580000	-0.700082757130941	2.2003185355416	-0.0980545578287259
580000	581000	-1.18000074383848	2.17737525171093	-0.144612551077449
581000	582000	-1.41105509136088	2.46456406067181	-0.337480836776244
582000	583000	-1.26556579375535	2.29200924125238	-1.15265887441445
583000	584000	-0.596353003791374	2.18008970327097	-0.877735499164967
584000	585000	-0.403327654258551	2.46843798751996	-0.33760797673327
585000	586000	-0.0551757595817548	2.63203555671579	-0.890112045865433
586000	587000	0.145090846661972	2.78967022478612	-0.463704950058046
587000	588000	0.0126777138030237	2.64580757418704	-0.0447991956440471
588000	589000	0.413135878306922	3.1622130784499	-0.29825753315683
589000	590000	0.953527250733421	2.92436158990198	-0.691565797976326
590000	591000	0.591555935396273	2.56965246382872	-0.364299453206036
591000	592000	0.791333510290474	2.45239766930954	0.20137777131881
592000	593000	0.918408447697695	1.95793081630557	0.746998765407571
593000	594000	0.829925348886873	1.62012387652879	1.07192449274532
594000	595000	0.837911767176894	1.44616094056809	1.42712326451313
595000	596000	0.708257208171772	1.27943716362533	1.80766630027419
596000	597000	0.969721954357493	1.77505382184851	2.0234181047459
597000	598000	0.833198474570593	2.22376342046778	1.70946747016642
598000	599000	1.08336850431317	2.7811037251516	1.78398228867581
599000	6e+05	1.89130050250173	3.80534280940053	2.14259181479906
6e+05	601000	1.02659961503082	3.25282810259596	1.21180755113678
601000	602000	0.830708966139525	2.88805442008532	0.937936133438103
602000	603000	0.47692785330684	2.83778840730754	0.982455493900131
603000	604000	0.309602886121566	3.0343605810547	1.02053984785759
604000	605000	0.565909646809881	3.08337741855154	0.897313910804504
605000	606000	0.595185879803007	3.31241700215844	0.573136883482304
606000	607000	0.455392438307799	2.88781760974543	0.653204381875531
607000	608000	0.225809694612924	2.5759509209402	0.388461093491527
608000	609000	0.026619552459504	2.7696818586037	0.545783810928816
609000	610000	0.0850135512848524	2.97069760193443	0.533826250904596
610000	611000	0.271193603458301	3.09932706511984	0.650114672485275
611000	612000	0.12988392452635	3.23254323892679	0.525646913965885
612000	613000	-0.111042332779364	3.41769053480314	0.748023045154455
613000	614000	0.162734883095969	2.80235583583787	0.777818654288343
614000	615000	0.0541502196128951	2.72680313971828	1.04324103088211
615000	616000	0.0426407123141799	3.19651432184701	1.46262716800334
616000	617000	-0.144085203031231	2.97480718829871	1.07492134544252
617000	618000	-0.125059738501048	2.90934950965403	0.815725947547964
618000	619000	-0.40471193230384	2.84889754266675	0.772521656743592
619000	620000	-0.495702781359148	2.91986207648141	0.579475973753059
620000	621000	-0.644544666770041	2.64375833368795	0.682451213367027
621000	622000	-0.528192544249984	2.35631031654641	0.559743094567726
622000	623000	-0.858107268799699	2.38112850165405	0.730329997312565
623000	624000	-1.348851505705	2.64888898362407	0.764689578229158
624000	625000	-0.948785535554332	2.73178418625587	1.06257989506352
625000	626000	-1.4731070951592	2.77081078039626	1.12958849866037
