0	1000	-2.0392489441172	0.737398721544937	-0.36432068262355
1000	2000	-2.38028368327073	0.580514331637639	-0.305195224880063
2000	3000	-2.87231100121043	0.633935720866434	0.0201474848371783
3000	4000	-2.46595238578719	0.470366405923549	0.120769955891118
4000	5000	-2.45808441588875	0.203043640902825	-0.0666321199347501
5000	6000	-2.82837777505607	0.069484827482928	0.225675081095093
6000	7000	-2.43777783413285	-0.0347303492961504	0.240651421956114
7000	8000	-2.34982128426254	-0.328596666817341	0.442541109476015
8000	9000	-2.09200085641741	-0.197921928737789	0.261412529121241
9000	10000	-2.20822945343297	0.113891413867433	0.392365714126737
10000	11000	-2.22062478708392	-0.060524857185149	0.682617475768879
11000	12000	-2.59515810015318	0.13991426499634	0.737948637690416
12000	13000	-2.18946162019463	0.39046970106142	0.640107475117304
13000	14000	-1.76941388572886	0.204363798195775	0.407912088366674
14000	15000	-1.85812866336914	0.152931283462591	0.785412379666826
15000	16000	-1.89176769703693	0.402642739239454	1.09105430550318
16000	17000	-1.84099855809677	-0.0756338053345399	1.15687379972691
17000	18000	-1.41530010979261	0.0500354305602191	1.2019648745234
18000	19000	-1.49323829696919	-0.403622861449964	1.39859415303698
19000	20000	-1.05247128616836	-0.352366407151448	1.34400410197466
20000	21000	-1.30705494574881	-0.694404407273489	1.02643239240165
21000	22000	-0.832979472595402	-0.711782080545538	1.1622910824822
22000	23000	-0.523482922474469	-0.910764861674777	1.46770551477737
23000	24000	-0.656797329963692	-1.05755629909855	1.86383136984267
24000	25000	-1.11964431361511	-0.928965138097545	1.63989182484773
25000	26000	-0.939993069282677	-0.526206789020569	1.82748791951762
26000	27000	-0.537939595244017	-0.431739023299085	1.52770615989333
27000	28000	-0.474881576709615	-0.265121896857961	1.95866468732282
28000	29000	-1.19567392541084	0.218721086133168	3.7398473263271
29000	30000	-0.551470856675693	0.331320036915284	1.6224059725459
30000	31000	-0.486711752339549	0.18778727321892	1.10629402188772
31000	32000	-0.606244046342098	-0.274536642027168	0.887596779077843
32000	33000	-0.819908425847565	-0.503022831061564	0.480883382083273
33000	34000	-0.927237551814035	-0.862126275042227	0.715920359587055
34000	35000	-0.441184392893111	-1.10378320326967	0.934036446833443
35000	36000	0.0502116154661702	-1.38796374745033	1.01414114061956
36000	37000	0.0417816702481003	-1.09252194728083	0.563888611911591
37000	38000	-0.325529416798177	-0.77328258121649	0.550315789817826
38000	39000	0.0173011683901213	-0.365107577584584	0.507382511820134
39000	40000	-0.226540606189842	-0.128158993290214	0.122690829415366
40000	41000	-0.279378254692922	0.316038323822056	0.444241397621516
41000	42000	-0.612109222685989	0.346442266786806	-0.165015512234911
42000	43000	-0.862947856529577	0.0538613183941823	0.508290249593555
43000	44000	-1.1267600543238	-0.168610686496246	0.853149461350637
44000	45000	-1.26988202008857	0.316896705053171	0.72860505294092
45000	46000	-1.53244011524026	-0.169687333132707	0.65060260938422
46000	47000	-3.62225532279615	-0.48047589116705	2.10032793984508
47000	48000	-1.95032141514302	-0.422860719949222	0.772334839890556
48000	49000	-1.95364490386277	-0.967928710580275	1.13099214425589
49000	50000	-1.56512791631755	-1.25864544919825	1.00586501006072
50000	51000	-1.35309402720333	-1.6038625931726	0.944224764224489
51000	52000	-1.52153886218831	-1.74305240902319	1.26523154467822
52000	53000	-1.21836277832434	-1.86080180136296	1.16434507685348
53000	54000	-1.30293073132367	-2.35059926088019	0.767322504558189
54000	55000	-1.14521679701753	-2.03149101143213	0.875690714066268
55000	56000	-1.06488467301668	-2.30314088543624	1.1290007740388
56000	57000	-0.854695549187477	-2.41301081608952	1.44462067517623
57000	58000	-0.630014005409776	-2.12527949418229	1.51905538661491
58000	59000	-0.322023425101995	-2.31438268734212	1.47003222078199
59000	60000	-0.184414182835046	-2.05454086022514	1.76105981782322
60000	61000	0.193787739124599	-1.94094180593744	1.81366022031342
61000	62000	0.361039090940637	-1.64293092005604	1.9590713924136
62000	63000	-0.051757462052	-1.54261575335717	1.91457932256161
63000	64000	-0.153691986970423	-1.7082183714756	1.50242197031977
64000	65000	-0.600679687598207	-1.67258010991283	1.72762662407985
65000	66000	-0.435577589553903	-1.4258486075331	1.3684116299834
66000	67000	-0.887547303837633	-1.37653882958963	1.35727143415184
67000	68000	-0.987933788633762	-1.30573470536598	0.928393592312927
68000	69000	-0.801372766576645	-1.36993142462889	0.488836221018595
69000	70000	-0.786851061089728	-1.73123528761668	0.76551919276362
70000	71000	-0.351422692087182	-1.76548386080501	0.709689410889378
71000	72000	-0.108513737660099	-2.09975421876476	0.967847033829301
72000	73000	-0.420426632092118	-1.85237611999777	1.14054979568359
73000	74000	-0.60913244153704	-2.20623165697658	0.952448923910118
74000	75000	-0.809946752509716	-1.8560847946774	1.24112673937213
75000	76000	-1.04474772141092	-2.05137014647034	1.4171296346516
76000	77000	-1.43893541624277	-2.1100389787064	1.41030355186658
77000	78000	-1.50512040840556	-2.31897109663578	1.12611480982883
78000	79000	-1.53065218444467	-2.00544564923962	0.953723860410573
79000	80000	-1.96945584286165	-2.11900248929921	0.950030675390946
80000	81000	-1.79886315358283	-1.71049784665583	0.928774527891615
81000	82000	-1.71853355692173	-2.00493872226504	0.539463479702195
82000	83000	-1.69074941918178	-1.59850837267059	0.552221526758975
83000	84000	-2.05080894325922	-1.711501518102	0.500325557481314
84000	85000	-1.98708035111933	-1.27892977479765	0.530355301372245
85000	86000	-1.9724419432443	-1.3992634920355	0.113128505011047
86000	87000	-2.1567764313103	-0.965647451700191	0.163364981366926
87000	88000	-1.65249125340385	-1.05660964767242	0.0530382773591494
88000	89000	-1.47897076581097	-1.32633850875642	-0.319228359645373
89000	90000	-1.17769676364087	-1.6332397967189	-0.527160913957649
90000	91000	-0.983917543346246	-1.83256894302232	-0.891144706043253
91000	92000	-2.34108545541138	-3.5577478546233	-1.5113382023105
92000	93000	-0.612363149603494	-2.12875879223222	-0.626445459028907
93000	94000	-0.98259189565646	-2.27714832341934	-0.308133046042727
94000	95000	-0.65987495618521	-1.7620765707844	-0.347682317917611
95000	96000	-0.449218072076559	-2.208469044455	-0.130453870888871
96000	97000	-0.185503325868492	-1.84859388965584	-0.231903533265319
97000	98000	0.00386628107510403	-2.34724324338649	-0.297200200716868
98000	99000	0.130891759570929	-2.08155677947418	-0.641362349489997
99000	1e+05	-0.170419436954011	-2.34277176358389	-0.859177193698151
1e+05	101000	-0.338189024073756	-1.99095744095038	-1.08877279618963
101000	102000	-0.520704345868649	-1.58536786728484	-1.1874527058542
102000	103000	-0.223177361798123	-1.39600351645633	-0.814013219224896
103000	104000	-0.740419061734209	-1.3210059506242	-0.736028346825531
104000	105000	-0.624278802425834	-1.01235854139544	-0.371215632581236
105000	106000	-1.25931404033324	-0.884289061502965	-0.525733371521079
106000	107000	-0.982894486482932	-0.772515206543733	-0.0945851707206023
107000	108000	-1.26823625912639	-0.410299066837742	0.0629285193311949
108000	109000	-1.39277830899334	-0.798360030488316	0.396942595814611
109000	110000	-1.18270644940753	-1.22285827379012	0.167022166543202
110000	111000	-1.09214335445374	-1.65984996864669	0.0252938705425691
111000	112000	-1.52865500537349	-1.64219332513499	0.113895581466403
112000	113000	-1.29584657693983	-1.71033792106232	0.494958422950714
113000	114000	-1.34911698002496	-2.07478653371615	0.26345212550191
114000	115000	-1.55647789984332	-2.14253255599419	-0.240432658009622
115000	116000	-1.27088177269981	-2.40026109759954	-0.74258768353207
116000	117000	-0.821330978848104	-2.26787824643208	-1.00647187300673
117000	118000	-0.691486455977258	-2.52858377823362	-1.28148767296743
118000	119000	-0.560720066333812	-2.77212230961763	-0.906932773393949
119000	120000	-0.786447311386014	-4.54887530407832	-0.637009911082959
120000	121000	-0.526588000086136	-2.58783314231756	-0.423035328607166
121000	122000	-0.66174581642725	-2.47399734122	0.26406224351166
122000	123000	-0.83770235127608	-2.08987429603973	0.439021705556862
123000	124000	-0.544900244048736	-1.81179153860268	0.210316083920865
124000	125000	0.0170763770978912	-4.266339437303	0.564158046752984
125000	126000	0.11618920276232	-2.08204437844886	0.22431389808286
126000	127000	0.302433547732583	-1.71230778895243	0.49799899591356
127000	128000	0.666433136300639	-1.91351966234753	0.754796548808426
128000	129000	1.41325270067471	-3.97657347187583	0.771044913632132
129000	130000	1.03469743028527	-2.03580560165006	0.267417633454221
130000	131000	0.853104710024632	-1.83442871475262	-0.104358467540533
131000	132000	1.17818933085574	-2.20670443075707	-0.330114835264307
132000	133000	0.741800065464009	-1.97729251395971	-0.614427872221697
133000	134000	0.699902807807047	-2.47048820130256	-0.837688014104874
134000	135000	0.188635723685906	-2.17268022440445	-1.16158793666187
135000	136000	-0.00046672911784866	-2.56365684167134	-1.25259761244143
136000	137000	0.265250023402025	-4.40319983689191	-2.07286152208322
137000	138000	0.43024060103491	-2.38025253497517	-1.48395533358837
138000	139000	1.69082158255642	-3.89443251018668	-1.75844757407289
139000	140000	0.683267994458661	-2.04687291247384	-1.2079095284615
140000	141000	0.643924940424791	-1.64709323876935	-1.0243100381803
141000	142000	0.965190832992076	-1.47137474977546	-0.722793330245791
142000	143000	1.12025571450237	-1.2598089252227	-1.18038017686285
143000	144000	1.15232664376153	-1.62890459333293	-1.49636463619768
144000	145000	1.14105400962245	-2.05608892370638	-1.52902760978312
145000	146000	1.17727512795235	-1.85466104537351	-1.05078342807466
146000	147000	1.44380353302392	-1.51257263074905	-0.963491837634127
147000	148000	1.70891131821081	-1.40812994692041	-1.44127635911981
148000	149000	1.33129047391404	-1.10877580943278	-1.67895916938763
149000	150000	1.19709502201775	-1.36942273719975	-1.95741086705633
150000	151000	1.04610894537989	-1.17474183194053	-2.30243199850389
151000	152000	0.711702922516328	-0.87213595328741	-2.20040040716948
152000	153000	0.813623345400514	-0.722591595910415	-2.58367469411778
153000	154000	0.443297673509423	-0.949378818594168	-2.67806360088827
154000	155000	0.19235147532384	-0.614921039226887	-2.85344222806639
155000	156000	-0.164426476997845	-0.630402197240832	-2.6076431301182
156000	157000	-0.615765401781861	-0.672821729661524	-2.61066830179789
157000	158000	-0.624945739235075	-0.492434367720852	-2.14705124877301
158000	159000	-0.343065645330245	-0.236557509314628	-2.32870430389328
159000	160000	-0.425714214214117	0.188978936071508	-2.31052008138289
160000	161000	-0.612482452912357	0.543474496995969	-2.56823935062784
161000	162000	-0.319615092239231	0.796405033018675	-2.86416206118861
162000	163000	-0.289988407864973	0.277662410823472	-3.03642245724097
163000	164000	-0.116339586024882	0.418468065761858	-2.62249142598719
164000	165000	-0.172022750349042	0.676538715468338	-2.2718001466901
165000	166000	0.305621620006837	0.675713151163942	-2.23689571447683
166000	167000	0.562110361943329	0.824724574683159	-1.82013232875498
167000	168000	0.647935203424462	0.984399194593341	-1.31517159247431
168000	169000	0.183480677061687	1.17090361044578	-1.56035072083312
169000	170000	0.0236945259826726	1.13075903794733	-1.11285079354826
170000	171000	0.247540950604222	1.00214509974557	-0.683343506818572
171000	172000	0.0240413458043981	0.517335933412236	-0.618927709069012
172000	173000	-0.259408307766958	0.400603271106668	-1.08462601732
173000	174000	-0.2262584135102	0.27510676633047	-1.58697906337299
174000	175000	0.179539170498281	0.513473316372827	-1.70312611150451
175000	176000	0.332506020347079	0.0510778402333699	-1.66982370180336
176000	177000	0.0805134810022696	-0.206776916362147	-1.990891720611
177000	178000	0.121299865913656	0.169064990450199	-2.24155968102517
178000	179000	0.376173550817445	0.229731721644573	-2.74160352843804
179000	180000	-0.0720988398577363	-0.0326089509134714	-2.67497573359633
180000	181000	0.214186661606493	-0.269534127252951	-2.49135039592846
181000	182000	0.595054166552823	-0.366322383354959	-2.53814222875079
182000	183000	0.61626288704549	-0.0826757276387875	-2.25024565803746
183000	184000	1.05007590210738	-0.244377061616754	-2.25028871374842
184000	185000	0.942331916116821	0.00974353032012771	-1.91311282927582
185000	186000	1.31126212181107	0.156888305141849	-2.13191291494024
186000	187000	1.1523592072714	0.473662954761212	-1.81497367245774
187000	188000	1.49042097049	0.150694215777831	-1.66484215790223
188000	189000	1.82567952477977	0.390133287816182	-1.43928980083048
189000	190000	1.45149936595853	0.204174306162719	-1.07555377959902
190000	191000	1.04313587723147	0.0546868928106565	-1.37318629451123
191000	192000	0.750324675115115	-0.331423909771596	-1.55999438543763
192000	193000	0.605577259981629	-0.504613414466468	-1.91995361281993
193000	194000	0.255938339050152	-0.698803938576096	-2.22353339879534
194000	195000	-0.192734837726802	-0.790215203253786	-2.20887914881444
195000	196000	-0.192820116998204	-1.08912548497829	-2.67365252402003
196000	197000	0.0726684245693875	-1.20356580603392	-2.36512531943646
197000	198000	-0.136461095581673	-1.22907690239585	-1.99792692869392
198000	199000	-0.418102338001703	-0.951305213556123	-1.81205781707428
199000	2e+05	-0.800575902023857	-1.00326022025027	-2.14184467804605
2e+05	201000	-0.744837314151863	-1.41233532426333	-1.95952485069828
201000	202000	-0.526056458658305	-1.36200577760422	-2.36000611696653
202000	203000	-0.371636236824049	-1.72474618123171	-2.28833331919888
203000	204000	-0.0662103365780971	-1.62987681336211	-2.56370523954223
204000	205000	0.10599131890697	-1.68711719591071	-2.19733520983729
205000	206000	0.392125393876165	-1.82340148161481	-2.48976137111856
206000	207000	0.674946647039839	-1.7300102616472	-2.20271540971031
207000	208000	1.66525693690179	-2.91007381271479	-3.52707952616347
208000	209000	0.721777219112758	-2.12464991715655	-1.98656465348064
209000	210000	0.415963697799935	-1.99784446640057	-1.73128041009332
210000	211000	0.194354427136409	-2.05947836644784	-2.09942486317977
211000	212000	-0.126800260622457	-2.11584489189306	-2.40203529718486
212000	213000	-0.0298624540550716	-2.10006802253652	-1.76370413865535
213000	214000	-0.251934193263427	-2.30241364975282	-1.51766465113131
214000	215000	0.0435078147565549	-2.54892911147755	-1.68749770166296
215000	216000	0.107660225687548	-2.48950826559031	-2.07886216851057
216000	217000	-0.200083513508563	-2.28066170571135	-2.07078051936438
217000	218000	-0.429362344279751	-2.52915393520023	-1.91821527394883
218000	219000	-0.590858849072803	-2.19700042953926	-2.14981461437489
219000	220000	-0.441085211205132	-2.05669277083253	-1.84722975927033
220000	221000	-0.699694220575427	-2.25353708458522	-1.66935006825693
221000	222000	-1.05161480754038	-2.10513541686519	-1.95495923118388
222000	223000	-0.717924355206069	-1.81869963557712	-1.61334987809871
223000	224000	-0.333397544120568	-1.67707283424605	-1.81860591649562
224000	225000	-0.0921932283414675	-1.84451200770647	-1.43845039556542
225000	226000	-0.110265703601564	-1.43610758796108	-1.51743188942346
226000	227000	0.340802387866946	-1.58568595330756	-1.36285223802771
227000	228000	0.29511667797278	-1.45879598907947	-1.80347411163795
228000	229000	0.736002452033332	-1.59201612157225	-1.73275495745025
229000	230000	0.588824584236921	-1.29052939706186	-2.13408419881236
230000	231000	0.423354979046237	-0.982517372418866	-1.81039644084495
231000	232000	0.821473601070601	-1.0200931687361	-1.59117283170312
232000	233000	1.13033987704522	-0.832502722702934	-1.97452326788221
233000	234000	1.20259322532894	-0.508300239556741	-1.72864272396354
234000	235000	1.65319393135428	-0.513320675108975	-2.15672028782883
235000	236000	1.56907136852964	-0.254218535572286	-1.81181401527806
236000	237000	1.52070013544698	-0.258917577997817	-1.40397493716441
237000	238000	1.75478078923258	-0.578603039747969	-1.5042387933006
238000	239000	2.02266019189702	-0.199566594115167	-1.33224458121992
239000	240000	1.63555570622138	-0.613418203376986	-1.03002932871751
240000	241000	1.2690148048848	-0.253357978831032	-0.823991583527924
241000	242000	1.0770251436418	-0.58674937662415	-1.13422654284042
242000	243000	0.661884827639165	-0.193408994266906	-1.06261169581193
243000	244000	0.474490329902416	0.257856809037069	-1.01094640738209
244000	245000	0.0261445215860442	-0.110953619070307	-1.05396936434498
245000	246000	-0.43067814881369	-0.207210343416896	-0.73055609481343
246000	247000	-0.759206271920231	-0.600601428371628	-0.957813165578719
247000	248000	-1.12476350285397	-0.989359812527217	-1.1654728005393
248000	249000	-0.715292117107721	-1.01951926316893	-1.39804374712366
249000	250000	-1.00198209814902	-0.641006417378471	-1.61710392398126
250000	251000	-0.945719611049546	-0.156807838844639	-1.61984077335353
251000	252000	-0.472199590741219	-0.279968906633141	-1.58011795889641
252000	253000	-0.0526208160088735	-0.599646216587986	-1.63242692382635
253000	254000	-0.206842212132583	-0.8786858086907	-1.22714786940465
254000	255000	0.22568135031986	-1.10226819804583	-1.24527931975454
255000	256000	0.289667077048147	-0.648193149091434	-1.15628082247138
256000	257000	0.641060413919857	-0.959380867435918	-0.954870654584891
257000	258000	0.361184853109833	-1.32412695010394	-0.693806469605573
258000	259000	0.200757346410963	-1.29231626090421	-0.213313133441328
259000	260000	0.0694570152460109	-0.760072310901607	-0.17523048834567
260000	261000	0.53015213873104	-0.652659956899223	-0.426337416618743
261000	262000	0.463422880283382	-0.0708190913073061	-0.390429615908017
262000	263000	1.04538748315534	-0.0359145833281801	-0.210581368551732
263000	264000	0.973562895585143	-0.576663554689963	0.0200856481207825
264000	265000	0.851471915610216	-0.968569681133513	0.358295601382566
265000	266000	0.861136478826029	-0.662313712058997	0.82463227983584
266000	267000	0.610040278366727	-0.539530648401359	1.40177191540913
267000	268000	0.809716957303646	0.0725107035419191	1.21917759360333
268000	269000	0.649283523215185	0.0946624376983115	0.71576662520638
269000	270000	0.283524956844118	0.021324893544322	1.11930261397783
270000	271000	0.388973365667202	-0.528661004850203	0.918977206697086
271000	272000	0.0230557622056329	-0.442592462603634	1.27875835878315
272000	273000	0.0116530290232774	-0.912836454559193	1.32422031639024
273000	274000	0.0390730658881372	-0.682687876276202	1.7676768609963
274000	275000	0.291873011335388	-0.758462940230129	2.2316994107773
275000	276000	0.569716622056366	-0.445073934287777	1.96259099266272
276000	277000	0.590805240951717	0.00778427121052494	1.97230652172883
277000	278000	0.956149115010771	-0.161172945538491	1.65919176573846
278000	279000	1.19366606741716	-0.492588424409747	1.36254369393277
279000	280000	1.02249240530266	-0.971977940073929	1.22721261068284
280000	281000	0.702847771510497	-1.32856263609175	0.970500209223117
281000	282000	0.51447990898991	-1.24038373460687	1.43091306693081
282000	283000	0.441650405014801	-1.09961963553436	1.8599960866359
283000	284000	0.855066122977655	-1.15977662081164	2.00864981733992
284000	285000	0.930021114774544	-0.727414730053707	1.85336001936228
285000	286000	0.826676429179562	-0.728368110751199	2.27182922314169
286000	287000	0.730529831729485	-0.833837250637862	2.73449790047865
287000	288000	1.11574695876149	-0.561161889259833	2.65606096647328
288000	289000	0.944859920217532	-0.220542968360874	2.49192118894368
289000	290000	1.14788207613369	-0.210510631544648	2.09191128924529
290000	291000	1.45223228032747	-0.43321194986236	1.80111571974363
291000	292000	1.98664696113031	-0.464017108057469	1.78274410245337
292000	293000	3.9595273811792	-0.551880468076063	2.79486090433182
293000	294000	2.44526406989277	-0.433057898871214	1.62657509030395
294000	295000	1.81348049864342	-0.302386840736496	1.47246615275234
295000	296000	1.61885775468966	0.0315211906574142	1.70386018187634
296000	297000	1.97739316942669	0.0515742406150729	1.98310631573256
297000	298000	1.78018375708296	0.083902326973808	2.41054703040862
298000	299000	1.50274244455845	-0.118610225776562	2.81849324934546
299000	3e+05	1.26496148016935	0.148865497855581	2.42951793372402
3e+05	301000	1.46019484407223	0.0701941164573794	2.15716047294232
301000	302000	1.47853470318847	-0.242251822778185	2.40012571865544
302000	303000	1.7537667744895	-0.423051919712575	2.48261144466987
303000	304000	2.1275906895182	-0.244031171936399	2.51265169126561
304000	305000	1.76078449240179	-0.303812968688605	2.10291235849579
305000	306000	1.88412570443909	-0.733677281655891	2.09361788933648
306000	307000	2.07323392821508	-0.898210714177629	1.79901363579275
307000	308000	2.12095642948027	-1.31629431828436	2.02692518283265
308000	309000	1.68967740297199	-1.15988556410149	1.8738845497285
309000	310000	1.57859711373436	-1.58913422817122	2.2685243023306
310000	311000	1.40635745704085	-1.22020650781429	2.17835733501642
311000	312000	1.14084835293851	-1.25175948253069	2.35232610002533
312000	313000	1.34401843273725	-1.25110262095678	2.74018961154218
313000	314000	1.29435305223362	-0.900717039090675	2.42586661974316
314000	315000	1.66228023300044	-0.82437482833593	2.50825198938879
315000	316000	1.31852822660744	-0.55769464894244	2.28477530664621
316000	317000	1.36198302053454	-0.831521265361187	2.0308951035553
317000	318000	1.21460134172765	-1.03216087553593	1.71106701669021
318000	319000	1.30122057535209	-1.44809673201388	1.72143317332845
319000	320000	1.54580479873853	-0.906550584969644	1.35430510794482
320000	321000	1.47691312102226	-1.33072260463505	1.31307316776625
321000	322000	1.79291843839895	-1.38733648037159	1.06420013057262
322000	323000	2.21295438021279	-1.73818257280678	1.20050945773036
323000	324000	2.20620770152591	-1.29814250356047	1.02478669001759
324000	325000	2.38832906934939	-1.12532880037953	1.31854342918479
325000	326000	3.80728912158571	-2.14016368075151	2.38954013852575
326000	327000	2.02717350153856	-1.3129973048222	1.51437245990974
327000	328000	2.01553549191238	-0.895297723931928	1.3351022372993
328000	329000	1.86623233052386	-0.712097906154738	1.00916109672074
329000	330000	1.99015624614505	-0.32355970206983	1.01527786580522
330000	331000	2.35817822552418	-0.187695982202955	1.09287651548837
331000	332000	2.44553887929543	-0.0611720979639831	0.667795947029411
332000	333000	2.18923757079644	-0.108731677180604	0.33907746860419
333000	334000	2.22182131050111	-0.458562294347153	0.581882877565638
334000	335000	2.54916060889404	-0.541834221291535	0.873463601510145
335000	336000	2.34291005050422	-0.842719667387087	0.924920831593271
336000	337000	2.67042097477735	-0.960134638772342	0.854099822564609
337000	338000	2.8466823841222	-0.746054307208384	0.601583495950971
338000	339000	2.449690921273	-0.76182940639404	0.541724909509718
339000	340000	2.6313059499014	-0.956434876637166	0.296641046984692
340000	341000	2.57061181213641	-0.466117704435707	0.199647533049714
341000	342000	2.23459732574546	-0.605369302539955	0.0774754382066169
342000	343000	2.28785885104796	-0.425434645117791	-0.29925718834832
343000	344000	2.02144326466508	-0.350077261383578	-0.632410661613108
344000	345000	2.17352598907641	-0.777865704444259	-0.66875722680704
345000	346000	2.43407874014255	-0.916967887886988	-0.275670209776453
346000	347000	2.15622187292189	-1.04219519439619	0.0654719946608109
347000	348000	1.93118706878621	-0.854200504831052	-0.235388992605611
348000	349000	1.70895718774634	-0.576326421224461	0.0660489615146325
349000	350000	1.86006770197891	-0.185127369152015	-0.10075147798205
350000	351000	1.56787957162555	-0.548745923170637	-0.395941013205225
351000	352000	1.4360605212173	-1.00234943214844	-0.489935034320846
352000	353000	1.81136058204216	-1.35264376935237	-0.390032576400974
353000	354000	1.9766820585272	-1.46783098226357	0.0813860741540747
354000	355000	1.59133216952345	-1.17604308152351	0.0563097102770346
355000	356000	1.42379608001491	-1.56587304283501	0.206052410771966
356000	357000	1.51847961045117	-1.81792159177949	0.526269709907597
357000	358000	2.62145704022807	-3.59043091250844	0.763399649323744
358000	359000	1.62824301773056	-1.79780358712618	0.97606538737078
359000	360000	1.61587465898748	-1.71298145989411	1.3290799505501
360000	361000	2.20392001834353	-3.13448347931551	2.79271204828612
361000	362000	1.26357397244389	-1.96154671570806	1.38840216609467
362000	363000	1.23086892994218	-3.725214606465	2.00248488351652
363000	364000	1.10577572514774	-1.71306629311881	1.03196862347033
364000	365000	1.34227064310796	-1.39219018672493	0.79331491409254
365000	366000	1.4938184771725	-0.98309734234188	0.818474981464017
366000	367000	1.67053688283544	-1.27120073177339	0.484776328616224
367000	368000	2.00609661419777	-1.5719285938471	0.638033579407896
368000	369000	3.76585700848873	-2.78312470100624	0.586301447765002
369000	370000	2.56493770256058	-1.40214889808772	0.72295965899423
370000	371000	2.11120975053367	-1.0466060663157	0.58338384214699
371000	372000	1.79789822805224	-0.726713940385146	0.509951087025816
372000	373000	1.66439214821686	-0.300554570068053	0.583446578877179
373000	374000	1.91148578177701	0.173800168821314	0.737996878005754
374000	375000	1.56998654534539	0.113221464705792	1.1342189234231
375000	376000	1.20476062658078	-0.23516024187445	0.879413031122003
376000	377000	1.28164648817878	0.115440308652181	0.56242264629469
377000	378000	1.26855357451874	0.604290025059292	0.592806215700305
378000	379000	1.54368459582355	0.672159821893187	1.06626475065241
379000	380000	1.84499600367297	0.746454556725704	0.635362452920578
380000	381000	1.73716746505646	1.23087314674151	0.690583227715671
381000	382000	2.13907251447522	1.26725569927211	0.358051814858068
382000	383000	1.91974011311961	1.68808655238661	0.421037714408188
383000	384000	1.920732289298	1.87001777977086	0.799094602865136
384000	385000	1.53332291752568	1.69270076483792	0.618058118692524
385000	386000	1.49374317031165	1.51993901432801	0.207892666932572
386000	387000	1.14636208396174	1.6753189938941	-0.127137953199785
387000	388000	1.20493611896198	1.83469974324378	-0.65718350743763
388000	389000	1.17088572543868	1.36138809596303	-0.516354848194649
389000	390000	1.58310684448159	1.3438316899418	-0.277654915514146
390000	391000	1.56169893524975	1.83391412080096	-0.301851146373889
391000	392000	1.85074692278593	2.28082018833766	-0.42449406872092
392000	393000	1.49772683002895	2.22214548071664	-0.0931110452606372
393000	394000	1.8378673031569	2.27511198898455	-0.00151646902568569
394000	395000	1.8688917813182	1.85304099338371	0.0021439740973558
395000	396000	1.50920509344057	2.01215163739539	0.246345741109132
396000	397000	1.83821603517691	2.24919502242112	0.434871796645722
397000	398000	2.72385152961241	4.14189839577171	0.652158357864008
398000	399000	1.16790847306398	2.7072633588503	0.456818985165206
399000	4e+05	0.874587477250894	2.72603645293293	0.186184242837722
4e+05	401000	0.695526543652973	2.34165735036792	0.121635595519279
401000	402000	0.602037367304054	1.89345458509434	0.115014169028438
402000	403000	1.05013198628774	2.03343287179536	0.212402904830016
403000	404000	0.881309616503792	2.13386763916973	0.565093586428196
404000	405000	1.01432225369684	1.64625769000374	0.661823514026441
405000	406000	0.572348445966214	1.64545983657655	0.629017192736039
406000	407000	0.570747648449932	1.17575122817242	0.560389363991425
407000	408000	0.605609344183185	1.23901870784344	-0.0151052094295378
408000	409000	1.0687039631643	1.14423326448569	0.22872735530819
409000	410000	1.18897003753602	1.19200502563305	0.722506715476356
410000	411000	1.42389542847788	1.38967039957643	1.11673776033648
411000	412000	1.89108387025006	1.44734632560456	1.61551963025302
412000	413000	1.54799471536559	1.06892102148636	1.52599070935138
413000	414000	1.47418194800913	0.599952783266012	1.7197534615222
414000	415000	1.6176851188225	0.728478453139059	2.23091321147409
415000	416000	0.929555764124862	0.757596244238145	2.05154884381406
416000	417000	1.1000453972576	0.896319182288188	2.43462269433386
417000	418000	0.768651738738927	1.14168570399481	2.40477884912076
418000	419000	1.07860836874854	1.34441507099943	2.27767787138251
419000	420000	1.36298380545083	1.30291817643171	2.64574275334752
420000	421000	1.51470987944422	1.21732679987379	2.16548495722122
421000	422000	1.27484437925097	1.0237800362737	1.92197060819375
422000	423000	0.964523996469011	1.03369698599597	1.61734055245086
423000	424000	1.22907541827677	1.42649428910816	1.56702550974754
424000	425000	1.43743432074328	1.72425239897032	1.81999185021962
425000	426000	1.01796457532162	1.93793838393103	1.63789414024708
426000	427000	1.05466112979327	2.26213380794622	1.82288157486219
427000	428000	1.23476325780426	1.9638409022523	2.11614618397336
428000	429000	0.980694634580952	1.57892680422216	1.85199589617491
429000	430000	0.724018309496178	1.59123344886561	1.45565643881927
430000	431000	0.319197444529514	1.33165751199804	1.29102497728373
431000	432000	0.776352611690587	1.21586599569609	1.13382670650095
432000	433000	0.601996371431017	0.759543728084888	1.01290513059669
433000	434000	0.326986426581748	0.7322993368905	1.48604057107443
434000	435000	-0.114114873856153	0.965253970368823	1.5602272529581
435000	436000	0.00895924047273103	0.95534379125642	2.09461574755022
436000	437000	0.536856287140832	1.25594846865675	1.86848704524498
437000	438000	0.699699784969378	1.54214285631159	2.12647510543652
438000	439000	0.488708106897737	1.77208608419826	2.32683080773219
439000	440000	0.86703491339127	1.9581760910994	2.34752835178378
440000	441000	0.717460034270873	1.97015764398436	1.97304942019806
441000	442000	0.547747136261432	2.2286726175905	1.81477896939811
442000	443000	0.0986333414320399	2.52387720035612	1.70251056015242
443000	444000	0.511641049602182	2.14258564708256	1.39833440304631
444000	445000	0.726140067390729	1.97291471574299	1.09171736080144
445000	446000	0.615703008760263	2.54806586263193	0.894277100325087
446000	447000	0.450825991731641	4.60727139363051	0.643189439178299
447000	448000	0.227508440660635	2.52557629272481	0.442623641766362
448000	449000	0.26382695380167	2.18218680652275	0.709097344807282
449000	450000	0.138169692131543	2.43890186328981	1.07159617431865
450000	451000	0.232158574445429	1.82096346265046	1.04828007191824
451000	452000	-0.138663038336532	1.9864260177756	1.22633643012778
452000	453000	-0.138755853166114	1.44290770518989	1.10908736859508
453000	454000	-0.510789940476921	1.72910707703791	1.01478683737017
454000	455000	-0.283751411740188	1.29715273293764	0.623668717295157
455000	456000	-0.647568905691795	1.72224667795547	0.48733413222629
456000	457000	-0.185593529144921	1.90288370599722	0.458304370822709
457000	458000	0.00770374618182165	2.08706338752125	0.0289950850349148
458000	459000	-0.275131938060053	2.42576782422437	-0.368128028129889
459000	460000	-0.447135965328227	2.33456893631988	0.0863019321208496
460000	461000	-0.515075131736219	1.88676446061017	-0.0117167127834957
461000	462000	-0.183920476975101	1.38102718877543	0.00559286302535198
462000	463000	-0.152192401204827	1.7223595551319	-0.379072375716196
463000	464000	0.103167713788754	2.12657436027406	-0.516302031266554
464000	465000	0.388848721531578	2.43480633244814	-0.300727290438853
465000	466000	0.503707299368367	1.86671051342187	-0.425995608924708
466000	467000	0.218027295931384	1.62318891157378	-0.794647076588969
467000	468000	0.476209969879756	1.99689034362315	-0.932601181472199
468000	469000	0.792824536455899	2.2850977618598	-0.621691348200698
469000	470000	1.01464896222644	2.38193926435489	-0.243031140619793
470000	471000	1.28752280971567	2.5674375905802	-0.379231864554059
471000	472000	1.21427755683688	2.83363695305065	-0.102842014497806
472000	473000	1.50760502727206	2.63157171814194	-0.0982088993420917
473000	474000	1.49911380161123	2.8475388391929	0.0994966378984874
474000	475000	1.30071405676168	2.51250497023007	0.118897562621492
475000	476000	1.55189581847145	2.5796368958383	0.270438435860494
476000	477000	1.4458620976747	2.43241872069892	0.553168468202054
477000	478000	1.7050917055911	2.73364444408134	0.751691744576858
478000	479000	1.56970430883633	2.29266764650191	1.04604042578266
479000	480000	1.44702845010548	2.20490954167291	1.45295296367726
480000	481000	1.23771892785756	1.89271819816662	1.23458298020782
481000	482000	1.67825604275899	1.85431253896042	1.18145531171206
482000	483000	1.27356303799109	2.01889041284698	0.815956970507797
483000	484000	1.08641569075949	2.40244357980413	0.884110170584685
484000	485000	1.2335538937481	2.62960233442382	1.22378127517929
485000	486000	0.874861761261367	2.4108200617316	1.39607207929772
486000	487000	0.701119217887898	2.95997724705651	1.54311539841075
487000	488000	0.532772710537357	2.60213736390245	1.71699332502979
488000	489000	0.776146129646782	2.60030207815674	1.98967845947998
489000	490000	0.444093927733796	2.47460059817919	2.05836977829906
490000	491000	0.613840212282123	2.54525782954924	2.3279104755313
491000	492000	0.702504191717316	2.28053545376796	2.16512973007932
492000	493000	0.416052976010839	2.12432454991846	2.13883045855084
493000	494000	0.5033869701827	2.20178808822814	2.51115048556358
494000	495000	0.193825707955719	2.31359314410752	2.29900287648937
495000	496000	-0.703465322341685	3.38608380057462	3.45667828325885
496000	497000	-0.0984489848864863	2.0868327150885	2.11766887903846
497000	498000	0.0614078813890066	2.02368564529401	1.75051713711264
498000	499000	-0.0787650681727791	1.65735457999791	1.62108492605868
499000	5e+05	0.315067673320444	1.67007002625557	1.71835607151123
5e+05	501000	0.10919188012268	1.600628515184	2.07810395095811
501000	502000	-0.323770132398973	1.45561508285459	1.92313205962327
502000	503000	-0.877072285591259	1.21042590302446	1.78922476050833
503000	504000	-1.02769739333563	0.769755610376165	1.57734930294553
504000	505000	-1.26561589010707	0.647887214306601	1.28626275533353
505000	506000	-1.41627969379254	0.490766046006894	1.603448185459
506000	507000	-1.6199560215706	0.790572406484454	1.49271933763251
507000	508000	-1.32620832495009	0.952649728411733	1.5167633720033
508000	509000	-1.25171591278938	1.09498425046203	1.23513654771785
509000	510000	-1.60776828431618	1.24192142063874	1.07583124818285
510000	511000	-1.59877501193684	1.08052926730801	0.77371070782858
511000	512000	-2.00288878169429	1.18105948576067	0.749103204788328
512000	513000	-1.82401311157302	0.773746345888858	0.551482391341015
513000	514000	-2.27462847377232	0.83074719300921	0.549143537207867
514000	515000	-2.04109717667919	0.641152822935774	0.167087303219682
515000	516000	-2.60315944864641	0.896454103851018	0.300974343879255
516000	517000	-2.33558751470177	0.845411463031455	0.0148332562895123
517000	518000	-2.48247181408516	1.07358688036154	-0.228216884803581
518000	519000	-2.72219598055234	1.54108145672046	-0.344520998494675
519000	520000	-2.44026241255558	1.38099380491599	-0.683479865182044
520000	521000	-2.18082902586622	1.67659756472068	-0.620846633998713
521000	522000	-2.25346690187828	1.43941329188677	-0.234305880859195
522000	523000	-2.37040693647639	1.28034192719951	0.124311227623897
523000	524000	-3.94580148148753	1.84707975035172	1.18819961176918
524000	525000	-1.91829934147621	1.12942348649742	-0.109648593131204
525000	526000	-1.6624012932704	1.49814486209211	-0.086848541417735
526000	527000	-1.5875184378289	0.834586348256508	0.120907171236573
527000	528000	-1.95509185929135	1.15527946972463	0.327514396581784
528000	529000	-2.97345671463777	2.85876050161696	1.30553948781888
529000	530000	-1.43478439458631	1.26281911627431	0.270090851078089
530000	531000	-1.07153442058422	0.937404097181158	0.0805776209311065
531000	532000	-0.6963729476465	1.00828073087306	-0.306195821665535
532000	533000	-0.699454884812207	1.35666547256396	0.0227104409288709
533000	534000	-1.60232798474874	3.44333355952277	1.30531603723204
534000	535000	-0.924109761061838	1.11503762251412	0.574724256902001
535000	536000	-1.21911367303299	1.51436790834745	0.621110416715644
536000	537000	-1.23751843212073	1.92621051814666	0.388402984721129
537000	538000	-1.896676587109	3.89098981177991	0.244547945430134
538000	539000	-1.02111966817318	2.01689307059561	-0.171190162087084
539000	540000	-1.23189941442592	1.87487026622285	-0.65868130849595
540000	541000	-0.953279565982979	2.28089663653935	-0.871451070641874
541000	542000	-0.665838920640322	1.77388671497803	-0.592008936462791
542000	543000	-0.399954257298039	1.35447107009063	-0.667314746799049
543000	544000	-0.85273029184334	1.1509744805716	-0.760148986005522
544000	545000	-1.25402462650616	1.35731876819744	-0.525840937924214
545000	546000	-1.40991194873786	0.904100008164361	-0.547081720994879
546000	547000	-1.20445648491012	0.536347508127827	-0.763106674673745
547000	548000	-1.15204363966067	0.795451158736086	-1.15932304432143
548000	549000	-0.984575224625932	0.438786981872202	-1.41834031966036
549000	550000	-0.380622859233635	0.848110849202924	-1.60862414200524
550000	551000	0.930634686530908	2.32265120755458	-3.06652220854051
551000	552000	-0.292873349275609	1.41764348236932	-1.56097789477663
552000	553000	-0.455234589612022	1.35988871901188	-2.05356920842109
553000	554000	-0.860587591128677	1.37166039274735	-1.49627602403826
554000	555000	-1.12338075960323	1.60407307081761	-1.13780612181454
555000	556000	-1.40540304728838	1.90570680067058	-1.29188092975178
556000	557000	-1.11919754684739	1.89898027863519	-1.60405558325817
557000	558000	-1.28907833861103	1.28779254596386	-1.53768696542162
558000	559000	-1.38196860715424	1.61331450399379	-1.76277654496049
559000	560000	-1.1617599471074	1.39986661248251	-2.0574223457296
560000	561000	-1.33854651325432	1.88402878066237	-4.21167643906641
561000	562000	-1.44460036305029	1.13978637016385	-2.33269731079332
562000	563000	-1.42872438237605	1.02767279087084	-1.93268991208454
563000	564000	-1.72581602755268	1.06565223263015	-1.67261801165538
564000	565000	-2.01682409627293	0.680495618932827	-1.82398450702917
565000	566000	-2.44067843574158	0.866125907047451	-1.79832262808506
566000	567000	-2.15410461256317	0.958778821075152	-1.50898054649816
567000	568000	-2.0606286756576	1.29589654995555	-1.31265858454203
568000	569000	-2.11518936161706	1.69392106714836	-1.14904633027664
569000	570000	-1.71022221341836	1.53949360075606	-1.20252911145396
570000	571000	-1.55657833197131	1.15450944784134	-1.16230935854271
571000	572000	-1.80529867343431	0.790726290681761	-1.24640537911337
572000	573000	-2.04931942191495	0.938879510061573	-0.948522534938077
573000	574000	-2.40461407244662	0.734585944956461	-1.17278598898333
574000	575000	-2.31144063620446	0.594988955682443	-0.830474576773597
575000	576000	-4.48863271182432	0.027053952218901	-1.29888834263627
576000	577000	-2.64776253113124	0.23119188333059	-0.703161854572812
577000	578000	-1.8982020864726	0.25668486916032	-0.468894829380988
578000	579000	-1.88401798111586	0.345518956077352	-0.901530085225182
579000	580000	-2.20080787383771	0.238063764207877	-1.21415801201168
580000	581000	-2.29206359069372	-0.117294253214328	-0.829509433721454
581000	582000	-2.28809670343924	-0.347809738970546	-0.39837107338709
582000	583000	-1.7096980971287	-0.323462790879618	-0.466051396058483
583000	584000	-1.78800704410612	-0.390572465478446	-0.938112252473255
584000	585000	-1.64511858205331	0.00219465983508729	-1.17767048353213
585000	586000	-1.71168575484757	-0.311152338674767	-1.49835425708866
586000	587000	-1.73590446373914	-0.011310905693383	-1.82942030614806
587000	588000	-1.57508068869291	0.361476066686546	-1.71218260790298
588000	589000	-1.48197679615353	0.408270839117367	-2.18254962631597
589000	590000	-1.05412807529815	-0.132885697069931	-2.28801465886934
590000	591000	-0.925787034438761	0.278226884930388	-2.16189582969761
591000	592000	-0.803778178559103	0.698883367964637	-1.92344231799868
592000	593000	-0.639634485402355	0.843841700862637	-1.2564822546291
593000	594000	-0.515638966258866	1.35726985795217	-1.16557670931893
594000	595000	-0.603949991997654	1.85326947538621	-1.13871220743444
595000	596000	-0.316340767789631	2.15194633031861	-0.853355441871734
596000	597000	-0.0246887765423141	1.91015427512516	-1.10119509271013
597000	598000	-0.340931799752719	2.00561834011994	-1.51292029421487
598000	599000	-0.649827050665488	1.758857043687	-1.77695415225623
599000	6e+05	-0.46720673107702	3.14163111169696	-3.29240398412965
6e+05	601000	-1.04558737805688	1.82170893139725	-2.16814825613442
601000	602000	-1.39350099544199	1.65562992164614	-2.36315874901242
602000	603000	-1.55830586827328	1.76306993913877	-2.08953540200098
603000	604000	-1.75329326460276	1.86431452268881	-2.34511157410749
604000	605000	-1.87276484588755	1.70109310838467	-2.08113986564728
605000	606000	-1.7484992740147	1.48832355856688	-2.41382111481623
606000	607000	-1.65900265329024	1.35996265809824	-2.05399927152239
607000	608000	-1.91315238257535	1.11122328374065	-2.39562167953029
608000	609000	-1.83192891046543	0.980568820459358	-2.06391728315315
609000	610000	-2.13439997300776	1.10944044618096	-2.0280916408727
610000	611000	-2.02398390356518	1.36894354518166	-2.15874069933653
611000	612000	-2.33432709304901	1.31406001332648	-2.28029796971758
612000	613000	-2.4026448299614	1.66670376878312	-2.04008431615619
613000	614000	-1.97036410764631	1.40266252430324	-1.80544275847367
614000	615000	-1.74884836887742	1.65798005260983	-1.62442254340972
615000	616000	-1.92301268806756	2.09420059758588	-1.71758416258903
616000	617000	-2.16656519946578	1.69068370151952	-1.5799903518448
617000	618000	-2.34959658272036	1.32806893155831	-1.60516361357293
618000	619000	-2.54560711363771	1.4582997952878	-1.27059826528998
619000	620000	-2.63082027774611	1.0808016650437	-1.34454100067258
620000	621000	-2.34166763899223	1.16922149869613	-1.06817092363588
621000	622000	-2.623921598355	0.998832170633934	-0.896150183265168
622000	623000	-2.95362339853223	1.16919562124332	-0.622377144933388
623000	624000	-2.73147037189991	0.790027078286895	-0.476956686720115
624000	625000	-2.34264917638751	0.951474940716368	-0.562273473465946
625000	626000	-1.97616758397383	1.18804425602324	-0.544327843473764
