0	1000	-0.614637011851579	-0.678226878710124	-1.06413140716617
1000	2000	-0.354207435488305	-0.997622040675454	-1.27639548813392
2000	3000	-0.00466326647089424	-1.48482025418617	-1.49892185116441
3000	4000	-0.50094368752199	-1.39793947395589	-1.59404871540065
4000	5000	-0.753643209949437	-1.13265645467837	-1.80453058974328
5000	6000	-0.734453916522519	-1.05338196294057	-2.25815355781749
6000	7000	-0.54910274593424	-0.62196476223254	-1.97975454547151
7000	8000	-0.358952951310548	-0.277165945301839	-1.90490621118026
8000	9000	-0.349571042280703	-0.167009104964019	-2.25470729648485
9000	10000	-0.712160300360633	-0.245729489270355	-2.30210030529923
10000	11000	-0.461872472053185	-0.352408806426143	-2.55932037890472
11000	12000	-0.806852690879407	-0.574847350075412	-2.63946984749661
12000	13000	-0.470094286968266	-0.708487751559322	-2.39762629352872
13000	14000	-0.184721306040124	-0.857751204533177	-2.2044913448756
14000	15000	-0.0570939667991675	-0.529750014313754	-2.22959583244582
15000	16000	-0.0527882215383446	-0.485313581175582	-2.63621472875783
16000	17000	0.255181428182645	-0.418961940408899	-2.41044427087484
17000	18000	0.508432666139676	-0.647598761166356	-2.62142262778393
18000	19000	0.849989814406989	-0.517776043306594	-2.4317992810503
19000	20000	0.641342380407312	-0.640583611662721	-2.13508562453586
20000	21000	0.306860826846747	-0.125910373326003	-1.97967407130958
21000	22000	0.335753951997043	-0.496355214187433	-1.84400063739107
22000	23000	0.728971317699042	-0.249809334958413	-1.72992392936619
23000	24000	1.03413882107925	-0.432174189175404	-1.88244026419561
24000	25000	1.40632165790681	-0.200603350885672	-1.80391968869521
25000	26000	1.34622481945677	-0.55691341541223	-2.12773847501077
26000	27000	1.36256912990301	-0.578428484127852	-1.55701979793885
27000	28000	1.38285005160755	-0.986521635425462	-1.80463132423155
28000	29000	2.27333494347759	-2.40571606704413	-2.25800652843898
29000	30000	1.35424363704201	-1.34763337390256	-1.26649266881612
30000	31000	1.05383221136496	-0.833598777156474	-1.07421494128214
31000	32000	0.796970471706069	-0.352012237433145	-1.13650371697575
32000	33000	0.543450974585126	0.00739952363989152	-1.28494964590498
33000	34000	0.171600402701923	0.343906890043082	-1.39748152268469
34000	35000	0.181709464725737	0.790960738908938	-1.53210279631548
35000	36000	0.360460721748672	1.21682667835495	-1.54423829088349
36000	37000	0.595527442347729	1.06323906822928	-1.21283168718296
37000	38000	0.747054775601993	0.697173780838085	-0.951847595699732
38000	39000	0.856866743751443	1.25468458082552	-0.747936210719158
39000	40000	0.740842892713372	1.54311239993775	-1.11738467907414
40000	41000	1.15571635435997	1.46957392874134	-1.59536359142819
41000	42000	2.94380907946979	1.03483206350443	-3.12954151934397
42000	43000	1.73316472315352	-0.565248343896021	-2.38526821127961
43000	44000	0.523182677426434	-0.885917671927024	-1.4527952597401
44000	45000	0.0411952833864508	-0.754902873353047	-1.47209886555437
45000	46000	0.0579167615894534	-1.22974890034432	-2.03230665774016
46000	47000	0.0702744928037133	-2.3037918496091	-3.63180318609005
47000	48000	-0.0550580410159973	-0.928631128982198	-2.62005735915054
48000	49000	0.29599421201913	-0.480948248102561	-3.01282463308072
49000	50000	0.323318553186897	-0.0874267320062137	-2.58779358194871
50000	51000	0.604478371868263	-0.0688134372588854	-2.36815572699291
51000	52000	0.772171303942487	0.191194571227199	-2.35220810988425
52000	53000	0.944269476455937	0.245770067172386	-2.59724236062411
53000	54000	1.04858182522396	0.563200711488643	-2.46905510411772
54000	55000	1.23075327640823	0.403131094788708	-2.67168988431035
55000	56000	1.36117398259668	0.322593284826812	-2.36869933371716
56000	57000	1.65639464287189	0.186766079495104	-2.41877046145991
57000	58000	1.63630081539435	0.12366260343753	-2.10750339698143
58000	59000	1.91522108938383	0.244897798839374	-1.94739498441192
59000	60000	1.96690712873219	0.0203064955391534	-1.6144342324701
60000	61000	2.20276127238695	0.288890156430519	-1.40059542512781
61000	62000	1.83635113184212	0.257428217946594	-1.19072505720127
62000	63000	1.82469448602375	0.659417950096256	-1.42710290390327
63000	64000	1.42235542940149	0.227699129298021	-1.41695698619593
64000	65000	1.3718864862003	0.770090802711193	-1.47995428686184
65000	66000	1.03069474340401	0.410176039546245	-1.3975205555344
66000	67000	0.872104778478487	0.78640361942902	-1.65112106811054
67000	68000	0.561494397020221	0.409794972397942	-1.74654939101433
68000	69000	0.389480365242765	0.510702556316093	-2.05255266625037
69000	70000	0.82272887257223	0.516202988991749	-2.05751527854927
70000	71000	1.12194683235381	0.857879701867546	-2.06341810226081
71000	72000	1.51852288893453	0.755842741106954	-2.06769916959622
72000	73000	1.32286435853515	0.373372281633437	-1.91454279508044
73000	74000	1.03977965272579	0.137755864708709	-1.98016292388297
74000	75000	1.16254971419624	-0.0658190835562828	-2.24758325115415
75000	76000	1.27266300176558	0.0282814438521889	-2.52758588952617
76000	77000	1.0061277798581	-0.180518727760884	-2.64812877310544
77000	78000	1.02077255154397	0.0531290820679651	-2.88477009951323
78000	79000	0.694081238704893	-0.0136269349015245	-2.73094246044849
79000	80000	0.77339044495056	0.173253601761058	-3.16282719480913
80000	81000	0.568339023922705	0.252735949563754	-2.88302876341105
81000	82000	0.703006637979732	0.474513289713938	-2.76659432833935
82000	83000	0.426490194888673	0.333073574795765	-2.58888260077075
83000	84000	0.315278167467791	0.506856294402154	-2.83189417197081
84000	85000	0.0339015289558864	0.354742246496171	-2.94647812413031
85000	86000	0.00942060888330091	0.382820803592282	-2.62718205499779
86000	87000	-0.103950144982177	0.0716592974617894	-2.53155426731346
87000	88000	0.0739484615111119	0.282880955629949	-2.2704847974079
88000	89000	-0.0997880628747709	0.602310221759459	-2.2129896408205
89000	90000	-0.221309973246127	0.720211143406335	-2.52230124110199
90000	91000	-0.222805155131078	0.997891373049331	-2.64636730799248
91000	92000	-0.829528914976896	1.75909277878335	-4.33159897345301
92000	93000	0.0444631972320208	1.11468188102207	-2.83236938406061
93000	94000	-0.106282197333749	0.896367694865867	-3.03512117452506
94000	95000	0.225407138109865	1.07403808266836	-2.58779365841093
95000	96000	0.172393812043998	0.795860887711226	-2.55888842882546
96000	97000	0.268210676492067	0.929504913879027	-2.2508534097563
97000	98000	0.255691732244465	1.27025777435998	-2.22770922645792
98000	99000	0.276048596518662	1.47036790765307	-2.55567853969035
99000	1e+05	-0.000585620296343451	1.30698503528424	-2.51637731566582
1e+05	101000	-0.107726938218931	1.1260369761387	-2.29734817458946
101000	102000	-0.147486797575386	1.51615189583489	-2.26898401523131
102000	103000	-0.119625306696197	1.26697820303946	-1.92600703584237
103000	104000	-0.407562787164525	1.21739908672504	-2.16134206439113
104000	105000	-0.606678651866949	1.23226606713446	-2.59634070490792
105000	106000	-0.651755474349772	0.854933117447839	-2.33505253827171
106000	107000	-0.435893529422673	0.808251978028921	-1.97696549794418
107000	108000	-0.79746965745916	0.617163161991552	-1.86093838970012
108000	109000	-0.380216278071679	0.355980613730788	-1.84920599761152
109000	110000	-0.586845778647949	0.313396255537222	-2.27305077829328
110000	111000	-0.480554793830142	0.394582560454364	-2.66262896618823
111000	112000	-0.356058400338245	0.0957262180098389	-2.89130361416561
112000	113000	0.0543711561509457	-0.0857709239962534	-2.91121076007234
113000	114000	0.357241725080941	0.0454017169968645	-3.1106466183426
114000	115000	0.265781740624511	0.484719882132864	-3.3154947687837
115000	116000	0.467444772243894	0.798876512489152	-3.11925446608635
116000	117000	0.559311033097617	0.689719812208998	-2.50943758656718
117000	118000	0.871674337446099	0.821314002341749	-2.72602576772837
118000	119000	0.915947775087547	0.796880915128571	-3.08849388263014
119000	120000	1.04597170155532	1.60817804443121	-4.61732677822946
120000	121000	0.512090857107053	1.07872171858124	-2.85088913921164
121000	122000	0.592756385025037	1.10971870480015	-2.54419149002497
122000	123000	0.678410779871112	0.944154615051634	-2.24168208191781
123000	124000	0.917400046299851	1.2044986007985	-2.46511517687724
124000	125000	1.54912525356502	2.66918222237668	-3.3935055971391
125000	126000	0.701013215211777	1.5443316741607	-2.22477090666988
126000	127000	0.620373692608912	1.22921949891471	-1.90336631301057
127000	128000	0.42192403194846	1.63122114197527	-1.81438138194529
128000	129000	0.618104226595867	3.3997122510949	-2.28863740909119
129000	130000	0.283596592016685	2.07089311137995	-1.37122713384707
130000	131000	0.136289235406064	1.95157754800979	-1.00819941513088
131000	132000	-0.139781187894943	2.33359893103948	-0.854253724478207
132000	133000	-0.456965688292505	2.20065522915672	-0.488683659109399
133000	134000	-0.423018216486245	2.58573803857208	-0.307296334685501
134000	135000	-0.755297036492739	2.32161925579101	-0.265764719459027
135000	136000	-0.865579152599231	2.56916300062341	-0.343502284413739
136000	137000	-1.46047761180247	4.17982290887788	-0.607588374685678
137000	138000	-0.978147171925396	2.49297263884467	-0.0745126029892448
138000	139000	-0.706462833198751	4.20344495410102	0.344664872087468
139000	140000	-0.67805429362059	2.35771610956185	0.121416172904066
140000	141000	-0.626987710310906	1.93876652304628	-0.0667285020044445
141000	142000	-1.00504759961854	1.93479831420976	-0.307668313977623
142000	143000	-1.39714587742275	2.36435740646544	-0.357826718747079
143000	144000	-1.50736700832441	2.36257426061286	0.0405441508987105
144000	145000	-1.24689676755075	2.46434605330916	0.184465426287862
145000	146000	-1.14743619017423	2.20457050155674	-0.0217856376526025
146000	147000	-0.995482655874991	2.13856619297364	0.253315968641131
147000	148000	-1.06774394585764	2.48909181082595	0.545466553369104
148000	149000	-1.39395019978758	2.21628994743633	0.468891541307921
149000	150000	-1.43536883668245	1.99408504334571	0.280804436704594
150000	151000	-1.72102468105645	2.05248498849122	0.524932534161806
151000	152000	-1.63433364007471	1.6672441620203	0.548542438720307
152000	153000	-1.79738240645933	1.78750628203477	0.905132660970863
153000	154000	-1.65795696183602	1.35950260789998	0.844278502919502
154000	155000	-2.07890943023157	1.52985214970077	1.13145032752434
155000	156000	-2.01958033625908	1.44320714045829	0.797160279157138
156000	157000	-2.20281885904596	1.64611869739663	0.604782199268168
157000	158000	-2.00884556976545	1.311248655367	0.488540039308023
158000	159000	-2.15583717557641	1.08416360478608	0.622583511997473
159000	160000	-2.38154967579688	1.31415823832576	0.747991089614923
160000	161000	-2.57646588573422	1.16958173796408	0.521680330406537
161000	162000	-2.85772983446829	1.25020609874855	0.79872109479671
162000	163000	-2.85909288476914	0.910140972675064	0.692949774556231
163000	164000	-2.57072925405969	1.04817211221711	0.867442032843924
164000	165000	-2.45441812584555	0.831127599370774	0.638652578633364
165000	166000	-2.50528634667081	0.692371698115645	0.949246708932074
166000	167000	-2.20880222368321	0.479187067812602	0.916209584147554
167000	168000	-2.49534970237577	0.293367865186407	1.2701584684063
168000	169000	-1.9548787433645	0.136550790152199	1.12326098427676
169000	170000	-1.99038775290528	0.121612309863587	1.56018697421376
170000	171000	-1.592843248281	-0.0412696528255055	1.60290496214089
171000	172000	-1.65532172715606	0.330273503843431	1.96548408672641
172000	173000	-1.48419348000448	0.381054034744469	1.33826118931485
173000	174000	-1.67748767323092	0.525001653927566	0.976938633671876
174000	175000	-1.83213220907485	0.63660718248204	1.32982162886856
175000	176000	-2.1066896825713	0.602549584569225	1.55734375888174
176000	177000	-1.99349583513448	0.984765619940847	1.45111449877675
177000	178000	-2.36225248937492	0.89486676374659	1.40519058232538
178000	179000	-2.43311849280306	1.31797167141088	1.40630588382885
179000	180000	-2.22717235704566	1.07350873497438	1.08633418080375
180000	181000	-1.93326072854392	0.97147073897783	0.93194241852197
181000	182000	-1.5903583428594	1.00780858661091	1.05511863219492
182000	183000	-1.74764318066586	1.24483059896865	1.30393418848689
183000	184000	-1.77130136270803	1.31464349155412	1.6952512998459
184000	185000	-1.37842540967038	1.24049907248281	1.60113197657924
185000	186000	-1.35882668846008	0.843021194616956	1.57846086161278
186000	187000	-1.67221815468914	0.883006190284018	1.90382401387437
187000	188000	-1.26726519488041	0.791477827739873	2.10616236819165
188000	189000	-0.912956139157213	1.09501679857596	2.03129400415992
189000	190000	-0.884682665934638	0.667853912961165	1.69895913075043
190000	191000	-0.966406021428497	0.773438303748664	1.27602165951975
191000	192000	-1.1126626736293	1.22210377193872	1.18441160761962
192000	193000	-1.51155313563952	1.76182307335532	1.4753110430506
193000	194000	-2.22893110841618	1.98275088713582	1.09377480986637
194000	195000	-2.5877509766168	1.72522887520574	0.617846628908532
195000	196000	-2.69847114074154	1.35355500067475	0.0778990180960184
196000	197000	-2.64884898171008	0.92592979687314	-0.00209351349122668
197000	198000	-2.66127313294257	0.5004206516264	0.127393882911996
198000	199000	-2.42489235251454	0.351585609483036	0.476321947569282
199000	2e+05	-1.97119533898033	0.510030119831603	0.482618905514717
2e+05	201000	-2.15245733252992	0.30187852390231	0.0973555221343273
201000	202000	-2.10361827588128	0.675201293751533	0.159200292658639
202000	203000	-2.33282015817465	0.723422029459558	-0.129208399443272
203000	204000	-2.26822390948331	1.01933807349645	0.207600698727632
204000	205000	-2.3081858938381	1.18745442535156	-0.0887857314049447
205000	206000	-2.19265889269496	1.39392397987951	0.136751628332064
206000	207000	-2.40401093171608	1.64735924794666	0.213356221690175
207000	208000	-3.56894768264575	3.12734209219794	0.359778084730237
208000	209000	-2.0840418718002	1.94998349951912	0.281378668991499
209000	210000	-1.85761904359765	1.69352719652039	0.156512248609382
210000	211000	-1.80909065033016	1.28472022304081	0.0845905853762211
211000	212000	-2.22293942625039	1.86047977732374	-0.111984898084127
212000	213000	-1.84199357874264	2.06771519292503	-0.0907204179663467
213000	214000	-1.51047118359327	1.78124641648124	-0.0935414468997603
214000	215000	-1.45260381347499	1.81391035675691	-0.462545637265975
215000	216000	-1.83396850059961	1.90723231747374	-0.460893345164751
216000	217000	-1.88145595748036	1.59203494382375	-0.218312572336183
217000	218000	-2.26799208003294	1.54372028787816	-0.338767569977065
218000	219000	-1.97285503805539	1.25032148820027	-0.367782099979246
219000	220000	-2.28434245127549	1.09852096155752	-0.519833907567368
220000	221000	-2.01761839845458	0.735750548365769	-0.584499716849542
221000	222000	-2.34373171993995	0.956464689057163	-0.982967044084678
222000	223000	-1.81947394295651	1.01408996382166	-0.91547614085198
223000	224000	-1.78172327366958	1.43206066362985	-0.792655900071566
224000	225000	-1.43828591745525	1.19826265438007	-0.57525195648948
225000	226000	-1.61138464411073	0.959249167837264	-0.221001982704206
226000	227000	-1.32286374992955	0.688219884821778	-0.0251227945489699
227000	228000	-1.04267240551427	1.03458141468301	-0.0606157052079332
228000	229000	-0.944042721406793	1.43978189536769	-0.130349635478077
229000	230000	-1.37299924372587	1.40538495526003	0.144914533693149
230000	231000	-1.13404147178436	1.65320509746965	0.320763012939064
231000	232000	-1.21776656824555	1.24084466796422	0.530672229901297
232000	233000	-0.912806169334866	1.62038077629282	0.657682568152874
233000	234000	-1.29442298777956	1.71573277578481	0.858175779729923
234000	235000	-1.44839479660103	2.23142957736238	1.1422711317481
235000	236000	-1.13419385207825	2.10528791216582	0.885854993771431
236000	237000	-0.932464301814456	1.84611496672651	1.09183412066079
237000	238000	-0.627961891963606	2.06525163209408	0.830725012334047
238000	239000	-0.577585076556384	2.04687009572769	1.40450595356434
239000	240000	-0.229225755611525	1.76909755027392	0.983589641850478
240000	241000	-0.508898303310677	1.46034944020331	1.27040557389903
241000	242000	-0.436610401370736	1.27389692571734	0.659553352482874
242000	243000	-0.758302634293634	0.902079202374024	0.728388563901446
243000	244000	-0.983151911825682	0.516906467087557	0.578741543068718
244000	245000	-0.754092292220012	0.210780674409412	0.327472105648135
245000	246000	-0.231479338451319	0.231299028462063	0.137556112404524
246000	247000	-0.051673829009463	0.144033540148387	-0.342716229933651
247000	248000	-0.262511343610588	0.66071454005636	-0.496779354921017
248000	249000	-0.602723610606162	0.366586380098033	-0.795038428467627
249000	250000	-0.881832209158672	0.265858837961219	-0.339502028938222
250000	251000	-1.32319389442318	0.199056390269643	-0.611168692580266
251000	252000	-1.18815108947414	0.571660821316696	-0.870458576179588
252000	253000	-0.93953593879068	0.990100438126317	-0.891215018779329
253000	254000	-0.885759267485039	1.32083446067074	-1.25273238163584
254000	255000	-1.05381615170686	1.6814765457782	-1.06991691916404
255000	256000	-0.751071458891317	1.86828022290887	-0.818853379241956
256000	257000	-0.447634649089133	1.52547202369864	-0.509315975689987
257000	258000	-0.29476088337725	1.67368232144581	-0.96814504394212
258000	259000	-0.0144796345703669	1.24311927619533	-0.846992390731127
259000	260000	0.368082631620615	1.50081422328969	-0.511425647012418
260000	261000	0.271092932680033	1.38638760796509	-0.0143031962620071
261000	262000	0.339289825262629	1.92208446391609	0.246743705449731
262000	263000	0.768330528877389	1.58336726820016	0.476139715172691
263000	264000	1.14273120666849	1.57313023973161	0.0802315372483825
264000	265000	1.0936497944499	1.06773166941266	0.25698031962713
265000	266000	1.14894406884982	0.628652507494641	0.0856108085591812
266000	267000	1.0046323576468	0.221816857094334	0.32332041563484
267000	268000	1.42490071642614	0.0422195473319526	0.286210422724059
268000	269000	1.63439427604354	0.142025161492967	0.64712103677891
269000	270000	1.90963343031455	-0.275222963168977	0.737075732795873
270000	271000	1.46493536700373	-0.327111719730473	0.798175803509904
271000	272000	1.75119392589889	-0.860649588354751	0.611370104844764
272000	273000	1.28616937513339	-0.615546545656645	0.292286648717754
273000	274000	1.65388593640637	-0.636582871569569	0.0423224447726347
274000	275000	1.66541958854305	-0.167099968331015	-0.163617294552805
275000	276000	1.90104291930828	0.167958657155506	-0.221215275041483
276000	277000	1.75315572776561	0.526716183111784	-0.0468292333538465
277000	278000	1.78713733777526	0.722708720090356	-0.517252289047139
278000	279000	1.35051944632454	0.467090873980207	-0.486904921942289
279000	280000	1.14054634486516	0.0403963982425362	-0.499404191748994
280000	281000	0.87407359240243	-0.413330742021486	-0.33849332734416
281000	282000	1.30762774204803	-0.493713049460229	-0.640384311067682
282000	283000	1.59069432170391	-0.829224858897149	-0.474969979930922
283000	284000	1.80787973036136	-0.471253518133402	-0.776847125215307
284000	285000	2.03615037279237	-0.930300661791137	-0.532694587702049
285000	286000	2.15641752456409	-0.713357399707194	-0.911243820038853
286000	287000	2.59851677363005	-0.918017408203832	-0.668299593428971
287000	288000	2.53970871948251	-0.510319002501974	-0.749832660392217
288000	289000	2.25876283318731	-0.449968579735842	-0.50953869950269
289000	290000	2.60654773339513	-0.357620925090901	-0.381136422213564
290000	291000	3.03548870989953	-0.372251622122286	-0.462917089476474
291000	292000	2.98321841317297	-0.114324931952104	-0.0957911155268092
292000	293000	4.8921037401471	-0.231787067281458	-0.193377623378284
293000	294000	3.30522067730617	0.234299653077628	0.166509458720482
294000	295000	2.93002975171345	0.0999540618384691	0.21614954380737
295000	296000	2.53373198093978	-0.0794410481721212	0.265613103167689
296000	297000	2.89358626627232	-0.332014753514969	0.430937341169981
297000	298000	2.43250500239416	-0.384956364396289	0.519832691961581
298000	299000	2.63011785858789	-0.799873610984459	0.434674224008567
299000	3e+05	2.21756981217208	-0.592811403867594	0.237577786000534
3e+05	301000	2.13964521210482	-0.304118162590651	0.0120417582073678
301000	302000	2.34702212945426	-0.572196304648575	-0.153147301695524
302000	303000	2.4613568439588	-0.877728350153983	-0.0544177859809824
303000	304000	2.90234717136767	-0.823405643189197	0.0238667424231905
304000	305000	2.66600728697495	-0.448322685363782	0.0455141045057334
305000	306000	2.4922642374726	-0.155919144582633	-0.105698469289753
306000	307000	2.62991107838407	0.0998648084831732	-0.171620514816548
307000	308000	2.95551666626776	0.429444893550295	-0.30288012518993
308000	309000	2.85362084336331	0.0829496416642595	-0.395013202629225
309000	310000	2.89911096006209	0.231097831141947	-0.728311218153211
310000	311000	2.58529138275757	-0.0537814046396456	-0.648368193800753
311000	312000	2.53959175282249	0.162988854300463	-0.900921388946007
312000	313000	2.78133001172476	-0.0725589345662151	-1.08658352158073
313000	314000	2.31740596449883	-0.113572182272007	-0.934587738161614
314000	315000	2.22355108323763	-0.0100689722574862	-0.57472443595263
315000	316000	2.19776889944077	0.306872880000129	-0.780415729597003
316000	317000	2.45024887898436	0.559158347527572	-0.589812351122201
317000	318000	2.32351642798113	0.518170547203898	-0.208458411591823
318000	319000	2.18954274667899	0.353707284505561	0.195257321756706
319000	320000	2.0496811986246	0.672441345617017	0.394176871557346
320000	321000	2.25305006463832	0.867373075973503	0.0658129614966046
321000	322000	2.57483343551683	1.01712866505097	0.0474205037836298
322000	323000	2.92981777898167	1.07437799698725	0.338885554187046
323000	324000	2.63008796135013	0.780408231611603	0.398934064236396
324000	325000	2.92203203622419	0.669760711900376	0.490749320814367
325000	326000	4.78446984977327	1.07364058535348	0.447907432885207
326000	327000	2.98454019076411	0.594581525397846	0.153376725766657
327000	328000	2.67960871757261	0.486372802016767	0.0797540786043537
328000	329000	2.59541310964857	0.289749089753372	0.307447291016654
329000	330000	2.87791287777122	0.205287152055553	0.573288663714175
330000	331000	2.48762732612272	0.105382067119682	0.614968934908779
331000	332000	2.71499347050925	-0.0674601575873923	0.874680044773249
332000	333000	2.32715612301316	0.0784714517880543	0.968950245575864
333000	334000	2.65433456608901	0.27749201252615	0.978802764507959
334000	335000	2.45779608680658	0.465774660015592	0.693399698062446
335000	336000	2.81859673761597	0.578655414517388	0.818397104009031
336000	337000	2.51084309672545	0.838847842147638	0.739316266360674
337000	338000	2.77041006070873	0.935556527436312	1.02077959133083
338000	339000	2.48977345234075	0.718348614312474	1.04640113820986
339000	340000	2.79184136103543	0.598749099810111	1.2462832267076
340000	341000	2.43979066572028	0.493616171182033	1.31095859481183
341000	342000	2.19156035281035	0.604660213825213	1.04934101243307
342000	343000	1.99761994635834	0.738592208960567	1.26084782814604
343000	344000	1.99577039068317	0.859467686478448	1.59661284611427
344000	345000	2.38265616867258	0.780248521627424	1.61942342765802
345000	346000	2.63604838503978	0.978398670279035	1.46390447602462
346000	347000	2.3474829531147	0.912342691675154	1.27844103091715
347000	348000	2.49347316356199	1.13439837480013	1.18619197311083
348000	349000	2.31655678724185	1.1316304996351	1.65497002723679
349000	350000	2.36225991669457	1.26262060889851	1.39994532279959
350000	351000	2.08941245923659	1.07359007218858	1.34947140567576
351000	352000	2.16261461270225	1.19369885290736	1.10200745418016
352000	353000	2.01248582316456	1.38579715999714	1.49926160726827
353000	354000	2.22249882114664	1.53383348190979	1.16526123389969
354000	355000	1.79252091182547	1.39447802197015	1.15729009235657
355000	356000	1.80029522993966	1.38761019457092	0.782928304812989
356000	357000	1.94535280086887	1.73356992689739	0.903811198250502
357000	358000	2.69842457920546	3.29387360687885	1.0189199791986
358000	359000	1.86444301851228	1.73005417595983	0.425221644605766
359000	360000	1.5723163516895	1.79653473812697	0.126094440062467
360000	361000	1.85455668825617	3.54523806366832	-0.120326847705795
361000	362000	1.69208780085497	2.11101603165296	-0.301181273706871
362000	363000	2.83995310830729	3.12575834165569	-0.745792695437586
363000	364000	2.01087304155668	1.72143318996731	-0.171705253700615
364000	365000	1.70484274434619	1.38591571995806	-0.22008173265912
365000	366000	1.87795013145531	1.14914730057399	0.082577128549463
366000	367000	2.06748274266961	1.28707791928051	0.402628568563184
367000	368000	2.44367272379726	1.48020286125603	0.381685739517698
368000	369000	3.97515198140046	2.58618187123738	0.565832226809321
369000	370000	2.84544658192876	1.41506627834441	0.795118253397945
370000	371000	2.41026485978128	1.27808473731126	0.761535342512614
371000	372000	2.03871506887109	1.02217745115532	0.789187747171604
372000	373000	1.74787918042866	0.794124614793058	0.817610682225545
373000	374000	1.3896559575774	1.02556018021308	0.794678889000063
374000	375000	1.25840615956087	1.41727952584654	1.14642058719197
375000	376000	1.43290330496021	1.09592142900209	1.46518777273785
376000	377000	1.47315885308196	0.713752817995011	1.25057248928843
377000	378000	1.2855584168209	0.336656584802324	1.31870700453314
378000	379000	1.72031653166817	0.171159288820314	1.17579241709971
379000	380000	1.74345563413173	-0.054682179345438	1.52464543147428
380000	381000	2.11485169718463	-0.137612679114557	1.6933389095274
381000	382000	2.42984415853982	0.128443925212776	1.93839661692306
382000	383000	2.22771450129233	0.230898976562454	1.51406769231636
383000	384000	2.20376625865762	0.440500370732653	1.83446224390481
384000	385000	1.8769685964801	0.363994239622851	1.67314294362893
385000	386000	1.84080473926684	0.309324039341473	2.02703216540923
386000	387000	1.57599483110853	0.553939512102901	1.90046943040276
387000	388000	1.48196807603709	0.811206552989405	2.21213690562746
388000	389000	1.22195746125692	0.800356640110667	1.83560975169187
389000	390000	1.15942210626342	0.418866283426344	1.92087819164564
390000	391000	1.15171256629592	0.299319266729665	2.29862964761911
391000	392000	1.03274107977054	0.311401357801168	2.72553022396853
392000	393000	0.815595663763933	0.638125778565275	2.36217043575678
393000	394000	0.54185456951737	0.380691831093725	2.41138016244554
394000	395000	0.365308182157718	0.758364584623988	2.22505068601674
395000	396000	0.0372403252123078	0.497843811104296	2.33874498362209
396000	397000	0.211217612323065	0.682801954298033	2.75093372288736
397000	398000	-0.35531332509367	1.19265926460826	4.27829081103506
398000	399000	-0.423919298841013	0.523198256071566	2.56821938091211
399000	4e+05	-0.308381837672332	0.50012063270501	2.00527547612444
4e+05	401000	0.00106045885761736	0.711873610756466	1.69204687362855
401000	402000	0.483059111094209	0.7931390361685	1.61653000484016
402000	403000	0.529198737816891	0.364453651033091	1.84615250789429
403000	404000	0.612698039118164	-0.0382931052720325	1.91517940318954
404000	405000	0.15446780184972	0.0777349390433812	1.87654258663243
405000	406000	0.0358895108720088	-0.186468306015034	1.56320656822057
406000	407000	-0.348101373064612	-0.00372598664769193	1.68075594515268
407000	408000	-0.580134880124944	0.0295839612488602	1.23814952304584
408000	409000	-0.146706000979406	0.341062720542335	1.2268754392387
409000	410000	0.198251878181907	-0.0235762165054306	1.06635160398623
410000	411000	0.611523674087908	-0.21682893531104	1.26984289468487
411000	412000	0.885118356848278	-0.627060774835633	1.22682377322685
412000	413000	0.573406836649114	-0.80440979651762	0.985796468336089
413000	414000	0.523841193376098	-0.767611333726017	0.517440387099687
414000	415000	0.802968383674322	-1.24705994088857	0.315813312303507
415000	416000	1.02403824408457	-1.55298971463992	0.698568033984784
416000	417000	0.779970881788674	-1.3344308221507	1.06150037123705
417000	418000	0.898125333032926	-1.73830396555305	1.32412869430194
418000	419000	0.953472388987745	-1.23881077424028	1.49471734076812
419000	420000	1.46213092753422	-1.59220672245918	1.52925140039564
420000	421000	1.61778308740186	-1.18342254652425	1.37192950672729
421000	422000	1.31771879775492	-0.951495637279787	1.06672524071298
422000	423000	1.61066685668513	-0.738519370651585	1.46623808891198
423000	424000	1.19107869654226	-0.482526373027259	1.58580841436233
424000	425000	1.51460205415522	-0.709052524093531	1.9561543617043
425000	426000	1.14237330657629	-0.401422626999729	2.09686465315695
426000	427000	1.20042074519588	-0.73371186509503	2.43550775167588
427000	428000	0.969252520374911	-0.832748223455529	2.16332027164837
428000	429000	0.795997930116964	-0.816630016225205	1.78037328463838
429000	430000	0.439902959205983	-0.654170164054286	1.89300330243405
430000	431000	0.164168234992184	-0.717120915565846	1.6259360765909
431000	432000	-0.239780096920671	-0.691898794883128	1.45381251059192
432000	433000	0.0508026563913623	-0.822089446446553	1.08832447755798
433000	434000	-0.290985124849559	-1.19247879019796	1.14675801453315
434000	435000	0.188182462431534	-1.40402730986785	0.942845095166057
435000	436000	0.045430028627082	-1.43846497462423	1.36533780558056
436000	437000	0.461320502030832	-1.45572718450683	1.51353467662514
437000	438000	0.70973006410609	-1.65745105121365	1.72742481401213
438000	439000	1.00373164856505	-1.72095447764959	1.90900798654802
439000	440000	1.24143439967225	-1.38771141319857	2.01528551525674
440000	441000	0.941438560065561	-1.21346765389057	1.96465861383608
441000	442000	0.663860397460961	-1.35184500482732	2.07937633967515
442000	443000	1.00249614991357	-1.42550846457351	2.50458112955819
443000	444000	0.635241052951041	-1.20579696173294	2.47215233195477
444000	445000	0.385648199943641	-1.22941083632967	2.78754171543795
445000	446000	-0.0330247156658737	-0.89864543907031	3.03271899141136
446000	447000	-0.644781252044687	-1.13423415837424	4.58076259851948
447000	448000	-0.412847010614027	-0.789389952662588	2.72342371921202
448000	449000	-0.238343284939901	-0.770896509793974	2.34278262569904
449000	450000	-0.0366361509553279	-0.997086473428967	2.15664163747669
450000	451000	0.213197989234906	-1.17851038397194	1.91340581437866
451000	452000	-0.0358218300007637	-1.46177300503471	1.86619789485511
452000	453000	-0.270630501610679	-1.77650297989506	2.13801045786814
453000	454000	-0.420444624537218	-1.75931501494684	1.77469428871372
454000	455000	-0.400872702307511	-1.36050975448655	1.65306293457691
455000	456000	-0.35794108361297	-0.977213448686131	1.83661211437004
456000	457000	-0.396430362552536	-1.27475709185578	2.1372475315282
457000	458000	-0.565905693301255	-0.989593605593483	2.38085291140482
458000	459000	-0.717950609371462	-1.3488306435792	2.47450620491111
459000	460000	-0.791822842335968	-1.07922259059583	2.0613122793446
460000	461000	-0.90126285867002	-1.44997014478649	1.9224118015869
461000	462000	-1.19654342099607	-1.08258039408626	1.78397277346867
462000	463000	-1.15615095339997	-0.798839345890222	2.21072841020999
463000	464000	-0.706403041085925	-0.569882034766596	2.12268022765302
464000	465000	-0.849540849368404	-0.355119473165994	2.47383220325683
465000	466000	-0.872117852005467	-0.312422471295643	1.86733346589668
466000	467000	-1.28680970145251	-0.209933345786823	2.02675885115339
467000	468000	-0.974207330305954	0.108966566933023	1.85301415905448
468000	469000	-0.805618940952477	0.11801365988639	2.32526527822138
469000	470000	-0.384092544296752	-0.113977833064508	2.29190941905862
470000	471000	-0.376282724645329	-0.254922487437198	2.65018554498296
471000	472000	-0.117813258968303	-0.222616664655435	2.96446024933939
472000	473000	0.108623202283844	-0.202896944276136	2.66900380917131
473000	474000	-0.0427907610652853	0.10481285343206	2.70068916617391
474000	475000	0.190021952376438	-0.0372764346780896	2.35449310817185
475000	476000	0.423288093621508	0.0154576915140742	2.65966699535542
476000	477000	0.654671246841188	-0.222680478575671	2.62276807865677
477000	478000	0.436096762939929	-0.32888010071776	3.05981250138204
478000	479000	0.528365990146396	-0.564112854568387	2.7841715940705
479000	480000	0.351091490138348	-0.791134058438238	2.67826863535093
480000	481000	0.682392314829618	-0.834965946920174	2.63102728742521
481000	482000	0.442655257176122	-0.857912039355136	2.33587149697931
482000	483000	0.489672831502776	-0.492371772799772	2.37792647310663
483000	484000	0.114266555154141	-0.519412205162406	2.42084710848182
484000	485000	0.0633885818307994	-0.609456636035302	2.79111802793488
485000	486000	0.064942212564417	-0.962858804702471	2.5568617810807
486000	487000	-0.0605343902194236	-1.32864378722713	2.85169942213933
487000	488000	-0.150196719061899	-1.37515669815763	2.50002012130894
488000	489000	0.101419094429083	-1.31704222885464	2.34164308411008
489000	490000	0.0778434430689618	-1.61462338844103	2.3577714452177
490000	491000	0.3493598624451	-1.48174265378032	2.29478266549738
491000	492000	0.327935913449987	-1.76755255883758	2.26100347371628
492000	493000	0.248902546323228	-1.66660206038171	1.96721460536647
493000	494000	0.0798414263589559	-1.98625177923375	2.05709967005811
494000	495000	0.405053027119806	-2.00005827535614	1.88301168964368
495000	496000	0.872052697303406	-3.70486479923654	2.49803380806993
496000	497000	0.393726008599746	-2.30450267821091	1.51973968514588
497000	498000	0.213024549109587	-2.22893557964194	1.18920862948869
498000	499000	0.302003644571308	-1.91129878036396	1.134933074423
499000	5e+05	-0.0268036167776239	-1.89871917609862	1.30966739606723
5e+05	501000	0.205663256781203	-1.96541841168567	1.55350932247644
501000	502000	-0.123997723302002	-2.18412598276909	1.54946826898189
502000	503000	-0.100462860273322	-2.5692902718134	1.31525603766705
503000	504000	-0.255818853551869	-2.229996223296	1.08148222141773
504000	505000	-0.354722720452885	-2.43838200777606	0.828317680772456
505000	506000	-0.544176205208018	-2.37253075513622	0.548830809933619
506000	507000	-0.204188157643386	-2.52117400516829	0.534424074474434
507000	508000	-0.239688050277746	-2.07919838811742	0.729207547512199
508000	509000	0.17121367106232	-2.2552717498898	0.756987992788045
509000	510000	-0.0191182376390029	-1.84907156087428	0.534123391431648
510000	511000	0.260706109424916	-2.06469020328594	0.33564724121166
511000	512000	0.0259742411277193	-2.2953139474516	0.139523010672316
512000	513000	0.208641614774041	-2.05630998546418	-0.168265010024503
513000	514000	-0.0746568906223495	-2.32604064846296	-0.417923505304412
514000	515000	-0.306203493147936	-2.01386065758828	-0.231491734980705
515000	516000	-0.385586773283547	-2.49032173278547	-0.107467282402907
516000	517000	-0.518276155425448	-2.18133406803869	0.105490326716135
517000	518000	-0.821759468122785	-2.23374666489976	-0.0552185293999584
518000	519000	-1.20528304022984	-2.53151066610444	-0.208516498067529
519000	520000	-1.35721636041895	-2.3393788164168	0.00236617668876037
520000	521000	-1.24882677713595	-2.09805195090814	0.130280158105063
521000	522000	-0.980190361430987	-2.12918757672891	0.294718649487917
522000	523000	-1.01291320855197	-2.48912050487355	0.215928360575045
523000	524000	-1.20887856505289	-4.3164890092777	-0.112317444830939
524000	525000	-0.863538434324533	-2.51902054823993	-0.292444782973224
525000	526000	-0.899342054176673	-1.7952621370498	-0.140713627526293
526000	527000	-0.741000488461073	-1.90730537996933	-0.523170373610304
527000	528000	-0.852913666966095	-2.38728474166257	-0.995480386658887
528000	529000	-0.564053267660648	-3.93250807736898	-1.64367728971987
529000	530000	-0.516476088583809	-2.28754355668381	-0.665770748867085
530000	531000	-0.451981406805831	-1.47085529161373	-0.0784354965153647
531000	532000	-0.677809659345555	-1.5603677640941	0.370024603626768
532000	533000	-0.983332658812917	-2.34046469399616	0.737649200420492
533000	534000	-1.46080860027204	-3.84059803380832	1.5756612970747
534000	535000	-0.75796503633135	-2.05408644433885	1.02767060824451
535000	536000	-0.855649814239349	-1.65966115186623	0.925282234229353
536000	537000	-1.30593396895935	-1.83904248759267	1.1065976140865
537000	538000	-2.68139450277706	-2.67982399333526	2.00976897334342
538000	539000	-1.75346608774177	-1.49524038342171	0.992057971137905
539000	540000	-1.74984042793034	-1.04445613749565	0.945438405312433
540000	541000	-1.27891561041142	-1.04476313611689	1.00255114223072
541000	542000	-1.24349698489485	-0.529204595008304	1.04756768647408
542000	543000	-0.817604990697769	-0.562799634503309	0.792982776477172
543000	544000	-1.07720893515496	-0.599423656074666	0.37958580797399
544000	545000	-0.752684086208063	-0.944689180351883	0.168737110817504
545000	546000	-1.09469879129955	-0.874072741148973	-0.113416433457605
546000	547000	-1.02166937740911	-0.754564479258597	-0.538889807484326
547000	548000	-1.35850189097403	-0.463898096706265	-0.519917899110572
548000	549000	-1.78065826344905	-0.176907138582214	-0.693688565876113
549000	550000	-2.32978924601524	-0.0966859581614399	-0.745323308177816
550000	551000	-4.16558903864204	-0.224546449907151	-1.09883200513935
551000	552000	-2.44005233965794	-0.515818458584606	-0.395499918416219
552000	553000	-2.55781623896068	-0.882611089857375	-0.076956248910931
553000	554000	-2.06958101358106	-0.972803764090979	0.00453272642227555
554000	555000	-1.84453200697368	-1.2363213674712	0.266309334737317
555000	556000	-1.77644687081066	-1.17671107010191	-0.121129960483056
556000	557000	-2.19027877928918	-1.46230577402415	-0.053805770853184
557000	558000	-1.95897684192817	-1.34379995949884	-0.429016765142716
558000	559000	-2.28416181865559	-1.278508387696	-0.338269268776678
559000	560000	-2.5277908987187	-1.44617068312155	-0.517304551748901
560000	561000	-4.17305610372338	-1.81096971480403	-1.06151108611167
561000	562000	-2.45350575054374	-1.07607030894199	-0.758284552957444
562000	563000	-2.21912732020835	-0.901318795477854	-0.55908920896697
563000	564000	-1.97731818211206	-1.07081986677487	-0.774368758483187
564000	565000	-2.25315018742898	-1.43332680321451	-0.947639549640229
565000	566000	-1.90131808639455	-1.59848400090192	-1.11151624166987
566000	567000	-1.6949055614196	-1.45999126388708	-0.78863910678345
567000	568000	-1.57996771852039	-1.57163315173282	-0.443537638248109
568000	569000	-1.42908960754275	-1.7758112789688	-0.136947575223151
569000	570000	-1.35986670567149	-1.38696082249417	-0.11592339862202
570000	571000	-1.42857290938912	-1.15656227136401	-0.476614689293214
571000	572000	-1.30541589331382	-1.20048663378063	-0.843701952338465
572000	573000	-1.18518309371905	-1.2892999381836	-1.18934474336808
573000	574000	-1.18540255401215	-1.36067474982682	-1.54673078356795
574000	575000	-1.56912057945794	-1.45998426040023	-1.57496581909671
575000	576000	-2.57921601163635	-2.23001775507752	-3.03831597376007
576000	577000	-1.80553535602342	-1.19472629829613	-2.0337861599461
577000	578000	-1.50757638708604	-0.975212651233182	-1.74416489621033
578000	579000	-1.3256515278746	-0.785791041985343	-1.23343542450913
579000	580000	-1.16109459715147	-0.731220325385014	-1.6071585896976
580000	581000	-1.18626723811519	-0.629109369510418	-2.04942892115886
581000	582000	-1.5861412090186	-0.358731764376483	-2.12402622591509
582000	583000	-1.52659524131449	0.00995113982072857	-1.69128599956906
583000	584000	-1.72242145303336	-0.370081873315851	-1.6830964107988
584000	585000	-1.58926265389895	-0.556481279141447	-1.41339812407612
585000	586000	-1.98078994352081	-0.706575155492273	-1.66271387956385
586000	587000	-2.0055257431299	-0.63993799360477	-1.29806152199582
587000	588000	-1.77485660314992	-0.950073515198242	-1.28841584118764
588000	589000	-1.98296020308137	-1.17541131835792	-1.17745045458213
589000	590000	-2.27245478516146	-1.01855165823822	-1.30581871667314
590000	591000	-2.4938128922378	-0.678966184185239	-1.14684133110784
591000	592000	-2.09515485809769	-0.627409470869078	-0.885185765065185
592000	593000	-1.70796274635669	-0.69806467528225	-0.740705652506307
593000	594000	-1.92151502828033	-0.587164345358071	-0.299828207337679
594000	595000	-1.76666551785056	-0.426001146878179	0.0623953977876177
595000	596000	-1.90581898804661	-0.290356587285682	0.459449110283293
596000	597000	-1.61295964963377	-0.625580758835216	0.624804588780764
597000	598000	-2.08257821513221	-0.755350053908569	0.643323063617705
598000	599000	-2.34890328275515	-1.00134411180033	0.44574105058833
599000	6e+05	-3.95064066185205	-1.87002582273633	0.915479237500456
6e+05	601000	-2.33583574469653	-1.54974033032451	0.37935907808078
601000	602000	-1.92980063506665	-1.69558610314422	0.417246970944806
602000	603000	-1.55951935640912	-1.65280488768352	0.266436595188093
603000	604000	-1.85387803142876	-2.00953048630944	0.173979563241372
604000	605000	-1.81387242112591	-1.71821505670644	-0.0521306968946042
605000	606000	-1.9092209879251	-2.12337878318778	-0.183051194787521
606000	607000	-2.06138218504279	-1.79112817873932	-0.283506185563576
607000	608000	-2.13880909391207	-1.97229478194607	-0.543217535135559
608000	609000	-1.93420135367704	-1.75271355702265	-0.681209155765323
609000	610000	-1.7826325890502	-1.90154816431433	-0.464454225196068
610000	611000	-1.60765880799001	-1.90292227295632	-0.684746507768669
611000	612000	-1.81580334518705	-2.18650282982398	-0.699026876972272
612000	613000	-1.74615955275003	-2.10153807738528	-1.05814937105077
613000	614000	-1.53816582184456	-2.13619554463031	-0.439645507657439
614000	615000	-1.22602955642102	-1.96814561612473	-0.450366446837262
615000	616000	-1.45367196926748	-2.50730746959686	-0.657664733694388
616000	617000	-1.28285896877842	-2.11629142214467	-0.786871709135473
617000	618000	-1.30733226301323	-1.78257107424998	-0.943542271473659
618000	619000	-1.12881550542427	-1.96737964210286	-1.25148295692814
619000	620000	-0.878586409153138	-1.90255361650559	-0.971922782990998
620000	621000	-0.802943583150258	-1.5153382106568	-0.854456686777876
621000	622000	-0.526441754587053	-1.71835740771993	-1.15263556363236
622000	623000	-0.0750783283147803	-1.96646897572662	-1.05325578405037
623000	624000	-0.105822253993866	-1.5465570954961	-0.692819251327326
624000	625000	-0.48179068116218	-1.17683088503547	-0.652901791457193
625000	626000	-0.132623943939705	-0.879272370394565	-0.745919566203894
