0	1000	-0.208176991502625	-1.61690946351456	2.29746765799833
1000	2000	-0.177223645481942	-1.64225950255648	1.91026962499644
2000	3000	0.0428935481313344	-1.9835371117699	1.72522806077927
3000	4000	0.22640990362714	-1.97540107321779	2.06998526140078
4000	5000	0.229227545109191	-2.32199131451484	2.07770755506791
5000	6000	0.62933658780131	-2.31828543434371	1.94000659987771
6000	7000	0.793973096911596	-2.22339511517939	1.5984086122801
7000	8000	0.940509416461332	-1.87978960713307	1.47459387241695
8000	9000	1.07849458049444	-2.0396738687474	1.14314822515271
9000	10000	0.634811967968478	-2.11538348183654	1.25502021249891
10000	11000	0.829538841487201	-2.43418635096347	1.10072069679034
11000	12000	0.537267289352108	-2.62608440369723	1.46911899840188
12000	13000	0.262772235731534	-2.43958163057011	1.15869209971547
13000	14000	0.243888666729332	-1.90996847767692	1.0509892367408
14000	15000	0.237886475128762	-2.32735141326182	0.721663353174537
15000	16000	0.507979135685002	-1.93385753605763	0.625700742171726
16000	17000	0.870920637779195	-2.27236839983386	0.47166957779008
17000	18000	0.85402577810883	-1.97898821541875	0.0657921009124423
18000	19000	1.07837540110095	-2.35138883811029	-0.265171341942159
19000	20000	1.34870207087878	-2.02227087175976	-0.489524775700741
20000	21000	1.31519817082997	-1.59118683762202	-0.290189322366224
21000	22000	1.05302859118999	-1.4030386677284	-0.693544134709284
22000	23000	1.23183007335808	-1.25784716484949	-1.18000933536907
23000	24000	1.59217040983464	-1.48626876241472	-1.44812370629372
24000	25000	1.52077894409599	-1.93982093766798	-1.22791440309115
25000	26000	1.00755346782394	-1.85704810886082	-1.14408060100803
26000	27000	0.688856925367205	-1.65966833852093	-1.49425383253224
27000	28000	0.611049939684896	-2.12258864726528	-1.87900272337218
28000	29000	0.288699553745472	-3.05090048622446	-2.19793482185005
29000	30000	-0.0446884921806985	-2.35265750458564	-1.50664509713965
30000	31000	0.0422743103014191	-1.58939322802679	-0.968553418106127
31000	32000	0.369096510996548	-1.2796371265263	-0.43575907622333
32000	33000	0.783319223297366	-1.15009609259681	-0.0827100237482298
33000	34000	1.21820289374261	-0.904958345069805	-0.24270233471479
34000	35000	1.43240844231467	-0.683591590935292	-0.767068053840476
35000	36000	1.59918575786346	-0.307094663578524	-1.18939665811738
36000	37000	1.30815230259548	-0.0252830040613121	-0.838966274233031
37000	38000	0.940759843566258	-0.212232110830067	-0.501839263274998
38000	39000	0.423489398604209	-0.321917165011253	-0.302353863801176
39000	40000	-0.0727588749121303	-0.638557154101158	-0.115259579314676
40000	41000	-0.125492607601376	-1.59395613956969	-0.31960741912284
41000	42000	-0.0473393817407133	-3.11380335950542	-0.775748974104351
42000	43000	0.49737819158513	-2.76285093646979	-0.433400282271504
43000	44000	0.369553178738054	-2.07467069936732	-0.204855047019058
44000	45000	0.308421191394775	-2.36757988644535	0.226036498452163
45000	46000	0.765377808455904	-2.88776742905276	0.487549577393087
46000	47000	1.48406491459022	-3.60238069542422	0.706573243739961
47000	48000	1.4757826036293	-2.51038737256197	0.617118886417368
48000	49000	1.70454598906238	-2.05367390891639	0.313500954002917
49000	50000	1.97395421084982	-1.76756565338054	0.0516668732562793
50000	51000	2.15475341223611	-1.50520497232984	-0.194883234200247
51000	52000	2.39954525991428	-1.58441952367203	-0.47553339460987
52000	53000	2.39518326725952	-1.18175182722029	-0.420045440846587
53000	54000	2.46826885005012	-1.00389181907412	-0.103693746435531
54000	55000	2.74787732228364	-0.901947271792978	-0.286539925287152
55000	56000	2.890369128438	-1.02003593787926	-0.579879251655307
56000	57000	2.88578414065725	-1.05506379775233	-0.943968091412377
57000	58000	2.63707129348916	-0.959801645907058	-1.19000619984463
58000	59000	2.57172025048934	-0.753065709434888	-1.50611117975801
59000	60000	2.30435176448075	-0.585877109930319	-1.81523700730088
60000	61000	2.04838746810025	-0.50319536363379	-2.17255053308797
61000	62000	1.71691725968614	-0.660813485661401	-2.42122044787404
62000	63000	1.70933545796172	-0.841737105797287	-1.9963810059369
63000	64000	2.07373107109971	-1.08029513016964	-1.74690248038226
64000	65000	1.98811149265112	-0.853744200793362	-1.35709376213956
65000	66000	2.13007453319569	-1.3402786000281	-1.27755475280107
66000	67000	1.83929383843077	-1.17416649057371	-0.88746006834112
67000	68000	1.80163950657661	-1.23143297190962	-0.423444038574069
68000	69000	1.87025931430076	-0.845585193442061	-0.126382448359013
69000	70000	2.1332376645358	-0.515466573483262	-0.348436907617597
70000	71000	2.3417896632956	-0.220489920822263	-0.656319364989656
71000	72000	2.23201732384726	-0.211058318006494	-1.17451080785094
72000	73000	2.67530663848082	-0.443276639573069	-1.04748292023514
73000	74000	2.20576513077049	-0.679582125130293	-0.931716814298606
74000	75000	2.45514747551378	-0.929860804847007	-0.762784999938162
75000	76000	2.50949143004898	-1.29574627878548	-0.815311098531912
76000	77000	2.79841231006382	-1.45595202715616	-0.559699960238489
77000	78000	2.92164151533574	-1.2793456385098	-0.245773791668055
78000	79000	2.61809779741509	-1.42147227189339	-0.176041652569401
79000	80000	2.81843456899285	-1.74653081166544	0.0846834484635319
80000	81000	2.45515217622358	-1.51330978113839	0.150131642693944
81000	82000	2.79029398138659	-1.28091655832854	0.361139860781509
82000	83000	2.24335393987076	-1.30535160927959	0.404245050411798
83000	84000	2.48380905425231	-1.51396315073614	0.697296592170541
84000	85000	2.02702500671708	-1.61948058773739	0.680912608808499
85000	86000	2.10777563971073	-1.69821697643873	1.12364526890489
86000	87000	1.64021611669248	-1.55269070728146	1.15592536302183
87000	88000	1.90740691604304	-1.14323955888535	1.26754806967103
88000	89000	2.02474273714881	-0.642310802745093	1.26332667561007
89000	90000	2.3114692058737	-0.166478905159387	1.30851277717968
90000	91000	2.87896076188311	0.0815477613261762	1.54842645302893
91000	92000	3.95609019155834	0.141921564997959	1.83705047370554
92000	93000	3.26867337392321	0.330060713631022	1.00827283250701
93000	94000	2.83589243403868	0.312199235873778	0.582789078354307
94000	95000	2.3018095480808	0.237152000404304	0.562009666439356
95000	96000	2.34694847586373	0.193025245567631	0.0806029273222702
96000	97000	2.30981492282129	0.588655819229725	-0.153479979196912
97000	98000	2.77268528225364	0.795810156628458	-0.0965462061094488
98000	99000	2.59047067399559	1.15721988756143	0.180653564133665
99000	1e+05	2.71559390090279	1.09610004445717	0.649678082633717
1e+05	101000	2.25084305144792	1.1623125140188	0.767464909263154
101000	102000	2.07974457635346	0.835602415182477	1.09361960287953
102000	103000	1.68351822421465	0.686317734662399	0.75037836154599
103000	104000	1.78132609657642	0.244756189100742	1.10853483374083
104000	105000	1.48795034489088	-0.0819094928742393	0.790297937046824
105000	106000	1.39288881452056	-0.484744429592917	1.24056145743165
106000	107000	0.982885186226137	-0.602303200120056	0.850653418030023
107000	108000	0.92211867759829	-1.12917058279049	0.87136742045461
108000	109000	1.30867139559133	-1.20304823625222	0.527162590615706
109000	110000	1.71352907110238	-0.892610345929817	0.478645155305864
110000	111000	2.10916360324236	-0.759577947083302	0.752372382811391
111000	112000	2.29819953923414	-0.564854404748246	0.385429521858118
112000	113000	2.48532023863337	-0.95926429433015	0.384498620591229
113000	114000	2.86069489319516	-0.728763489226667	0.299430373818498
114000	115000	2.98373495241166	-0.535701896911065	0.763274080350122
115000	116000	2.87101488319041	-0.0895793054235293	0.971467646647837
116000	117000	2.70885315149165	0.518917834376739	1.11916515387722
117000	118000	2.92187368790521	0.935501374391112	1.13493202821983
118000	119000	3.467322687827	1.00593889426095	0.941308013357761
119000	120000	4.37024504158491	0.907797742712238	0.521067978785693
120000	121000	3.39816140374621	0.416671212262619	0.2957159856871
121000	122000	2.92185820763326	-0.016513326542053	0.0310740528343449
122000	123000	2.75564447455325	-0.376434761401128	-0.245025312741468
123000	124000	3.24667477357899	-0.171309754567184	-0.455703310085157
124000	125000	4.06579403781818	0.318803592587654	-0.987639464090752
125000	126000	2.9957864926984	0.472331549048705	-0.967035465916837
126000	127000	2.2319405462411	0.471790418092912	-1.15962134571798
127000	128000	2.46789586543887	0.666949490293126	-1.68677306024497
128000	129000	3.23582982043447	1.31750376972691	-2.13801928834312
129000	130000	2.48531206516395	1.41506705613191	-1.50141060090644
130000	131000	2.03204017875616	1.38877483161953	-1.16749017417134
131000	132000	2.03591259938071	1.59215107086767	-0.737237494030648
132000	133000	2.2826177984398	1.77367322018812	-0.343284549943602
133000	134000	2.53685864157401	1.78494285305882	0.0896085795746804
134000	135000	2.60918053844094	1.68897644678011	0.644648858058187
135000	136000	2.99917032358627	1.78004424436358	0.984879439301202
136000	137000	3.86981946648728	2.43814319244007	1.23513673360866
137000	138000	3.14013455437113	2.54306472759236	0.936655962301605
138000	139000	3.21968090147022	3.16239070920866	0.477680081955343
139000	140000	2.46943488935765	2.40958526097299	0.398582775616956
140000	141000	1.97851774513052	1.93426611980271	0.295317313738362
141000	142000	1.73257261778614	2.05474327779442	-0.206349577306509
142000	143000	1.80027741259697	2.6356093834824	-0.0828094758267835
143000	144000	1.83977525313	2.79057873293459	0.45718998454899
144000	145000	1.56369647732972	2.4586987859786	0.538363850580373
145000	146000	1.38014352042663	2.2298956245643	0.150760776198609
146000	147000	1.17094084249045	2.42786213550517	-0.252864075584577
147000	148000	0.990891093880167	2.84776544650421	0.06443222314153
148000	149000	0.997537193106298	2.72951042967421	0.582949703309028
149000	150000	1.17583435439309	2.79802527602732	0.952732833280932
150000	151000	0.946443405370546	2.63819993953309	1.25819968535262
151000	152000	1.01194534635701	2.53502362315658	1.67149108146237
152000	153000	0.725218707755694	2.12116617757907	1.65353657310709
153000	154000	0.793301053120592	2.27568991841045	2.09957601877604
154000	155000	0.769816456085932	1.80991060790149	2.17024428501509
155000	156000	0.893046463973711	1.84025114713042	2.61942173975151
156000	157000	1.03161148914544	1.401866082914	2.50336017989961
157000	158000	0.732098769690845	1.21704197753154	2.79821896126182
158000	159000	0.385270013224992	1.15777209355474	2.46853127815993
159000	160000	-0.027003190140723	1.10290164110943	2.7296854642032
160000	161000	-0.425324041799541	0.837140504966742	2.99462695749768
161000	162000	-0.638391241292433	1.04848089743791	3.35245954042233
162000	163000	-0.297589461810935	1.47767055861732	3.23796240594328
163000	164000	-0.507286683131111	1.39948015606831	2.83910914789704
164000	165000	-0.61080707114568	1.25731147271702	2.4399600440929
165000	166000	-0.965418525235113	1.44261230601471	2.20192269080366
166000	167000	-1.12672328250832	1.5941625121758	1.71482983636856
167000	168000	-1.57707081696301	1.31945938666138	1.65874558246242
168000	169000	-1.44429583933825	1.05084353485173	1.25739407624492
169000	170000	-1.41737597492078	0.571608352404483	1.20494302971649
170000	171000	-1.15447524302595	0.477611216281132	0.705325351532606
171000	172000	-0.682429710776616	0.208950003342531	0.825971748826503
172000	173000	-0.38133620076097	0.407631021909109	1.28144547039939
173000	174000	-0.466447633109022	0.764210491603563	1.66834391849128
174000	175000	-0.55235036280593	1.24139851640625	1.63013483157251
175000	176000	-0.132757325548607	1.49119768781612	1.50030579473975
176000	177000	0.171731209356137	1.50245181951726	1.89623308115987
177000	178000	-0.176205074122146	1.66102417331155	2.21120760644473
178000	179000	-0.352726603607075	1.92134376800933	2.62162091802297
179000	180000	0.135678727021389	1.78012023279228	2.69107184112871
180000	181000	0.334004973072237	2.00644278470284	2.33577158217244
181000	182000	0.3353050341723	2.0486807621718	1.88567912276772
182000	183000	0.0616368921015126	2.40045638636928	1.91549676166625
183000	184000	-0.112127282175272	2.12044254463008	1.55036246848845
184000	185000	-0.367253354651365	2.47973529812828	1.43986186335698
185000	186000	-0.684349689937474	2.097934526778	1.26271113135243
186000	187000	-0.850306316656888	2.47187918485841	1.01896056139218
187000	188000	-0.980619812183092	2.34033460715971	0.584428744557623
188000	189000	-0.960346427683852	2.41162391341326	0.0760832175572076
189000	190000	-0.75279595593823	1.88330756935315	0.156240214729992
190000	191000	-0.352492140296043	1.98273285970015	0.62861268884855
191000	192000	0.114781459814425	2.15530886616511	1.08642771495106
192000	193000	0.401237909900065	2.71410022958931	1.57210749938672
193000	194000	0.785291208715066	2.79091613337704	2.13406056197393
194000	195000	1.16803024774123	2.39443693811807	2.40969551740734
195000	196000	1.39841784651967	2.00794550057197	2.41235457499518
196000	197000	1.3309216392618	1.80054548674024	2.04717227394809
197000	198000	1.18120822082846	1.61021836956478	1.70247323612167
198000	199000	1.31291909085589	1.17840623390389	1.86302504877011
199000	2e+05	1.37048188221627	1.03705337505915	2.32398544605581
2e+05	201000	1.8068341923798	1.15628276456863	2.32109491942377
201000	202000	1.90812810407506	1.60307838209445	2.39986575648606
202000	203000	1.77359727736709	1.71523664468586	2.01652810533737
203000	204000	1.96033626808255	2.12458441222956	2.10458329222757
204000	205000	1.71160299308008	2.08725750350356	1.7436704183715
205000	206000	1.89638162307849	2.41124747125028	1.65412756350714
206000	207000	1.86109522426091	2.79669154070568	1.71825978671146
207000	208000	2.47924158512068	3.74462273327579	1.82935706513554
208000	209000	2.19690815405771	2.71570115993362	1.29344140672591
209000	210000	2.17622147146553	2.32125328522563	1.12113927102754
210000	211000	2.02353027997681	1.99887717735697	1.38752554711582
211000	212000	2.07146445408034	1.75654763136719	1.70720984794206
212000	213000	2.25698269492882	1.61529769457981	1.36489255931623
213000	214000	2.58197596881559	1.54043301427733	1.15732766524514
214000	215000	2.51680189452802	1.95832843967268	1.08578315255196
215000	216000	2.57675604059331	2.05839304332628	1.47654715477202
216000	217000	2.37803586477687	1.991499921258	1.78292558271692
217000	218000	2.71695501549869	1.73025798659299	1.71180302396422
218000	219000	2.39348169598073	1.59323883334622	1.92906148825792
219000	220000	2.55974703181589	1.34040231613005	1.54477285575512
220000	221000	2.58912683799315	1.25117345578203	1.95908018359775
221000	222000	2.56520088734575	0.83046594501028	1.78575127145492
222000	223000	2.12740008028464	1.13068549374627	1.92094782522976
223000	224000	2.04429911700318	1.13672939497895	1.51371628560803
224000	225000	1.74783359434019	1.43390364374458	1.40357839470009
225000	226000	1.89578986405461	1.49538179667091	0.950058210888228
226000	227000	1.50403809275032	1.74386666369922	0.927579537703362
227000	228000	1.71654817114694	2.13771968918896	0.908940667757158
228000	229000	1.59807079770155	2.55040367900962	1.17878732600646
229000	230000	1.31833302079221	2.21935234667275	1.41961781801309
230000	231000	0.996272725120053	1.92559948301783	1.27111967273247
231000	232000	0.829272441084855	2.0558894861324	0.878826232175184
232000	233000	0.631172673579887	2.41198915326766	0.737299650785242
233000	234000	0.375067897795613	2.72206199095339	0.910681627893011
234000	235000	-0.0316097989089019	2.99682243966428	0.988274023446708
235000	236000	-0.244054851737927	2.67735688678041	0.671651349958728
236000	237000	0.0387822447911367	2.59225518354743	0.321908305956935
237000	238000	-0.357880690761209	2.6197741683956	0.0405264922163923
238000	239000	0.0570549719136872	2.92838639093384	-0.197136334765623
239000	240000	-0.0407184354467583	2.35895903436227	-0.399521434500732
240000	241000	0.398030828188153	2.20012986651874	-0.118826812624041
241000	242000	0.154297855263866	1.81417863104614	0.146679854390155
242000	243000	-0.0434259470439267	1.51740956843962	0.546458018462784
243000	244000	-0.236386944769545	1.09006976280857	0.694181723629199
244000	245000	0.0792363585287491	0.692988185280265	0.887153038509214
245000	246000	0.434029211459679	0.299058793366495	1.0749793097281
246000	247000	0.877759760338208	0.17155329484827	1.39209356441939
247000	248000	1.35135788354942	0.268444937210077	1.63892858986283
248000	249000	1.60111772833566	0.431328874213274	2.04773086416214
249000	250000	1.1539009267836	0.346318857786381	2.36842706271903
250000	251000	0.634793908093465	0.406060397756764	2.29171011121452
251000	252000	0.467488027530863	0.760946130869615	1.93511094610724
252000	253000	0.677645308108697	1.10771004280373	1.59586305718691
253000	254000	1.05393063493527	1.16016169117787	1.30197117459145
254000	255000	1.12290239150476	1.16193980379298	0.84357722044978
255000	256000	0.786183104359033	1.45643002998403	0.64491606288172
256000	257000	1.06340629275083	1.56995765598769	0.229938807818164
257000	258000	1.47691591776583	1.34388708590238	0.00342188605351708
258000	259000	1.52139974172329	0.811818045678315	-0.171584258445313
259000	260000	0.99807183695568	0.63569396769957	-0.189209589990923
260000	261000	0.492679450349418	0.754644851429347	-0.0541669024340814
261000	262000	-0.0653014780467609	0.911784531980362	-0.069784279109146
262000	263000	-0.118186911146019	1.07826433626827	-0.613432708726117
263000	264000	0.401513227799876	1.04835310141829	-0.911594584898905
264000	265000	0.737573252475682	0.781979254361909	-1.25000011895202
265000	266000	0.643214369917673	0.319460163303803	-1.56091525774278
266000	267000	0.306926195385816	-0.0883710778442192	-1.82960167900168
267000	268000	-0.196476394293903	-0.398089519559892	-1.78688007708596
268000	269000	-0.465029104410008	-0.131873128004128	-1.36028362612278
269000	270000	-0.0802407224362342	-0.448728373426844	-1.11220107125729
270000	271000	0.431085998687802	-0.251960295195711	-1.25645632924343
271000	272000	0.636955008655575	-0.713283505015309	-1.40711172444808
272000	273000	1.07989764095523	-0.752086325929936	-1.60850126089493
273000	274000	0.935244591790395	-1.10235996265099	-1.98034271113671
274000	275000	0.729507705237466	-1.01276640772055	-2.41763646821585
275000	276000	0.242301288184017	-1.00004106106325	-2.45976751779814
276000	277000	-0.173433262826561	-0.786773570022024	-2.35561040179211
277000	278000	-0.092699461019737	-0.280403810602393	-2.38884750178857
278000	279000	0.233645556769458	0.139955427951826	-2.33415862516588
279000	280000	0.775725673906159	0.35323161660465	-2.13331890535444
280000	281000	1.29775997327163	0.275085985407991	-1.85946468951225
281000	282000	1.51170484902927	-0.122017006299685	-2.10626005777424
282000	283000	1.08172465805039	-0.404756586670197	-2.23748428412314
283000	284000	1.14530792214328	-0.370479236573771	-2.74356415887346
284000	285000	0.63893070532003	-0.45951637310156	-2.6414924517456
285000	286000	0.936793739187685	-0.743288436845203	-3.05027073246775
286000	287000	0.529935631608458	-0.88077980205331	-3.03576309546502
287000	288000	0.18273606437431	-0.865359647619942	-3.21119924516534
288000	289000	-0.144721743904407	-0.71394164812337	-3.03932551006177
289000	290000	-0.102527792542425	-0.5347249811609	-3.48806367445241
290000	291000	0.0824204151922784	-0.0795787682942894	-3.84140872895772
291000	292000	0.0345947805319487	0.430933701932643	-3.90976434751137
292000	293000	-0.147403698014991	1.06668792056065	-4.86715046918307
293000	294000	-0.28941173183297	0.961051920706813	-3.79749430387245
294000	295000	-0.389027047154807	0.773231710625609	-3.30609388972788
295000	296000	-0.495054208686492	0.493097326740984	-2.91785723805402
296000	297000	-0.555759392736364	0.0867276265229994	-2.79198246021062
297000	298000	-0.612635064774451	-0.0256562591459813	-3.22816944245662
298000	299000	-0.684188698917284	-0.325583573146968	-3.60464492635077
299000	3e+05	-0.623542770129975	-0.579996550519951	-3.17307078078067
3e+05	301000	-0.433611778553143	-0.376235878949966	-2.90631654853953
301000	302000	-0.120087186683665	-0.128904870562626	-3.08114515070204
302000	303000	-0.176689083945814	-0.0956474392392176	-3.43647249695398
303000	304000	-0.457592683522095	0.192649509104947	-3.65698731740558
304000	305000	-0.209029432174783	0.279805955413474	-3.23783548915043
305000	306000	0.124639569889968	0.443036287668142	-3.15264399267132
306000	307000	0.43339834792494	0.609274759015474	-3.1892024449522
307000	308000	0.615962800972502	0.632837621170342	-3.59345887166315
308000	309000	0.948564557019897	0.515597712610737	-3.28285680179354
309000	310000	0.878948261883145	0.161777213864697	-3.53429476031868
310000	311000	0.971438381584021	0.0217701494960824	-3.14956110374426
311000	312000	0.78823643054463	-0.263845858972118	-3.20787431370022
312000	313000	0.872690456459611	-0.300785659748114	-3.63633914125927
313000	314000	0.43962904589405	-0.351768189023581	-3.42804609187151
314000	315000	0.305624311483229	0.0239060776556033	-3.38115707829111
315000	316000	0.228450772846384	-0.330302938530179	-3.02620978415318
316000	317000	0.490524674851257	-0.0326099153617033	-2.98628459820618
317000	318000	0.681761582057267	0.121138118979616	-2.6771032915704
318000	319000	1.12458232944303	0.255622911144822	-2.77882658994163
319000	320000	0.701890583423803	0.639692375102739	-2.58037237754312
320000	321000	1.19528934245685	0.701179278965158	-2.72771481670797
321000	322000	0.997849866576473	1.05708765108219	-2.79284876599631
322000	323000	1.11142441672575	1.47218683351322	-2.95600391734747
323000	324000	0.659659902796264	1.33602787895261	-3.05045591680454
324000	325000	0.789556813515616	1.37091659585375	-3.40333114457346
325000	326000	0.845457235684733	1.6478172316812	-4.55756833877749
326000	327000	0.486394080226538	1.07564814439179	-3.5184035360114
327000	328000	0.411672967527246	0.984358456036646	-2.94528708025068
328000	329000	0.186575652390625	0.862006775777711	-2.56392752586694
329000	330000	-0.240590720046752	0.947406905567564	-2.69745623362523
330000	331000	-0.599581119544473	1.16462342327525	-2.86537205118917
331000	332000	-0.866529953250285	1.4561464669771	-2.5899844229377
332000	333000	-0.677015845979817	1.62466734715248	-2.15651240506725
333000	334000	-0.338001132828734	1.57930894172353	-2.49512202553094
334000	335000	-0.0129902972033013	1.40768510327697	-2.71338878015669
335000	336000	0.0567201256938915	1.45135696351189	-3.10638884119435
336000	337000	0.360264919269189	1.61083705052532	-2.89728622835292
337000	338000	0.112589096668932	1.90776356295715	-2.9136034049654
338000	339000	0.21834685136299	1.77958205950088	-2.52821988012904
339000	340000	-0.14650411177332	2.01806266041056	-2.58993477900563
340000	341000	0.0369012715143537	1.98042502553466	-2.15932735090899
341000	342000	-0.296263239782717	2.16430575725424	-1.97502527690706
342000	343000	-0.35311715376454	2.17449098535663	-1.51732066055547
343000	344000	-0.319419685648286	2.37565875916963	-1.07438988005262
344000	345000	0.145964877339431	2.52014125455944	-1.21241612097512
345000	346000	0.286153058761633	2.49586696120701	-1.68729010410728
346000	347000	0.508548687296183	2.18923458127164	-1.97634324387953
347000	348000	0.405627935878215	1.82418021729505	-1.67498175723891
348000	349000	-0.0261417721367024	1.67312213268752	-1.56262266337099
349000	350000	-0.295077066937797	1.64298129694683	-1.16900876770567
350000	351000	0.195701408709071	1.82013400891626	-0.930963836307641
351000	352000	0.687664338935261	1.98579199625969	-0.860399378021337
352000	353000	0.999171860298348	2.19436754603571	-1.20775170359623
353000	354000	0.967672685993003	2.09690744156548	-1.71557792456321
354000	355000	1.0603218662126	1.64371848505753	-1.67338774380896
355000	356000	1.47628363593623	1.45198888326274	-1.82194189155514
356000	357000	1.80357344351658	1.66136595267164	-2.25901089566533
357000	358000	2.43223977356639	1.9981445191348	-3.05529448776828
358000	359000	1.64272823632784	1.23108873568064	-2.88987287721613
359000	360000	1.52988762276267	0.780285878830743	-3.11514069501311
360000	361000	2.20908226474887	0.486096748296608	-3.98652928157694
361000	362000	2.38767980393897	0.494153176816734	-3.42155273996341
362000	363000	2.87793142339238	0.523565064488813	-3.13252164103295
363000	364000	1.98458413406116	0.684328704093435	-2.56724723595427
364000	365000	1.40198765153286	0.879073544163632	-2.23352059259639
365000	366000	0.999714229398416	1.15199710915902	-2.16353145903049
366000	367000	1.0167912806047	1.64495478809751	-2.2645279885993
367000	368000	1.10444328681473	1.99662376260171	-2.73743602073533
368000	369000	1.20792597331912	2.75335155674291	-3.66662994206877
369000	370000	0.643051724272889	1.99430746975921	-3.14009800093628
370000	371000	0.536025370256369	1.46211597492506	-2.44843609139999
371000	372000	0.284067671439228	1.25829478531144	-2.06342306754505
372000	373000	-0.177483136040435	1.14649132058863	-1.93220110075153
373000	374000	-0.673492149448012	1.00844033466149	-2.11946339805356
374000	375000	-0.509057665445329	0.489092023000538	-2.22260331098659
375000	376000	-0.207184733839021	0.459718920098948	-1.74437211073288
376000	377000	-0.629974269892441	0.666430500673382	-1.42965941618933
377000	378000	-1.0679414280104	0.542629299793388	-1.69581747823579
378000	379000	-1.23222909472105	0.536806163316795	-2.20511696708173
379000	380000	-1.56330247913355	0.894453560235287	-2.12262714642894
380000	381000	-1.76573358450353	1.20135027230626	-1.78106166788269
381000	382000	-2.22769772041103	1.19142070134303	-1.73863293609255
382000	383000	-2.58654606442702	0.924844313936614	-1.90613114184918
383000	384000	-2.52714953068313	0.506124781586331	-1.90494252534834
384000	385000	-2.29416376436229	0.592648170333202	-1.47391370948719
385000	386000	-2.09613280734405	0.73464766454907	-1.06809562558308
386000	387000	-2.18273901085551	0.763377948902528	-0.540047609717269
387000	388000	-2.20717793892435	0.906290347228757	-0.0547965658764146
388000	389000	-1.86245751527999	1.29419980217308	-0.167082404995072
389000	390000	-1.99493711509463	1.38554120376004	-0.67060264711741
390000	391000	-2.50106184929285	1.29811247636939	-0.784573286973754
391000	392000	-3.01043230194121	1.23762330802803	-0.740295793274094
392000	393000	-3.07925346115898	0.825211200335602	-0.869776866013166
393000	394000	-2.70791059955264	0.792656991537334	-0.815006090464383
394000	395000	-2.583910905711	0.984646880232794	-1.21209808810863
395000	396000	-2.94588787169432	0.779729553193401	-1.36494032844556
396000	397000	-3.45712361702605	0.749390862922434	-1.36461711035012
397000	398000	-4.57571402542011	0.744148727441882	-1.45811246598522
398000	399000	-3.59293182580991	0.185254915249768	-1.01172112131899
399000	4e+05	-3.28251811287825	-0.114829861630577	-0.774821660889181
4e+05	401000	-3.06988687826181	-0.110300725775348	-0.344129384354754
401000	402000	-2.60126491851448	-0.138073189388635	-0.29685304088937
402000	403000	-2.53054966938471	0.244401452689189	-0.6351808203429
403000	404000	-2.57004628577883	-0.129163773784259	-0.901041593459263
404000	405000	-2.09246117059772	0.0328775324244242	-1.09412075360917
405000	406000	-1.96609326574612	-0.381870702750363	-0.824792287968986
406000	407000	-1.61349105369871	-0.17078078428125	-0.558339398185867
407000	408000	-1.47507836188189	0.328900824775509	-0.397509679912125
408000	409000	-1.50995083423476	0.460415939653197	-0.940889768055329
409000	410000	-1.67242467226004	0.291839289172811	-1.46940015316455
410000	411000	-1.92494206301061	0.214559966034185	-1.99129190893903
411000	412000	-2.15054021347014	0.246513783605001	-2.52748347499694
412000	413000	-1.72235803042276	0.136737719099202	-2.68718049370611
413000	414000	-1.34306452369496	0.0760898264877986	-2.98100722916351
414000	415000	-1.17079279347987	-0.382450933794863	-3.00035096416204
415000	416000	-1.27877695632272	-0.861282514231342	-2.97338825043932
416000	417000	-1.25072970803575	-0.978473285997864	-2.51991002746407
417000	418000	-1.64896889563357	-1.1688854155036	-2.66194957426881
418000	419000	-1.9417251396819	-0.890719440150341	-2.63563604428826
419000	420000	-1.97644288885835	-0.732091782047969	-3.08514688282495
420000	421000	-1.68520646213853	-0.470390694536751	-2.82145075133125
421000	422000	-1.33740960496479	-0.43421255681407	-2.47735524807476
422000	423000	-1.59467296122769	-0.309857667855233	-2.13470188030914
423000	424000	-2.01810777341125	-0.340009452661222	-2.36037951434985
424000	425000	-2.40783841921086	-0.444634401688511	-2.558466619313
425000	426000	-2.76828760841302	-0.516123586015626	-2.29701383768144
426000	427000	-2.64932156177697	-0.714990451377156	-1.98713963482315
427000	428000	-2.302237845297	-0.704346809973564	-2.12863734882462
428000	429000	-1.89983497222378	-0.782319537332066	-2.08122237766133
429000	430000	-1.95259761537109	-0.613358532313962	-1.66266594120798
430000	431000	-1.74875488350292	-0.894814725375937	-1.29619895760544
431000	432000	-1.44386558147805	-0.431011690931306	-1.44692411634821
432000	433000	-1.06646987755172	-0.739885635030606	-1.25501047213932
433000	434000	-0.896194424732525	-1.02105966501856	-1.65337318670283
434000	435000	-0.947557826743386	-1.52428035678137	-1.60224313308784
435000	436000	-1.1729049129223	-1.66699875567717	-2.07277588162709
436000	437000	-1.59284091861841	-1.29926506580254	-2.11118040196442
437000	438000	-1.98739075350515	-1.20386555246979	-2.135829777601
438000	439000	-2.27158320194566	-1.23673955303839	-2.33837411528325
439000	440000	-2.60173272993469	-1.17693294222692	-2.45509050171162
440000	441000	-2.87057609943337	-0.986065494632351	-2.230767199081
441000	442000	-2.74164241802101	-0.991214397015915	-1.76951009331955
442000	443000	-2.34801983568322	-0.991701761413289	-1.61720851780101
443000	444000	-2.52490859063303	-0.783241624480441	-1.29895307351917
444000	445000	-2.93149958590525	-0.788224971056512	-1.13363118272024
445000	446000	-3.51561992328307	-0.813015187347724	-1.05384811778676
446000	447000	-4.54064036391328	-0.967323546455132	-0.571094604813312
447000	448000	-3.43004560340312	-0.888708522691376	-0.451473174317409
448000	449000	-2.89028337663643	-0.76137078613801	-0.56499307229676
449000	450000	-2.77039375384043	-1.19560002856872	-0.752411248082953
450000	451000	-2.27785081583455	-1.00080746241831	-0.842486621317012
451000	452000	-2.24886484173813	-1.55056723866686	-0.766628005052492
452000	453000	-1.71576016664385	-1.26343395375539	-0.814855534223343
453000	454000	-1.7176312674111	-1.6367558415237	-0.444194881563043
454000	455000	-1.39652878391873	-1.15624147361158	-0.178149321989814
455000	456000	-1.8669719538878	-1.34820259364212	0.129702247638032
456000	457000	-2.000391137945	-0.824398318262554	0.0382125352396444
457000	458000	-2.57894632966667	-0.796526283980491	0.0786715770741287
458000	459000	-2.27021236825222	-0.452339150398362	0.481890189501907
459000	460000	-2.59555865224191	-0.929303225641758	0.592139178786555
460000	461000	-2.04141052456316	-1.03760285881566	0.780619531032561
461000	462000	-2.52551825816116	-1.10301701289355	1.16504110364974
462000	463000	-2.45776936162505	-0.496069014463781	1.12304876981323
463000	464000	-2.79846804722548	-0.193867642166009	0.783189983144685
464000	465000	-2.79001201567079	0.0162612502788541	0.299527990524038
465000	466000	-2.26945432507369	0.158812065578355	0.366005436816424
466000	467000	-2.0113411201683	0.341774453977294	0.80813204195174
467000	468000	-2.43822402071526	0.655262111297354	0.781496165904988
468000	469000	-2.73944153672744	0.655982191760474	0.293241396880302
469000	470000	-2.92270232128058	0.468116215551064	-0.131063947961493
470000	471000	-3.18130977666655	0.633622180682924	-0.377788942847919
471000	472000	-3.35214909596012	0.287368544766859	-0.522868494455425
472000	473000	-3.36278653821357	0.519226628776349	-0.754488319745285
473000	474000	-3.05363398635559	0.428824118302548	-0.719821219564524
474000	475000	-3.25590768105253	0.474471760771558	-1.04462367492211
475000	476000	-2.99886127186648	0.286867638902206	-1.03332501077092
476000	477000	-3.22161650926979	0.128323982256752	-1.26800244521002
477000	478000	-3.24560876777578	0.327704096230712	-1.64798729127392
478000	479000	-3.096686119202	-0.0821138103979144	-1.82102902130309
479000	480000	-2.80012002051561	-0.0355730036959175	-2.08817457184755
480000	481000	-2.47432892838575	-0.236857535447322	-1.89400412876387
481000	482000	-2.39601249944554	0.123336787317346	-1.68535197651441
482000	483000	-2.50812393157424	-0.164722620284844	-1.37808567619388
483000	484000	-2.90738141205851	-0.115843298322166	-1.33540506993481
484000	485000	-3.080141184255	-0.447344769248558	-1.43640643865386
485000	486000	-3.11240815094718	-0.629449748840831	-1.788601259682
486000	487000	-3.39236377293244	-0.994640770913017	-1.64900995659837
487000	488000	-3.06484142309994	-1.22164065385989	-1.58883258984915
488000	489000	-2.7323460570371	-1.29692094761277	-1.51420458655765
489000	490000	-2.7884371080587	-1.34528542736969	-1.8237234854038
490000	491000	-2.98145604906211	-1.27242932687077	-2.04703459155775
491000	492000	-2.63554652062845	-1.20278915640946	-2.06029620244174
492000	493000	-2.43257878252347	-1.30905668058039	-1.87541940153428
493000	494000	-2.5050831883765	-1.60659581216921	-2.03453382710231
494000	495000	-2.82080462509454	-1.59751813504918	-2.13055315702645
495000	496000	-3.58207188671245	-2.56047392338952	-2.28459159001027
496000	497000	-2.81008085369364	-1.85722823743962	-1.70965123266587
497000	498000	-2.46092928184124	-1.72633197620459	-1.42699427008597
498000	499000	-2.09550200077689	-1.47033776623427	-1.28273868518653
499000	5e+05	-2.09842873408942	-1.6347875144684	-1.7312132180567
5e+05	501000	-1.72003994616787	-1.48252769246904	-1.64700302248901
501000	502000	-1.67229167441412	-1.9557960908161	-1.51451810039648
502000	503000	-1.23606664937351	-2.11676840847687	-1.17894476610235
503000	504000	-0.820439118632452	-2.13772229782404	-0.871321936124418
504000	505000	-0.503539047157772	-2.10123543500194	-0.528020613045789
505000	506000	-0.248416673110362	-2.35796335984542	-0.174224775771021
506000	507000	-0.625107505142059	-2.54371257089227	-0.274250002186523
507000	508000	-0.986259867946972	-2.3395424948165	-0.437723393840573
508000	509000	-0.998672260776254	-2.18195550091227	-0.0554508089394625
509000	510000	-0.952910496282417	-2.33817240314012	0.398228883478662
510000	511000	-0.768804735437236	-2.15257411446399	0.737006624919712
511000	512000	-0.600724150384636	-2.44381738690626	1.04916218633783
512000	513000	-0.389216017600185	-1.99651278678369	1.18263195543528
513000	514000	-0.179432069539429	-2.51291554028457	1.36901670837238
514000	515000	-0.323770434678898	-2.15604848232733	1.62408114060486
515000	516000	-0.145534147674035	-2.57396144827646	1.88987538662996
516000	517000	-0.352974734169692	-2.28654405043456	2.07588112196067
517000	518000	-0.496010280634944	-1.9584891040286	2.15325694525758
518000	519000	-0.815622770304304	-1.68512884978299	2.18996518074461
519000	520000	-0.94609472284321	-1.56347800248727	2.537758374628
520000	521000	-1.13715632465093	-1.89524226947895	2.72666951732274
521000	522000	-0.899540629259587	-2.09165567703282	2.35129875588944
522000	523000	-0.806498314653886	-2.50660145987403	2.33358052946405
523000	524000	-1.48301601840732	-3.43161867666937	2.3908920935113
524000	525000	-1.20922251377101	-2.31791999407951	2.01626142735389
525000	526000	-1.13437384325907	-1.80154249223791	1.71196909438509
526000	527000	-0.847532381572042	-2.14396517709563	1.48614588785198
527000	528000	-0.762723272632556	-2.81623492126258	1.53870196968429
528000	529000	-1.39312756905913	-3.72590476254872	1.39692153151779
529000	530000	-1.1972031555846	-2.55781719644286	1.15306492160061
530000	531000	-0.995024804789055	-1.54834152306426	1.01360813970053
531000	532000	-1.3223177224201	-1.12663631744331	0.859682013162166
532000	533000	-2.09555445371554	-1.6978179606526	0.727968406522783
533000	534000	-2.70948854806023	-2.61958320725586	0.520484808690057
534000	535000	-1.78494797027942	-2.34261044451905	0.553796511595726
535000	536000	-1.47826144470462	-1.92561033842358	0.785122549401964
536000	537000	-2.03526813273671	-2.11806483435097	1.25786581404606
537000	538000	-2.91140939153313	-2.43466719244628	1.74983908335923
538000	539000	-2.25856032342311	-1.6895521092473	1.85903390691429
539000	540000	-1.86421242724469	-1.30781567586395	2.01341638051265
540000	541000	-1.97604218453797	-0.846295705248774	1.94861171670528
541000	542000	-1.91033781568265	-0.586741858366442	1.4994474182245
542000	543000	-1.49326598236565	-0.405755366652237	1.24073916139537
543000	544000	-1.07485342012741	-0.591548749332632	1.43610041397709
544000	545000	-1.02390040297003	-1.0343105783088	1.65646635884525
545000	546000	-0.556283081382073	-1.11423551703332	1.72981538499668
546000	547000	-0.231043994400933	-0.746766153833417	1.79440949255583
547000	548000	-0.240230303759266	-0.323567709342322	2.05049293612223
548000	549000	-0.516152087238868	-0.0135937477339024	2.28533926066369
549000	550000	-1.27105449387093	0.834904308736662	2.71599158107173
550000	551000	-2.13067671807517	1.55682382315651	3.16829596435668
551000	552000	-1.86161750091401	0.756631950189988	2.56648851514809
552000	553000	-1.53297979454422	0.335609655295173	2.39331470037817
553000	554000	-1.34446397085526	-0.206510123222085	2.2753088017738
554000	555000	-1.47198467637869	-0.696894362180518	2.23431104067186
555000	556000	-1.73876879259591	-0.845808050485639	2.66733707260277
556000	557000	-1.38963153687656	-0.542648373358764	2.68558940212531
557000	558000	-1.14890670837349	-0.17860815600039	2.75727091862684
558000	559000	-1.5547859304677	-0.404184058107829	3.0861275489575
559000	560000	-1.54560899407037	-0.35438115300918	3.66693486704035
560000	561000	-1.65476909106095	0.0821872762624972	4.71751889311425
561000	562000	-0.975517499539572	-0.0274627486970791	3.70670970615196
562000	563000	-0.735123481778864	-0.098878406493422	3.03017620502616
563000	564000	-0.547836483937845	-0.463452901140286	2.92179948743825
564000	565000	-0.198614873261458	-0.718078228772092	3.10326994764664
565000	566000	-0.195786500117204	-1.04598340564736	3.42943713496602
566000	567000	-0.460474310446502	-1.04423137690392	3.09253340491288
567000	568000	-0.774939400161898	-1.13071713005215	2.86446818432374
568000	569000	-1.21888353911028	-1.34538618119121	2.90496336509591
569000	570000	-1.14501573760411	-0.982875339748345	2.65883999177937
570000	571000	-0.840721995558083	-0.794292476314866	2.40125101274341
571000	572000	-0.422855746497176	-0.884821697919666	2.54722124737287
572000	573000	-0.367400402928416	-1.30074335231467	2.61332239542051
573000	574000	-0.0589696005086494	-1.46973860611223	2.86279764661321
574000	575000	-0.0947718094176478	-1.79846037381861	3.15375081206602
575000	576000	0.556610515759395	-2.58348805970257	3.96153498895082
576000	577000	0.481419735892479	-2.10082077128101	3.01807540788933
577000	578000	0.442409478101827	-1.70865969640162	2.64498477995361
578000	579000	0.18895779862536	-1.15159077035728	2.36261090336283
579000	580000	0.527076262577875	-1.19424308094004	2.73568170120738
580000	581000	0.628698897012111	-1.51000761430825	2.15336932829475
581000	582000	1.13825047887198	-1.62243247205549	2.25062357010468
582000	583000	1.01587927800029	-1.18888592419938	1.80860440176441
583000	584000	1.10682999316732	-0.89252354080632	2.2508244483005
584000	585000	0.647516585380203	-0.610026957394176	2.27593853201362
585000	586000	0.845157735062349	-0.487380461506973	2.78513442324809
586000	587000	0.409362238451622	-0.253573539052392	2.78073487328913
587000	588000	0.168584449469183	-0.34752206624458	3.15933449312287
588000	589000	-0.0118990281035092	0.0877082531506943	3.22843250645917
589000	590000	0.292031811311607	0.56066716662047	3.17601306922639
590000	591000	0.0463266254225431	0.504545946616716	2.75539458407632
591000	592000	-0.441994903173008	0.459166111609531	2.54776035957361
592000	593000	-0.867099936744573	0.401263388772303	2.14455616843063
593000	594000	-1.25958543821457	0.17981137381413	1.85210769474727
594000	595000	-1.71457913996324	0.05396592315874	1.66710415257995
595000	596000	-2.18041218462151	0.0842825584878478	1.37752526768635
596000	597000	-2.3578382926959	-0.0629902658176669	1.8176795368811
597000	598000	-2.06618735473334	0.0119169284786321	2.30306526735065
598000	599000	-2.05593235103081	0.142871891387449	2.88796225459609
599000	6e+05	-2.54745390422296	0.57190884870728	3.79237990008053
6e+05	601000	-1.60712126743402	0.134469426940168	3.37599081883963
601000	602000	-1.20793001993737	0.00813529051126076	3.28688953053977
602000	603000	-1.21041773988077	-0.319699659136636	3.32618594577343
603000	604000	-1.26881464349389	-0.611937940669748	3.47596170815646
604000	605000	-1.00855764266311	-0.472989442306248	3.18757128622817
605000	606000	-1.03919452061294	-0.424940374368535	3.66503785160513
606000	607000	-0.776306564683362	-0.202287845264511	3.39902967801334
607000	608000	-0.60555985647402	-0.404931940137519	3.71419430010211
608000	609000	-0.442176007674295	-0.423370361746033	3.36704272836953
609000	610000	-0.555139642195427	-0.740513410284259	3.42192665279912
610000	611000	-0.827544678836809	-0.622161607551204	3.4572120491338
611000	612000	-0.743022249988166	-0.77272791875773	3.75000054004015
612000	613000	-0.931233847231313	-1.06826834298696	3.70226519294726
613000	614000	-0.885623782137637	-0.817624725441028	3.19370059350787
614000	615000	-1.26276484503941	-0.814102188853195	3.08064213031503
615000	616000	-1.59450744285595	-1.04566530805595	3.31810343406433
616000	617000	-1.18644463617419	-1.15513248939421	3.36768744819337
617000	618000	-0.851807004822246	-1.20691859271485	3.24693518557307
618000	619000	-0.560402093070415	-1.41518748595393	3.37509389980357
619000	620000	-0.801087897846452	-1.55313094216827	3.08324607275056
620000	621000	-0.429340019524599	-1.48398146365817	2.99680087383426
621000	622000	-0.601483025016858	-1.75149276945348	2.81033277100106
622000	623000	-0.629030504290342	-2.19050913806357	2.96902655046442
623000	624000	-0.453968745625579	-2.03509959990157	2.57330849529695
624000	625000	-0.0908741771237848	-1.95154032694596	2.50573283101495
625000	626000	-0.162854353895935	-2.42215337449431	2.71031497958692
