0	1000	-0.706364000816684	0.961058499472211	-2.43137647931184
1000	2000	-0.844825160834267	1.33052875504192	-2.31402466010175
2000	3000	-0.939906161459818	1.49651619574587	-1.8215415861964
3000	4000	-1.31197169854481	1.75463957479091	-2.08888866278663
4000	5000	-1.38885972905142	2.05925719215158	-1.88593934862773
5000	6000	-1.83255830930996	2.30993646021411	-1.75163198387816
6000	7000	-1.58808803333886	1.99100530293231	-1.39341716834715
7000	8000	-1.50556485605908	2.31621347057458	-1.19875706092858
8000	9000	-1.8652477001612	2.18220596246985	-1.12702250717163
9000	10000	-1.4994133734016	1.99880066732269	-0.968301606958314
10000	11000	-1.79493664328358	1.76253792265356	-0.964979053626419
11000	12000	-1.07386772679141	1.7897474167424	-1.07819449044698
12000	13000	-1.4715776689716	1.40209957475563	-1.01284444426066
13000	14000	-1.26182884172073	1.48673729524696	-0.585698030748068
14000	15000	-1.59205012470334	1.26568628597672	-0.571478373945024
15000	16000	-2.00024314199266	1.36229518995077	-0.466871329251684
16000	17000	-1.66051178157248	1.47711538511159	-0.138258292592063
17000	18000	-1.67721426318716	1.06796312624216	0.0671919413369636
18000	19000	-1.46398502446638	1.35434482275631	0.472249751791454
19000	20000	-1.52468061638221	0.920288779541368	0.664122930599881
20000	21000	-1.08215740840204	1.34266496273988	0.778221958611965
21000	22000	-1.15507337634063	0.961361504357326	0.988277954077493
22000	23000	-1.36155518618593	1.03453386902484	1.42962177229348
23000	24000	-1.73503180321126	1.22810443094551	1.57651223337035
24000	25000	-2.11785052840949	1.12897061949347	1.32989735931855
25000	26000	-1.79369733046631	0.810799519249594	1.16858067215619
26000	27000	-1.62145112972052	1.21701623056344	1.10307185468271
27000	28000	-1.94765736054967	1.47047420916588	0.939475242720814
28000	29000	-1.53076755579457	2.80765515137621	0.43442528388749
29000	30000	-0.431149116194308	0.909406555578554	-0.159766966930776
30000	31000	-0.623157065728743	0.696307638184904	0.28397394567035
31000	32000	-0.778245048463616	0.818141617858481	0.686091756890915
32000	33000	-0.471911643455765	1.19044844905437	0.673255067140977
33000	34000	-0.689093521572632	1.21325461387417	1.06971512575023
34000	35000	-0.807796673033297	1.05946294782379	1.47986018579465
35000	36000	-0.902241809745552	0.818932879989898	1.89234329438223
36000	37000	-0.350060492083438	0.729287273045256	1.64056304212361
37000	38000	-0.60049428559369	0.63934712293342	1.15945987874948
38000	39000	-0.0734989163597813	0.385474237400142	1.09527263697933
39000	40000	-0.341919076038047	0.412893699810741	0.664272662529531
40000	41000	-0.519984711492039	0.1829780996885	0.365847416088446
41000	42000	-1.99636786242924	-0.115768183514102	0.0925412801611158
42000	43000	-1.08722167053956	0.563655292985154	0.448213791636723
43000	44000	-0.988704810173459	1.07184864543536	0.341228545396278
44000	45000	-1.15011611151859	0.825047058336229	-0.0676103995590961
45000	46000	-1.17068562364067	1.31427287663306	-0.0504633525385117
46000	47000	-2.72955090671508	2.64909474206715	-0.102741036387165
47000	48000	-1.59857549061961	1.86419663548885	-0.43089310783478
48000	49000	-0.996158009062797	3.26153508742247	1.73449568528681
49000	50000	-0.680709101812993	3.03318756578152	2.12083083948938
50000	51000	-0.422291538468612	2.86661985269536	2.43873420197913
51000	52000	-0.743160351133983	2.98251045190353	2.65078761508711
52000	53000	-0.741749508899341	2.59226305074151	2.55600388001685
53000	54000	-0.62336190523406	2.24146372150752	2.83801489798128
54000	55000	-0.823022257593137	2.58198612584996	2.97777503152121
55000	56000	-1.13723268188738	2.33608365175378	3.08876049260087
56000	57000	-1.63704914941752	2.51827659294207	2.97321307733686
57000	58000	-1.64354896397367	2.16601785802819	2.70574537133081
58000	59000	-1.99426881385076	2.21052179542305	2.4588738722462
59000	60000	-1.993046780312	1.74666284585474	2.6774993097284
60000	61000	-1.94239425807169	1.36565011712923	2.91554008692968
61000	62000	-2.03954698516945	1.23496973764548	2.55266777963345
62000	63000	-1.63489873404614	1.25517864188343	2.46679813608406
63000	64000	-1.57492157642759	1.65939088337918	2.1935212218881
64000	65000	-1.16543221796624	1.55976133117925	2.19406096255369
65000	66000	-1.3797468914971	1.69212465581127	1.78343382784465
66000	67000	-0.957616189242411	1.51727162527681	1.72018739822919
67000	68000	-0.526162915590284	1.51545492990268	1.65941934865922
68000	69000	-0.405406944447718	1.43781146739507	2.20402861800159
69000	70000	-0.448685162207704	1.94957625139545	1.87121953330615
70000	71000	-0.732699384705697	1.98076873833737	1.52566714721262
71000	72000	-0.799933328233538	2.36013799351475	1.72662800426228
72000	73000	-1.06199659544265	2.05788199458262	1.85132445155394
73000	74000	-0.813738933474621	1.95285327943494	2.16785254350333
74000	75000	-1.18935070306981	2.19280965553509	2.38298893624498
75000	76000	-1.15946437112443	2.47933047501059	2.67944755088505
76000	77000	-1.1337498296806	2.92894131398324	2.88967654660756
77000	78000	-0.80673899618186	2.98021975949149	3.23073887920006
78000	79000	-0.449261951824428	2.87125314695107	2.97568848143545
79000	80000	-0.0159506293354542	2.72454281156979	3.29547841418333
80000	81000	-0.0821782198850503	2.58188279269688	2.74968225619314
81000	82000	-0.0230736103193901	2.10529135184676	2.98606707335907
82000	83000	0.384375126401498	2.29920012315927	2.92402034412331
83000	84000	0.375266919609011	2.00690105130031	3.27927636498699
84000	85000	0.719692817450705	1.87488286387046	2.95747373487194
85000	86000	0.428023180040125	1.49517914265954	2.77552148455749
86000	87000	0.91885836759739	1.36932593912796	2.5523815995575
87000	88000	0.505511833798593	1.41942714722328	2.2153549803298
88000	89000	0.686237010583762	1.48141062509484	1.85534285082142
89000	90000	1.00277381236991	1.77261652570497	1.7426707591255
90000	91000	1.2505288301231	2.11394851705227	1.64458156001423
91000	92000	2.51009819327784	2.13972557409272	2.64951545159185
92000	93000	1.04777237356022	2.56755229165644	1.44719190458856
93000	94000	1.00239110025178	2.08114898902725	1.16020858274933
94000	95000	0.728601358309931	2.24862059833648	1.5329526102082
95000	96000	0.475452486039168	2.13953752673166	1.13473765942152
96000	97000	0.490119689118116	2.56785904561571	1.2829053027342
97000	98000	0.656383601306994	2.50425295485007	0.88041304872725
98000	99000	0.845664865486219	2.93657312278761	0.795375439685181
99000	1e+05	1.16996293213278	2.63020231755035	0.897893090397245
1e+05	101000	1.56888850777343	2.38062111821582	0.977387057455067
101000	102000	1.54090016623335	1.90962498988047	0.90956342667432
102000	103000	1.22483945326783	1.505916867172	0.832957140350359
103000	104000	1.12009192720267	1.45910844421076	1.28361396604409
104000	105000	1.24293854152145	1.11528827294267	1.73348277486807
105000	106000	0.741748334408006	1.08130608805903	1.52728258162236
106000	107000	0.470426702646888	1.34391031615041	1.33835426063066
107000	108000	0.0890918536847116	1.16314207550966	1.14211261605574
108000	109000	0.153776538866544	1.19091374191317	1.57825425226097
109000	110000	0.175526007979336	1.58822939369379	1.85581894516274
110000	111000	0.517239482089948	1.92262563511572	1.98450675863422
111000	112000	0.311236309830796	1.82951718875509	2.33676304428849
112000	113000	0.0577018067821099	2.14350290002842	2.4187476562261
113000	114000	0.435855407651651	2.32246069470637	2.33767737461499
114000	115000	1.05847078026197	2.37837012574222	2.33345169991789
115000	116000	1.40757313642282	2.85467222990525	2.16606939865933
116000	117000	1.48975845440986	2.69876806147925	1.69220561756878
117000	118000	1.84575417423889	2.86999543586763	1.60213495487094
118000	119000	1.39726686723579	3.18253077419806	1.4341428860438
119000	120000	1.03256625560871	4.47300221897374	1.46991612053492
120000	121000	0.771445112665971	3.03576011693269	1.43692183277111
121000	122000	0.147243916793073	2.77540316270982	1.67022636663104
122000	123000	-0.17961303860582	2.35775122503191	1.77961465327458
123000	124000	0.144476712998256	2.14903578792293	1.56822882568173
124000	125000	-0.177826559240106	4.06093683326558	1.06345785472439
125000	126000	-0.0294742823787427	2.52196680909005	1.00997276688662
126000	127000	-0.27643944467628	2.14112778854982	1.06955176749601
127000	128000	-0.17290820947213	2.01093873780996	0.745673950072758
128000	129000	-0.826991460744661	3.36924560265664	-0.131417169373412
129000	130000	-0.00250928337582464	2.3598809675035	0.330035215201583
130000	131000	0.360789686816585	2.10166046685369	0.298758746515304
131000	132000	0.264619190518186	2.35427974434217	-0.182476380453952
132000	133000	0.765574071017403	2.23700520892227	0.0650401459266712
133000	134000	0.856367579124623	2.75031983716722	-0.00662375415113523
134000	135000	1.38351083928642	2.63284339441546	0.479234464486098
135000	136000	1.56491752169161	2.99422674927314	0.656336876729551
136000	137000	1.89463852256454	4.45585062973303	0.111842948936879
137000	138000	1.58568197839169	2.84219814079195	0.143300977749383
138000	139000	1.13564160776837	3.76250286392624	-0.907440751116997
139000	140000	1.30229504623005	2.26815579520971	0.0430406951823674
140000	141000	1.13467352992953	1.86208210138009	0.0964360775402377
141000	142000	0.880525037100649	1.65100115449901	-0.182376664068478
142000	143000	0.714122402298083	1.78618070134944	-0.700679998936415
143000	144000	1.45060966187689	2.0251973941129	-0.819382875712393
144000	145000	1.37884236125631	2.43098724810975	-0.590059246816803
145000	146000	1.06360799139245	2.14273686842895	-0.488019645034733
146000	147000	1.21499606457375	1.79726714451068	-0.5010260919698
147000	148000	1.20016083054818	1.50639310432587	-0.985707445161826
148000	149000	1.78132477125759	1.48024032057831	-0.852059951561713
149000	150000	1.98443300001243	1.69114978049588	-1.06987072538601
150000	151000	2.26039240918475	1.4082410142221	-0.928294899313829
151000	152000	2.40617288891895	1.12469910322308	-0.629764099231901
152000	153000	2.71534550781279	0.916635146727163	-0.429931977175352
153000	154000	2.92555630348986	0.991082885123858	-0.833954773595359
154000	155000	3.27123656827848	0.899669692381105	-0.436652307105913
155000	156000	3.19431168405415	1.10718446607426	0.0223716526603332
156000	157000	3.27331108798056	0.98655823405732	0.46682615601014
157000	158000	2.83747733850486	0.852404938529035	0.39750552398954
158000	159000	2.95117771565971	0.616470319882757	0.0416505834833571
159000	160000	2.59394391702828	0.392111525550116	-1.26598110882599
160000	161000	2.90339748635531	0.286923137777868	-1.67415386679659
161000	162000	3.24107475471226	-0.123368696196711	-1.93303988446653
162000	163000	3.51786758888982	0.303155992926645	-1.50297155550301
163000	164000	3.11243152127497	-0.058040572470577	-1.38275039735889
164000	165000	2.63790995580145	-0.203365713067959	-1.46261605369868
165000	166000	2.226007491902	-0.422887930657127	-1.21310411995528
166000	167000	1.73618355320936	-0.597530700834027	-1.22709539253196
167000	168000	1.42451691825158	-1.00941699466043	-0.981914515755318
168000	169000	1.24387599979761	-0.57398391457697	-1.24619774050223
169000	170000	0.894706384864007	-0.84048713284624	-1.29730307713613
170000	171000	0.709322693892203	-0.51955277085921	-0.935160414510362
171000	172000	0.449623472128925	-0.0782356236959881	-0.635571517221415
172000	173000	0.990650280469686	-0.0636002372944202	-0.668323506828761
173000	174000	1.35025965053433	-0.07302510288144	-0.967040916510111
174000	175000	1.628950060875	-0.405164338696889	-0.734214173444086
175000	176000	1.69558537212895	0.0509209234079174	-0.574682484687484
176000	177000	2.18107857826675	0.149581505646135	-0.640558009791205
177000	178000	2.56173581837198	0.00239103166159733	-0.902465960243204
178000	179000	3.09267082667346	-0.204313041557373	-0.817517472639916
179000	180000	3.04698531107509	0.299942040606603	-1.0371983603029
180000	181000	3.00012145553872	0.48080734388556	-0.648089449389762
181000	182000	2.61966171169224	0.521732179747225	-0.594108846928155
182000	183000	2.76204297622056	0.18200915713979	-0.393274828222351
183000	184000	2.5376690175561	0.000609157200063553	-0.0304820097009542
184000	185000	2.62002222046168	-0.368803984812954	-0.179022080868959
185000	186000	2.8468834277087	-0.342248874099428	0.228543227302113
186000	187000	2.94461264110904	-0.774225894523313	-0.00452749168653499
187000	188000	2.55634376762871	-0.70222659435324	0.420179905921895
188000	189000	2.38307456969608	-0.537123694568688	0.889914820764923
189000	190000	1.96403513011032	-0.427637356483767	0.515229483504929
190000	191000	1.70200349335005	-0.362038273312425	0.149467546587158
191000	192000	1.89875292309695	0.100403864067997	-0.0378979661906458
192000	193000	1.91184636110082	0.565854120245034	-0.325098802631893
193000	194000	2.33230218816316	0.720009188689268	0.000418138023503626
194000	195000	2.65714287281737	1.1555071178564	0.067575359031143
195000	196000	2.92703232312807	1.47458727590328	-0.122859103131153
196000	197000	2.95495640110747	1.46604129026429	0.329585930919793
197000	198000	2.53189524442266	1.64786559102207	0.281084722558754
198000	199000	2.32942643586572	1.25947636217756	0.486452181732619
199000	2e+05	2.69399098551382	1.20579122494931	0.811351727518736
2e+05	201000	2.55601088387675	1.62525032885703	0.855705862808463
201000	202000	2.94239386897568	1.69558736818232	0.738450050140495
202000	203000	3.00986103214713	2.03469843375526	0.459246906868983
203000	204000	2.98554651469904	2.05554520194834	0.0363486491895138
204000	205000	2.83996940434118	2.38212874178061	-0.171060353420806
205000	206000	2.43386074265111	2.12012591000758	-0.125668897983623
206000	207000	2.45539355528412	2.06655424749739	-0.548926274524838
207000	208000	2.64813014148363	2.91683264127336	-1.77897012444169
208000	209000	2.11593832643441	2.39598410609837	-0.483496729769069
209000	210000	2.01437930978945	2.52990514758181	-0.0488635120021365
210000	211000	2.46218589533372	2.51693896348524	0.127120491484343
211000	212000	2.83375020068037	2.60727579327447	0.364320865815491
212000	213000	2.36204543167611	2.66617426663649	0.544824658880419
213000	214000	1.99487642087865	2.70113912454789	0.684107428602359
214000	215000	2.01701563117988	3.05171497048933	0.404323609655274
215000	216000	2.44015964492262	3.04454841760732	0.176673623895279
216000	217000	2.67038669564101	3.03894217760651	0.538388583986978
217000	218000	2.91892936699231	2.92865480086122	0.873552071913865
218000	219000	2.46087824070402	2.90255293147201	0.949333012595964
219000	220000	2.70661393902301	2.5413379062405	0.900600475347549
220000	221000	2.48462726178334	2.60011658750769	1.24296644214844
221000	222000	2.93726424332641	2.43028503916555	1.42558576905536
222000	223000	2.4673283615215	2.18039977808777	1.08888039922796
223000	224000	2.42297859561079	2.168372816809	0.648576123724278
224000	225000	2.01119221960828	2.16156443827234	0.840467187844891
225000	226000	1.94797537729622	2.03851496127879	0.406503695125176
226000	227000	1.60157885987935	1.70001100557784	0.273924390187732
227000	228000	2.03065168433696	1.62683847629681	0.0640129124701267
228000	229000	1.83774151196848	1.87543743701815	-0.308592866614986
229000	230000	2.22318728686052	1.55857335330969	-0.405649814873116
230000	231000	2.04562360241544	1.195051744231	-0.306702791353598
231000	232000	1.51854756700756	1.03357382921186	-0.55986587767362
232000	233000	1.9744745395653	0.922074681144873	-0.780528465921869
233000	234000	2.1559726368272	-0.349315976752421	-0.0840814445036593
234000	235000	2.26536753294579	-0.905392470994246	-0.315523969338436
235000	236000	2.35509636786752	-1.11026373313143	0.153813556857672
236000	237000	2.10436186082719	-0.807290374700412	0.207524865591633
237000	238000	2.02803277094616	-0.951488618746617	0.57192226517237
238000	239000	1.68017297923607	-1.1152062894476	0.198116163134905
239000	240000	1.55236714311824	-0.681654678440437	0.6664038652934
240000	241000	1.13458105688687	-0.635556377026101	0.286819164190061
241000	242000	1.38507982354462	-0.145315824791294	0.441011988034366
242000	243000	1.36937180494447	-0.00279607949076681	-0.0211423995415144
243000	244000	0.964326743353136	0.00856533419187688	-0.0741292656801365
244000	245000	1.08213860332615	0.355045668410885	-0.300722145032685
245000	246000	1.20222275269032	0.391035082388831	0.94269598113529
246000	247000	1.38649774038512	0.95112079852387	1.07020024327157
247000	248000	1.67826655919353	1.24074387456033	1.28139463551364
248000	249000	1.79057631133779	1.16774020108324	0.874063617302604
249000	250000	1.89541338669262	0.825625711843943	1.1227414100648
250000	251000	2.17420376283053	0.865267619394553	0.829044064760994
251000	252000	1.93896120150005	0.496287104263101	0.705476208100286
252000	253000	1.85353414261254	0.913739470859272	0.397560077400625
253000	254000	1.55026114272478	1.14341143086395	0.00690920887309589
254000	255000	1.34654320731754	1.08850759381842	0.428976304000851
255000	256000	1.39394248147156	0.619277159546919	0.29747883361772
256000	257000	1.04664314751155	0.856122403161999	0.148277932056422
257000	258000	0.862087890337116	1.23820446060146	0.294870515503235
258000	259000	0.736056626788378	0.871251426062925	0.620084906260748
259000	260000	0.403125133209551	0.5185255373077	0.591806616701353
260000	261000	0.776739292043517	0.406467237047032	0.364832334819314
261000	262000	0.437450071272136	0.269102552448789	0.00878361021795636
262000	263000	0.649083715512935	-0.129407561548602	0.458033884234791
263000	264000	0.334063489447938	-0.295225134987285	0.863356853633701
264000	265000	-0.0259254650598149	-0.330135837672777	1.2925953585121
265000	266000	-0.537443939652062	-0.362599171075139	1.50222520710303
266000	267000	-1.06906421081609	-0.308910025384894	1.57463408963574
267000	268000	-0.912314094925769	-0.632112846089355	1.17073416886089
268000	269000	-0.716716956178322	-0.657128566329824	0.758703044711186
269000	270000	-0.594432875353326	-0.307424043276391	0.993074801676181
270000	271000	-0.876929408284813	-0.0567368913200084	1.17706759198736
271000	272000	-0.7146782766848	0.222815192617961	1.54968600735344
272000	273000	-1.08882862091305	0.48581442473318	1.3995227650001
273000	274000	-1.3693012280479	0.209744680004508	1.59717329331776
274000	275000	-1.80238755201176	0.00464359678040011	1.85450574604548
275000	276000	-1.56615198556068	-0.380885766591919	1.81960577506475
276000	277000	-1.65492691076233	-0.482757556244982	1.42509284803484
277000	278000	-1.35683261873219	-0.795219314527585	1.61055412764478
278000	279000	-0.893647874976725	-0.791277507363476	1.77303583427554
279000	280000	-0.653878011958519	-0.445468495906546	2.05864443368406
280000	281000	-0.465829811055517	0.130938747670697	2.21768896473901
281000	282000	-1.01620568556344	0.118055656749019	2.00472182305943
282000	283000	-1.37165418556286	-0.0571862949143131	2.18771380526836
283000	284000	-1.59959097998078	-0.356094310282392	2.4078172804674
284000	285000	-1.40429338722266	-0.668818873827003	2.14791778838095
285000	286000	-1.88817806766777	-0.580062015492741	2.0953398478892
286000	287000	-2.38656343822554	-0.283948302099192	2.29885230811649
287000	288000	-2.35148495531936	-0.800800367670708	2.34790970658424
288000	289000	-2.29919487369283	-1.0404948599796	1.93563518032208
289000	290000	-1.81451119745207	-1.18114897003353	1.93935542889098
290000	291000	-1.3866638860389	-1.29508493405844	2.2753982393746
291000	292000	-0.91443624041009	-1.43287324238534	2.21965633146544
292000	293000	-0.581689309439393	-2.88191424926621	3.57538110558502
293000	294000	-0.534907376496935	-1.98045356875803	2.43603898133021
294000	295000	-0.945233353414995	-1.91605199336766	2.13670736353366
295000	296000	-1.160097638018	-1.62668943477498	1.81777083491396
296000	297000	-1.45621229816852	-2.0321824678896	1.93630094651929
297000	298000	-1.65793914019027	-1.61336973539517	1.87685921071744
298000	299000	-2.11263239241321	-2.09124633362681	1.94610279828295
299000	3e+05	-2.11667784766103	-1.60700466895106	1.87174454453553
3e+05	301000	-2.35444210196311	-1.64460016334478	2.15370904963579
301000	302000	-1.96007816408008	-1.64099310445574	2.28981282394784
302000	303000	-2.02536665209339	-1.91093444147663	2.55458563610904
303000	304000	-1.79612417024332	-2.33616908021675	2.43691190863454
304000	305000	-1.53871282987009	-1.83158132012473	2.36255723227687
305000	306000	-1.2415436580705	-1.76911283121755	2.7388261453066
306000	307000	-0.890913774586007	-1.51795892736619	2.8286302057959
307000	308000	-0.806821751355045	-1.29578157541466	3.34072584505601
308000	309000	-1.14476584438974	-1.00692381371856	3.01269648756345
309000	310000	-1.4006545604462	-0.751508902939619	3.59046334974832
310000	311000	-1.61659034565516	-0.737183721090134	3.17801826413296
311000	312000	-1.89122116431522	-0.898763448012555	3.28961700626028
312000	313000	-2.10612961519102	-0.449595787635021	3.25605496759291
313000	314000	-1.95639172027409	-0.846406197127529	2.78065673924507
314000	315000	-2.04601376757188	-1.32310153759403	2.7968765052144
315000	316000	-1.94490469543232	-1.11013952288872	2.4058076336685
316000	317000	-1.5835606918417	-0.847315693327639	2.57271623278539
317000	318000	-1.19650010344273	-0.584700628977506	2.55094740395705
318000	319000	-0.807354685461285	-0.779529799240726	2.59879757756275
319000	320000	-0.374542256352482	-0.847266341813753	2.34081275827593
320000	321000	-0.275739950784594	-0.762426938875996	2.84262896895101
321000	322000	0.14174426682561	-0.807696839636996	2.92860725208386
322000	323000	0.228774323865628	-1.08625049170014	3.41817647256256
323000	324000	0.207553143045418	-1.65203249122239	3.23595614281613
324000	325000	0.118988886961878	-1.34978548807914	2.93019267068452
325000	326000	-0.390551715633027	-1.50877303953805	4.58802611514769
326000	327000	-0.341578924765462	-1.3996475905152	3.04026672279025
327000	328000	-0.211473693661727	-1.31367802104493	2.56389405945839
328000	329000	-0.124956516689434	-1.41185937746151	2.11009575064456
329000	330000	-0.20792097422576	-1.82046194660262	1.85999022794439
330000	331000	0.167913761101567	-1.68076431097235	1.72857893257502
331000	332000	0.199264608575975	-2.05503161043585	1.53617674835463
332000	333000	0.442887742861678	-1.77111058790099	1.3543428774284
333000	334000	0.564679052992824	-1.88259310562098	1.73061565369768
334000	335000	0.429108751343451	-2.03249664283063	2.10983060947167
335000	336000	0.640800428399383	-2.34502426996934	2.31509628318681
336000	337000	0.858480043993191	-2.03555938965984	2.53670228923086
337000	338000	1.18533666817284	-2.27645936379836	2.28370290980785
338000	339000	0.879364251245856	-2.01648838437187	2.09927195036412
339000	340000	0.950595539324006	-2.22209164460747	1.76065555600576
340000	341000	0.990308320608503	-1.61844778046215	1.81880344427257
341000	342000	1.17266460387147	-1.65350311337668	1.45382908362915
342000	343000	1.52454728017262	-1.51008253230766	1.35186567617564
343000	344000	1.5141951330235	-1.30621587871614	1.01770403253627
344000	345000	1.65846370938502	-1.05205173463837	1.38364891417157
345000	346000	1.4886770575731	-1.30240223797652	1.80594373090474
346000	347000	1.095590684148	-1.07357325385079	1.88981891178174
347000	348000	1.13821725063541	-1.0770043526273	1.49200747968068
348000	349000	0.895201675903445	-1.30087020971414	1.09253088449168
349000	350000	0.70350423002775	-0.987427540816089	1.34691232584456
350000	351000	1.09137151125132	-0.845713879528391	1.11694667030556
351000	352000	0.954749977964858	-0.492815365661015	1.26701934713888
352000	353000	1.23215468271659	-0.547702702950484	1.65287893236713
353000	354000	0.77069024047556	-0.675004637505439	1.7961924784522
354000	355000	0.992526268438188	-0.582763502645155	2.16136664841028
355000	356000	0.649471905466923	-0.302116271754587	2.1739584207952
356000	357000	0.577307088252033	-0.353114587694568	2.57207377234384
357000	358000	0.808115918696409	0.695524118800546	3.56600680171441
358000	359000	0.130094855281325	-0.300454215424495	2.8937561842539
359000	360000	0.0188479845344374	-0.459239924402005	3.19260756757394
360000	361000	-0.301928163073913	0.011055297247686	4.65742409777505
361000	362000	0.157140754203073	-0.12087707098409	3.39773659814775
362000	363000	1.36051902293441	-0.108973329418407	4.20974846543146
363000	364000	0.587310999075763	-0.486125808153023	3.0759748629223
364000	365000	0.182520287996353	-0.814628650737167	2.49081230165362
365000	366000	0.675296985698737	-1.02672389520916	2.72706785544039
366000	367000	0.557948310216718	-0.756216986466035	2.23341787665696
367000	368000	0.16181271858883	-0.442146899709041	2.23016339569992
368000	369000	-0.859342318684055	0.329764253540586	3.78844445665765
369000	370000	0.184401802695936	-1.79112142402202	2.58256208742853
370000	371000	0.447636751810978	-1.39997729628804	2.19488826115971
371000	372000	0.331673414981606	-1.16773217660157	1.77714133796198
372000	373000	-0.0156479974038695	-1.21807787023286	1.50424144916206
373000	374000	-0.175536412425765	-1.53587195099538	1.18129172862681
374000	375000	-0.684198264002223	-1.40497350169241	1.39785615964782
375000	376000	-0.458250373464048	-0.875724052884586	1.31195633299965
376000	377000	-0.470685281326437	-1.12142237867825	0.98173490191581
377000	378000	-0.281915209472275	-1.35804914222406	0.50969154427715
378000	379000	-0.683027310831317	-1.61570503965854	0.772633881125059
379000	380000	-0.502154358182541	-2.03177742443338	0.620690283719527
380000	381000	-0.300025559357405	-2.35025168318737	0.212948571565286
381000	382000	-0.459638826204881	-2.87589672575773	0.505126106690571
382000	383000	-0.230516361852836	-3.09234950677221	0.0656135729553312
383000	384000	-0.65008156126161	-3.17986289658587	0.0316222268554053
384000	385000	-0.499478592247072	-2.78435753784643	-0.109308383760778
385000	386000	-0.0727466919237303	-2.66235826054004	-0.15424797962995
386000	387000	0.120154237768134	-2.39200028980877	-0.505707909974634
387000	388000	0.595037255545132	-2.25628981427544	-0.696148517138572
388000	389000	0.474637433954103	-2.36280268201987	-0.274039922950342
389000	390000	0.446001729927022	-2.6341331010816	-0.50916437606812
390000	391000	0.443122478085246	-2.84948878397302	-0.156530091674623
391000	392000	0.775535331228742	-3.26788959022695	-0.475824375068408
392000	393000	0.347312825631011	-3.32755846412204	-0.717647338599145
393000	394000	0.360011727044629	-3.60440105438844	-0.462043198052083
394000	395000	0.212838483383124	-3.26457358504427	-0.187441739617994
395000	396000	0.0163706440504293	-2.99985911959199	-0.519179115610158
396000	397000	-0.282506857062743	-3.33037644379462	-0.598233780099527
397000	398000	-0.236871199626798	-4.94050375536423	-0.731652019760275
398000	399000	-0.230494532101319	-3.08151431416927	-1.24147013912859
399000	4e+05	-0.377912901285585	-2.80077386199193	-1.57291143657661
4e+05	401000	-0.126926799840228	-2.4723597094548	-1.23472535497658
401000	402000	-0.319694706295031	-2.05685267048973	-0.987009219673047
402000	403000	-0.534245483011287	-2.57915799717474	-1.05810331204705
403000	404000	-0.484813987163777	-2.52846887417013	-0.652635649419938
404000	405000	-0.820717757313939	-2.35807001687244	-0.407407709279918
405000	406000	-0.756861112587729	-1.97050431716329	-0.495454277033414
406000	407000	-0.718317013491355	-1.65503285140866	-0.205911817637955
407000	408000	-0.147916074307566	-1.58340754218523	-0.37109497161008
408000	409000	-0.382012327654767	-2.02629360777579	-0.223504461272598
409000	410000	-0.735887964241215	-2.10534891611418	0.0364693479460786
410000	411000	-1.07716170185775	-2.46525901054174	0.152989075107436
411000	412000	-1.43027381121845	-2.89911800389786	0.518741838009225
412000	413000	-1.51967941259931	-2.38758889280975	0.494427010330895
413000	414000	-1.66167303519003	-2.2044966186272	0.921746541953153
414000	415000	-1.99107883953748	-2.73398395444067	1.00753258495214
415000	416000	-2.2741118170994	-2.21934790043522	0.31806912973842
416000	417000	-2.52641814969653	-1.84819531905606	0.417185199981331
417000	418000	-2.95646617966253	-2.03784442572667	0.306835070394557
418000	419000	-2.72133818271167	-2.36031787118322	0.389902832724999
419000	420000	-2.86914302510255	-2.37490448229048	0.922416183825606
420000	421000	-2.29517205075742	-2.24300078440464	0.826963007467192
421000	422000	-1.97885455335845	-2.48139890691401	0.531423098380217
422000	423000	-1.81702175212947	-2.02708793754716	0.317517289591677
423000	424000	-1.71502746303919	-2.43596208940622	0.0502958563074238
424000	425000	-1.96661837471318	-2.83506868029006	0.0380848578963068
425000	426000	-1.90020718670807	-2.81177735172232	-0.436202754031144
426000	427000	-2.17009889296579	-2.73696925379062	-0.723556055197696
427000	428000	-2.37376068631229	-2.78571481520883	-0.267448868605293
428000	429000	-2.05685822508873	-2.38418626917678	-0.238067542268507
429000	430000	-1.71325465454734	-2.05393312996041	-0.409486871570424
430000	431000	-1.32123882259849	-1.62378965437217	-0.595001622673804
431000	432000	-1.33832658595393	-1.74156456800619	-0.108429257379539
432000	433000	-1.13183135574799	-1.29885650273113	0.20749112395067
433000	434000	-1.54133928411044	-1.21324327323095	-0.154506062777063
434000	435000	-1.88108439718537	-1.15623824570764	-0.445987707387996
435000	436000	-2.2603142985042	-1.11821357011966	-0.110656903761976
436000	437000	-2.15042204501948	-1.84664058519037	-0.231212140204133
437000	438000	-2.4965994876532	-2.15252235590504	-0.234499211780667
438000	439000	-2.78282490501546	-2.40493240602551	-0.41348294475307
439000	440000	-2.55352952594773	-2.36637013926437	-0.781121829151288
440000	441000	-2.77630272074799	-2.81110235962171	-0.734816683766137
441000	442000	-2.58454544600307	-2.75310554536363	-1.11472952376965
442000	443000	-2.17933362305586	-2.39674658905456	-1.32061078546676
443000	444000	-1.74439700366908	-2.40900658053833	-0.951883286952109
444000	445000	-1.33627228830487	-2.21719450683672	-0.840445819321991
445000	446000	-1.1323350261649	-2.43617821219758	-1.28986391250839
446000	447000	-1.16390562532426	-3.12409237049285	-2.81520127220451
447000	448000	-0.774386646198226	-2.04645216681882	-1.53837764588035
448000	449000	-1.18727220858511	-2.02976632983912	-1.64496582781692
449000	450000	-1.11730736875594	-1.87646330068139	-1.26171162257604
450000	451000	-1.60510953579518	-1.78769941215675	-1.24403882981446
451000	452000	-1.62477081237297	-1.46396254969949	-0.943843629481787
452000	453000	-1.70988152759229	-1.26242331198718	-1.31179338060052
453000	454000	-1.2861158446256	-1.12836934370968	-1.08631024298576
454000	455000	-1.36303648413686	-0.913403915215034	-1.54070899906031
455000	456000	-0.939670585095474	-0.856150143747379	-1.45874887509272
456000	457000	-0.967338329829137	-1.32843490959681	-1.55901837733993
457000	458000	-0.519268725555064	-1.58906122582319	-1.68068359490764
458000	459000	-0.30720636885255	-1.66456691870163	-2.06836940365323
459000	460000	-0.34228392444559	-1.33699758231166	-1.38958888959004
460000	461000	-0.584281381460164	-1.12464546047023	-1.7287823343627
461000	462000	-0.764700806609412	-0.9308845886312	-2.18141743446993
462000	463000	-0.14326774197435	-1.19524601902564	-1.98980529721207
463000	464000	0.0343681426172903	-1.56212708187569	-1.64423627189815
464000	465000	0.0636475122692536	-1.98721303039373	-1.48486057646157
465000	466000	0.209263723726938	-1.93497415072086	-1.91729423028853
466000	467000	0.408322273166034	-1.54592200012404	-1.94764373227363
467000	468000	0.571742573102145	-1.79037865983763	-1.64689091852362
468000	469000	0.552913891493698	-2.26193944137396	-1.67001573023751
469000	470000	0.336510277769117	-2.62547493137139	-1.65554386921779
470000	471000	0.42943407169144	-2.98478902495607	-1.55988783431813
471000	472000	0.115794594287829	-3.2409708340225	-1.85371332272295
472000	473000	0.304736879705139	-3.43747780219731	-1.52132295485489
473000	474000	0.136426651541676	-3.69392622260297	-1.75281893886748
474000	475000	0.054430050274609	-3.71246344873904	-1.30378410818434
475000	476000	-0.237474868946934	-3.54908599571901	-1.47350916037173
476000	477000	-0.557510357050024	-3.56691764600398	-1.24629670580295
477000	478000	-0.906669768866647	-3.81076137294184	-0.969709625977371
478000	479000	-1.16308173082917	-3.35478169283827	-0.513107549050019
479000	480000	-1.53494231954907	-3.14376916859692	-0.595435988870222
480000	481000	-1.40840155645846	-3.11103540959716	-0.177847942887053
481000	482000	-1.12954598276747	-2.77929937222792	-0.352819235998027
482000	483000	-0.776945916691327	-2.98240893568829	-0.623370296207539
483000	484000	-1.09978546758196	-2.8772151226309	-0.918383049492324
484000	485000	-1.34821425903154	-3.21760305415092	-1.10001798881947
485000	486000	-1.7139671801026	-2.8608467022303	-1.107169217952
486000	487000	-1.96648566233241	-3.15148515095547	-1.79840399896683
487000	488000	-2.4117750824559	-2.86757775644281	-1.64542835121636
488000	489000	-2.60290710042679	-3.16313193235345	-1.3807575222349
489000	490000	-2.90217491476507	-2.85036209823724	-1.47293364516279
490000	491000	-3.03972970446261	-3.11433686383651	-1.1736762139593
491000	492000	-3.05244876710041	-2.729341702837	-1.12215924037602
492000	493000	-2.84130043413545	-2.44396866765654	-1.26493852504091
493000	494000	-3.18899575490831	-2.40208848783184	-0.86465974979745
494000	495000	-3.22652146706896	-2.25397699001144	-1.29871783623921
495000	496000	-4.22865220000756	-1.46509710003134	-1.20850326918629
496000	497000	-2.86854686506827	-1.75265380252915	-1.20226546197968
497000	498000	-2.42607872596553	-1.67156525430183	-1.10926455370833
498000	499000	-2.17734901332329	-1.44097058272734	-0.894026077952655
499000	5e+05	-2.12607086533436	-1.80487360220981	-0.780699887358781
5e+05	501000	-2.47166950069068	-1.62157430478347	-0.628065125714153
501000	502000	-2.55620627605197	-1.17870233556896	-0.802580389599337
502000	503000	-2.78240318864698	-0.513459077329181	-0.831224162410906
503000	504000	-3.01772830723898	-0.0389067092841563	-0.948341588372583
504000	505000	-2.79489961184676	0.20998700226789	-0.737383952701784
505000	506000	-2.77655239324764	0.629040174890888	-0.799678727032807
506000	507000	-3.2086335836085	0.38979300315605	-0.834499050951753
507000	508000	-2.88884411992191	0.307581830398387	-1.12259382584258
508000	509000	-2.56843827984361	0.136106324688661	-1.2608046376832
509000	510000	-2.27835988559459	0.299375908501982	-1.68578008773476
510000	511000	-1.94177256096019	0.283092648296136	-1.71143245951912
511000	512000	-1.89668627914996	0.552990961723137	-2.0105034671887
512000	513000	-1.58553475083093	0.758317214258162	-1.67722849080054
513000	514000	-1.14018083642555	0.94613586607771	-1.58744417122245
514000	515000	-1.23727600068148	0.964263096986139	-2.0239456415373
515000	516000	-1.62991906527859	1.22452245453166	-2.04349435282703
516000	517000	-1.32780047680262	1.31927542127343	-2.37166500572253
517000	518000	-1.12387247502637	1.07621565240063	-2.6353314823945
518000	519000	-1.04710702721753	0.393174505727634	-3.00528159428796
519000	520000	-0.899690220819448	0.864540060196396	-3.12417275275916
520000	521000	-1.25685980573917	0.881624990747952	-3.41141432267003
521000	522000	-1.35906355268495	0.823504532952395	-2.93506758357443
522000	523000	-1.51785442206519	0.831256147248929	-2.51096178577052
523000	524000	-2.79696425833543	0.447363740865992	-3.06557674160718
524000	525000	-1.03378771819101	0.564752931023735	-2.33236167203629
525000	526000	-0.767692601287031	0.382357944209877	-2.00267771124274
526000	527000	-1.04889917215061	0.368138512816823	-1.62934602364436
527000	528000	-1.3437955033104	0.389761441684606	-1.97786514278504
528000	529000	-2.05467477360609	-0.448068939685438	-3.25089853978089
529000	530000	-0.965080184842687	-0.0575840772094155	-1.90808928440947
530000	531000	-0.662727674754989	-0.0809228782624488	-1.52988002624873
531000	532000	-0.318709230333927	-0.251736264925101	-1.88495081977421
532000	533000	-0.541791741816978	-0.558797183287582	-1.68325294497653
533000	534000	-1.67135301181962	-1.35275657554837	-3.03394948024747
534000	535000	-1.00034650397233	-0.401312388398621	-1.60231935498304
535000	536000	-1.3959999785656	-0.232931570912872	-1.59836859820723
536000	537000	-1.38854709898273	-0.272274644193899	-1.13281968797595
537000	538000	-0.763317571811277	-0.238155256841276	-0.394688148585788
538000	539000	-0.376932594823305	-0.85063573725299	-1.1688203283011
539000	540000	-0.0553249067609953	-0.881512346951663	-1.51043924261991
540000	541000	0.0965497556275149	-0.978274954035909	-2.50018224942573
541000	542000	0.0622445388763908	-0.720623824072515	-2.00372751868929
542000	543000	0.24184496884099	-0.503461178815747	-1.58013954560157
543000	544000	0.178540143630145	-0.201280797921669	-1.9294555855501
544000	545000	-0.0460532831399479	0.0629215496687037	-1.5242127865691
545000	546000	-0.0351072882171481	0.241275503954293	-1.98380093667409
546000	547000	0.30177927383901	0.315305250267305	-1.73029705211868
547000	548000	0.629069460559888	0.219017426911404	-1.99269155500332
548000	549000	0.798838322380381	0.27892439968196	-1.57563195107223
549000	550000	1.09848838184507	0.00535720088072729	-1.85863829151141
550000	551000	2.54357836556826	-0.324225890322858	-2.79191475484362
551000	552000	1.07735331378221	-0.729632493218744	-1.78902904892546
552000	553000	1.43881640637139	-0.523097458538275	-2.07644915626061
553000	554000	0.878544094938416	-0.417738024496281	-2.25777100253958
554000	555000	0.462535788824949	-0.479587515279346	-2.46027097630795
555000	556000	0.792213903792979	-0.658855724328171	-2.67778936364077
556000	557000	0.493710629946829	-0.455145125751761	-2.92396312525614
557000	558000	0.837621071202062	-0.19420622453797	-2.73444237777922
558000	559000	0.979438350544	-0.403060395630388	-3.10541361801084
559000	560000	0.917565102475371	-0.821485873898088	-3.28884983459238
560000	561000	0.320757261838811	-2.04399959138295	-3.95400970237456
561000	562000	0.481274425361324	-0.642744421558074	-3.54968001308901
562000	563000	0.711751201497123	-0.312293278459898	-3.57473493993302
563000	564000	0.331396690533433	-0.105306554195838	-3.56454738994471
564000	565000	-0.147446440693081	-0.0475452451172913	-3.50453042946106
565000	566000	-0.0796728367217396	0.297809323799896	-3.85808226204324
566000	567000	0.0107899123637254	0.433919449770794	-3.38547420023575
567000	568000	0.313835135475657	0.78900192098858	-3.23728759960283
568000	569000	0.648664822185781	0.54045046400658	-3.01215021960277
569000	570000	0.488690130012775	0.104765823401513	-3.06057711513356
570000	571000	0.420862700688243	0.154357881370083	-2.62974499358012
571000	572000	0.115416684784803	0.450067123811422	-2.83522787779223
572000	573000	-0.203812091162492	0.802238562291189	-2.91232013494108
573000	574000	-0.0364714564098887	1.24918318948886	-3.03124351016447
574000	575000	-0.103512247268199	1.17219218794521	-2.63584818357098
575000	576000	-0.354858643051481	2.82144809073133	-3.54445979867548
576000	577000	-0.137453981118553	1.83087417020873	-2.52689275497829
577000	578000	0.0408320961350169	1.50277564877757	-2.08409255414722
578000	579000	0.37513699885677	1.64195354433498	-2.35165728309149
579000	580000	0.532191338625201	1.34273374072136	-2.60809755263879
580000	581000	0.531794415795749	2.05029021940195	-2.71208784751719
581000	582000	0.325163213084274	2.22726679659468	-2.1794295725575
582000	583000	0.530308886351472	1.94801663858687	-1.70516318196755
583000	584000	0.633609656473634	1.45817277570024	-1.92483293103899
584000	585000	0.84473178176093	1.61995384539563	-2.2608790423834
585000	586000	1.15924610031828	1.63995603386038	-2.53944178700333
586000	587000	1.35737646913081	1.62069411605821	-2.08651270734909
587000	588000	1.32972357266874	1.23151334238869	-2.24998358568097
588000	589000	1.6977763208956	0.992195757187738	-2.18138509736212
589000	590000	2.03059344978041	0.864348321718636	-1.64789672904226
590000	591000	1.95160948040243	0.34077018698716	-1.59196360333125
591000	592000	1.43859178092342	0.160939996137234	-1.50295686994965
592000	593000	0.937107282238376	-0.18948544635845	-1.44891216187237
593000	594000	0.708107763797133	-0.509675548545412	-1.80663582477247
594000	595000	0.606173799940666	-0.969625003600366	-2.04956784856398
595000	596000	0.403141752126179	-1.20431064715652	-1.60773324259593
596000	597000	0.772079250851791	-1.39484781403981	-1.76213790281364
597000	598000	0.934742140775818	-1.39479789280023	-2.22680413725643
598000	599000	1.14503131622543	-1.03168472474985	-2.31217485106517
599000	6e+05	2.4014222445935	-1.74246637810094	-2.78570499704585
6e+05	601000	1.42926124711579	-0.948186341248958	-2.99874565353962
601000	602000	1.45560287528278	-0.650196699592948	-3.49931635815927
602000	603000	1.54303807278327	-0.879745753105198	-3.80956758811209
603000	604000	1.53364771348795	-0.548684910019424	-4.00775162875621
604000	605000	1.18730878927461	-0.790473113563842	-3.88842749875421
605000	606000	1.13880393452409	-0.367640224127148	-3.8139798617586
606000	607000	0.736112152776443	-0.640059244562283	-3.99760717267387
607000	608000	0.712396622725891	-0.210331132949856	-4.05111618520722
608000	609000	0.277220077952476	-0.309467733921274	-4.00853348411525
609000	610000	0.360737796275353	-0.0237794244185638	-4.26473238417892
610000	611000	0.483755758427415	-0.335338187839381	-4.4096858544573
611000	612000	0.809797211445365	-0.0133400215009856	-4.49677109283831
612000	613000	0.727178825310571	0.488187948105535	-4.2703158002076
613000	614000	0.807910987606844	0.137087333946096	-3.80391504839411
614000	615000	0.916574448332613	0.0483899448205031	-3.30298824575544
615000	616000	1.27255965034579	0.409439791515279	-3.35976740882879
616000	617000	0.670521808236282	0.432466392231091	-3.45738100349561
617000	618000	0.363553526041816	0.699076932513232	-3.65321159224438
618000	619000	-0.0489908949738064	0.885230312947328	-3.77005008539368
619000	620000	0.125329994771518	1.19253942500653	-3.51947926509028
620000	621000	-0.165405509316412	0.933145373700025	-3.3449407625754
621000	622000	-0.449580398677	1.20785626062532	-3.22496542859319
622000	623000	-0.920378517898131	1.50560362025531	-3.2922189945436
623000	624000	-0.88689876940033	1.58803190589393	-2.75761110724799
624000	625000	-0.675318555431791	1.18826760885457	-2.77170642278036
625000	626000	-0.417278480566023	1.09053617683283	-2.08190270254324
