0	1000	0.372905404844399	-0.480222117216132	-1.38783655120306
1000	2000	0.524558249979018	-0.965918702686999	-1.51592439175721
2000	3000	0.598277760952025	-1.24412442960391	-1.56068421489143
3000	4000	0.746745235367277	-1.38852707140961	-1.90775081334818
4000	5000	0.829916866223146	-1.20641590783866	-2.40436260396121
5000	6000	0.805122951848405	-0.84612970581772	-2.41954356702948
6000	7000	1.01537554430354	-0.656142796300222	-2.18902526794978
7000	8000	1.26565996644075	-0.508244037148781	-1.91968313527362
8000	9000	1.46066239223838	-0.268896559605323	-2.00609366247447
9000	10000	1.75311813354634	-0.216930824058915	-2.16185543915723
10000	11000	1.68789753621072	-0.619141348818106	-2.4462131721157
11000	12000	1.72695776594664	-0.876479236799016	-2.47281225936201
12000	13000	1.5620436313424	-0.939424942799434	-2.35666304838233
13000	14000	1.3717130361527	-1.01922322484254	-2.05752987158481
14000	15000	1.64852998997337	-1.01444682061151	-1.75923565791731
15000	16000	1.93020808321871	-0.796667064729263	-1.88396249360233
16000	17000	2.23933532438425	-1.01580870938541	-1.87136826958213
17000	18000	2.01683791629776	-1.09623079672243	-1.67954972192245
18000	19000	1.96941059550717	-1.28345285154132	-1.22902807993142
19000	20000	2.00794413699606	-1.00667005952694	-1.16470374751521
20000	21000	1.62314311079139	-1.40516701878809	-1.39773923879575
21000	22000	1.54433978829312	-1.14418831219615	-1.04766305136644
22000	23000	1.78491184031763	-1.24960515464381	-0.870335765739351
23000	24000	1.85325341114618	-1.22632284271923	-0.595847866870037
24000	25000	2.25553767718135	-1.53643520103877	-0.36070109382567
25000	26000	2.19741375055576	-1.51406372036281	-0.107663708806605
26000	27000	2.19777268522767	-1.98104529358323	-0.458006553759904
27000	28000	2.09553287651491	-2.51011057088895	-0.482537468906216
28000	29000	2.06227942945471	-3.30988489242966	-0.664824724256364
29000	30000	1.6423038628923	-2.46133924939544	-0.275658430650662
30000	31000	1.45718583589872	-1.88150485361031	-0.397700522023253
31000	32000	1.13818360390846	-1.36636193437103	-0.464647392559517
32000	33000	1.40526734724391	-0.656097322906194	-0.620206558389307
33000	34000	1.52444656947864	-0.212708824119271	-0.708310807802532
34000	35000	1.6711376258748	0.192846261647693	-0.683500825471794
35000	36000	1.93570157199094	0.5946986541028	-0.304545485773087
36000	37000	2.08570244801722	0.472300968768606	-0.0501649467029501
37000	38000	2.0780470661607	0.583737210615142	0.212100828958106
38000	39000	2.21639149076428	0.845156181978201	0.530782370559603
39000	40000	2.52747906571955	0.995955708075229	0.312246835382501
40000	41000	3.2361381253154	0.973205556637387	0.383363719195429
41000	42000	4.17448742258954	1.10506245420738	0.581692945389456
42000	43000	3.51815606073436	0.198193818628034	0.110395916833874
43000	44000	3.08020465650255	-0.238369575743585	-0.158507995964264
44000	45000	2.24913013977583	-1.62971598920927	-1.16912590281153
45000	46000	2.23361287672689	-1.86078850632334	-2.13238771819816
46000	47000	2.44683227887861	-2.31618501744243	-3.14200921040626
47000	48000	2.05192192972998	-1.54321464903407	-2.64980199192166
48000	49000	2.31324213307314	-1.28705678640179	-2.33194254290298
49000	50000	2.55452312998708	-0.93404693562685	-1.78916026273711
50000	51000	2.73989106820197	-1.01452871203862	-1.53301481954644
51000	52000	3.11087016849466	-0.725570793515511	-1.26066485358992
52000	53000	2.74542124179168	-0.70959623874926	-0.976204383080638
53000	54000	3.23116774003107	-0.59636059538495	-0.902653443566418
54000	55000	3.00834513623109	-0.691815047280129	-0.912237674361139
55000	56000	3.0261801405616	-0.875716088618377	-0.552865743560647
56000	57000	2.9298569103628	-1.03431164410921	-0.238490368437781
57000	58000	2.65181525025287	-1.06469458568274	-0.102174995446638
58000	59000	2.89857140123046	-1.12782424883566	0.199905153461894
59000	60000	2.45420692545274	-1.34349707562727	0.509132168603902
60000	61000	2.67247268317515	-1.26410877162913	0.664936791421408
61000	62000	2.50640217999578	-0.944348811683355	0.806443969834661
62000	63000	2.48673446444466	-0.662712326173705	0.669575731386285
63000	64000	2.40108057457361	-0.703787394862802	0.354716379147971
64000	65000	2.46903999608197	-0.331561750559394	0.439504732532522
65000	66000	2.53829098804817	-0.0887227218191826	0.212036528678427
66000	67000	2.21495595884934	0.0351230517516428	-0.0585690994948904
67000	68000	2.748050004365	0.097966329073625	-0.392228952847189
68000	69000	2.3733070136141	0.107456100589903	-0.658612953251489
69000	70000	2.47451338558798	-0.328538037716349	-0.768437284354401
70000	71000	2.33242222991283	-0.294424437034807	-0.388724776548823
71000	72000	2.06493354751091	-0.502710223215816	-0.258288481529337
72000	73000	2.42357559328235	-0.845270595269803	-0.203234300369166
73000	74000	2.40889513178074	-0.906943032856554	-0.500773603154444
74000	75000	2.80897084154594	-0.769424449968096	-0.553567465721301
75000	76000	2.63914517212961	-1.26144031411999	-0.662060769086047
76000	77000	2.74736433324017	-0.961161120682404	-1.0101541238488
77000	78000	2.66786946473293	-1.06986930148935	-1.14210700372979
78000	79000	2.6371908170011	-0.553063700099971	-1.33820997034469
79000	80000	2.72709524853214	-0.514247675482166	-1.5950832352765
80000	81000	3.13370113811203	-0.612280705200821	-1.46462706331639
81000	82000	2.98392473367057	-0.37185232730153	-1.34839555362495
82000	83000	2.8352510484915	-0.19307947315468	-1.5288190422532
83000	84000	2.44308380291929	-0.193599578501687	-1.67665329464317
84000	85000	2.73907633972204	-0.380927609040198	-1.9159285217636
85000	86000	2.42582054867424	-0.316101273526768	-2.1707454155367
86000	87000	2.42314540518548	-0.128286070502644	-2.15491287078867
87000	88000	2.18171774399812	-0.0354307465227253	-1.95062511489918
88000	89000	2.31118434445682	0.333027699578655	-1.69920968939262
89000	90000	2.60230004774083	0.219596061764105	-2.0839245459664
90000	91000	2.65628738114097	0.540555766161216	-2.17786464929233
91000	92000	3.71019358287574	0.915455259169979	-2.87337222368809
92000	93000	3.13110934295894	0.41031178305794	-1.91791889512255
93000	94000	3.0621457220493	0.436855202517781	-1.63116320413609
94000	95000	2.82239339034805	0.195727702827018	-1.76638888440228
95000	96000	2.85182941687362	0.525869977661084	-1.41458180944679
96000	97000	2.48110975451431	0.315522903179643	-1.40957336345628
97000	98000	2.86480081787867	0.64333991619787	-1.11272732596216
98000	99000	2.89180642083447	0.772716489813772	-1.57017170015188
99000	1e+05	2.63296173200679	0.513732378062218	-1.70600213157422
1e+05	101000	2.53826856936734	0.874702092308822	-1.31345719965694
101000	102000	2.27247977351918	0.823569571556574	-1.19404378550528
102000	103000	2.07194475958831	0.994586429844517	-1.44141953128369
103000	104000	2.53006331759736	1.05170452746504	-1.63603135060347
104000	105000	2.5155616207997	1.05740982418617	-1.90986620849704
105000	106000	2.15288554088688	0.806287754748158	-1.73742133481138
106000	107000	2.06601312290019	0.650037558729819	-1.91583319383138
107000	108000	1.50167751879331	0.64202568008541	-1.92822550608036
108000	109000	1.44942432187851	0.376172483724669	-1.90339635153195
109000	110000	1.6453033322465	0.16015906574633	-1.76503349256087
110000	111000	1.80292622981993	0.181789767793833	-1.43191202466237
111000	112000	1.9324020664002	-0.20067229652055	-1.52011241387635
112000	113000	1.88887205521388	-0.189382289223817	-1.1624412043725
113000	114000	2.29662402441167	-0.474640758304495	-1.29240736331535
114000	115000	2.3259112025701	-0.10514976658788	-1.30874696152026
115000	116000	2.65847134407006	-0.270975296809668	-1.12610125373785
116000	117000	2.79361048294012	0.142093478971764	-1.22905675786093
117000	118000	3.25348187493049	-0.289238730711903	-1.33640636339917
118000	119000	3.78453227217048	-0.260493344549682	-1.55563483969218
119000	120000	4.54699590155609	-0.151031687647076	-1.96894307300362
120000	121000	3.58636253128562	0.111399411533792	-1.53436826658739
121000	122000	3.23939895581096	0.0226691447985649	-1.20287967852749
122000	123000	3.16987694083682	0.182134630916053	-1.08910488873279
123000	124000	3.53965341276146	0.451540413392917	-0.823286775282201
124000	125000	4.36069304515514	0.874149008719978	-0.909185279782079
125000	126000	3.40859066065579	0.894481245174482	-0.741367106674343
126000	127000	3.15723610846014	1.14314206763123	-0.478620999344349
127000	128000	2.93727812654986	1.33310697451177	-0.440504150102301
128000	129000	3.77555279441365	2.27294147735981	-0.44334783146452
129000	130000	2.63960145901637	1.95546030666352	-0.0852453548210211
130000	131000	2.16810912309041	1.79710708541074	-0.0493814917380701
131000	132000	2.12594310625542	2.17626138667053	0.0347913159389535
132000	133000	1.46625545580592	2.27701806027795	0.121122060235722
133000	134000	1.20450338518914	2.55793215080259	0.130989412526523
134000	135000	1.15947683046685	2.88454800257091	-0.14260226698148
135000	136000	1.14339293795666	3.3840253261628	-0.0146280957724425
136000	137000	1.4877534429213	4.52498000739198	-0.194472812435526
137000	138000	0.919305814812521	3.66427903022663	-0.282658595529613
138000	139000	1.03380959540818	4.40548923159604	0.324001665764729
139000	140000	0.671864645805485	3.41948584271035	0.0229165967082533
140000	141000	0.662026279558091	2.90546831180652	0.032338094553805
141000	142000	0.595294219331223	2.47174557234332	-0.342524300963602
142000	143000	0.486212482103822	2.86787677765781	-0.570404904452737
143000	144000	0.155934716448495	2.86276857277326	-0.321973286545462
144000	145000	0.352262887136372	3.4194219016103	-0.250968793086148
145000	146000	0.0546804479246408	2.86791249676043	-0.116776246390044
146000	147000	0.203127467018577	2.80219855251357	0.135915202754115
147000	148000	-0.20124705817236	3.26077156041903	0.120251219976665
148000	149000	-0.390009131112794	2.88734204004919	-0.107765448216714
149000	150000	-0.224377965670838	2.98751753863532	-0.359005476757959
150000	151000	-0.495540552823193	3.05526855526723	-0.501381214381224
151000	152000	-0.744474287127749	2.54154072708307	-0.342516014539844
152000	153000	-0.839320628493528	2.825131085657	-0.362341796103092
153000	154000	-1.41962430025369	2.64724937481906	-0.332952460829469
154000	155000	-1.42171892403355	2.95936698839386	-0.508801257910336
155000	156000	-1.09615647350906	2.46426636454142	-0.670864395807935
156000	157000	-1.12235404307814	2.94640499446262	-0.796639790132699
157000	158000	-0.964548326297874	2.54352239145079	-1.00109915496321
158000	159000	-1.23998957773508	2.59627973783847	-0.888210068221846
159000	160000	-1.19527886568628	2.29469055300572	-1.18515327666692
160000	161000	-1.58997001818284	2.5876323116695	-1.34592703345502
161000	162000	-1.49079056189455	2.80502685353584	-1.34611260505941
162000	163000	-1.81014824226113	2.72964057347859	-1.51733024617334
163000	164000	-1.51491912449916	2.38002689283052	-1.29337671627039
164000	165000	-1.71093941228868	2.37121876345227	-1.29408002891927
165000	166000	-1.98537571707413	2.14818305657667	-1.30580181926127
166000	167000	-2.14949332583938	1.89064970219663	-1.27305359100206
167000	168000	-2.42243569024416	1.71309439975984	-1.06561204806386
168000	169000	-2.21727579811065	1.50978120040361	-0.772268004102058
169000	170000	-2.48849850501604	1.30595226003253	-0.881057235543163
170000	171000	-2.72680964940954	1.18201503526225	-0.395663160262
171000	172000	-2.49514978330127	1.31246158565456	0.185418044151877
172000	173000	-2.15716392690335	1.62184855709069	-0.120644944128679
173000	174000	-1.82866718672985	1.77345582088956	-0.143140716037277
174000	175000	-1.89168205743172	1.96055031259373	-0.579684822553683
175000	176000	-2.19527131010333	2.04052579147304	-0.338238235330678
176000	177000	-2.3658775958309	2.31704237925044	-0.53385984505338
177000	178000	-2.07826977149062	2.68084300827308	-0.386949151232281
178000	179000	-2.10676893711672	2.5812204609731	-0.80220327202277
179000	180000	-1.8030618294013	2.49724293366724	-0.840284734645553
180000	181000	-1.63764386421638	2.24129120222274	-0.7107634135078
181000	182000	-1.421687046262	2.28411307713827	-0.216801881611607
182000	183000	-1.50053085712581	2.40833154223092	0.11385154978102
183000	184000	-1.54394359853418	2.70989803152273	0.320530468076109
184000	185000	-1.6442059568573	2.26895228940324	0.148509860100722
185000	186000	-1.97763091920316	2.42374861566555	0.523539269171352
186000	187000	-2.11017658414343	2.19965282455132	0.211143240306313
187000	188000	-2.25072470312036	1.94345524697436	0.770045543602207
188000	189000	-2.00975719800745	1.56595424685353	0.877219301297725
189000	190000	-1.7068313555404	1.58009068656439	0.523892746695264
190000	191000	-1.54001007281809	1.80186877754815	0.653681138005086
191000	192000	-1.19893271503928	1.69039654464001	0.254967561528166
192000	193000	-1.01426732594514	1.80240290481636	-0.271760535253512
193000	194000	-0.77843499053385	2.04042562343883	-0.323674402049038
194000	195000	-1.02441818703931	2.12243505133576	-0.836527667678174
195000	196000	-0.725687117439494	1.86130198619614	-1.06158333584664
196000	197000	-0.95207620467127	1.74676495293031	-1.47544226862138
197000	198000	-1.19827892555784	1.5268153920626	-1.49128763998713
198000	199000	-1.49134465960871	1.57026912161255	-1.13776700582075
199000	2e+05	-1.47480568305987	1.78196948148091	-1.49305310321725
2e+05	201000	-1.70120284808171	1.77556133101215	-1.78519176285394
201000	202000	-1.24986107105702	1.74647302898627	-1.85082385063618
202000	203000	-1.01804373868185	1.98580962027523	-1.78050266979145
203000	204000	-0.800105929713202	2.31310839836835	-1.66775681892188
204000	205000	-1.01313379311656	2.50824333531077	-1.51168098811091
205000	206000	-0.955939522148819	2.95453411540049	-1.58897203150867
206000	207000	-0.862373126079456	3.27166194417977	-1.55594379424523
207000	208000	-1.03457689812342	4.13433368004366	-1.84900272226763
208000	209000	-0.691010637366726	3.28826757917979	-1.07233017391658
209000	210000	-0.710400142051953	2.89339923290177	-1.01759518826057
210000	211000	-0.360323236938381	2.751354164158	-0.88469147025845
211000	212000	-0.414226168406405	2.44262427459929	-0.982173150399161
212000	213000	0.0138543574895566	2.26636241945251	-0.789937665471664
213000	214000	0.134315499489954	2.52272055183111	-0.771627812516924
214000	215000	0.215188395496186	2.89306805436181	-1.19854279834381
215000	216000	-0.0758058524920277	2.94881880266724	-1.27788083886127
216000	217000	-0.326537954644315	2.60263752547108	-1.32683444366042
217000	218000	-0.405020910450767	2.65693325062003	-1.57288098344098
218000	219000	-0.381690254906161	2.44737291677467	-1.76579892644313
219000	220000	-0.370831489997974	2.19179166008586	-2.04664003477816
220000	221000	-0.295755718678274	1.8460986429529	-2.10123033869299
221000	222000	0.0765504690460323	1.82160369019497	-2.08476387470232
222000	223000	0.194407085424275	1.74499117073835	-1.8731391184113
223000	224000	0.414639223436592	2.22914285207704	-1.79620982087213
224000	225000	0.222706240072684	2.01160462420469	-1.48701325302747
225000	226000	0.0140227749667991	1.80031527196954	-1.18925973187538
226000	227000	-0.248548374833349	1.48502081686814	-1.0114227594484
227000	228000	-0.232091406069985	1.69698450843986	-0.587497316577048
228000	229000	0.204279247124128	1.79142031787878	-0.280205371733489
229000	230000	0.00472457428251138	2.16040268538183	-0.398400088517166
230000	231000	-0.205151232981637	2.13396779950923	0.10126370267731
231000	232000	-0.305230543076173	2.46093150283619	-0.0726999262296053
232000	233000	-0.718954394961215	2.28980879529556	0.198935875292346
233000	234000	-0.724976410485209	2.73911508063219	0.172586213502253
234000	235000	-1.025988352602	2.98742021742148	0.260830748731467
235000	236000	-0.904007601864948	2.68561289445798	0.537235326205473
236000	237000	-0.596161586351315	2.73559386483813	0.413399281438481
237000	238000	-0.839253150086417	2.39729588601875	0.934500774646452
238000	239000	-0.401156371847522	2.40397083723169	1.04460375791183
239000	240000	-0.39993432960602	2.13161356705721	1.36152613519513
240000	241000	-0.44238146214644	2.04558461570194	0.89440011004875
241000	242000	-0.545578122789987	1.58079536746819	0.696547441860241
242000	243000	-0.443101441334291	1.36214728242427	0.221990997510178
243000	244000	-0.818046264332419	0.950317779218097	0.0936893769221607
244000	245000	-0.450630320831241	0.582978574975329	-0.00904151268717278
245000	246000	-0.115095412897852	0.474021705414529	-0.183853838981493
246000	247000	0.159179825165678	0.395217137770616	-0.239817727276637
247000	248000	0.524247290150977	0.49263355268988	-0.442180385200165
248000	249000	0.214210304369468	0.605321210819158	-0.720977067925782
249000	250000	0.0945835630201229	0.611591892072201	-1.31462027616263
250000	251000	0.0100506592413433	0.882044233928398	-1.50305558174842
251000	252000	0.368978790251221	1.08950974585693	-1.51259513595239
252000	253000	0.66350377638901	1.51296988593861	-1.13379570352841
253000	254000	1.06605968149237	1.83021431939302	-1.23389066789067
254000	255000	1.19574628516767	1.71843076375665	-0.898870014134463
255000	256000	1.16737309707419	2.03372409260884	-0.647243511352771
256000	257000	1.09992782840315	1.55417012454061	-0.504652946617857
257000	258000	1.27436432000325	1.73581075157765	-0.193344235639144
258000	259000	1.26675556052996	1.23233598415556	-0.0462083940470662
259000	260000	1.26661665087026	1.32100864518821	0.616914192984761
260000	261000	0.881420958489068	1.28479691064795	0.997855793911568
261000	262000	0.986892362546647	1.65146562688474	1.00964562995851
262000	263000	0.85214243063212	1.41960036104631	1.47296640889085
263000	264000	1.16287412901581	1.10586706025116	1.53989856368665
264000	265000	0.894323018588627	0.646913775554903	1.5396001031051
265000	266000	1.0172179557015	0.16055325716795	1.31939190327079
266000	267000	0.801709233559137	-0.103894854558567	1.41327999036682
267000	268000	0.450525983563243	-0.519827618903834	1.49440752541945
268000	269000	0.461489517401743	-0.663040288621085	1.81127433551067
269000	270000	0.221595691251523	-1.08679463110966	1.7319319474939
270000	271000	0.178822391317675	-1.62788196587999	1.98657393364425
271000	272000	0.227367860270746	-1.56442806171968	1.45170231754099
272000	273000	0.260964571365868	-1.5478433676536	1.09322684156841
273000	274000	0.655860501328107	-1.59183383654529	1.16400863076474
274000	275000	0.983693775895587	-1.1140336044801	1.43224287949156
275000	276000	1.33574343511372	-0.903334104443633	1.35298351090408
276000	277000	1.3540884073741	-0.604623828133111	1.45862719269492
277000	278000	1.61442185569667	-0.552662105565417	1.45232536289199
278000	279000	1.20771371561637	-0.360680339021895	0.846031153424289
279000	280000	1.37997974550816	-0.815503927954934	0.727547354186507
280000	281000	0.856796392414043	-0.660248863389124	0.459734919506458
281000	282000	0.958946193512865	-1.32730199887153	0.715241158037627
282000	283000	0.976391119294077	-1.92335641663768	0.50083764220892
283000	284000	1.21734037967219	-1.72615529729675	0.843751724211686
284000	285000	1.32277319330547	-2.0942047412225	1.06287931298553
285000	286000	1.53874932558104	-2.3293791449613	0.885559238216921
286000	287000	1.74392180003724	-2.37518750919689	1.13570141161122
287000	288000	1.72506774903774	-1.99938201329354	1.51966882161957
288000	289000	1.46338208059042	-1.76809886265072	1.46837045945348
289000	290000	1.72522261234264	-1.81310492893318	1.79724198202806
290000	291000	1.87043044759715	-2.22415541368458	2.18381671572142
291000	292000	2.11438269018606	-1.94837798616757	2.59517627494538
292000	293000	2.49668802090762	-2.65435620944821	3.26179185449597
293000	294000	1.93819845581343	-1.85285027574231	3.08665704859843
294000	295000	1.70558453283749	-1.58737582367738	2.68133477650364
295000	296000	1.29958893797786	-1.60154452094294	2.70128256373551
296000	297000	0.937967536026626	-1.51981604385947	2.56929626733175
297000	298000	0.964102630643441	-1.80006964764647	2.52148473899
298000	299000	0.733268156852108	-2.22567483053269	2.16576954346806
299000	3e+05	0.775301573071325	-1.73520726585311	2.08316040621774
3e+05	301000	0.826322096946576	-1.76572439826238	1.61255727309642
301000	302000	1.24708267752264	-1.83822955537736	1.79224164759258
302000	303000	0.913544676642108	-2.34268433400963	1.78071389532398
303000	304000	1.15240099591225	-2.18596059708939	1.91008280735599
304000	305000	1.23861394793578	-1.898028952064	2.04132893684246
305000	306000	1.28568457730248	-1.65817182733281	2.08705395529
306000	307000	1.52459555583646	-1.48518902548413	2.04571443493981
307000	308000	1.89161730228485	-1.61274374447479	2.22687896080268
308000	309000	1.96158277776271	-1.36862527023475	1.90531990028057
309000	310000	2.36265625321694	-1.59035148951751	1.83576870527291
310000	311000	2.128344474009	-1.57877651698892	1.58718007949112
311000	312000	2.52276623787664	-1.54719440413519	1.62352462422787
312000	313000	2.36815043318411	-1.74050472376437	1.37535886404001
313000	314000	2.04357709874205	-1.6160888745866	1.22357812072981
314000	315000	1.84843730002928	-1.21022614768167	1.34130705205091
315000	316000	2.02689015222951	-0.893910656295697	1.35021303478247
316000	317000	2.02185450652792	-0.795350131785418	1.83207960213567
317000	318000	1.86131801589703	-0.653256869599269	2.01856344334832
318000	319000	1.56040668381765	-0.590944612302829	2.04401827038268
319000	320000	1.17922080694865	-0.641531580027142	1.98037390022739
320000	321000	1.54474069709341	-0.220991882633652	2.3669191554892
321000	322000	1.78445114154617	-0.606646736082279	2.32797452971958
322000	323000	1.84198069533075	-0.631927755868213	2.74783091088887
323000	324000	1.71032275744795	-0.74768913162467	3.02688563634314
324000	325000	1.65734206732673	-1.07544867273204	3.19246043926379
325000	326000	2.35679440052082	-1.49087609734332	4.03494560740172
326000	327000	1.84777326238268	-1.34022867285993	2.98698330062838
327000	328000	1.66568647047274	-1.07845833680083	2.58307280404403
328000	329000	1.49895852350107	-0.919016952019611	2.5153058238169
329000	330000	1.27482758490321	-1.19128511368523	2.57420394292106
330000	331000	0.997116813910291	-1.49606482105105	2.78161817168657
331000	332000	0.653609860091511	-1.3730738962926	2.85132536164608
332000	333000	0.477961102488561	-1.06513305389525	2.56148838017981
333000	334000	0.817433567620468	-0.904136735614087	2.75828157373282
334000	335000	0.954876680267214	-0.786642829198739	2.64212568897899
335000	336000	1.34602300275114	-0.837898288812958	3.11366419931196
336000	337000	1.22329843245286	-0.614206173743487	2.97553333077511
337000	338000	1.12486686758797	-0.294912891774687	3.22035115060993
338000	339000	0.860673995311791	-0.341108949097905	2.73587115028649
339000	340000	0.874453527162322	-0.707238723079823	3.15177511300836
340000	341000	0.60708967643236	-0.55305956288412	2.8790881676537
341000	342000	0.317961457070994	-0.60571961689282	3.23640406335977
342000	343000	0.515936236275367	-0.30436720219657	2.79676082174126
343000	344000	0.207354763017613	-0.056643725642961	2.98236506385457
344000	345000	0.380822019623766	0.17244469450844	2.82399985271817
345000	346000	0.494269082431231	-0.131009742827317	3.22924959899714
346000	347000	0.861651431144563	-0.109757033536436	2.96985054122777
347000	348000	0.867722395135718	0.0250038322016115	3.2333805386278
348000	349000	0.720904527198963	0.199776958197211	3.39881710636453
349000	350000	0.512633646953717	0.129331654050678	3.26100947603981
350000	351000	0.713537494353263	0.239290905497679	2.98531805953591
351000	352000	0.56355867117844	0.469366200740188	3.10647917111952
352000	353000	1.00880879079614	0.238627886080694	3.23173993751711
353000	354000	0.620292189189232	0.423386181450947	2.65220614848683
354000	355000	0.870257966563009	0.66785941071322	2.77124519698192
355000	356000	1.17708816333738	0.727758201522988	2.96824309339787
356000	357000	1.23882185311478	1.0957345565208	3.36136144957327
357000	358000	2.09895237552055	1.50102676719385	3.78086738742946
358000	359000	2.08099205513461	1.01290242119189	3.08285703101596
359000	360000	2.34820770985032	1.28802495350057	2.72991136661176
360000	361000	3.12628616565441	1.47569167491336	3.07653672706732
361000	362000	3.11189470013849	1.09999274328752	2.57667081856868
362000	363000	3.687140954505	1.01697336096404	2.69715160820553
363000	364000	2.62445783617466	0.608654731394422	2.17738188387267
364000	365000	2.17129247495746	0.574323322219681	2.02997692808258
365000	366000	1.74858000850623	0.243058017348077	2.31167632200357
366000	367000	1.75451135982364	0.131349180990637	2.63275862923735
367000	368000	2.0061589922872	0.129553808798354	3.03094083125991
368000	369000	2.63915663169234	0.194657666065529	4.14124409560886
369000	370000	1.82639459799869	0.0729584305900612	3.37463820544854
370000	371000	1.39144758928626	0.022263421700233	3.14287514333409
371000	372000	1.17814163141043	0.00798251175301343	2.76251414120946
372000	373000	0.938999804389013	0.116508183986146	2.25018075997605
373000	374000	0.621204049930016	0.334414318199586	2.15536178956342
374000	375000	0.419491268303411	0.890817687889033	2.4000872090426
375000	376000	0.152594040324215	0.714890498386129	2.37539535104383
376000	377000	0.00912615086548037	0.355758444060732	2.30004221572089
377000	378000	-0.25718745384426	0.0380840053172697	2.33080701385798
378000	379000	-0.0773423406250828	-0.36758369234331	2.3278427051918
379000	380000	-0.185895902794615	-0.700790329000376	2.4618212276158
380000	381000	-0.0129756098567816	-0.810104895705585	2.85622101956136
381000	382000	-0.120296096665354	-0.469592620460942	3.21558234499993
382000	383000	-0.062579558893483	-0.803275986490504	3.32657327488729
383000	384000	-0.310413817558294	-0.638431882112278	3.0544113438893
384000	385000	-0.493343305598306	-0.617247437752974	3.13688671747096
385000	386000	-0.546132568105098	-0.259092692435495	2.92548447054747
386000	387000	-0.659086294765389	0.035735143232562	2.905080477605
387000	388000	-0.532980453759948	0.418985281355314	3.04737975082007
388000	389000	-0.740843540613364	0.427898243137722	2.601042359066
389000	390000	-0.861200612730042	0.113400928652353	2.51427952271708
390000	391000	-1.13900887323975	0.20595192941446	2.79186971960983
391000	392000	-1.46084578042982	0.295945161073715	3.03861841031181
392000	393000	-1.48355343095068	0.517992870560578	2.62045375396705
393000	394000	-1.33466336026365	0.617034167834133	2.39085163554042
394000	395000	-1.81103892288052	0.839725273716707	2.21346638773104
395000	396000	-2.01067898205935	1.01450851735774	2.38578811262939
396000	397000	-2.37827399786803	1.26974315584591	2.46125892842201
397000	398000	-2.86507084842989	1.73557696359597	2.91852509983451
398000	399000	-2.38747242862225	1.5850003394751	1.97175983744429
399000	4e+05	-1.78937504737331	1.37638220245546	1.89234045585024
4e+05	401000	-1.38790362629091	1.12560204359191	1.58669131196286
401000	402000	-1.07162265741786	0.956098844974446	1.89299023984272
402000	403000	-0.969811625449281	0.646246789605582	1.87894613655866
403000	404000	-1.16815167359907	0.182187233831794	2.02883799286438
404000	405000	-1.57384678603652	0.204733245326892	1.47330980665047
405000	406000	-1.52954110865794	0.300663718235491	1.14395995763748
406000	407000	-1.59462407061022	0.650893743678897	1.12568134920122
407000	408000	-1.39946720836764	0.587723786744656	0.609419139187544
408000	409000	-1.29537046539291	0.374657703482491	0.936654973576463
409000	410000	-0.884762355725789	0.171699883953501	0.988964952338122
410000	411000	-0.86640442542975	-0.272226142178974	1.35599337898934
411000	412000	-0.644893066280708	-0.788594916906878	1.28285253011284
412000	413000	-0.66098415042594	-0.929493685591449	1.07012838050755
413000	414000	-0.676205377739598	-1.32802364801414	0.723314641037895
414000	415000	-0.569267281318253	-1.54539415722036	0.477825189548447
415000	416000	-0.725857418767668	-1.94417112893702	0.756552889976468
416000	417000	-1.05532619545891	-2.00257337429626	0.915500620482711
417000	418000	-1.22737669435236	-1.68227375029237	1.20739875987863
418000	419000	-1.19735874587875	-1.7499349418614	1.75876196313633
419000	420000	-1.20908406726407	-1.86644048250246	1.91738668240347
420000	421000	-0.697740269720356	-1.8219398795147	2.18355305437174
421000	422000	-0.69889158478058	-1.69089914974424	1.87940363958266
422000	423000	-0.612501398975833	-1.37438103711571	2.10338002170143
423000	424000	-0.792417716441325	-1.08907007382335	2.13626144793131
424000	425000	-1.13971097380496	-1.09356427072925	2.31494818329309
425000	426000	-1.29899754796289	-0.890884752902522	2.53014349268055
426000	427000	-1.71710131460136	-0.677952303705813	2.55876023385393
427000	428000	-1.40305136779482	-0.998084407108649	2.09284187886706
428000	429000	-1.40770581774709	-0.610464512596951	1.80234866742126
429000	430000	-1.56960061763455	-0.851350104778865	1.64373870353876
430000	431000	-1.81745578978353	-0.531076293070724	1.20005651587694
431000	432000	-1.55179145982596	-0.538497194567347	0.985569133935496
432000	433000	-1.52029353416415	-0.769950612540786	0.530612525605222
433000	434000	-1.41572238329808	-0.782474166311476	0.308388853498573
434000	435000	-1.56385437015809	-1.03749703532622	0.512925922381934
435000	436000	-1.79470652345456	-1.28738888068655	0.546828268576615
436000	437000	-1.79032990515615	-1.39478237261627	1.11041942266908
437000	438000	-1.56869686176831	-1.69930531270948	1.42060239224279
438000	439000	-1.89266594275271	-1.88664059334205	1.50454700605747
439000	440000	-1.813763292156	-1.67692751947495	2.02482101642891
440000	441000	-1.76247269113183	-1.49888736136041	1.76699366906595
441000	442000	-1.98395129814398	-1.23949822747979	1.8834663890296
442000	443000	-2.36429950775401	-1.13377248412685	2.2275516773299
443000	444000	-2.57794979606717	-1.14670069982875	1.96053361266081
444000	445000	-2.88210478686597	-0.890870174640833	2.03187312511645
445000	446000	-3.225955216645	-0.594725251937691	1.96160590301592
446000	447000	-4.34995605156684	-0.335420325781231	2.44241183146697
447000	448000	-3.06310045391257	-0.16584824503215	1.79560222575593
448000	449000	-2.9280292014333	-0.289840510401044	1.28390334834934
449000	450000	-2.47716711421575	-0.486901215917617	1.24859358938436
450000	451000	-2.36740750715449	-0.82106358209995	1.16836328706
451000	452000	-2.22983823965628	-1.02370593522531	0.818867017646808
452000	453000	-2.415642230555	-1.48827020260656	0.754942000995387
453000	454000	-2.77430507934664	-1.32173695928654	0.6335835857561
454000	455000	-2.62666036075602	-0.988124506488818	0.454536044011721
455000	456000	-2.52271906929945	-0.501162185355288	0.670261744731699
456000	457000	-2.39769883895071	-0.314274052896532	0.791086907331539
457000	458000	-2.75584908475549	-0.0385847627990415	0.805693866300969
458000	459000	-3.01188277458931	-0.349316980313598	0.697492654399484
459000	460000	-3.04047710371926	-0.520371920182905	0.488218904764276
460000	461000	-3.01867832479567	-0.508322766018967	0.0261899663814666
461000	462000	-2.84275943302088	-0.25761438979021	-0.0187010662099424
462000	463000	-2.6408679133055	0.0155935909889087	0.375612471665962
463000	464000	-2.90875625608322	0.278092872824095	0.884386301007311
464000	465000	-2.72747193794058	0.517128418089137	0.796217128040876
465000	466000	-2.55861351927477	0.698643919076071	0.445599784641346
466000	467000	-2.26931847988317	0.725448243998553	0.35184215228887
467000	468000	-2.11154574459371	0.910903799866849	0.645162691432319
468000	469000	-2.36948335826062	0.820263494348315	0.842157228067945
469000	470000	-2.30343688749941	0.692053420099098	1.28677099574519
470000	471000	-2.66823656345127	0.409154535413201	1.4115520684236
471000	472000	-2.81224787975748	0.178927193155271	1.58043440062014
472000	473000	-2.39087733685475	0.382269425765315	1.99670885227565
473000	474000	-2.23474923560206	0.451734098123689	1.8046551736564
474000	475000	-1.93883372438766	0.195144334542112	2.01222083952983
475000	476000	-1.9421742680688	0.447747462480856	2.40525783815605
476000	477000	-1.85455598613822	0.00275930534288623	2.34144178737388
477000	478000	-2.36606343027573	-0.227381044793216	2.45339433087338
478000	479000	-1.99516220925513	-0.290558164542615	1.99551019946326
479000	480000	-2.12327355602331	-0.593825828310721	2.04724970155036
480000	481000	-2.17757444154276	-0.866030308531874	1.94658792522247
481000	482000	-2.39843408509996	-0.569754063847336	1.99862870178567
482000	483000	-2.62884295296412	-0.412636731149564	2.08507948146774
483000	484000	-2.41891096753816	-0.127074746596496	1.96851052711303
484000	485000	-2.65539462875291	-0.274176901528966	1.63936080200618
485000	486000	-2.50000649733561	-0.561746591972214	1.60734337726381
486000	487000	-3.01102292985582	-0.664805602348631	1.55498617649201
487000	488000	-2.68273226811702	-0.929281601912972	1.36799464792868
488000	489000	-2.8662444148421	-1.10910148631067	1.26794705999969
489000	490000	-2.39500155954104	-1.12505825106323	1.44497175518475
490000	491000	-2.59782383105611	-1.26255686845769	1.41464564597751
491000	492000	-2.3603789805236	-1.23011207310237	1.16993273523934
492000	493000	-2.31427617997283	-1.5634114151822	1.10542009643189
493000	494000	-2.63267249116073	-1.67616633825493	1.10846149632143
494000	495000	-2.55642140380436	-1.95601907100818	1.31594411825266
495000	496000	-3.20806034211652	-3.05922784472989	1.21401389133519
496000	497000	-2.61993497312908	-2.31661082572978	1.00323660587993
497000	498000	-2.2568450678345	-1.98494440293921	0.852806990887763
498000	499000	-2.11611285531798	-1.78893313597649	0.455186023452924
499000	5e+05	-1.97936356120976	-1.72490516194606	0.731645689697686
5e+05	501000	-1.90170649224408	-1.98861769189193	0.838664460005558
501000	502000	-1.90710743266169	-2.26823216655404	0.358068089584624
502000	503000	-2.25212979118245	-2.28846752628172	0.293946357523012
503000	504000	-2.12335172847008	-2.04998307819922	-0.0945656060592147
504000	505000	-2.25119015055992	-1.97525670963492	-0.484555056398618
505000	506000	-1.88795228388164	-1.73331476783975	-0.579743457899659
506000	507000	-1.57627305611466	-2.09500505799186	-0.667861767655861
507000	508000	-1.80615102387997	-2.12926869572506	-0.0286911768360955
508000	509000	-1.36972633565629	-2.02389281404126	0.0514698326965457
509000	510000	-1.21884634169387	-2.15608070498106	-0.250352481888627
510000	511000	-1.0120188740864	-2.0305808835141	-0.296507399865761
511000	512000	-0.775133677055259	-2.27484775891427	-0.340010689768709
512000	513000	-0.486885578976249	-1.89217860393785	-0.691786937555775
513000	514000	-0.634452026023587	-2.31552596867543	-0.998933828395375
514000	515000	-0.818443063227911	-1.90675020613794	-1.1518924781036
515000	516000	-1.11268909676507	-1.97028330319827	-1.1622711838365
516000	517000	-1.36947973562688	-1.67149849431602	-1.12785135388641
517000	518000	-1.36350560441461	-1.73056523326817	-1.41227268790821
518000	519000	-1.70583288530053	-1.70804480212701	-1.50509628711151
519000	520000	-1.52207697941854	-1.62972397918197	-1.72297046529903
520000	521000	-1.95593678181891	-1.31050050481992	-1.61383432418036
521000	522000	-2.09131470545192	-1.63905068128701	-1.62046679580404
522000	523000	-2.14725028754801	-1.96495880550731	-1.8528403710662
523000	524000	-2.74011221622553	-2.46373970873393	-2.45436445386256
524000	525000	-1.90928646295086	-1.81989449921574	-2.22760102485848
525000	526000	-1.40142781389153	-2.00377527853157	-2.1410374167262
526000	527000	-1.02210726810714	-1.9987498812968	-2.05412027612702
527000	528000	-0.596327535364662	-2.31915151642554	-2.34911720990715
528000	529000	-1.13965472007263	-3.29321827027598	-2.8629600378585
529000	530000	-1.06638353635218	-2.7325846814614	-2.01945371830955
530000	531000	-1.34978830165432	-2.3583405714289	-1.62828576368391
531000	532000	-1.8419412292828	-2.53762245141914	-1.23835656837451
532000	533000	-2.19525465041304	-2.31784861479209	-1.10676299405852
533000	534000	-3.10553000744239	-2.96875132401642	-1.33167025036607
534000	535000	-2.43502916013601	-1.95059191694809	-0.701855488042146
535000	536000	-2.78052327453083	-1.4267475554284	-0.800445892765749
536000	537000	-3.16538990075886	-0.933563888880469	-1.01694891196782
537000	538000	-3.98080549871501	-1.08502906167395	-1.53512110959863
538000	539000	-3.15482337430968	-0.448297616040255	-1.16056326786848
539000	540000	-2.7025061714176	-0.174075747891021	-1.09953986120838
540000	541000	-2.28258462334204	-0.117405421537694	-0.768310435150856
541000	542000	-2.01336031310805	0.10217595819262	-0.537620303128286
542000	543000	-1.58193683327074	0.112709886043049	-0.429927204916806
543000	544000	-1.25620592508044	-0.18436816289613	-0.621764682563616
544000	545000	-0.990677961989994	-0.30652012428905	-0.820248247626015
545000	546000	-0.68116888682697	-0.365069422796607	-1.23731468398554
546000	547000	-0.709314232968655	0.0184468919604049	-1.40387907865829
547000	548000	-0.411035829136547	0.361079376086022	-2.07423946872948
548000	549000	-0.764328943699285	0.850915322042196	-2.55205840858095
549000	550000	-0.935007914858497	1.03877571887496	-2.86200736800829
550000	551000	-1.61402803407818	1.49167871450779	-3.83381991394649
551000	552000	-1.57265037871868	0.964806490743784	-2.78581809380982
552000	553000	-1.71253035169193	0.535071444810277	-2.55405005165234
553000	554000	-1.79095349587409	0.28175746718124	-2.25165521309341
554000	555000	-1.77742361068566	0.257957821961012	-1.86184812115555
555000	556000	-1.50581536449896	-0.280328648964809	-1.81644486006143
556000	557000	-1.4773570565089	-0.0738186394294244	-2.01786869379437
557000	558000	-1.60152796834839	-0.0816376427535517	-2.39953629283537
558000	559000	-1.58131144807218	0.0806206227243798	-2.71672938781193
559000	560000	-1.85818509744867	0.231031386674364	-3.11314598451619
560000	561000	-2.25267249919425	0.160031818856179	-4.03053846942687
561000	562000	-1.50248169671823	0.107991370113553	-3.19290862539114
562000	563000	-1.2144685914521	0.378861745505094	-2.72523648696662
563000	564000	-1.0624023650059	-0.0639460010501234	-2.71364430756262
564000	565000	-0.862600341650355	-0.370253254904819	-2.7634245315529
565000	566000	-0.947926525807267	-0.609313835165936	-2.85896701821672
566000	567000	-0.98118208892823	-0.409523975049735	-2.39241669748954
567000	568000	-1.14190905929891	-0.573342542234321	-2.21830884434202
568000	569000	-1.37996977494575	-0.905578557820328	-1.7170269436019
569000	570000	-1.20602849291317	-0.549718755533716	-1.79792661262681
570000	571000	-0.815742109772797	-0.573588880527388	-1.66815450393897
571000	572000	-0.619532893769117	-0.708646531128472	-2.11633872584493
572000	573000	-0.213015162716521	-0.676924652536615	-2.23112863427235
573000	574000	-0.155010798689239	-0.835881407266816	-2.7786059454935
574000	575000	-0.227722035259877	-0.9364081239697	-3.33250065261339
575000	576000	-0.126936076791732	-1.099678169257	-4.59698713583035
576000	577000	0.0461363376544613	-0.689698839081428	-3.63337822103598
577000	578000	0.166832188485906	-0.35573990490131	-3.14212358103298
578000	579000	0.110446614934796	-0.381562965254362	-2.5529498135371
579000	580000	0.31670608165816	-0.11516596718044	-2.60319946757428
580000	581000	0.772784328921756	-0.195638037813922	-2.78026191564922
581000	582000	0.568344054334043	0.244397364806439	-2.83757352812907
582000	583000	0.804235387924018	0.528071520755463	-2.85005891907848
583000	584000	0.522409391662239	0.453796953591797	-2.48896767078761
584000	585000	-0.0610433517009729	0.164011264335697	-2.45573066424052
585000	586000	0.143938754956616	0.237706377533866	-2.9123775394282
586000	587000	-0.313341381799776	0.141902532670023	-2.79807423896711
587000	588000	-0.309015937528354	-0.259230498106462	-2.82297292530359
588000	589000	-0.588705175149451	-0.0969772107939861	-3.04216624604565
589000	590000	-0.760152228162399	0.250943338845984	-3.20577973365618
590000	591000	-0.58808239233138	0.570934044652885	-2.78803733239539
591000	592000	-0.829505225406237	0.347308272887037	-2.6174596306623
592000	593000	-1.10788120394183	0.420641084818065	-2.20518264245321
593000	594000	-0.889527962850352	0.296884033255765	-1.81138151580845
594000	595000	-1.33523958854679	0.604014386134883	-1.57869000138683
595000	596000	-1.64558065656159	0.64062634003857	-1.19060621992773
596000	597000	-2.13133795986096	0.431882890766088	-1.23256855925048
597000	598000	-2.33856386523978	0.538855958686804	-1.68005767178921
598000	599000	-2.69576504150118	0.374556950395211	-2.05818542506024
599000	6e+05	-3.66593137992372	0.217006113847964	-2.82636157126656
6e+05	601000	-2.83682098486501	-0.362657440607055	-2.12463816159621
601000	602000	-2.17937447895905	-0.21328468727743	-1.9529948060828
602000	603000	-2.13792791068673	-0.529588900253766	-1.76040792825291
603000	604000	-1.85672631022007	-0.83628005745686	-1.73194307150464
604000	605000	-2.04521566143332	-0.885077391533513	-2.08002781602025
605000	606000	-1.84450336146081	-0.854252971476427	-2.21644428968521
606000	607000	-1.8126325465824	-0.748435289347548	-2.4043340132316
607000	608000	-1.86369160157597	-0.615609470120194	-2.63937018126688
608000	609000	-1.40612145617034	-0.648407487925573	-2.64818744913131
609000	610000	-1.41495053126988	-0.670786435024816	-2.39750506933633
610000	611000	-1.16285762632396	-0.988183463159033	-2.43529335180737
611000	612000	-1.18961220271289	-0.961706393056051	-2.67409375600608
612000	613000	-1.32579799671844	-1.21105714726702	-2.86458244691502
613000	614000	-1.52381351320096	-1.19322779891496	-2.38937377569776
614000	615000	-1.57588064494035	-1.44608457829977	-2.16857795392478
615000	616000	-1.29142921234877	-1.43270979581916	-1.99645485016293
616000	617000	-1.03195954202941	-1.44423719710218	-2.21874340864997
617000	618000	-0.649101921923801	-1.26067209120462	-2.33385426833926
618000	619000	-0.528504232894857	-1.48655393394807	-2.30363145715178
619000	620000	-0.266551264179263	-1.26718697653388	-1.97257606112263
620000	621000	-0.637755388383099	-1.46983176264514	-1.48956698955216
621000	622000	-0.31999166311572	-1.14297853717688	-1.51464495531945
622000	623000	-0.0402695503042907	-1.55316934379013	-1.41384772999507
623000	624000	-0.0628103158585995	-1.94105862623549	-1.58904980246497
624000	625000	0.227062994896416	-1.89965114415713	-1.93558253637804
625000	626000	0.469032856913761	-1.8036393242619	-2.41145570872913
