0	1000	0.207059468728112	0.855658971967219	1.86724552066004
1000	2000	0.422901032142979	1.10515444339278	2.05946365421481
2000	3000	0.867969166485183	1.14234741233766	2.46609751159846
3000	4000	0.828158720217266	0.897721351107327	2.0454992923679
4000	5000	0.894984681423996	1.21186915025152	1.94634644064324
5000	6000	1.35179067657307	1.28893898989857	2.10257794396008
6000	7000	1.19794852534974	1.03259400735233	1.78305757348724
7000	8000	1.59129726967999	1.07264111490818	1.63965584519736
8000	9000	1.30687299827849	1.01813031520032	1.4493355395329
9000	10000	1.43085767477027	0.762203462201296	1.68639542888827
10000	11000	1.33268885698246	0.745150283953365	1.99381627500206
11000	12000	1.75143688639664	0.782012139543973	2.04677908624205
12000	13000	1.06568872435849	0.560728520044819	1.7466642767647
13000	14000	0.991211543859749	0.700459565688932	1.35410207560122
14000	15000	1.31426518330403	0.416675716749191	1.41145403191727
15000	16000	1.64709685189069	0.342602876306104	1.68642877272345
16000	17000	1.76067221582306	0.643634277645395	1.32740340312109
17000	18000	1.71674595523877	0.236043368924129	1.10803262998082
18000	19000	2.14014122037787	0.453643566836891	0.908431115934314
19000	20000	1.84270963329407	0.271583593800382	0.613781458961217
20000	21000	1.96677828397863	0.732419505436991	0.518875465976186
21000	22000	1.90011697397922	0.36101260985698	0.176164256705751
22000	23000	2.00375692055219	0.0743238022597572	-0.24738037873239
23000	24000	2.45741298299661	-0.0556793019704608	-0.185696952978663
24000	25000	2.49039377665687	0.31839849385759	0.186000793324084
25000	26000	2.29643959229189	-0.0555504364006927	0.434781382624205
26000	27000	1.95513178157433	-0.211518185536383	0.116458119296599
27000	28000	2.27406028714375	-0.575323113195476	0.0871714823852513
28000	29000	3.71469576584082	-1.30601553090829	1.07234541523754
29000	30000	1.78124297282021	-0.666061412491525	0.63766464537137
30000	31000	1.37922877166495	-0.381943347601018	0.308824441040037
31000	32000	1.37468401178473	0.0937290605912433	0.0484183245515745
32000	33000	1.42427343411386	0.556263383588814	-0.0739654404185184
33000	34000	1.20549501032342	0.89882666133925	-0.311552220433792
34000	35000	1.25151181811712	0.711069448173778	-0.794045384974972
35000	36000	1.36480824782942	0.310093496997203	-1.29652760239742
36000	37000	0.830505335003495	0.369971423501053	-1.10719945023778
37000	38000	1.19023978396808	0.184280822762386	-0.623353588353829
38000	39000	0.601879231399702	0.215009017445613	-0.566281494902006
39000	40000	0.728638510016333	-0.177368005602456	-0.160615283154147
40000	41000	0.346218085359922	0.144272378411105	0.0198412710697405
41000	42000	0.36033124126289	-0.424553722982194	0.685463445760411
42000	43000	0.907269316241131	0.42640141226398	0.220564857220224
43000	44000	1.31126339837432	0.173392691711624	0.570307079110931
44000	45000	0.940946065329653	0.431271845872818	0.807350350161668
45000	46000	1.38971322957762	0.69105997032876	0.850384963360421
46000	47000	2.91200720073488	2.1835232070374	2.1144599715554
47000	48000	1.73033839088004	1.10727583204905	0.987416878718215
48000	49000	2.45170887170191	1.27276166383836	0.440672135990187
49000	50000	2.15762772232203	1.38894397813332	-0.00352503229134151
50000	51000	2.3520633624503	1.29793389914299	-0.368822319403862
51000	52000	2.69267712137589	1.29760515579599	-0.563877632738602
52000	53000	2.34911523773052	1.30317939303561	-0.784347680825443
53000	54000	2.25116680649191	1.71211813715161	-1.20757028824326
54000	55000	2.18646992595967	1.32274601240491	-1.11612322308806
55000	56000	2.51353345528569	1.3086940988805	-1.3579938872005
56000	57000	2.65838359129347	0.924190598027629	-1.48353901606226
57000	58000	2.55498826604897	0.591995685058757	-1.31028087429082
58000	59000	2.36684224700991	0.371637208642583	-1.6015664802772
59000	60000	2.34509049383806	-0.0424010925596752	-1.41964165093966
60000	61000	2.17507659047715	-0.43226188593385	-1.54118786209054
61000	62000	2.31395830773038	-0.64647860067223	-1.19529908942794
62000	63000	2.23443471389579	-0.323621487825968	-0.891502761824743
63000	64000	2.50178829727876	0.0993951598314556	-0.854097632076851
64000	65000	2.04009100789813	0.208934872390771	-0.773390401718903
65000	66000	2.48573043290736	0.37488082209397	-0.453716931241179
66000	67000	1.94764959622894	0.563769536028896	-0.356867749804788
67000	68000	2.32862010095019	0.833858754713967	-0.0449962406885212
68000	69000	1.8805888744857	0.963450818504966	0.00662144156293024
69000	70000	1.89602177601768	1.08097598974743	-0.494551189822269
70000	71000	1.76899082766529	0.834412798200438	-0.838695136803419
71000	72000	1.90207348403063	0.750971702775735	-1.31548985182356
72000	73000	2.17285545184879	0.634518540234707	-0.998500305476282
73000	74000	2.31788814525074	0.832708647174755	-0.643391185451786
74000	75000	2.71993231350163	0.819932702216954	-0.841843679920721
75000	76000	2.47920327784846	1.0308663691634	-1.07752593548722
76000	77000	2.82137195256227	1.32372667571495	-0.97822414142716
77000	78000	2.71533143894916	1.6699299242136	-1.13995527478164
78000	79000	2.51652381595348	1.65700330830569	-0.819164144931997
79000	80000	2.78897556167908	2.04543378344764	-0.707662251939828
80000	81000	2.61989601835721	1.72888127614299	-0.413360534405297
81000	82000	2.29447610348394	2.03527202830347	-0.708919274050203
82000	83000	2.19743533176285	1.78042051042041	-0.357326033411125
83000	84000	2.27572692530356	2.15331009955962	-0.267386435573534
84000	85000	2.29893981289392	1.86319792765281	0.112445446431468
85000	86000	1.87672013880933	2.03853254140083	0.0669130724749245
86000	87000	1.90959666426386	1.86313390809792	0.548292383981712
87000	88000	1.54260017402499	1.68677410543175	0.157086258395287
88000	89000	1.1501678363007	1.62470847083639	-0.218983355742203
89000	90000	1.05284050398527	1.95004405710422	-0.602100725993369
90000	91000	0.620681414964396	2.14617627992008	-0.739298034660969
91000	92000	1.17831155521564	4.23638076566952	-1.22564208519009
92000	93000	0.780989583022063	1.96618581378376	-1.30877665221186
93000	94000	0.613298999654597	1.66316215951805	-0.972984459888782
94000	95000	1.07059987786044	1.53869533321982	-0.963600322243387
95000	96000	0.790717061086573	1.188351858252	-1.21987551880863
96000	97000	1.02167615533113	1.53643468094997	-1.51800324194573
97000	98000	0.586370049791013	1.35211436478238	-1.65010361896423
98000	99000	0.456130487051309	1.75584369051932	-1.94268460831584
99000	1e+05	0.189723014197643	1.68940249383771	-1.50718992758125
1e+05	101000	0.0388004563734278	2.01975927539047	-1.16000301857888
101000	102000	-0.00542278618252301	1.60856799342271	-0.815862759140166
102000	103000	0.250666125800741	1.78771685664108	-0.380903707290599
103000	104000	0.588216542496309	1.30195584249541	-0.4161784925523
104000	105000	0.776050143337367	1.90554341614049	0.164213622214777
105000	106000	0.837724415097023	1.28733677907792	0.166017490438245
106000	107000	1.19151368273169	1.41860010594519	0.509940610035403
107000	108000	1.28158044013678	0.933079835184499	0.397151550592453
108000	109000	1.70778097747965	1.21875975047955	0.427020692441792
109000	110000	1.57773257647716	1.32827839003263	-0.125658347051688
110000	111000	1.59335138326411	1.95257341583756	-0.324127771891467
111000	112000	1.61924595343434	1.57106352730399	-0.530331285933089
112000	113000	2.02076489168998	1.57261104541853	-0.645515606540547
113000	114000	1.8689938871118	1.94912523206037	-0.800771243288253
114000	115000	1.59540028611859	2.41826454078236	-0.822467312668154
115000	116000	1.09037758454858	2.58459541849968	-1.09096861079193
116000	117000	0.536244807539782	2.42887336891739	-1.18576992657084
117000	118000	0.233736134728447	2.67944947284912	-1.34222887125187
118000	119000	0.586485642931923	2.49196936825102	-1.70537358229739
119000	120000	1.54758729638847	3.47023514807771	-2.76969530851536
120000	121000	1.17771441034322	2.08510484176532	-1.5304187151514
121000	122000	1.59816675263514	1.79255521035051	-1.27208516795029
122000	123000	1.65596052721016	1.32752029863825	-0.953525922608505
123000	124000	1.72258590669802	1.33734120153843	-1.39725184094372
124000	125000	2.53354258359932	2.27172638048277	-3.08833542341411
125000	126000	1.3349755111429	1.23793043067112	-1.7860431077897
126000	127000	1.30029750519716	0.950171322328971	-1.31961139765753
127000	128000	1.51466738851535	0.759437667147471	-1.72053677502394
128000	129000	1.97365951740437	1.32504256662849	-3.6765828465752
129000	130000	0.913679617099688	0.834097330672619	-2.08328424238537
130000	131000	0.512969736386348	0.846929676177073	-1.8406544159692
131000	132000	0.331582335553647	0.802334089279675	-2.35325184938775
132000	133000	0.0729693008756525	1.13035414629231	-1.90435837306956
133000	134000	-0.0330453243848333	1.51188708894761	-2.31638098524349
134000	135000	-0.195553568783537	1.89301811928516	-1.73261379376447
135000	136000	-0.239938932443536	2.25539439352212	-1.97284906233559
136000	137000	-0.647644910193025	3.51568156321032	-3.32735866160539
137000	138000	-0.648955384062509	1.98085929886469	-1.9650219942804
138000	139000	-0.860610258970339	2.13610680288671	-3.90567747828917
139000	140000	-0.511989176679097	1.50566070513076	-1.97456942497306
140000	141000	-0.351415463954596	1.35858647740761	-1.55258097934105
141000	142000	-0.496346756237947	0.887334698365599	-1.8095059693957
142000	143000	-0.933422283045162	0.967403010903986	-2.30386555527226
143000	144000	-1.36431744789637	1.31909807320621	-2.03868401529114
144000	145000	-1.07126261332766	1.65697018272859	-2.14681191298871
145000	146000	-0.928556284555868	1.24782911666445	-1.83930128294945
146000	147000	-1.10132920552107	0.843790955702199	-1.77603097050715
147000	148000	-1.65374947742868	0.856352818532245	-2.01601637882799
148000	149000	-1.6188237698951	1.29206306300906	-1.61143988059659
149000	150000	-1.70974104159901	1.65390510179855	-1.77182373543413
150000	151000	-1.98450911311662	1.71756067332716	-1.44500776972512
151000	152000	-1.86505163190661	1.87002300501144	-1.0303547988107
152000	153000	-2.16414092626682	1.74680988889684	-0.742369950950965
153000	154000	-2.18285268679159	2.21743403501131	-0.783360778763874
154000	155000	-2.25407034120226	2.20685790448883	-0.300539473971975
155000	156000	-1.87676897880864	2.42072530583343	-0.27465901597657
156000	157000	-1.68854037031737	2.61571179359191	0.100480552836544
157000	158000	-1.36581794905982	2.26244431697848	0.18567754124503
158000	159000	-1.73685830514346	2.03139350043068	0.152820594609154
159000	160000	-1.96566210402705	2.00259047530351	0.557018301703815
160000	161000	-2.16553062401878	1.93953473274695	1.01100647463559
161000	162000	-2.63112272663077	1.88208688154235	1.16271319493987
162000	163000	-2.51303112799025	2.23761613477611	0.683052019289884
163000	164000	-2.50395672093912	1.74249175123425	0.689203136736855
164000	165000	-2.15559974757885	1.49228961207923	0.796891395959999
165000	166000	-2.45466687724395	1.15787369415595	0.82705888990531
166000	167000	-2.3300573367898	0.841520119535639	0.50553503958477
167000	168000	-2.70534449388159	0.464173879231424	0.384573327496632
168000	169000	-2.13319697923422	0.384559450118718	0.387810058638226
169000	170000	-1.86326826167808	0.000476992288533768	0.41569365565463
170000	171000	-2.05791234436903	-0.262855564824474	0.0344757962381576
171000	172000	-1.55291924834149	-0.214114738345876	-0.226627578806071
172000	173000	-1.4977396693788	0.304973373079819	0.00867259431170742
173000	174000	-1.70402884795158	0.729457071618181	0.117437496562667
174000	175000	-2.21541092111289	0.755453913511063	-0.00718393235257282
175000	176000	-1.83281107283625	0.904892467506981	-0.285802742271084
176000	177000	-1.74168010708914	1.34998417301893	-0.125034929361808
177000	178000	-2.16824383414716	1.29172505341134	0.171172780525785
178000	179000	-2.72632963166305	1.41441786799471	0.178329499163479
179000	180000	-2.34832636352527	1.75764016502013	0.275372208957941
180000	181000	-2.12847766002685	1.74865333620253	-0.0692604188925758
181000	182000	-2.44056127885912	1.698440600766	-0.36063642427397
182000	183000	-2.16382146741138	1.3691174819543	-0.374589455540786
183000	184000	-2.55488739087333	1.15350192013452	-0.400950291073389
184000	185000	-2.24778081178671	0.873180687333401	-0.553594360668227
185000	186000	-2.6334319917085	0.656678430851522	-0.380573512501342
186000	187000	-2.37050548058818	0.291096435576902	-0.202226304807968
187000	188000	-2.4072166267603	0.334224782390596	-0.680806506645068
188000	189000	-2.46745857800647	-0.151991448221088	-0.72358453225644
189000	190000	-1.95572738705852	0.0259610436343722	-0.60651166984888
190000	191000	-1.8632481530665	0.472889468000283	-0.573941276965581
191000	192000	-1.70184221444301	0.99413194818191	-0.725318918286309
192000	193000	-2.36310510822369	1.34290381611722	-1.06863909475435
193000	194000	-1.64576496809482	1.59154774197156	-0.619040591318853
194000	195000	-1.63567895507678	1.99061012831431	-0.360581796257272
195000	196000	-1.4136128851434	2.41723074585438	-0.326685535024735
196000	197000	-1.61531492727391	2.36926312394061	-0.74086389382152
197000	198000	-1.20352409384416	2.06740867981198	-0.6905012322869
198000	199000	-1.13302304999962	1.69388900633537	-0.406425499769485
199000	2e+05	-0.976636702090614	2.02511700340033	-0.128386849718626
2e+05	201000	-0.774192540148769	2.46357251333866	-0.0659518502267964
201000	202000	-0.959657571594068	2.51443756001882	-0.468875869721252
202000	203000	-1.19854712191477	2.92330836826323	-0.562055582591196
203000	204000	-1.25124806213266	2.63030974178974	-0.858368873220382
204000	205000	-1.453496738053	2.74149838750611	-1.19754540492815
205000	206000	-1.34440410131552	2.2534456743197	-1.2243534037784
206000	207000	-1.69762721462054	2.30278202608202	-1.46094469503992
207000	208000	-2.73060182579474	3.06342239435654	-2.84058081167064
208000	209000	-1.38763507055798	2.15449282264161	-1.81631132539297
209000	210000	-0.973861698087542	2.23035927626409	-1.70780546117988
210000	211000	-1.11183729263559	2.60831118627133	-1.4907230185431
211000	212000	-0.919709889198968	2.46886273294208	-1.13609863818578
212000	213000	-0.415106208200792	2.43311734491534	-1.12649558788492
213000	214000	-0.517955088396178	2.21182719383794	-1.4595103094582
214000	215000	-0.220015073970889	2.53012459847335	-1.60252428513609
215000	216000	-0.652364255731182	2.66371533946723	-1.77847486614973
216000	217000	-0.663441835308834	2.69417004344317	-1.38817858742197
217000	218000	-0.796794418154288	3.04051808823001	-1.25223629051923
218000	219000	-0.339887141030227	2.8777814351534	-1.13438760903297
219000	220000	-0.753064273979107	2.80314410669584	-0.877154780989086
220000	221000	-0.401699853338596	2.76470366231811	-0.680709491123981
221000	222000	-0.547518984107738	3.07276914772654	-0.355398409957994
222000	223000	-0.252121601874773	2.37333352322384	-0.621405076858178
223000	224000	-0.683231583304644	2.23062150539389	-0.722483644054734
224000	225000	-0.443290554785977	1.92593997038372	-0.98369404124824
225000	226000	-0.892040156746403	1.96910540512595	-1.14343267189483
226000	227000	-0.762909693563962	1.56466636332581	-1.3467426063846
227000	228000	-1.14927681216391	1.57256425600184	-1.03297224372005
228000	229000	-1.17937583372053	1.7007154372469	-1.59949219598731
229000	230000	-1.49156900991413	1.77619283458783	-1.28163997472891
230000	231000	-1.64025663485108	1.39337749839519	-1.09325288842875
231000	232000	-1.44461762643867	0.960831185168973	-1.28029771096041
232000	233000	-2.00078451727962	1.0381295532903	-1.4219061176676
233000	234000	-1.99216742969133	0.775632787268278	-1.04583991321363
234000	235000	-2.57904301520517	0.696642347657511	-1.19475458865007
235000	236000	-2.25432075805907	0.36842657093904	-1.10063693491158
236000	237000	-1.86787549999679	0.30588987842868	-1.1680574940039
237000	238000	-1.99321876597266	-0.0872568179294665	-1.19397052487062
238000	239000	-2.05094939051705	0.161936787615194	-1.65468503610625
239000	240000	-1.5170863790984	-0.168448686891746	-1.30156255593835
240000	241000	-1.39814429174957	0.246874650713588	-1.60388866067005
241000	242000	-1.25307802709868	0.260713376687206	-1.03419678526778
242000	243000	-1.2717987041146	0.511068685018849	-0.572146006996312
243000	244000	-0.971433039534356	0.171759829530282	-0.30450896167183
244000	245000	-0.85807046184249	0.598709519026947	-0.00354420677721051
245000	246000	-0.246546120187309	0.701086961919198	0.0459657930643159
246000	247000	-0.0720652564070763	1.2410649726261	0.232435654791822
247000	248000	-0.240178742909171	1.48804679532766	-0.172291426417907
248000	249000	-0.338882447939818	1.98581905975268	-0.0619004767535213
249000	250000	-0.624774368177719	1.68123852664019	0.235248969942117
250000	251000	-0.985503765264943	1.50906806384267	0.492580276165545
251000	252000	-0.945965195173918	1.18462246637957	0.088908407870687
252000	253000	-1.04382771857418	1.12639779079836	-0.438471321915431
253000	254000	-0.61363379864528	1.39805975640902	-0.642778931742308
254000	255000	-0.871067090252857	1.0660676248498	-1.02083144498815
255000	256000	-0.532263531708422	0.833120131925119	-0.70593425819113
256000	257000	-0.51480981420618	0.823216027705516	-1.26788898407861
257000	258000	-0.141953024013868	1.1786556935631	-1.12240635816055
258000	259000	0.23878735899477	0.897387964582175	-0.980385702855063
259000	260000	-0.00352870762334829	0.437911887408752	-0.770682398227055
260000	261000	-0.283328801263081	0.30510441241846	-1.25759276696141
261000	262000	-0.632120572349237	0.0013287655570326	-0.871501281849998
262000	263000	-0.388166021489063	-0.335414449259076	-1.28982540012394
263000	264000	0.129278448694531	-0.16081777525158	-1.52083413973027
264000	265000	0.447547653251276	-0.562095831574653	-1.24527018990035
265000	266000	0.621573038404998	-1.05706826830308	-1.03348987156311
266000	267000	0.701294051286563	-1.6191060191701	-0.793505364090816
267000	268000	0.656537160322452	-1.28077113534351	-0.378287189845348
268000	269000	0.635812703566133	-0.904515323550422	-0.0324704622210907
269000	270000	0.543212829701627	-0.639774670260618	-0.501186059237592
270000	271000	1.00685203325498	-0.834294558868717	-0.559252645911609
271000	272000	1.04203629610354	-0.379578779554674	-0.837243920266194
272000	273000	1.38692261464159	-0.396763030625766	-0.400075317243093
273000	274000	1.7189144926091	-0.744396755417826	-0.232913645283454
274000	275000	1.47427159767138	-1.15615643385352	-0.294455085954899
275000	276000	1.75058067736825	-1.52007430075204	-0.212297051974485
276000	277000	1.42441159188064	-1.87581962340068	-0.253092905388576
277000	278000	1.29053764789663	-1.61764700036577	-0.599812599774965
278000	279000	1.20157677507469	-1.30406894991148	-0.935325005888166
279000	280000	1.22028408965005	-0.867815051084277	-1.14994464574088
280000	281000	1.43600502560847	-0.367067671586335	-1.35473036146636
281000	282000	1.67415788077816	-0.552208495415798	-0.894858209995946
282000	283000	2.03895895152037	-0.835570176465849	-0.71571286988658
283000	284000	2.19939436559212	-1.15900846750358	-1.03532650697481
284000	285000	1.711266214777	-1.23111025879946	-0.892784742531943
285000	286000	2.02275229055761	-1.42056114352643	-0.663399031439245
286000	287000	2.40530299856552	-1.76827096370942	-0.728894896048401
287000	288000	1.88567721140022	-1.87130045778463	-0.587752753148659
288000	289000	1.9786044522193	-2.0979455026307	-0.950321138479705
289000	290000	1.60700951243429	-1.80110375681256	-0.963715721149449
290000	291000	1.51393177357678	-1.58425684369345	-1.3136535022182
291000	292000	1.52603687584987	-1.64052846717038	-1.71756769568982
292000	293000	2.81084341366016	-2.67474295339823	-3.15355504742343
293000	294000	1.61381602765897	-1.87297966121283	-2.18432565184667
294000	295000	1.04366904758176	-1.53398696185814	-1.57916022853234
295000	296000	0.786917210243969	-1.93103030962228	-1.43164091924253
296000	297000	1.13234461968426	-1.83557623233351	-1.16797959477563
297000	298000	1.7735746750845	-2.00979802176522	-1.43759734660521
298000	299000	1.66442364059633	-2.54864447782422	-1.26164572428722
299000	3e+05	1.37021923980105	-2.20373117899371	-0.905779186282688
3e+05	301000	1.12465756052658	-2.34982978771485	-1.1594667008045
301000	302000	1.42284933590873	-2.15826864665843	-1.32284809420361
302000	303000	1.49425666720628	-2.24181663930391	-1.67307243185214
303000	304000	1.2059189700709	-2.56430555603104	-1.65580718518444
304000	305000	1.1818668961885	-2.01711199182392	-1.6137115355918
305000	306000	1.12911244746775	-1.99289294043625	-1.99539494298694
306000	307000	1.16167671305891	-1.6045705297322	-2.0284737735161
307000	308000	1.3406338508941	-1.44321052442026	-2.44245054473915
308000	309000	1.50459442680385	-1.25470917135338	-2.00335920443735
309000	310000	2.0038189897051	-1.09665095694387	-2.17641417111888
310000	311000	1.85512364727778	-0.876185754845182	-1.76256497193685
311000	312000	2.175232280921	-0.89721569108948	-1.58418865394216
312000	313000	2.49731599918395	-1.22666179795295	-1.62631141812697
313000	314000	1.9626355411141	-1.30825900303539	-1.61841794135612
314000	315000	2.11680299828993	-1.70193949847567	-1.63149027768995
315000	316000	2.00839729893285	-1.55834473584539	-1.23422524410485
316000	317000	1.81037855644486	-1.11048873279908	-1.29047268879782
317000	318000	1.45747214456346	-1.1501305280313	-1.49629733358208
318000	319000	1.20443010024746	-0.919167891841935	-1.70877687052966
319000	320000	0.777278700859813	-1.10912183966174	-1.59029417684946
320000	321000	0.944308125095297	-1.06142652036764	-2.09409246883784
321000	322000	0.575479281653799	-0.947422047612456	-2.22396898151132
322000	323000	0.675609635160604	-1.23309243297503	-2.71173859941821
323000	324000	0.391604792166005	-1.38152819235699	-2.37731672510617
324000	325000	0.409132059160855	-1.75701112382715	-2.33569698653108
325000	326000	0.828638664592206	-2.98024822987043	-3.83190403217193
326000	327000	0.824217377375206	-1.73563548538595	-2.3587175050534
327000	328000	0.637772705385696	-1.57262459015224	-1.99853105535773
328000	329000	0.368374542592975	-1.59629625932783	-1.70449411528381
329000	330000	0.250518422039276	-2.05930260298616	-1.81888230426653
330000	331000	-0.00637295404824496	-1.83063482376779	-1.55626372461822
331000	332000	-0.414639363028598	-1.98970732624418	-1.55395102567201
332000	333000	-0.387279680150597	-1.57784656016929	-1.62338037389578
333000	334000	-0.295293913695004	-1.89672726791879	-1.92088725349059
334000	335000	0.0054233118709872	-1.66392380283404	-1.98334345829891
335000	336000	-0.0262594163931576	-1.94584169209765	-2.2660992793385
336000	337000	-0.0944090554498914	-1.5933299737267	-2.36772129412678
337000	338000	-0.453494337941419	-1.58694252366379	-2.49204141576033
338000	339000	-0.380079069071091	-1.53661351330526	-2.09015968086129
339000	340000	-0.579138886907259	-1.88609816044623	-2.22136058726281
340000	341000	-0.781531510631535	-1.74758274728269	-1.83364914018801
341000	342000	-0.780136140255225	-1.46789205929643	-2.08793837285842
342000	343000	-0.792431963612017	-1.33616505973932	-1.73896250675383
343000	344000	-1.13947161530547	-1.30127955652181	-1.68110280866845
344000	345000	-1.20824882705205	-1.25761953813022	-2.0712779576085
345000	346000	-0.90161643836035	-1.13919227584959	-2.3710323761796
346000	347000	-0.601338224911492	-1.07272333890112	-2.04739280023868
347000	348000	-0.915480351799875	-0.880668673730359	-2.02887925639715
348000	349000	-0.762643795216817	-0.872991018967012	-1.57680843591315
349000	350000	-1.20554080340755	-0.80793423153785	-1.67852719904333
350000	351000	-0.912101975949327	-0.496141563410699	-1.76601269608211
351000	352000	-1.16237122931536	-0.542013971744008	-2.1083264803318
352000	353000	-0.764654234656813	-0.373241143669566	-2.22986863465106
353000	354000	-0.464724210921388	-0.750034497737626	-2.35245159651072
354000	355000	-0.408007386266449	-0.565170094121721	-1.92947573483841
355000	356000	-0.172717942510251	-0.302954632540898	-2.22283244242494
356000	357000	0.255615360205111	-0.168533279596836	-2.21216859939947
357000	358000	0.649609650341683	0.0211691733601974	-4.24268574514839
358000	359000	0.809207248575314	-0.470249735157432	-2.27716699359549
359000	360000	1.19385971785631	-0.584894376345122	-2.05698209574642
360000	361000	2.93880167022551	-0.294755670093813	-3.35981819337307
361000	362000	1.41850731464957	-0.136511250186497	-1.95440141630506
362000	363000	1.67319293328989	0.366724703385346	-3.71986399679987
363000	364000	0.791936243311032	-0.162700705297554	-1.78307742179863
364000	365000	0.45608033464234	-0.539517373850966	-1.86688647072155
365000	366000	0.35263441681121	-0.961310553918994	-1.72935235814667
366000	367000	-0.00197611185211861	-0.701513640618002	-1.98051725944003
367000	368000	0.144260587072091	-0.829430314594678	-2.42285624565958
368000	369000	-0.0762273146467125	-1.17364453725962	-4.48059554448124
369000	370000	0.0709439875990691	-1.28213713183478	-2.75925112836503
370000	371000	0.0535637504053165	-1.19931209697696	-2.01077680861784
371000	372000	-0.130449211008316	-1.09358323410031	-1.61837170180752
372000	373000	-0.120974550459278	-0.92851869716639	-1.23877638708843
373000	374000	0.0221626949901652	-1.40080542406238	-1.10605492228458
374000	375000	0.116352299368286	-1.06157096940314	-0.669024654457833
375000	376000	-0.0715422915999723	-0.573473941052538	-0.763812280679057
376000	377000	-0.489004235682638	-0.956169457594785	-0.830420611609277
377000	378000	-0.378692489504988	-1.29627682163829	-0.477021640443195
378000	379000	0.0123490466267498	-1.67015359964302	-0.663394969235459
379000	380000	-0.348692727514962	-1.88425042324623	-0.909567128200973
380000	381000	-0.810192596810886	-1.51235365342791	-0.737094431829978
381000	382000	-1.28549397668344	-1.85642975268475	-1.02553732825871
382000	383000	-0.919224558307111	-1.99560728650204	-0.802010270152465
383000	384000	-0.654087193607225	-2.21426925661528	-0.547764705951205
384000	385000	-1.03002877844226	-2.15416306709726	-0.354133407788364
385000	386000	-1.02337416703783	-1.70983006175221	-0.30538772984672
386000	387000	-1.18231734621865	-1.35661869962084	-0.0115064212815455
387000	388000	-1.6591941595319	-1.20703454920935	0.243564992641115
388000	389000	-1.59981350783958	-1.00743614529724	-0.17918230626158
389000	390000	-1.44674769543846	-1.3125131284331	-0.455434682137035
390000	391000	-1.63727820953734	-1.60682164774071	-0.185877317545405
391000	392000	-1.95353663529663	-2.04413867149828	-0.0749660249377906
392000	393000	-1.63735535160428	-2.10389269438371	0.238573195847351
393000	394000	-1.6208051008345	-1.78148314589519	0.209595713336454
394000	395000	-1.4569010084217	-2.01608343896475	-0.143788697824047
395000	396000	-1.25733735902205	-2.27056433541084	0.109511982153579
396000	397000	-1.15006882008739	-1.89558369658306	0.296763699068542
397000	398000	-1.04151531803397	-0.580134092076281	0.230485083007721
398000	399000	-1.01756828531502	-1.95109233823399	0.854091064988378
399000	4e+05	-1.03040779669888	-2.05685465493666	1.31950673150108
4e+05	401000	-0.629262693151033	-1.72877342590972	0.989522877997864
401000	402000	-0.356331693279569	-1.38840061219349	0.763738986249328
402000	403000	-0.811169095011201	-1.52851904539689	0.533928421646634
403000	404000	-0.641355380343335	-1.90518318847234	0.306937912244873
404000	405000	-0.43586301348277	-2.24517313119765	0.0514670896132226
405000	406000	-0.127654266764513	-2.01564787096614	0.383459729589014
406000	407000	0.172562323451513	-1.64185921282986	0.238133199468362
407000	408000	-0.216033175069041	-1.23915386380502	0.186096623841583
408000	409000	-0.262746500635356	-1.72472151229314	-0.100793948429865
409000	410000	0.0584124716532607	-2.10736217500046	-0.224583985707591
410000	411000	0.0868879641035627	-2.56311709891907	-0.0236065056485663
411000	412000	0.440978357434397	-3.04999894438332	-0.12553043016561
412000	413000	0.596705676362438	-2.50050809660753	-0.0397764613533497
413000	414000	0.956848387777631	-2.48335469385224	-0.393275547389807
414000	415000	1.49146947410114	-2.62148161341563	-0.239772557755465
415000	416000	1.24903210820808	-2.28822133241795	0.121292189718905
416000	417000	1.42592605732393	-2.36847251313551	0.562066544037783
417000	418000	1.41308820067836	-2.57354025309551	0.951443438094427
418000	419000	1.12731865535245	-2.75294327347936	0.716351104616385
419000	420000	1.31816152856673	-3.19578998325046	0.491649880589818
420000	421000	1.27062423642668	-2.76211772045238	0.27166051254769
421000	422000	0.933933191783313	-2.79393228118171	0.0486092708667657
422000	423000	0.867188697382984	-2.43588171042377	0.383696128408259
423000	424000	0.768119260352975	-2.98610250294061	0.474009288067524
424000	425000	0.417868465389088	-2.78150460104872	0.377428459590995
425000	426000	0.183096675200397	-2.80542469658543	0.691534520345797
426000	427000	0.107420904106521	-2.97396709974626	1.01492206807072
427000	428000	0.405659250953236	-3.21497930841839	0.764565086322293
428000	429000	0.59520439423626	-2.61353000696955	0.746770872693918
429000	430000	0.437640721676887	-2.22567736173739	0.808978152224481
430000	431000	0.497178074881442	-1.6982873890914	0.786668537163244
431000	432000	0.448241109627974	-2.09738760377414	0.355955901082554
432000	433000	0.703347258343474	-1.97104665083489	-0.0876043147077671
433000	434000	0.97926341936785	-1.78813139176361	0.332792015780383
434000	435000	1.3530929468915	-1.76942953553296	0.60445701774423
435000	436000	1.56797035114731	-1.99022854986724	1.04491009848913
436000	437000	0.975444493384606	-2.25757480794684	0.851877311733698
437000	438000	0.900426713411536	-2.59451131652035	1.08585733688891
438000	439000	1.04226437613697	-2.94094584817654	1.16447125907215
439000	440000	0.722414925784316	-3.15346701177693	1.07348162264871
440000	441000	0.531663109794344	-2.81360017226635	1.1124835966592
441000	442000	0.291091811682523	-2.86490599727529	1.37326064158957
442000	443000	0.0674135980844442	-3.31853516272628	1.34903653621489
443000	444000	0.0591929668568379	-2.49080173667981	1.10957255126982
444000	445000	-0.0774456944112542	-2.09849713885162	0.96382358213198
445000	446000	-0.806052469676061	-2.5228083035758	1.57198990681518
446000	447000	-1.69066985477916	-3.47593874088125	2.88603177715156
447000	448000	-0.574258939139788	-2.14602397420597	1.78289039426656
448000	449000	-0.427396831007727	-2.34811013476454	1.40485716244447
449000	450000	-0.24296076876999	-1.99827988221066	1.38819869887215
450000	451000	-0.0144965365477209	-2.32173621466253	1.6584978287346
451000	452000	0.276493726940101	-2.09506265343732	1.36403818415686
452000	453000	0.36141522635944	-2.0984610583528	1.84467549143755
453000	454000	0.441089217873322	-1.64762240926134	1.42249474216774
454000	455000	0.410882777908667	-1.57232078920925	1.9517186995364
455000	456000	0.0759733717481569	-1.51756602585665	1.63550027598411
456000	457000	-0.160789182460366	-1.8489202948074	1.93176297247013
457000	458000	-0.606538284422819	-1.71527992806138	1.58551385639422
458000	459000	-0.886195258610435	-1.62204631398816	1.93654898563949
459000	460000	-0.351810207642239	-1.3741896134356	1.51387852692851
460000	461000	-0.205639749429317	-1.36791591725374	1.95541915797705
461000	462000	-0.410728844144915	-1.4792606116194	2.38816305239685
462000	463000	-0.589577619228448	-1.07635473542688	1.93978731633344
463000	464000	-0.727638567044275	-1.15063464784211	1.38964385452564
464000	465000	-1.01267707126683	-1.47190894491932	1.28664096888482
465000	466000	-1.22118254380023	-1.28434460201405	1.68854035398825
466000	467000	-1.02458649441927	-0.834158987808701	1.67276581018665
467000	468000	-1.15158796800328	-0.870933889920645	1.2221167950306
468000	469000	-1.44808827344807	-1.24927240113337	1.2279271469296
469000	470000	-1.44728688579694	-1.69644297671618	1.32133603541108
470000	471000	-1.57995896918023	-1.68751101922933	0.935300896038365
471000	472000	-1.63611072485428	-2.2022517819366	1.22983339185265
472000	473000	-1.43415480707957	-2.05167267441855	0.984111340164512
473000	474000	-1.74510695803942	-2.12612334793858	0.847688694305822
474000	475000	-1.4559708713997	-2.12786511131773	0.645864734200132
475000	476000	-1.45323442714864	-2.3671702022085	0.854594742121679
476000	477000	-1.15579644142992	-2.40520539899211	0.731099470292306
477000	478000	-1.30789428198011	-2.81942880758018	0.755267668476796
478000	479000	-0.789573469159273	-2.71026911965829	0.68130495158152
479000	480000	-0.426678272379318	-2.96560500890489	0.74689487598476
480000	481000	-0.257366800111834	-2.58842388019419	0.703589815692726
481000	482000	-0.521202379413212	-2.66280899533278	0.339195996143756
482000	483000	-0.550388486109795	-2.25055127991371	0.741122889348948
483000	484000	-0.753731837581332	-2.44623925813888	1.05023008171658
484000	485000	-0.659324298400501	-2.87047504847562	1.14914836163248
485000	486000	-0.232062476487777	-2.75852759613639	1.30558976211746
486000	487000	-0.311624110382077	-2.81485590487103	1.88112050571751
487000	488000	0.153501921661994	-2.78299985922174	1.79955796723636
488000	489000	0.439960135068268	-2.56958519249391	1.6446042418144
489000	490000	0.554287595356848	-2.90918932192034	1.76579213750991
490000	491000	0.588480783014523	-3.15372718998157	1.52548582215118
491000	492000	0.717877575191976	-2.77483127327511	1.47340482741284
492000	493000	0.909911994927713	-3.00569172248708	1.63328508418756
493000	494000	1.13399891239491	-2.6912090896568	1.60477468854556
494000	495000	0.834481943238243	-2.59533725530923	1.83350548482151
495000	496000	1.5254562999514	-3.07005600307553	3.48930228690191
496000	497000	0.934465601201379	-2.17882615781314	1.93916012189758
497000	498000	0.807617462521068	-1.91442203422273	1.62844051096982
498000	499000	0.878902829470124	-1.8637453851585	1.17749222304381
499000	5e+05	0.73905078462347	-2.22648764092252	1.31617297249692
5e+05	501000	1.15911390450203	-2.21726510730136	1.39309877610605
501000	502000	1.23482601981099	-1.72440791942756	1.43364633855796
502000	503000	1.43435482387304	-1.26619352140523	1.65772169717551
503000	504000	1.41303620039786	-0.839191486076706	1.36765449211102
504000	505000	1.23460044288196	-0.45296400773097	1.42717657520224
505000	506000	1.56732641054129	-0.226347254410849	1.4726594634871
506000	507000	1.6718304443839	-0.5495362356934	1.70885000089108
507000	508000	1.33098385665063	-0.676594720044473	1.756164991365
508000	509000	1.0004420321125	-0.777236524915131	1.74796758510506
509000	510000	0.988925318853138	-0.485333163047485	2.08910565140106
510000	511000	0.767531620278882	-0.234721696848225	2.0114524164237
511000	512000	0.697295498834155	-0.0118479301063561	2.34532523411069
512000	513000	0.817945454866427	0.168876178766681	1.95861940153733
513000	514000	0.915483513904484	0.414698751765316	2.30911883439619
514000	515000	0.58035240039497	0.504798786307993	2.0312138450918
515000	516000	0.767393712172727	0.646716387863425	2.61501147834334
516000	517000	0.510971849680864	0.743128931807089	2.33578682210045
517000	518000	0.157305761713195	0.670175419071487	2.37081275362882
518000	519000	-0.01432712662921	0.660524081769654	2.9406617112534
519000	520000	-0.325932764690012	0.741321180759572	2.59034948064068
520000	521000	-0.408228487450922	0.435340607213435	2.34473071366597
521000	522000	-0.018815732228383	0.361908035148007	2.53528615443065
522000	523000	0.400544376925726	0.372677175249821	2.57803391694442
523000	524000	1.30031713175821	0.279105380885071	4.33451775233961
524000	525000	0.232360024145629	0.214129190894084	2.20150077608887
525000	526000	0.122573176035274	0.325242679197851	1.82149195219983
526000	527000	0.580524578322831	0.263922189551669	1.58037616241057
527000	528000	1.26577641566366	0.179600115596297	2.09806323605417
528000	529000	1.12027883347079	-0.876794455434264	4.05048425732975
529000	530000	0.25584149725844	-0.165427284815147	1.80493617832897
530000	531000	0.139709567450383	-0.0657573447377125	1.33656091480299
531000	532000	-0.388105195355955	-0.120859322995515	1.36767058314634
532000	533000	-0.370671269673457	-0.602602240587896	1.27364054846682
533000	534000	-1.09604550842093	-1.32317046821851	3.70927935979434
534000	535000	0.135013433664399	-0.753542486371667	1.58206434341939
535000	536000	0.326723713132018	-0.73896851673052	2.01895068034705
536000	537000	-0.0334369929265591	-0.646802116674905	2.29665039802557
537000	538000	-0.48892362462272	-0.857980188501514	4.31915846715981
538000	539000	-0.533299983693144	-0.435679342005474	2.09005620049951
539000	540000	-0.818679049204889	-0.0132291744994317	1.97903677273054
540000	541000	-1.27734860845369	-0.279162363289683	2.13286740923637
541000	542000	-1.09289396611838	-0.287119565928167	1.55584282988608
542000	543000	-1.016095339147	-0.339759961709819	1.06352025628861
543000	544000	-0.795573400063997	0.120829018987879	1.02293094297638
544000	545000	-0.652292573333469	0.342126952406902	1.46760495663912
545000	546000	-0.356901633775007	0.65913492371555	1.20002181243235
546000	547000	-0.666764630127037	0.76551102620934	0.828517845358345
547000	548000	-0.987081049249203	0.992657610864621	1.15323387822146
548000	549000	-1.24808117984737	0.963032376312037	0.767041321014842
549000	550000	-1.51384839637508	0.583897841810251	0.58396985316856
550000	551000	-3.87394500034574	-0.649416807843294	0.779789865317758
551000	552000	-1.90455528904884	0.45054484635666	0.967259422336091
552000	553000	-2.20742931884329	0.0395395540946985	0.983759760667027
553000	554000	-1.53557576293182	0.495699383510162	1.37463769377458
554000	555000	-1.81553024449743	0.244006633497598	1.88348717504875
555000	556000	-1.98002836910226	0.647596583389173	1.52472759141466
556000	557000	-1.61622585791818	0.607560885224414	1.84506245120044
557000	558000	-1.41248356332441	0.974334301986114	1.72472276391163
558000	559000	-1.81291495692035	0.996485772837671	1.70611563929483
559000	560000	-2.2557877738047	1.12399195604133	1.50762092122205
560000	561000	-3.99090043593502	2.19168637941087	2.04338025623311
561000	562000	-1.95571631645483	1.52863492896105	1.4679157922722
562000	563000	-1.60981954570685	1.30848304903839	1.40487924085698
563000	564000	-1.28762892911182	1.46116843335308	1.64311740227681
564000	565000	-1.24572041925292	1.80395296426668	1.92376944912558
565000	566000	-1.00039572410551	1.74077498725292	2.29567412885731
566000	567000	-1.08166329164506	1.31562686975077	2.05745921382406
567000	568000	-1.02392252670981	0.971559954870979	2.2617137730114
568000	569000	-1.0867349678586	0.645309451556273	2.53369638974626
569000	570000	-1.11221788562011	0.525883714130216	2.09227858364232
570000	571000	-1.00698215272971	0.703960316615441	1.6807290024592
571000	572000	-0.715552751933155	0.963406676052619	1.87108196988508
572000	573000	-0.706533469649254	1.48209619150182	1.98248487408697
573000	574000	-0.387804824619981	1.22620639529465	1.98952649139802
574000	575000	-0.322732065892721	1.60682534452894	2.13941758529401
575000	576000	0.384727448911412	3.21843834590532	3.02008177848029
576000	577000	0.066192723628502	1.58739076798453	1.77967634668021
577000	578000	-0.0640680781117321	1.13285105347213	1.42549458505675
578000	579000	-0.48168705484515	1.37048541812626	1.42301593721989
579000	580000	-0.518058652419466	1.83021720751289	1.57923586825415
580000	581000	-0.0026431452848425	2.01570484581406	1.43789063024191
581000	582000	0.364932660627536	1.56929625043957	1.26895852740191
582000	583000	0.0636901539645106	1.78100943038319	0.805904066012295
583000	584000	-0.329773596573156	1.42747621596049	0.888351984462487
584000	585000	-0.691763550432206	1.7306953188524	1.04832615463054
585000	586000	-0.820784853829688	2.11462007539295	0.774642939499
586000	587000	-1.22073854759096	2.17577072051766	1.09519876710109
587000	588000	-1.28605272908409	1.70879072507103	1.17314018748159
588000	589000	-1.7190440098487	1.8872248895586	1.14191880849353
589000	590000	-1.53375109244404	1.75704351993606	0.622132838744714
590000	591000	-1.67373176137	1.32176715886425	0.507257876648168
591000	592000	-1.7848714280772	0.995906648305473	0.903112306340521
592000	593000	-1.33633896768227	0.269881797056921	0.862037971537718
593000	594000	-1.51199550359997	0.0124818608672806	1.26356583648104
594000	595000	-1.68196764642299	-0.397489414843529	1.07640311232439
595000	596000	-1.71629595191602	-0.878186103927093	1.01308220203234
596000	597000	-1.62861621638839	-0.812105255272343	1.49271613526205
597000	598000	-1.89478362058684	-0.353351021384472	1.57376836381273
598000	599000	-2.05995699309628	0.0881118640043562	1.46830207117991
599000	6e+05	-3.91499004300744	-0.317314167445512	2.23518445484763
6e+05	601000	-2.36780505884293	0.464333686488434	1.76515160544879
601000	602000	-2.39985723310156	0.875912105599981	1.92507461758328
602000	603000	-2.08439516820355	0.742906244286303	2.04652499986488
603000	604000	-2.27527344462977	0.83297544551973	2.32636701620321
604000	605000	-1.99477789648117	1.02411125193384	2.21838085089538
605000	606000	-2.33163602026351	1.2324555706306	2.16414932863819
606000	607000	-2.0574626870044	1.22145086955512	1.88363040215306
607000	608000	-2.232830498142	1.56756082426696	1.87120621196735
608000	609000	-1.73241060022335	1.50182784705955	1.83074534655059
609000	610000	-1.89935051301015	1.74313175584572	2.01180021834904
610000	611000	-1.95976391604399	1.4687951337692	2.16716129779389
611000	612000	-1.95333387987057	1.39334925968179	2.51596833884685
612000	613000	-1.65868662001641	1.7184281213224	2.49087877677943
613000	614000	-1.61405444559503	1.27710276632597	2.16050219805344
614000	615000	-1.57893804635181	0.855441197670983	2.21215222818587
615000	616000	-1.75247291051995	0.797048318284164	2.68785512304055
616000	617000	-1.42770209083712	1.10463212154414	2.50601767664843
617000	618000	-1.13396207715449	1.34292648364492	2.46918081782493
618000	619000	-0.842361281453735	1.13679693656704	2.68927586029502
619000	620000	-0.661165678194552	1.44808758039233	2.53610642791091
620000	621000	-0.584564533041636	1.10010534411704	2.35538773255589
621000	622000	-0.251947609677616	1.23413186623963	2.4614956109872
622000	623000	-0.0443109577530611	1.23667613418994	2.88417276754289
623000	624000	0.20224801852477	1.08072206873916	2.51885835880518
624000	625000	-0.0570199407781132	0.962589241566004	2.17989725344248
625000	626000	0.305580958122679	1.49908795253504	2.35779967486183
