0	1000	-0.808421321316785	-2.69382982365586	-0.401765320892863
1000	2000	-0.589029325676281	-3.02584741722445	-0.0779580841749703
2000	3000	-0.281753939254534	-2.7889590178249	-0.409740484018906
3000	4000	-0.168338547155137	-2.42935776618986	-0.203111636817738
4000	5000	0.232795982030559	-2.59802223188504	-0.311603846910937
5000	6000	0.369102329822167	-2.20003179689968	-0.164672512349224
6000	7000	0.698072425444799	-2.39236331871992	-0.413463684234085
7000	8000	0.828922351299214	-1.93382850576861	-0.235256995248412
8000	9000	1.14279448184351	-2.26612500092347	-0.276086537525133
9000	10000	1.16228767437748	-2.06222857200674	0.1288653225668
10000	11000	1.31950004674815	-2.46239155016517	0.0961274046856808
11000	12000	1.56864503827312	-2.25647958837303	0.328399209920414
12000	13000	1.76332368835928	-2.42195439722855	0.0112860846345081
13000	14000	1.87298111207275	-2.07072314469928	0.062827550712326
14000	15000	2.07444565808248	-2.27213248688129	-0.163738109130234
15000	16000	2.18305875784727	-1.95465657296933	-0.122065191001814
16000	17000	2.3665709133804	-2.2408471540634	0.0931745236533608
17000	18000	2.56494269936039	-2.03752050338774	-0.136285544385253
18000	19000	2.99016020409261	-2.3013881440442	0.13748292165049
19000	20000	2.75008803691851	-1.77176086983945	0.0889285224237419
20000	21000	2.55340070219147	-1.74397574186393	0.368703564100351
21000	22000	2.49515400238664	-1.41496893844046	0.262218707916238
22000	23000	2.38860636066232	-1.50059876925268	0.638104631617131
23000	24000	2.33966177615667	-1.10573976057333	0.555466558655335
24000	25000	2.08508182283987	-1.27778562224894	0.882132146537823
25000	26000	2.11002515633079	-0.85946654266017	0.926125847882864
26000	27000	1.90467143248723	-0.930239691987123	1.28193699388981
27000	28000	1.81087852872772	-0.66711290577825	1.57328563693772
28000	29000	1.66561054596979	-0.558257571715765	2.01946119488144
29000	30000	1.45649315332472	-0.282369392916778	2.48875786321638
30000	31000	1.28224033190294	-0.0379656367061392	2.82406485632967
31000	32000	1.02434316576316	0.176134185919171	2.67138953625055
32000	33000	0.870075384288908	0.366799281962901	2.9067883708309
33000	34000	0.601778236172681	0.466586190285233	2.71071001815843
34000	35000	0.425249340433595	0.527139816970557	3.00830906063413
35000	36000	0.133252442703677	0.684888869722698	2.8165711782964
36000	37000	-0.144277594166135	0.625510951895389	3.11127505783314
37000	38000	-0.418124069694785	0.670766470234745	2.78353263499725
38000	39000	-0.66936341125579	0.482345730826735	3.03702537574091
39000	40000	-1.00825811911829	0.467126205004191	2.83161446253659
40000	41000	-1.19277265276638	0.172270078727943	3.00622550924538
41000	42000	-1.58792438018881	0.236733457655207	3.03721711325617
42000	43000	-1.56992301556989	-0.147936761556796	2.98619802574126
43000	44000	-1.90766314668289	-0.175166293587493	2.93708118071629
44000	45000	-1.9129445585997	-0.524254735044082	3.02999947391588
45000	46000	-2.1797730767267	-0.547230889576723	2.8047579749699
46000	47000	-2.18552122689844	-0.880531921968749	2.81676939875106
47000	48000	-2.49363770003355	-0.833052784518359	2.68638323233208
48000	49000	-2.50907956706601	-1.12817713741831	2.54259942366202
49000	50000	-3.03389434341739	-1.21198532411861	2.71087423664412
50000	51000	-2.77273562712532	-1.3796260709231	2.28698711184587
51000	52000	-3.12505150250212	-1.45950416309815	2.10291277224616
52000	53000	-3.00499379289146	-1.79559272960034	1.89929266802481
53000	54000	-3.11285230852494	-1.69927196791278	1.53689742704079
54000	55000	-3.06764471877743	-2.04237508159962	1.33909724822368
55000	56000	-3.21574697645439	-1.96516399636387	0.975287524260873
56000	57000	-2.93529313261958	-2.06896576705962	0.757986397254823
57000	58000	-3.06151475052825	-2.00046649199392	0.470626694590423
58000	59000	-3.07489433919102	-2.37662712656292	0.320582638430987
59000	60000	-3.06941154762246	-2.05487397260572	0.0334007508816444
60000	61000	-2.83049162301422	-2.26589033439637	-0.131794303825646
61000	62000	-3.02083832156109	-2.11092657283448	-0.41067448665596
62000	63000	-2.67894616004496	-2.18809156329259	-0.477122904420144
63000	64000	-2.77887409409297	-1.85679301528493	-0.633636744305285
64000	65000	-2.55695159273114	-2.0705223907381	-0.816561211544577
65000	66000	-2.64187131117575	-1.75145918395202	-1.01844241372187
66000	67000	-2.64005393862499	-2.08827667231176	-1.21779720557606
67000	68000	-2.40951069721913	-1.82314697427313	-1.42555548642554
68000	69000	-2.2219809567212	-2.17682171778478	-1.32264614157003
69000	70000	-1.96378911888136	-2.08640022950067	-1.56870304490465
70000	71000	-1.99262985720995	-2.4465720354566	-1.8032438814724
71000	72000	-1.59616423350199	-2.44102410347085	-1.92470821619325
72000	73000	-1.28003563161311	-2.66029514851317	-2.02844839178589
73000	74000	-1.00388262890141	-2.94572424130465	-2.25330774084636
74000	75000	-0.631280221669231	-2.77218369099028	-2.06882279207517
75000	76000	-0.237239286898113	-2.87034772574939	-2.15654435820307
76000	77000	0.273518901925286	-2.95441865152197	-2.28078663033459
77000	78000	0.414190100806467	-2.53551346901498	-1.95111956071459
78000	79000	0.653915081924764	-2.26992565089732	-1.85186249560132
79000	80000	0.959862909517568	-2.43439941590123	-1.75347835551175
80000	81000	1.10716499675995	-2.10371289165885	-1.83468023218439
81000	82000	1.33749955079098	-2.0869754981844	-1.62245551574888
82000	83000	1.69260224503233	-2.20200129242162	-1.96468735491199
83000	84000	1.66464903487315	-1.9546880512076	-1.50381076743094
84000	85000	1.76508568930025	-1.65981205262384	-1.64690944330257
85000	86000	1.99245619029018	-1.69713676002192	-1.36726611656339
86000	87000	1.94063276238158	-1.40393741757626	-1.28495591161454
87000	88000	2.29144569404847	-1.32473863517261	-1.28975598007639
88000	89000	2.1039624272964	-1.0554466270035	-1.06597222750904
89000	90000	2.46994616785297	-0.897811277078476	-0.992074780352315
90000	91000	2.24026990334698	-0.664532052041299	-0.755173888657812
91000	92000	2.54427803904585	-0.405782694457558	-0.673347528120122
92000	93000	2.25594360667564	-0.299229647851862	-0.403253279803454
93000	94000	2.40665265697322	0.0876405993174208	-0.387426045380314
94000	95000	2.02175974693259	0.17717195177317	-0.202050685371218
95000	96000	2.15212049173678	0.570798071146908	-0.195565998793103
96000	97000	1.76891743997197	0.569569826922823	0.0103150451262316
97000	98000	1.94516630420148	0.928892156360637	0.101358056961807
98000	99000	1.52457562656575	1.02968028611376	0.103478964911749
99000	1e+05	1.77194810083633	1.27692302531234	0.371968257828274
1e+05	101000	1.42717414948858	1.09324704171262	0.557025985939936
101000	102000	1.75539732582075	1.10054690114082	0.791037943985522
102000	103000	1.42672908639425	1.14703753110888	0.992018919143593
103000	104000	1.80715552585054	1.16855194600048	1.26309121839164
104000	105000	1.40163773183379	1.05089024259787	1.45576301881132
105000	106000	1.59776680562771	0.63824976358556	1.48764162849548
106000	107000	1.13750281209924	0.630264340473926	1.61855106809117
107000	108000	1.30746571292463	0.229229442833992	1.59878162820655
108000	109000	0.947944981437388	0.068983900132092	1.73158562379225
109000	110000	0.936048927923957	-0.367020348026979	1.85620934737357
110000	111000	0.905255072960681	-0.832522432946346	1.99474585313983
111000	112000	0.759582190943027	-1.16183817262426	2.24305129585242
112000	113000	0.728499509410452	-1.57400215507903	2.01030190738656
113000	114000	0.462503054698525	-1.63393645262312	2.37000599814724
114000	115000	0.602357870618184	-2.10537855962769	2.23821596662625
115000	116000	0.151687944335513	-1.96699994723135	2.19299251684797
116000	117000	0.194569431097851	-2.21378637446169	1.96391458298203
117000	118000	0.130420825851962	-2.46694336915593	2.3702961280283
118000	119000	-0.0132560060073087	-2.47982825624151	1.87626158531043
119000	120000	-0.173148053806035	-2.68021945499855	2.12872356527582
120000	121000	-0.319714859481349	-2.83635709224173	1.76945811029025
121000	122000	-0.504668996134309	-2.50010595660042	2.01102870134857
122000	123000	-0.672661697971985	-2.45925120453941	1.73362580884599
123000	124000	-0.929845868785888	-2.68764940240967	2.08306749350736
124000	125000	-1.11634656510051	-2.58934046626574	1.6672463339918
125000	126000	-1.23173538064957	-2.33219971726427	1.96790860199961
126000	127000	-1.33832515376549	-2.15551211272669	1.64831399990795
127000	128000	-1.64263503962963	-2.15657945065134	1.89734254445492
128000	129000	-1.57694160294227	-1.79966400207984	1.78431359960379
129000	130000	-1.96833941660022	-1.91009489925903	1.78736998783537
130000	131000	-1.90410650977217	-1.53311560539526	1.70560124674228
131000	132000	-2.13346524051307	-1.72867043963386	1.42256468177342
132000	133000	-2.18905537404637	-1.31028697690937	1.49734945556774
133000	134000	-2.467602099641	-1.47581369594101	1.14874490900328
134000	135000	-2.29793287933503	-1.03131911632768	1.16382653498032
135000	136000	-2.05896367533966	-1.31950782366795	0.955761075656594
136000	137000	-1.86945778511075	-0.961243141362996	0.946056052804521
137000	138000	-1.56963818609929	-1.30798095908167	0.83388182441127
138000	139000	-1.8522620108267	-1.16144299631185	0.47503418658121
139000	140000	-1.72089701107716	-1.63128540543283	0.397349915236621
140000	141000	-1.66206493605055	-1.30555976224614	0.0324046524570703
141000	142000	-1.25782943606261	-1.50577110252049	0.132516643853082
142000	143000	-1.25332295643992	-1.16205850289839	-0.327964194257793
143000	144000	-0.819040029118417	-1.28606556204947	0.00314784144314442
144000	145000	-0.771954422495521	-0.81789821990936	-0.0583750202475944
145000	146000	-0.330991385183652	-1.03387982686473	-0.0500468901816644
146000	147000	-0.206457527472043	-0.429523006097959	-0.0721964163307497
147000	148000	0.0726608242593725	-0.857008292717871	0.29391164617598
148000	149000	0.0719028826965852	-0.483007424312241	0.566581514852403
149000	150000	0.287939079129081	-0.884094425625815	0.796698359516235
150000	151000	0.157050320907549	-0.503836581040086	1.0796167453281
151000	152000	0.0609256879728194	-0.91198504076491	1.31357881836533
152000	153000	-0.0687387876933922	-0.507759008164555	1.58180475327518
153000	154000	-0.107023998102633	-0.905754524270184	1.82880862476422
154000	155000	-0.0925561443885361	-0.547577630041142	2.22599731698496
155000	156000	-0.373399927139153	-0.964304998980204	2.2357845138044
156000	157000	-0.454247002235218	-0.701307011563595	2.51515467800662
157000	158000	-0.766985721654439	-0.991452363742786	2.61071767205972
158000	159000	-0.862185829222518	-0.598127186236472	2.32598894032963
159000	160000	-1.14385818513786	-0.824874259814028	2.15157150971118
160000	161000	-1.18161827480049	-0.480664170492054	1.89270448743717
161000	162000	-1.59822785192421	-0.411315023798786	2.04175434779127
162000	163000	-1.67401861641561	-0.221788914333309	1.66055714528924
163000	164000	-1.96942487993536	0.0600225657745693	1.80532085874734
164000	165000	-2.20943596456034	-0.185277585953434	1.6071795282025
165000	166000	-2.4624101431264	0.180931282847912	1.62414090448418
166000	167000	-2.67745288194405	-0.19837966276519	1.58029391442604
167000	168000	-2.6705690210812	-0.140913384794281	1.2072943111188
168000	169000	-3.13011331388927	-0.326504593526021	1.31716863703266
169000	170000	-3.05574821589795	-0.211676269310291	0.872722437466903
170000	171000	-3.11162053803389	-0.63334843937059	0.774605467148831
171000	172000	-2.75667804512055	-0.529280778809234	0.583426527419891
172000	173000	-2.97861785039576	-0.687068883915729	0.229513020086678
173000	174000	-2.52631329902736	-0.728584826002741	0.211811776379137
174000	175000	-2.63480851604555	-0.498619765785208	-0.144587740401664
175000	176000	-2.14626272843881	-0.457113118486151	0.000944953601118177
176000	177000	-2.32654204924527	-0.0669118775054227	-0.146542786018723
177000	178000	-1.93140516463234	0.00868505565729185	0.223422980114351
178000	179000	-2.15145029749892	0.377708508751185	0.0899604494051796
179000	180000	-2.06063500643373	0.59706077501067	0.520896936444398
180000	181000	-2.10530463804452	0.926223417503283	0.128349206527031
181000	182000	-1.76501191396353	1.0821557995611	0.431449142330989
182000	183000	-1.62456944071655	1.27688074336201	0.0759350392983394
183000	184000	-1.6393373695762	1.61977198162199	0.377885369731674
184000	185000	-1.27887667860502	1.60826419055356	0.0920449531849856
185000	186000	-1.17460038977633	1.61905925927269	0.466224057564743
186000	187000	-0.837922717494878	1.67618691338446	0.300663347034045
187000	188000	-0.770849876108414	1.6756372278865	0.706942334283295
188000	189000	-0.556842307685391	2.02351068423624	0.521660496643989
189000	190000	-0.421110834966337	1.7543432910575	0.899078725417675
190000	191000	-0.136108971650479	1.97271649552558	0.856238648924272
191000	192000	0.0165714145960937	1.74115204050232	1.15619238803872
192000	193000	-0.111918512602095	2.08923092654908	1.26253570941411
193000	194000	-0.257682088774367	1.90563233110727	1.47958310999317
194000	195000	-0.100272005783947	2.14271679637002	1.70677006023538
195000	196000	-0.45892567121192	2.0320524983564	1.77717676418789
196000	197000	-0.504574808047533	2.35475590789004	1.78443050812831
197000	198000	-0.762822590025289	2.30933613496433	2.10453201816133
198000	199000	-0.991702211400957	2.56932184798211	1.91904529174637
199000	2e+05	-0.846428877252945	2.69757317494674	1.62605970386238
2e+05	201000	-1.1878257042766	2.68163582866138	1.54599970421432
201000	202000	-1.10959997832928	3.03729040434547	1.46227999561584
202000	203000	-1.42797588466225	2.94925931226205	1.25503420674185
203000	204000	-1.20245149487097	3.09553782596361	0.98137504595515
204000	205000	-1.43725953672553	2.87232246097544	0.803232785936543
205000	206000	-1.50942325711036	3.17958586312683	0.543276200410004
206000	207000	-1.67239396454465	2.84144506717098	0.341640915498189
207000	208000	-1.82364379452757	3.13002619398613	-0.0163078325485259
208000	209000	-1.74302386507247	2.70243383825941	-0.222806850002585
209000	210000	-1.83112646565957	2.85119380272671	-0.636267979773174
210000	211000	-1.59079157214386	2.51620750937972	-0.665778452309983
211000	212000	-1.5023887493138	2.71069568281714	-0.962909625372687
212000	213000	-1.22820682163385	2.55067423577884	-0.804348452847398
213000	214000	-1.15065159313798	2.88494978658482	-0.901760068012843
214000	215000	-0.908752253708812	2.71213871664252	-0.752268990881513
215000	216000	-0.943447202186571	3.05358928066676	-0.64208069659636
216000	217000	-0.713043007545373	2.84821755534345	-0.497044169583885
217000	218000	-0.844673780642108	3.04619825444219	-0.26693934111258
218000	219000	-0.740973162429845	2.79058323645743	-0.104482425877762
219000	220000	-0.602263213894696	3.0693245131499	0.0380335644372388
220000	221000	-0.510275378404869	2.82985492585703	0.253681548773425
221000	222000	-0.253249614843596	2.84774678189741	0.501682764899226
222000	223000	0.0677292475797573	2.70186915910316	0.731541409408766
223000	224000	0.44091661108464	2.65961277271758	0.937120911289558
224000	225000	0.720580748068285	2.59211658414713	1.12889840662895
225000	226000	1.00974019162175	2.49246057297299	1.19267579868822
226000	227000	1.21638871368128	2.61682069278812	1.44082890571374
227000	228000	1.43532277772178	2.40750428757256	1.31221963315451
228000	229000	1.61748345348162	2.30643394608652	1.51865202138657
229000	230000	1.87335037139694	2.36026994105297	1.40190137068792
230000	231000	1.97956037974283	2.11045954012457	1.49437138041079
231000	232000	2.24049230111302	2.25130766908112	1.52838050374898
232000	233000	2.33400267372225	1.9457221763061	1.57157449833843
233000	234000	2.533115013079	1.70981799878475	1.43937841909879
234000	235000	2.92220279548591	1.78365907642096	1.60590633716896
235000	236000	2.7046640720407	1.46073542606186	1.33765032159585
236000	237000	2.9716219787531	1.2853683419648	1.34543497496655
237000	238000	3.01505814741118	1.14353249026832	1.0194496462988
238000	239000	2.9551929840294	0.860845485143369	1.09546248135361
239000	240000	3.01517356386237	0.794108971426443	0.845793606907946
240000	241000	3.28960350860398	0.653731852638701	0.959194184469235
241000	242000	3.08487688153546	0.475067652745439	0.803716858324245
242000	243000	3.13218368668269	0.270981845504727	1.01125043183944
243000	244000	3.24215407714197	0.0594661544932383	0.754813279006926
244000	245000	3.43283889982746	-0.0972224648346624	1.06167221386694
245000	246000	3.27962899833595	-0.414669973128653	0.860992898741141
246000	247000	3.19578870470459	-0.547374671613154	1.1241878758682
247000	248000	3.28420140710924	-0.816045559716779	1.00494630185382
248000	249000	3.23098837072018	-0.854192107280739	1.30060924272019
249000	250000	3.27326297766296	-1.12079640292239	1.16941224566714
250000	251000	3.06081537201169	-1.18827609587129	1.33632271982452
251000	252000	3.26685590018194	-1.3934347042825	1.43515570189537
252000	253000	3.0025281137865	-1.58399463723574	1.42258936297745
253000	254000	3.07679874374873	-1.54591915176614	1.72246604193018
254000	255000	2.98739329946604	-1.89568373950884	1.76113224828976
255000	256000	3.12923326058451	-1.83391403502697	2.25906601577902
256000	257000	2.66116171660426	-1.59262912614185	2.00173731979474
257000	258000	2.76039683481529	-1.27252575462145	2.16212466614727
258000	259000	2.39684150947205	-1.21369030979663	2.14402900802484
259000	260000	2.51989507748708	-0.888685868996908	2.07731188348676
260000	261000	2.36988347267723	-0.695256089977623	2.34071092805822
261000	262000	2.54827750710455	-0.354399520781714	2.18290084696879
262000	263000	2.26572799096199	-0.144872407777329	2.35772099060517
263000	264000	2.34089441471394	0.189341687514101	2.15675022664948
264000	265000	2.14007219767207	0.350621275622828	2.44485795589117
265000	266000	2.1872855474666	0.69375420608531	2.29771198494183
266000	267000	2.04864955250357	0.829295215414502	2.66680204218436
267000	268000	1.7939484604154	0.977010786763329	2.37329789168871
268000	269000	1.56020362119311	1.11201794678421	2.59129924700298
269000	270000	1.44125056314111	1.32357630340268	2.34922494174983
270000	271000	1.22123436213167	1.3930925234594	2.5976806259238
271000	272000	0.97067570332246	1.45451625129129	2.37963643866868
272000	273000	0.925053347575022	1.69330989046438	2.6239350267196
273000	274000	0.626900622923541	1.66858007337328	2.47359143794831
274000	275000	0.614575525965211	1.98868890064271	2.62231777892216
275000	276000	0.276950660851854	1.94956923779803	2.53060648488159
276000	277000	0.286430599629161	2.4204568054865	2.97156993545708
277000	278000	0.01571796929028	2.34675935068782	2.52541990616948
278000	279000	0.114331506142336	2.66368217963922	2.32646457423641
279000	280000	-0.170106965995555	2.96451621144341	2.31992858573382
280000	281000	0.0161809198914132	3.00532949259891	1.93395332897802
281000	282000	-0.259871385214711	3.19108417033378	1.74350041246771
282000	283000	0.0119233562041072	3.35183143780344	1.53281273117857
283000	284000	-0.272190108960483	3.3331173468595	1.28162885350189
284000	285000	0.00198453078334323	3.44924185467865	1.07670499917347
285000	286000	-0.23128109149623	3.59003387965762	0.828217679720173
286000	287000	0.138376216567466	3.98018261211679	0.676905006486715
287000	288000	0.10726576191462	3.42737843961502	0.445198804909341
288000	289000	0.437652941726049	3.27622164202614	0.308534388631835
289000	290000	0.407622607863362	3.04042263953674	-0.00832842890001228
290000	291000	0.563137213194459	2.68605989695385	0.0693946769159939
291000	292000	0.584962767358362	2.66088753022912	-0.34161686686291
292000	293000	0.678218288075264	2.25289261892756	-0.197707947832623
293000	294000	0.79101364069581	2.21473312883269	-0.59585024911766
294000	295000	0.887358078189443	1.82146664774628	-0.705325771495906
295000	296000	1.1760441787693	1.76038847053521	-1.05053100211368
296000	297000	1.2819827109197	1.33138331861352	-1.15695450407304
297000	298000	1.61651882166025	1.20159901462309	-1.43451829487664
298000	299000	1.47652137190312	0.772072567930236	-1.37849529110098
299000	3e+05	1.86536366385457	0.721636807805144	-1.53142336578893
3e+05	301000	1.78570018511617	0.32808753387498	-1.39125857452833
301000	302000	2.14223739942567	0.367288334020887	-1.59056359746924
302000	303000	2.24862308980139	-0.0114425387791084	-1.49133953703676
303000	304000	2.15272558735776	0.043779742751528	-1.90668023228166
304000	305000	1.93267996591096	-0.295434388412759	-1.79846802593893
305000	306000	1.75287462330356	-0.10628746310538	-2.11501993575107
306000	307000	1.40494783390355	-0.201684316083342	-1.91607835050365
307000	308000	1.3676404086421	-0.395778708501492	-2.31726548097102
308000	309000	0.985731020438209	-0.468394692608496	-2.07142203976819
309000	310000	1.01281823190058	-0.739595329017385	-2.44944155997213
310000	311000	0.710894076718143	-0.370315000485453	-2.44565804337134
311000	312000	0.665458994897054	-0.628514216667029	-2.77328368839339
312000	313000	0.708935980999445	-0.260644206749382	-3.05999682323202
313000	314000	0.270998562253216	-0.493434463396009	-2.99872434001682
314000	315000	0.166350917369704	-0.127519003836482	-2.97620474384399
315000	316000	-0.142307528874524	-0.287534175217674	-3.10256380243347
316000	317000	-0.176153152156472	0.0408109453051597	-3.28217591195983
317000	318000	-0.408043279035258	-0.218046785309366	-3.52061263114289
318000	319000	-0.374416520148611	-0.0950803380682933	-4.05407393720625
319000	320000	-0.663739911043534	0.117111216398384	-3.52370734744394
320000	321000	-0.691303567595894	0.42304184415198	-3.48684977044348
321000	322000	-0.844389181695288	0.351400166036352	-3.73667516338049
322000	323000	-0.693544098702437	0.67045818130937	-3.93384434108955
323000	324000	-1.02681817305702	0.503042922082061	-4.00572235795103
324000	325000	-1.08983694736443	0.814994109451316	-3.8655151598742
325000	326000	-1.34291866593751	0.624705960609539	-3.90788248098664
326000	327000	-1.29870858612731	0.704876292939353	-3.61878097866763
327000	328000	-1.47900057643117	0.468571834914906	-3.61172545096967
328000	329000	-1.62827613809916	0.73201474985053	-3.5493029514777
329000	330000	-1.85433797162637	0.446120773594848	-3.50126933316812
330000	331000	-1.81504520184158	0.701593474112132	-3.25482676923522
331000	332000	-1.69126983394153	0.427766474930048	-3.09697127360944
332000	333000	-1.65010229980377	0.690001064390882	-2.93254731880066
333000	334000	-1.88960416362257	0.497341881847417	-2.77369391324252
334000	335000	-1.9764016585365	0.851224266778035	-2.75259597225946
335000	336000	-1.76927890439891	0.762400518835058	-2.45720547939627
336000	337000	-2.054203910415	1.01347126945546	-2.36741084624088
337000	338000	-1.70841521883265	1.04744039780568	-2.17919171668451
338000	339000	-1.76489388022156	1.37034024784929	-2.34554776540829
339000	340000	-1.53850873050947	1.48562491638542	-2.03340009720396
340000	341000	-1.34849804842951	1.46651028059352	-2.39040092340108
341000	342000	-1.27329981138315	1.7955935623394	-2.44419391968631
342000	343000	-1.79009512668997	3.07772341683744	-3.5104384351319
343000	344000	-0.867467712064542	1.83978648572264	-2.54366814232877
344000	345000	-0.600525260485695	1.77386994310233	-2.74754779145604
345000	346000	-0.356115174480555	2.12617338611829	-2.73276975834188
346000	347000	-0.231658544818885	1.85128339028755	-3.0371614225704
347000	348000	0.0218556718909402	1.63546089205761	-2.92210826991745
348000	349000	0.135171336950081	1.66855318414446	-3.29887683743383
349000	350000	0.233624741764047	1.34251771823788	-3.15310308734111
350000	351000	0.385854378929846	1.35978302514174	-3.42866534853456
351000	352000	0.521162098809703	1.08840813793739	-3.28387616659795
352000	353000	0.707704460101513	1.22675306893913	-3.56193954642061
353000	354000	0.831707053679456	0.860762320802681	-3.48069142235895
354000	355000	1.10952528457483	1.09113504059875	-3.56149300305274
355000	356000	1.09827038791552	0.996362833782381	-3.19082391950756
356000	357000	1.35282677201775	1.16411007654482	-3.29475198018303
357000	358000	1.31093964732449	1.2355957479299	-2.98537303667614
358000	359000	1.19938269991765	1.48623579314026	-3.17046721557079
359000	360000	1.48028820338616	1.70463633114203	-3.02584186756834
360000	361000	1.07840562414958	1.84687825230823	-3.08373589822334
361000	362000	0.987661979494963	1.69399687490181	-2.76577862796246
362000	363000	1.04653473511364	2.05070611880667	-2.67946579846711
363000	364000	0.710178390926679	1.97483453793816	-2.54105749288434
364000	365000	1.00091796304355	1.92228747831031	-2.24871658180345
365000	366000	0.647702371900596	1.7504703637637	-2.17896357345397
366000	367000	0.911153221152558	1.4848078676584	-2.07695881427762
367000	368000	0.616576275137594	1.51969447883474	-1.81348278081934
368000	369000	0.654878182625934	1.12084772591527	-1.95320793265839
369000	370000	0.206600217938342	1.29646604975892	-1.84212499318898
370000	371000	0.304006498765972	0.805410676701486	-2.06537835240554
371000	372000	-0.107390563256727	0.906990374815828	-2.02824317105162
372000	373000	-0.120520345046899	0.542744005600149	-1.67317159916099
373000	374000	-0.417159064649669	0.57016006187165	-2.191968853898
374000	375000	-0.163521029512279	0.163799640754205	-2.20608100972879
375000	376000	-0.606367245618472	0.115535248792566	-2.23685659933145
376000	377000	-0.439630887693827	-0.240644296009164	-2.04423276506799
377000	378000	-0.839643586165544	-0.274020092823173	-2.19533437536804
378000	379000	-0.599929837530454	-0.696712092133405	-2.17996822280631
379000	380000	-1.00567005723742	-0.648548046656588	-2.32122000981123
380000	381000	-0.893739477676422	-0.735110762225296	-2.72580011179384
381000	382000	-1.19008222887094	-0.980299419387582	-2.57467990398971
382000	383000	-0.811019703777157	-1.16037662246209	-2.59398748290777
383000	384000	-1.09698291735598	-1.40360596385851	-2.54150234425922
384000	385000	-0.823258682261099	-1.50528799711039	-2.89099935876232
385000	386000	-0.926057607981276	-1.89128603468652	-2.68189079644014
386000	387000	-0.525817994324353	-1.73678092804729	-2.51637256003427
387000	388000	-0.651625288326267	-1.65618436629572	-2.16624619446491
388000	389000	-0.404287991225038	-1.974792582925	-2.1687299122187
389000	390000	-0.480192476939859	-1.83502633285707	-1.78459079750922
390000	391000	-0.760154486334892	-2.13899579529331	-1.87929951684992
391000	392000	-0.600530639992754	-2.17589391611438	-1.51380904777361
392000	393000	-0.987961399832965	-2.20168877456442	-1.4612572312679
393000	394000	-0.698585504500953	-2.68848523224376	-1.38172342069296
394000	395000	-1.12577123903745	-2.60975083879787	-1.34893783298233
395000	396000	-1.04635245541204	-3.18003519561424	-1.30647388928106
396000	397000	-1.36497403236311	-2.89360686261643	-1.15567082902454
397000	398000	-1.26453492608583	-2.68366538887274	-0.871855624425882
398000	399000	-1.39983871166581	-3.01815282464199	-0.76226579569088
399000	4e+05	-1.39986913881816	-2.79044495911901	-0.449254315121706
4e+05	401000	-1.23126803116142	-3.15691635823293	-0.358571611920433
401000	402000	-0.897251950210697	-3.06180042559521	-0.541804001223756
