0	1000	-0.587827172366927	-0.829123091792731	1.98551131506867
1000	2000	-0.658827176891016	-0.991779094606966	1.76534451203063
2000	3000	-0.539425158360838	-0.746120275697604	1.64958348259137
3000	4000	-0.512504027989718	-0.633426772531128	1.44974650788445
4000	5000	-0.436772437311772	-0.582330515022408	1.22982449837358
5000	6000	-0.409910645188045	-0.498699672350101	1.05138455670471
6000	7000	-0.288958940679337	-0.437434472079506	0.870249666814617
7000	8000	-0.300945380143177	-0.374433179157828	0.594062133734886
8000	9000	-0.0594228943063681	-0.395257975026076	0.443006740846196
9000	10000	-0.0740862364532519	-0.439579690854097	0.21481928659473
10000	11000	0.0736872060124149	-0.528868621120955	0.0540813070933241
11000	12000	0.0326060124789564	-0.646906915116979	-0.189340978172934
12000	13000	0.128797466626102	-0.764299594994501	-0.411594957089145
13000	14000	0.134137573205816	-0.774406497535888	-0.641336179925804
14000	15000	0.145146644826328	-0.84528568294764	-0.842033996894835
15000	16000	0.123777823754959	-0.805030925609756	-1.0675962850052
16000	17000	0.170806871858119	-0.852249012062383	-1.29179628408986
17000	18000	0.13605566095452	-0.816535332922752	-1.52245995285499
18000	19000	-0.102176243154399	-0.892196177367833	-1.90697048115431
19000	20000	0.231745631878182	-0.850968846313278	-2.16258359235776
20000	21000	0.305113142214961	-0.864536110426508	-2.36019314537731
21000	22000	0.367697450740662	-0.883140003895884	-2.53880193298976
22000	23000	0.454710751654629	-0.928312403102869	-2.74257468904835
23000	24000	0.53528788084542	-0.964315811020816	-2.9975273992736
24000	25000	0.599900159650117	-1.14886418598459	-3.27054932696961
25000	26000	0.718589553382314	-0.955566558744734	-3.44796896176808
26000	27000	0.872423722750453	-1.01970680672069	-3.68847007572246
27000	28000	0.751110048206336	-0.750848036195181	-3.77041149253931
28000	29000	0.758534313636897	-0.650232258561146	-3.99842590900959
29000	30000	0.607722956141586	-0.399662890412357	-4.01722679697897
30000	31000	0.454572627128763	-0.148041499165717	-4.05760429844154
31000	32000	0.285775368456953	0.024086830230322	-3.93049675228141
32000	33000	0.13647548903164	0.161582610826741	-3.88436734505516
33000	34000	-0.063599531148616	0.228274161183641	-3.89365692488232
34000	35000	-0.142536714137074	0.424292374275768	-3.83454798959197
35000	36000	-0.316819129884712	0.575465639560478	-3.82812728608745
36000	37000	-0.530008841996312	0.758300914092773	-3.85197958151819
37000	38000	-0.559231304086611	0.95888788308691	-3.69611050047595
38000	39000	-0.734044205301184	1.10790005837821	-3.65544540361707
39000	40000	-0.720040629867685	1.30442528917369	-3.52669018800257
40000	41000	-0.774318869028081	1.49988419558714	-3.45535897348343
41000	42000	-0.950180477958154	1.67999158843321	-3.38231951333131
42000	43000	-0.788885056008142	1.85740495043851	-3.35360693996964
43000	44000	-0.748430901027814	2.04511867724459	-3.3077906754277
44000	45000	-0.699402079740373	2.26920776396257	-3.35148648328155
45000	46000	-0.507718461971463	2.38939795655818	-3.39645623467738
46000	47000	-0.386855321309542	2.51065805693383	-3.50906702739451
47000	48000	-0.292637713759334	2.7252913485859	-3.52592462976754
48000	49000	-0.161599076426834	2.68357880281175	-3.68614731214254
49000	50000	-0.175668091601739	2.99468860271492	-4.00012260991615
50000	51000	0.13947442050424	2.72000183896581	-3.87035940075518
51000	52000	0.401376965065047	2.77160944437904	-4.04427633755668
52000	53000	0.658811362895735	2.56119505526949	-4.08316001450888
53000	54000	0.894162207881243	2.42643366028199	-4.06370703608554
54000	55000	1.07717536973867	2.23725465549704	-4.09728958271527
55000	56000	1.29463701288493	2.03816036351051	-4.04696841540248
56000	57000	1.25166236737649	1.92166892482717	-3.85490580174999
57000	58000	1.27087811579856	1.8107082340746	-3.71530822024373
58000	59000	1.45275249972108	1.60478495719208	-3.63561926940248
59000	60000	1.22852477161901	1.57922382787059	-3.34908132447582
60000	61000	1.15411029100959	1.48572500808291	-3.11248507593784
61000	62000	1.00251869227461	1.4364115353035	-2.91476225061523
62000	63000	0.955710128777324	1.37990901114143	-2.69232945272011
63000	64000	0.813404133770507	1.36354198454629	-2.51023561441219
64000	65000	0.804972799033213	1.26052255322547	-2.31403666560048
65000	66000	0.697049121793156	1.22877837429987	-2.10956370820513
66000	67000	0.788796432595675	1.05507259391153	-1.94637096113516
67000	68000	0.770618934474203	0.924677384099469	-1.69629125300836
68000	69000	0.957172100574241	0.75369968359323	-1.67410709941421
69000	70000	1.07731963806481	0.610085753994844	-1.61240344793245
70000	71000	1.2587054574623	0.523806341028432	-1.45480077735196
71000	72000	1.35729242845644	0.305309599725934	-1.55729480039151
72000	73000	1.50326135881956	0.159032967246739	-1.52886232982616
73000	74000	1.78875249922916	0.0837086944887078	-1.60348940266715
74000	75000	1.70558144885495	-0.148219005252429	-1.46267795368733
75000	76000	1.83381631226442	-0.399388466308655	-1.39616427108418
76000	77000	2.05554224499612	-0.843688924856625	-1.29820701290004
77000	78000	2.07204471216394	-1.10584527815558	-0.939847585118033
78000	79000	2.22734137699052	-1.24132215243677	-0.823245620795287
79000	80000	2.30817658932405	-1.42762294114699	-0.695264249198741
80000	81000	2.55147467884883	-1.53268776244601	-0.600626467258403
81000	82000	2.7599876742384	-1.44949230141845	-0.621091317044053
82000	83000	3.07638306561733	-1.77911102127035	-0.612057970300237
83000	84000	3.10512202855061	-1.32727373217265	-0.610179286921693
84000	85000	3.42041922988124	-1.28200028392447	-0.630579696359779
85000	86000	3.45742601863275	-0.983278534001788	-0.571703217369491
86000	87000	3.58025397599458	-0.819083561387063	-0.536200077120523
87000	88000	3.78986486907924	-0.686396405586889	-0.538958504853412
88000	89000	3.79785121857209	-0.419342625663636	-0.406540313899834
89000	90000	3.89615258111726	-0.154559249650136	-0.33176312674345
90000	91000	3.84219062725408	0.0662683929335892	-0.223189224989725
91000	92000	3.83656992527163	0.273506709529704	-0.113664719748408
92000	93000	3.89138993556308	0.51893962384579	-0.00675041459731255
93000	94000	3.73084075671199	0.650167786984687	0.154897006127887
94000	95000	3.65753411921217	0.801152031843632	0.307755147150778
95000	96000	3.55085356230819	0.928626272400324	0.448161859996439
96000	97000	3.44916242253528	1.03505184583559	0.589280738036342
97000	98000	3.34352705762043	1.14052656398457	0.71839446262608
98000	99000	3.31439962355643	1.32766357294638	0.895353364782403
99000	1e+05	3.05164658645041	1.32384624898186	0.993562705082893
1e+05	101000	2.86800410286126	1.38349468367372	1.12111853782206
101000	102000	2.6762507689073	1.4301058066977	1.22585284074785
102000	103000	2.47785270216628	1.41945434490928	1.28636391359773
103000	104000	2.20185476506096	1.42795166397947	1.42488670574325
104000	105000	1.78038235717848	1.34982419989397	1.4205482145525
105000	106000	1.43392006829934	1.30443142321042	1.38840681360542
106000	107000	1.12060407294766	1.28322468515436	1.32676668640247
107000	108000	0.845676910387518	1.27234039791884	1.24258054758148
108000	109000	0.616240003448409	1.27636528351513	1.18888799321372
109000	110000	0.367561009513089	1.280849332899	1.13497404010501
110000	111000	0.0876036824544942	1.32134396504105	1.11574500943136
111000	112000	-0.151830920484411	1.34641718025498	1.13797042797527
112000	113000	-0.41446631137637	1.39804991132946	1.16455034503454
113000	114000	-0.651743091206736	1.48358656146695	1.2698163479214
114000	115000	-0.921494526297262	1.65751359362004	1.24077766162269
115000	116000	-1.0699462804326	1.67445071778907	1.47896732097253
116000	117000	-1.20308344667489	1.74705497852586	1.57598941205265
117000	118000	-1.34535177045341	1.99053803759253	1.59890282629166
118000	119000	-1.45851787067142	1.85971785787676	1.83220014057488
119000	120000	-1.60458890240204	1.91285845762295	1.99773414179641
120000	121000	-1.75674354308031	2.12510163040829	2.20527951795851
121000	122000	-1.9561722593697	1.96489521165925	2.36907835107426
122000	123000	-2.08996576099394	1.99305407207095	2.50451942535377
123000	124000	-2.203274337348	2.12932208547536	2.69724276740734
124000	125000	-2.4036553146252	1.84945487821557	2.73580613171888
125000	126000	-2.6291045228183	1.72061534509659	2.83807465647139
126000	127000	-2.79849678445885	1.57497309140611	2.89831200348704
127000	128000	-2.95971162627921	1.43979123680611	2.9155654221354
128000	129000	-3.12087145433512	1.30304833144986	2.96640415252275
129000	130000	-3.27975012319116	1.16055169861455	2.98294089293366
130000	131000	-3.43425604908133	1.07372769987102	2.88749356599574
131000	132000	-3.63905883989118	0.983365471492776	2.93298256544247
132000	133000	-3.74477293984917	0.927795020875114	2.73217989334228
133000	134000	-4.04702809234369	0.859893017305774	2.67922420409514
134000	135000	-3.94480079667602	0.793017048165009	2.35208063170965
135000	136000	-3.93270567824452	0.715142650255874	2.1290422255481
136000	137000	-3.90658949374671	0.716575669891591	1.94325742501051
137000	138000	-4.02968586413411	0.712287344204916	1.70720047012319
138000	139000	-3.7771906472047	0.738176082929375	1.60696677646219
139000	140000	-3.68297286702964	0.792939872986956	1.407834774005
140000	141000	-3.47296932890352	0.839169638162944	1.31102218505773
141000	142000	-3.30094561342297	0.846227560767983	1.19532880533953
142000	143000	-3.17817817490074	1.02905622821854	0.995037346667218
143000	144000	-2.97935810856953	0.792088487769885	1.02964450037871
144000	145000	-2.80599173328439	0.711523230747201	0.967014053855711
145000	146000	-2.64093735788187	0.546984929371402	0.950941906573655
146000	147000	-2.27538879770316	0.464731570035981	0.712525018792721
147000	148000	-2.37987742855781	0.189898105074139	1.03206188164008
148000	149000	-2.26035478264878	0.0257035193366226	1.08438207998299
149000	150000	-2.31910574849119	-0.102975187135457	1.26182435657901
150000	151000	-2.33961879088053	-0.263933798912488	1.41257150213632
151000	152000	-2.33051805828484	-0.423797510688492	1.60100656374329
152000	153000	-2.49744866026323	-0.485384406965649	1.74686564104236
153000	154000	-2.63850723293421	-0.594658078363445	1.90968485911746
154000	155000	-2.72533191797114	-0.733422247786705	2.21117933263273
155000	156000	-3.00061798973889	-0.668230192179062	2.11861997904488
156000	157000	-3.18843567769684	-0.680007742935146	2.16108047861042
157000	158000	-3.39804491224398	-0.764062803525262	2.29106674219122
158000	159000	-3.62842410088132	-0.709202537695923	2.13986388852691
159000	160000	-3.83402365614524	-0.724028805519724	2.09426227466288
160000	161000	-4.00732369178183	-0.710604803806969	2.00271044027088
161000	162000	-4.26337209525292	-0.742800767962839	2.0021976636872
162000	163000	-4.30294114974036	-0.698227533439035	1.74095896377131
163000	164000	-4.45380710423408	-0.694625302023607	1.56884715245717
164000	165000	-4.47855876205528	-0.703755752716687	1.36070537173258
165000	166000	-4.6330369299809	-0.738993351433281	1.167737305136
166000	167000	-4.56682970932959	-0.742296416297613	0.893549924830906
167000	168000	-4.51981196685044	-0.770768799279682	0.699481443608878
168000	169000	-4.62752840028399	-0.826855113281537	0.461341530973263
169000	170000	-4.3079592466971	-0.833895471540224	0.328305026907329
170000	171000	-4.08319144526852	-0.851724246523941	0.14084845675428
171000	172000	-3.8496347974403	-0.869884351994579	0.0746153985621183
172000	173000	-3.6349367754023	-0.88381160476926	-0.0195320187926541
173000	174000	-3.43318944927812	-0.927272512864733	0.0289601730275559
174000	175000	-3.22394857810085	-0.937489739380077	0.00583336834614786
175000	176000	-3.05423222811707	-1.07924445600258	0.0785226633110215
176000	177000	-2.81954521718669	-1.08669625933686	0.123349717446156
177000	178000	-2.73276832082144	-1.30938115356976	0.128196941972552
178000	179000	-2.60014676234017	-1.45402043516076	0.141727287666524
179000	180000	-2.41313596972082	-1.62093648615424	0.191618469108005
180000	181000	-2.43143768171806	-1.88962533449462	0.113758032662911
181000	182000	-2.38745477977164	-2.12228509708735	0.0813790918200899
182000	183000	-2.4384230451117	-2.31188778339388	0.0338463442018036
183000	184000	-2.46012476153872	-2.56475455077775	0.0414046343333972
184000	185000	-2.61942548390072	-2.66304175077734	-0.165583604369239
185000	186000	-2.72611921003041	-2.83435363648401	-0.272251865132912
186000	187000	-2.86640467925297	-2.94709851139141	-0.419513964768059
187000	188000	-3.02431755965297	-3.03775378525684	-0.6352949507639
188000	189000	-3.3816016010149	-3.3610314444597	-0.870236250274355
189000	190000	-3.29367334173901	-2.98270268966438	-1.12039242766585
190000	191000	-3.35157032164944	-2.84507364004861	-1.34244095417614
191000	192000	-3.50318141883494	-2.78843538867927	-1.64119831054053
192000	193000	-3.31553511224422	-2.59682037311425	-1.67149412949183
193000	194000	-3.23763943371794	-2.47734241530064	-1.77981540060266
194000	195000	-3.23104561133469	-2.34808339173636	-2.01500125692433
195000	196000	-3.00252661953875	-2.23200251320606	-2.02743765508747
196000	197000	-2.8773867848028	-2.115682739074	-2.1429431076762
197000	198000	-2.74550853670367	-2.03605643308766	-2.40260571038704
198000	199000	-2.46575597095971	-1.86059660690476	-2.28322639719025
199000	2e+05	-2.35133180311168	-1.67420602919846	-2.21248709306477
2e+05	201000	-2.167064154264	-1.57465954160701	-2.20510384265135
201000	202000	-2.20558043961448	-1.34158754397595	-2.11145508420499
202000	203000	-2.07286744619662	-1.12935039890514	-2.03669953647648
203000	204000	-2.19500555574253	-0.943025930086128	-2.0097680275036
204000	205000	-2.26937271579495	-0.774012892941777	-1.96124345409524
205000	206000	-2.36723722850412	-0.58058459108523	-2.0370894295008
206000	207000	-2.58613352640717	-0.479425845417678	-2.00512366147195
207000	208000	-2.81530150373218	-0.343356682959685	-2.17147956038253
208000	209000	-2.94147348902841	-0.128845755323748	-1.95568008826877
209000	210000	-3.16016956126698	0.0408395828130886	-1.95711644124795
210000	211000	-3.13539437529057	0.233857783478402	-1.75099936157875
211000	212000	-3.22665882078134	0.413360885263354	-1.64768531628153
212000	213000	-3.13788133102565	0.530179918617103	-1.48904713053552
213000	214000	-3.18763373247123	0.702449655327506	-1.35936455079374
214000	215000	-3.00050247247032	0.755074780411924	-1.23592201718954
215000	216000	-2.86597425437524	0.902919693993749	-1.11749703557905
216000	217000	-2.66086854772026	0.86063328398977	-0.991239137263223
217000	218000	-2.49717647963137	0.99902301891424	-0.988265016805106
218000	219000	-2.28298419419718	1.03984770451162	-0.950027863125585
219000	220000	-2.25674719813238	1.25376198613009	-0.960679821243477
220000	221000	-2.12954725616184	1.41788903393157	-0.957249381390876
221000	222000	-2.15771781684487	1.66185151020868	-1.01319335940444
222000	223000	-2.07578653090284	1.88737721848301	-1.0285820089592
223000	224000	-2.1254541683608	2.11663599647516	-1.0635801747217
224000	225000	-1.98417303052787	2.29576351960021	-1.04482439445797
225000	226000	-1.91999322490412	2.47110504260879	-1.06867029720012
226000	227000	-1.95274846457404	2.71483474958632	-1.09224007979913
227000	228000	-1.71138149689003	2.81430078026792	-1.10432626924272
228000	229000	-1.56240274751305	2.96831803232039	-1.12561552432428
229000	230000	-1.48111866308253	3.21578694121722	-1.09164068539996
230000	231000	-1.27677381448749	3.22809893695294	-1.16982682866464
231000	232000	-1.09264589557617	3.40582652514984	-1.21887995708574
232000	233000	-0.753603206821795	3.54068921455864	-1.32030297404425
233000	234000	-0.449720846980013	3.58666384663156	-1.43226198349064
234000	235000	-0.253712347931438	3.95763998913014	-1.56182079802769
235000	236000	-0.0194830935570164	3.60483966237606	-1.5701923635189
236000	237000	0.264311010612919	3.61939522655346	-1.63705170834942
237000	238000	0.543475560757874	3.43712911696586	-1.71692805427457
238000	239000	0.767750179075978	3.35220243336146	-1.77733969558416
239000	240000	0.955952739736049	3.29342873221217	-1.81930464400472
240000	241000	1.17876447617727	3.39572081803778	-1.90833313483812
241000	242000	1.33115144248451	3.22979908269674	-1.90686673664669
242000	243000	1.54837108547273	3.20714266883212	-1.94292187454935
243000	244000	1.78278009537069	3.06547044582837	-1.97089270940164
244000	245000	2.11480817385355	3.0285550805919	-2.02615642236001
245000	246000	2.2225511347177	2.74511961977013	-2.04003814699805
246000	247000	2.39519662877337	2.60243820498776	-2.06551920322024
247000	248000	2.48146422109166	2.40839380265992	-2.1038553476663
248000	249000	2.66805773115383	2.27425407574466	-2.11678966247729
249000	250000	2.68018823111712	2.07259212596021	-2.19924200598536
250000	251000	2.81094728142118	1.92207628547374	-2.24460664299
251000	252000	2.87363762777517	1.74451737828377	-2.36193093759766
252000	253000	3.06406274955743	1.602040113228	-2.42731607100836
253000	254000	3.03158420926066	1.41802403749077	-2.5433720206412
254000	255000	3.15294564548503	1.19972027700745	-2.70410701290558
255000	256000	3.39350356715416	0.848852948803025	-3.07064958769183
256000	257000	2.998242736457	0.549441795541583	-2.93119358855949
257000	258000	2.89373460056397	0.322300641330823	-2.99313226444183
258000	259000	2.80305855799741	0.127044458674721	-2.91121233141534
259000	260000	2.6985934332115	-0.0402300805956401	-2.93212294732052
260000	261000	2.68046693810168	-0.232162100950953	-2.8826645007347
261000	262000	2.62414469010891	-0.442604049386707	-2.97697547817725
262000	263000	2.59544312142469	-0.660057778473774	-2.88189716571787
263000	264000	2.64367197605862	-0.876435220904083	-2.91965660765088
264000	265000	2.51855528420953	-1.08536294741705	-2.89822059719925
265000	266000	2.48858120682513	-1.34711752930959	-2.92279841670504
266000	267000	2.37163400172812	-1.6859944677493	-2.93879397352133
267000	268000	2.12360922008129	-1.84254130242078	-2.82257891402702
268000	269000	1.94303962430463	-1.9995220593521	-2.77198869053566
269000	270000	1.75368225094829	-2.18742213499312	-2.71085040787569
270000	271000	1.51856227011818	-2.26520940664285	-2.63772246557966
271000	272000	1.32007590346424	-2.3804698888307	-2.57181252365136
272000	273000	1.07944833855436	-2.47074099910752	-2.52144472842387
273000	274000	0.888762319125664	-2.53718740240878	-2.44125063962798
274000	275000	0.784512414574608	-2.68974584239148	-2.30356749847065
275000	276000	0.560905055869543	-2.6808251114266	-2.37996819734221
276000	277000	0.322150828246709	-3.01113003020993	-2.59596203211707
277000	278000	0.111943239291072	-2.82818805940106	-2.20990158522189
278000	279000	-0.109903119868494	-2.87159247143995	-2.08122592915168
279000	280000	-0.365456351675686	-2.89628048382368	-1.97829200618499
280000	281000	-0.506201210648942	-2.91790393019633	-1.76588128699404
281000	282000	-0.636207765375425	-2.96143844894981	-1.61276660968804
282000	283000	-0.842611736569425	-3.02267928777267	-1.52122949627092
283000	284000	-0.822479336455683	-3.06343450760552	-1.30638193281136
284000	285000	-0.933239031670597	-3.15709795721374	-1.1528909049956
285000	286000	-0.859947091070392	-3.21745583140886	-0.914735162347207
286000	287000	-0.911075712334963	-3.61381088618034	-0.599432977743885
287000	288000	-0.668781029754734	-3.20093416838429	-0.488950473510721
288000	289000	-0.587772233825296	-3.15809693846303	-0.282326365818999
289000	290000	-0.382937953279647	-3.07160369386212	-0.216974553546082
290000	291000	-0.217827390616615	-2.98393152261453	-0.118291585258145
291000	292000	-0.0222384648640781	-2.99393712083655	0.00982903908617501
292000	293000	0.149824530263735	-2.83400775897962	0.00802808466191743
293000	294000	0.326943071666102	-2.76738925114232	0.0760434838274718
294000	295000	0.544719155063271	-2.6939515123891	0.090846156080675
295000	296000	0.72514414443813	-2.64281581191614	0.263409986737675
296000	297000	1.03484432429448	-2.65111409782282	0.339299449289762
297000	298000	0.956193083678593	-2.56785669749362	0.640330456317836
298000	299000	1.04587292747239	-2.51603406941083	0.861309794675146
299000	3e+05	0.911417446786561	-2.57885571431029	1.02960851816991
3e+05	301000	0.850610672901009	-2.61720859243781	1.21151249631542
301000	302000	0.789921359232364	-2.72104253007379	1.37730214753827
302000	303000	0.600965011234471	-2.79841235575028	1.55729209035893
303000	304000	0.745501764836262	-2.9283243131392	1.75005662427345
304000	305000	0.679452250353519	-3.09571170921346	1.9458088296502
305000	306000	0.898025549655231	-3.12724762521617	2.05427973005457
306000	307000	0.990587560828622	-3.27810325371643	2.22518475575434
307000	308000	1.23304020663274	-3.20407512201413	2.28524874886719
308000	309000	1.4548093027305	-3.20120954248211	2.38193028965464
309000	310000	1.69238197675588	-3.23929723772756	2.51832470060227
310000	311000	1.86984034516541	-3.08591240250066	2.45264231648122
311000	312000	2.07425535810228	-3.00114667471455	2.45579587103945
312000	313000	2.39055904433389	-3.01143371101561	2.46486892932583
313000	314000	2.48379708974071	-2.71391457227893	2.38372722234831
314000	315000	2.63533620867071	-2.57154135195274	2.36620815938568
315000	316000	2.76702315158812	-2.44527159003543	2.35066293372338
316000	317000	2.92790345995369	-2.32118423145946	2.37600599294806
317000	318000	3.14022293723266	-2.15228427234794	2.44201754774064
318000	319000	3.63133527907797	-2.07211936914761	2.62950938754236
319000	320000	3.43412469335763	-1.69564960158739	2.48837323861673
320000	321000	3.47956826106495	-1.52468996495094	2.47804899883193
321000	322000	3.52671290236593	-1.34184275463754	2.44874358626557
322000	323000	3.7503678622801	-1.11024676636634	2.49875162229407
323000	324000	3.54497875416287	-0.93029170232188	2.29294132485897
324000	325000	3.45762053553492	-0.747500973702495	2.1322249311161
325000	326000	3.33882088787485	-0.654505909378089	1.95656548071885
326000	327000	3.16374545377746	-0.656390079990918	1.8389474020426
327000	328000	3.00676865454151	-0.639323170288715	1.70028475549174
328000	329000	2.81608511455872	-0.633709683044331	1.59913934402779
329000	330000	2.62546618502691	-0.720958117282589	1.45418836551991
330000	331000	2.393893150627	-0.617223472455264	1.35095545918088
331000	332000	2.17635460177714	-0.614335976450612	1.25328186362338
332000	333000	2.05463973212262	-0.492335907359556	1.13864737028844
333000	334000	1.86426501692419	-0.440031748431919	1.0373020724849
334000	335000	1.8845192908845	-0.260575795254305	0.843849479076984
335000	336000	1.80369917165989	-0.0626354442394471	0.707587852179139
336000	337000	1.79650098480666	0.151991490487163	0.541067931817772
337000	338000	1.75069513959268	0.411423485974251	0.431855308175464
338000	339000	1.72644106199657	0.6427084907804	0.333117178358007
339000	340000	1.75214531756587	0.898639451357029	0.128663458790778
340000	341000	1.65454434877147	1.17752511849827	0.19946000257285
341000	342000	1.61097817921124	1.39194641062575	0.204699637423168
342000	343000	2.45242803596781	2.24033998256531	-0.431715894517217
343000	344000	1.55472212432288	1.68180706692021	0.281834724136424
344000	345000	1.54347178843059	1.89546179516669	0.29161652877384
345000	346000	1.51651094452627	2.21168990500655	0.449170469891261
346000	347000	1.42570464090306	2.42683781757054	0.716606370643139
347000	348000	1.38941891416885	2.65897866496721	0.832884670069155
348000	349000	1.30941087016861	2.71899401806835	1.1009537181571
349000	350000	1.31028416936539	2.91396383404577	1.26059016256942
350000	351000	1.25482892467736	2.88907249518961	1.47287590874141
351000	352000	1.23577064319845	3.0079188514344	1.65464494291045
352000	353000	1.19412976339563	2.94812897589877	1.89851895892624
353000	354000	1.16692598409327	2.9334625781064	2.18370770088117
354000	355000	1.08051610033421	2.77325387756736	2.4020295767275
355000	356000	1.01878885954262	2.63506967779242	2.57282120381064
356000	357000	0.937777107442746	2.52120522588394	2.70822614135208
357000	358000	0.919179049712966	2.46772675216245	2.9097547791481
358000	359000	0.781980502688829	2.32922717387034	2.98021037441009
359000	360000	0.66906586840132	2.30153653831957	3.25206368428602
360000	361000	0.567112966493661	1.99897292472191	3.16083143964052
361000	362000	0.456066499972436	1.80007343011866	3.20180518127802
362000	363000	0.332539263167114	1.6125753785127	3.25932826826886
363000	364000	0.245634875174582	1.37444224677095	3.31737568637682
364000	365000	0.128275258290361	1.13383199222821	3.35130589266375
365000	366000	0.114465474772298	0.927268128991735	3.44060971279081
366000	367000	0.0512511911589757	0.741239739544521	3.5065466244959
367000	368000	0.0445574716351	0.637195494703973	3.69765381520565
368000	369000	0.114318106185157	0.5549705841125	3.8969756334627
369000	370000	0.0657241167731855	0.475789253685	4.20306129765187
370000	371000	0.388697966955096	0.466050709729081	4.36231493153789
371000	372000	0.610734658477929	0.507159870477588	4.45237399979158
372000	373000	0.779883628323685	0.568741226009353	4.85595489578192
373000	374000	1.13792792539646	0.538397912661209	4.51594475625653
374000	375000	1.509813270719	0.584146351756322	4.51433545062383
375000	376000	1.60789088566252	0.5099915112958	4.26232022802888
376000	377000	1.83355568968348	0.489696078184785	4.21615186951855
377000	378000	1.81216347386438	0.449086918605724	3.97316439992098
378000	379000	2.04481439860449	0.463153248172224	3.80359647784534
379000	380000	1.86774217202859	0.345535983653783	3.60761841621948
380000	381000	1.89219775272602	0.326136930565678	3.36971572453905
381000	382000	1.75403696617553	0.104622014906201	3.29604812474689
382000	383000	1.67683931326775	-0.0336467752116605	3.14200689154775
383000	384000	1.6008241201876	-0.231783914433932	3.11828729030691
384000	385000	1.49203948700425	-0.449892049684469	3.08476642609384
385000	386000	1.44819728737461	-0.794265528778991	3.12243276424652
386000	387000	1.15730120980968	-0.826153622400126	3.165758804448
387000	388000	0.977012622231523	-0.919080635404286	3.2201621651179
388000	389000	0.846276494442697	-1.03168258181895	3.35688668088904
389000	390000	0.619071806291032	-1.04868187593793	3.42842878530098
390000	391000	0.461544069458118	-1.13405311119614	3.61144898718466
391000	392000	0.241198645781707	-1.12214451322423	3.56613512836138
392000	393000	0.046362769247397	-1.15226553135589	3.58113332894578
393000	394000	-0.204913111960538	-1.22930824973909	3.7372476436961
394000	395000	-0.308555696235369	-1.17384041955366	3.4599981406196
395000	396000	-0.582646538403949	-1.2684890498943	3.43630893749582
396000	397000	-0.521082051745305	-1.11263278017254	3.18545773784155
397000	398000	-0.651180453416451	-1.04166950098716	3.04485920673978
398000	399000	-0.606449687688301	-1.00495068323044	2.85490880272458
399000	4e+05	-0.710067191455502	-0.940402420687642	2.66483576861402
4e+05	401000	-0.602465062549741	-0.917045017711749	2.41699579432181
401000	402000	-0.616655880314558	-0.828422600929341	2.18496298052804
