0	1000	-1.53312855784406	-0.545053185598306	2.04226908335239
1000	2000	-1.64379395172555	-0.125930734752162	2.23908084380234
2000	3000	-1.6296930179127	-0.229008884611174	1.78695360914705
3000	4000	-2.00893111246821	-0.0719016171039066	1.77841957627439
4000	5000	-1.68620136344108	0.199626422440942	1.61906030448243
5000	6000	-1.81088687831757	-0.055372226882921	1.2467238034029
6000	7000	-1.30353039064476	-0.0491869175916737	1.25716145553793
7000	8000	-1.12172221803349	0.198304878821203	1.81016584511401
8000	9000	-0.792323157230081	0.271483718532587	1.3686396994785
9000	10000	-0.42494353570205	0.0956730094741571	1.72016059837783
10000	11000	-0.0161883104740263	0.466033012457532	1.55262777647433
11000	12000	0.150889387328453	0.948509402286827	1.86256342382609
12000	13000	0.63357646754704	0.71023015845304	1.6905265031577
13000	14000	0.907699878927456	1.02372636856631	2.04667251927119
14000	15000	0.991162044007144	1.20102736086572	1.61338715402367
15000	16000	1.0552114386361	1.5824660835997	1.93503683312056
16000	17000	0.682812370541488	1.59705104370448	1.69463340614303
17000	18000	0.705835449533473	2.05684788425165	1.77159752096166
18000	19000	1.02302361296311	2.46615090947426	1.8644949631313
19000	20000	0.945817706965456	2.33971289430152	1.38028312861367
20000	21000	0.874017159422684	1.98034411644077	1.3921658378561
21000	22000	1.16923527215537	2.00843056341871	1.1790697610887
22000	23000	1.32722737867389	1.88160578602544	1.54153785456256
23000	24000	1.33283101035521	1.50346766925312	1.22883684809041
24000	25000	1.66827870761564	1.24043855909335	1.53027163138107
25000	26000	1.44653789840719	0.734196592984	1.44022617774642
26000	27000	1.97579977693841	0.588545156232693	1.3412267005721
27000	28000	1.72967171474685	0.132394565474776	1.12478667189703
28000	29000	2.19428885248095	-0.00758694139146942	0.859994367107386
29000	30000	1.88292510319271	0.0840183591744703	0.412647885210092
30000	31000	2.38067863600563	0.226979887214109	0.183515374842274
31000	32000	2.02744087217787	0.177120057467061	-0.192839676147669
32000	33000	2.42546075718387	0.347138638718461	-0.451138221898625
33000	34000	2.06510937606868	0.358027758784914	-0.679341399503464
34000	35000	2.34699354787252	0.389015997542554	-1.01222600235681
35000	36000	2.25446948167804	-0.0434292435220033	-0.955046626445384
36000	37000	2.23607484913538	-0.0491178475092013	-1.44336966223762
37000	38000	1.88944882804284	-0.418608122098761	-1.41240493810388
38000	39000	1.51809545855804	-0.544887051422941	-1.69706180165023
39000	40000	1.52614770535914	-1.0186160792691	-1.65990250148985
40000	41000	1.08531629871962	-1.11074559049162	-1.56730167237677
41000	42000	1.16042329433654	-1.41883011193443	-1.95853838642384
42000	43000	0.772513349265918	-1.44498361057645	-1.74088741626151
43000	44000	0.669450281941449	-1.15146884707581	-2.02164187544289
44000	45000	0.555072097789057	-1.54558083902657	-2.14664640688307
45000	46000	0.277199043039699	-1.3489330811551	-1.79141695352796
46000	47000	0.232932472480203	-1.81004076393326	-1.89206067890906
47000	48000	0.241127306042005	-1.78433057206133	-1.42960228290596
48000	49000	-0.15214599507598	-1.94083092962296	-1.58303595489813
49000	50000	-0.35539273544058	-2.25618508430161	-2.03279061879214
50000	51000	-0.411927915652802	-2.01944350091152	-1.08115769436764
51000	52000	-0.497664340367437	-2.47687748743118	-0.809987126948104
52000	53000	-1.02742749857287	-2.32318536968553	-0.755639159399566
53000	54000	-0.882922343076455	-1.86946106518564	-0.658198428772315
54000	55000	-0.934009596978076	-2.1711957297453	-0.199413991148153
55000	56000	-0.903850345193067	-1.56194437136525	-0.165582467823103
56000	57000	-1.36705990576765	-1.79036372779499	-0.225575726690933
57000	58000	-1.37670021529372	-1.26998954674249	-0.415265044997733
58000	59000	-1.73002156511758	-0.853107192244082	-0.284569010127649
59000	60000	-1.83215020408651	-0.959724273155837	-0.757719468236129
60000	61000	-2.48940098560152	-1.22798946737075	-0.675516835173603
61000	62000	-2.29379448448825	-0.802163740139375	-0.646229154976517
62000	63000	-2.527109416276	-0.391016706240118	-0.683108954938902
63000	64000	-2.01173577202409	-0.342196590844111	-0.486812314152008
64000	65000	-2.28599125846427	0.100501655084605	-0.43674788260569
65000	66000	-1.7062152817889	0.121881200630732	-0.357109587428868
66000	67000	-1.76818558434342	0.529645513567437	-0.031174210584296
67000	68000	-1.34837531174699	0.819125149087331	-0.232222114215832
68000	69000	-1.35774092919839	1.0707393826701	0.272340907251396
69000	70000	-0.800482799824769	0.927389737507249	0.167443831380662
70000	71000	-0.520234046278505	0.753339055161609	0.625614815271534
71000	72000	-0.207683851847931	1.22188494854036	0.318843493959114
72000	73000	-0.140359590560324	1.1852789225679	0.923444035343003
73000	74000	-0.0349399453991684	1.68302566296789	0.768633160133972
74000	75000	0.236276661873863	1.561281450614	1.27824741958597
75000	76000	0.696642245154848	1.53545709319543	0.965378450964566
76000	77000	0.471892642444343	1.00986953152685	1.14511801776706
77000	78000	0.983779603030346	0.927615926907931	0.997392120430294
78000	79000	1.43810687484887	0.739708226753568	0.83277549907442
79000	80000	1.64350312456626	1.19330748041034	0.63079668983641
80000	81000	2.02516730416066	0.793377236661092	0.467835692148008
81000	82000	1.90459099325605	0.812910285890477	-0.0371845963745667
82000	83000	2.42787109586973	1.15450040861696	-0.102507499436828
83000	84000	2.16843285227124	0.836385278888806	-0.48393552027012
84000	85000	2.54304167521325	0.986721041414329	-0.711824266729563
85000	86000	2.20735720770753	0.904028594568197	-0.98516241370046
86000	87000	1.95651234077117	1.13461827179699	-0.830251024160348
87000	88000	1.98694293102165	1.26755409947759	-1.26950677126752
88000	89000	1.60991736157371	0.993915963381313	-1.13160321654862
89000	90000	1.93210618350547	0.736432509993152	-1.45998186556356
90000	91000	1.69296205740943	0.493122707515283	-1.01598555983063
91000	92000	1.72890850567787	0.145566847414299	-1.35198567549095
92000	93000	1.68514938814589	-0.163309100388221	-0.898951560603729
93000	94000	1.30250470578293	-0.482836382388381	-1.10129305487532
94000	95000	1.47964057101197	-0.605503959978489	-0.577011367024652
95000	96000	1.12779596615669	-1.002131434448	-0.789174475813966
96000	97000	0.940084007828762	-1.06893214155665	-0.296947978662685
97000	98000	0.633896400364622	-1.48197424529946	-0.424900226238472
98000	99000	0.267406594816226	-1.52083367233888	-0.051603426440711
99000	1e+05	0.209961412793229	-1.99125886567598	0.260275485452233
1e+05	101000	0.666731272649163	-1.69270553687727	0.394064614357072
101000	102000	0.625794019447293	-2.14925197557616	0.70217988918672
102000	103000	1.04964554095529	-1.86244243668462	0.833259322497322
103000	104000	0.941209754091248	-2.01509984897672	1.3343566562298
104000	105000	1.35131232682463	-1.84654556489473	1.6400672888909
105000	106000	1.15510142609746	-1.37474976484029	1.62939205249825
106000	107000	1.47501982203739	-0.933260007576423	1.89362456992647
107000	108000	1.0109086999804	-0.962108711786322	1.9439138271518
108000	109000	1.02736115929464	-0.605784444186402	2.22785746819225
109000	110000	0.892727847353892	-0.824290341364489	2.61106647355469
110000	111000	1.32821287259211	-0.891149961681916	2.45759098241751
111000	112000	1.0788995445345	-1.21231932909521	2.40288208848187
112000	113000	1.47496352549833	-1.35554903847775	2.47388244729238
113000	114000	1.25683983745416	-1.48276032864606	2.14915810038723
114000	115000	1.55961290131763	-1.78164455035448	2.24182170869888
115000	116000	1.6602812666627	-1.39557351728575	2.02228841538327
116000	117000	1.65526791232024	-1.35986293452844	1.63262398628985
117000	118000	2.12893830014864	-1.52567335009426	1.65447479092113
118000	119000	1.80511986741166	-1.56638707498598	1.23981160972461
119000	120000	2.18697326858732	-1.61239591578718	1.03823010806217
120000	121000	2.14875693423613	-2.04986645610814	0.858017807626206
121000	122000	1.92928994807513	-2.05359786008209	1.27952746502416
122000	123000	1.63316540927665	-1.97316282701288	1.00383533893872
123000	124000	1.51623712041812	-2.40290557994003	1.17385265943082
124000	125000	1.61931750726475	-2.3785409610659	0.683118913398631
125000	126000	1.16642644493737	-2.40986033733879	0.705468176689661
126000	127000	1.02245772931634	-2.36902804767796	0.229386427670283
127000	128000	0.822047866225738	-2.26176575716385	-0.199028743224736
128000	129000	0.387002407541187	-2.43672109980942	-0.125979030057615
129000	130000	0.312143723598453	-2.32471565679962	-0.610182041999651
130000	131000	-0.124198345449439	-2.16465354528301	-0.412290011594587
131000	132000	0.102357435559295	-1.83560891759945	-0.729170074512397
132000	133000	-0.338028556970917	-1.5651668392943	-0.716729240493233
133000	134000	-0.0373812012629327	-1.2969530232645	-1.0761328016687
134000	135000	-0.557964591037287	-1.34470066591632	-1.28489822780582
135000	136000	-0.63750125761782	-1.24645880535786	-1.81233403762543
136000	137000	-0.332647083218083	-0.898131910957693	-1.60893660486578
137000	138000	-0.316260590971283	-0.774881730132664	-2.14050186136283
138000	139000	0.181079205955847	-0.706684319413519	-1.82718327766538
139000	140000	0.21695251915114	-0.442424386996816	-2.25659822582802
140000	141000	0.607642634174708	-0.209110940695084	-2.07068535017128
141000	142000	0.406324224373442	0.214948346867176	-2.09503700528194
142000	143000	0.682402409193329	0.52846305895673	-2.37529652425251
143000	144000	0.336753426520177	0.721441302513338	-1.99999866486661
144000	145000	0.680061687526143	1.02973930424369	-1.97991059925122
145000	146000	0.510878578753016	0.94082291225172	-1.51088101960826
146000	147000	0.600043065479767	1.63476546962104	-2.11701089002157
147000	148000	0.0239216216800848	1.1677459505503	-1.36126243368755
148000	149000	0.270841831357479	1.42634543531186	-0.95101636774352
149000	150000	0.0672035105507052	1.0662992847404	-0.600624551874207
150000	151000	0.512496885645217	1.3746547571513	-0.33303679507979
151000	152000	0.275528762192591	0.929684197876283	-0.050601169420398
152000	153000	0.732933030904647	0.821000422637908	0.200132456640573
153000	154000	0.569791797897876	0.257692694306219	0.458617812511681
154000	155000	1.16580159521259	0.228656453050734	0.49630817316523
155000	156000	1.02887975736492	-0.309508307868581	0.373687657877251
156000	157000	1.58579133009638	-0.436464983277378	0.154344233328819
157000	158000	1.23880631792924	-0.858450729166572	0.223406187597435
158000	159000	1.63704997870311	-1.23918010800029	0.0390241152015331
159000	160000	1.13461240921144	-1.44021387792318	0.148270723155756
160000	161000	1.18140538718221	-1.79494532124617	-0.206301460245835
161000	162000	1.24548148490866	-1.70094023140594	-0.698385410010467
162000	163000	1.1461757422357	-2.17640421559057	-0.893963151671753
163000	164000	0.809462065581548	-1.83293376353362	-1.06845873829969
164000	165000	0.731850836054642	-2.06850157129764	-1.47541832423529
165000	166000	0.489282770230759	-2.40968654166107	-1.29837670459355
166000	167000	0.258260155002464	-2.34031657496886	-1.67658435106049
167000	168000	0.0283789787184152	-2.29702113570845	-1.34272544404437
168000	169000	-0.0731708570333915	-2.69146802932494	-1.49078297257374
169000	170000	-0.413345756948252	-2.40370698876523	-1.47139422507348
170000	171000	-0.663889892139996	-2.02209682737181	-1.5601137378681
171000	172000	-0.910850814988835	-2.25282668445801	-1.28913723468925
172000	173000	-1.17253774618784	-1.89336498938066	-1.31552298459873
173000	174000	-1.41120775426378	-1.73880832302914	-0.9789989634111
174000	175000	-1.75749906400014	-1.99808297540837	-0.898198277683716
175000	176000	-1.84916180151758	-1.59718538576883	-0.737400040075033
176000	177000	-2.18264808589779	-1.80392901099111	-0.510439151168866
177000	178000	-1.99779603673215	-1.41994233598047	-0.313018409886636
178000	179000	-1.99166430262605	-1.72213221527029	0.00309207087613622
179000	180000	-1.63190259984576	-1.44119182921911	0.175508195041746
180000	181000	-1.54729571833315	-1.87347818325034	0.46270611828627
181000	182000	-1.29405705305954	-1.48916357567968	0.616274228329452
182000	183000	-1.08015510457426	-1.83872968973525	0.841937458704196
183000	184000	-0.690035664609396	-1.49945240262688	0.717364800035939
184000	185000	-0.604383359150419	-1.94637112113913	0.410447837212403
185000	186000	-0.397764961344412	-1.42942385992239	0.181783326038672
186000	187000	-0.0694159569121634	-0.979900746549066	0.208865230536407
187000	188000	-0.161575656307798	-0.631526200153402	-0.303704202872999
188000	189000	0.433051005292766	-0.613973684938068	-0.383349965682134
189000	190000	0.174638740692507	-0.208118201933502	-0.77631770319709
190000	191000	0.532482109807003	-0.353080465955945	-1.20624567391062
191000	192000	0.383357478427741	0.210090646769781	-1.33174820430734
192000	193000	0.0343600797375042	-0.117232536618966	-1.60579292034919
193000	194000	-0.241552198691536	0.345886526949669	-1.61520209089645
194000	195000	-0.386528822469173	0.0476348348484937	-1.13419691697838
195000	196000	-0.311903960233618	0.521274341542403	-0.869886017618153
196000	197000	-0.515811757212595	0.334486511929831	-0.390075740402418
197000	198000	-0.119198577870738	0.391318871045682	-0.00621175944796802
198000	199000	0.306356114340997	0.0353169598536744	-0.113710969774225
199000	2e+05	0.633496770385293	0.401009178823703	-0.400144436675641
2e+05	201000	1.12704613186089	0.173146363490477	-0.199836477910284
201000	202000	1.30015049322099	0.576105898706827	-0.514453488353166
202000	203000	1.16014630588562	0.110634784820615	-0.792486018901718
203000	204000	1.03031322300204	0.472223973913356	-1.11165479743683
204000	205000	1.0957797328053	0.15426412801498	-1.51076477747279
205000	206000	1.47335171398177	0.288051302407365	-1.86040130773486
206000	207000	1.2716327746629	0.696690028923698	-1.63389607702849
207000	208000	1.43944685619301	0.88613229059693	-2.05985802468055
208000	209000	1.47947282569152	1.30953598947416	-1.80540122287934
209000	210000	1.19798431007914	1.17668089328051	-1.5095713857525
210000	211000	1.3648595886903	1.58141259927074	-1.39648237807674
211000	212000	0.99308911872995	1.65221461930267	-1.62976883454839
212000	213000	0.844445726799704	1.52488731351652	-1.22173225330019
213000	214000	0.954466725426088	1.11092186577508	-0.988697736482912
214000	215000	1.21652680165314	1.59064471761572	-0.815345922791992
215000	216000	1.34075968391596	1.16164291275457	-0.544263874751257
216000	217000	1.68751896257078	1.53830601349294	-0.378813026842341
217000	218000	1.36372518385348	1.3623225518344	-0.0448209404844012
218000	219000	1.45027322293768	1.77985075201615	0.211992173026511
219000	220000	0.988917759501778	1.60769172844067	0.335068728889682
220000	221000	0.840461580022009	2.09485266672456	0.381942416920746
221000	222000	0.355233067697183	1.82041476010001	0.359032530551344
222000	223000	0.228020566638397	2.32243183434635	0.372036681562257
223000	224000	-0.279933928387159	2.21830616728248	0.477491306652655
224000	225000	-0.0223263631801241	2.29367151898011	0.863950536140099
225000	226000	-0.281785940460128	2.44338856335122	1.17298928821564
226000	227000	-0.305219484129329	2.32257241309947	1.63525718315756
227000	228000	-0.157015022909601	1.95882177480673	1.30913512865476
228000	229000	0.150422018911826	1.97723613875298	1.68421281430739
229000	230000	0.449254479939231	2.14992415883713	1.05904287660083
230000	231000	0.318923337035283	2.37969641612064	1.40684596530209
231000	232000	0.443482117949608	2.73795860557463	1.05140430266172
232000	233000	-0.00429356159878107	2.89942012385224	1.26314976215227
233000	234000	-0.00593093216534462	2.78274512995161	0.821879015639403
234000	235000	-0.366077666789756	3.2042447404682	0.853532964468817
235000	236000	-0.47056244694532	2.65837619997584	0.758742780270628
236000	237000	-0.892016680120486	2.81219735649641	0.805718131140027
237000	238000	-0.925731285504091	2.39973403859227	1.11214437516683
238000	239000	-0.728098159673129	2.03030807428442	0.854170297920264
239000	240000	-1.19497791080546	1.83502302113511	1.03022797301861
240000	241000	-1.32865560743622	1.30496194018635	1.26279623854818
241000	242000	-1.23633090346408	0.879015929958015	0.894602402607609
242000	243000	-1.82455929012371	0.898071849813391	0.807633676020899
243000	244000	-1.81934415608334	0.359514423825122	0.574052004543681
244000	245000	-2.39262651910633	0.396107202588883	0.238362410303712
245000	246000	-2.17149251316797	-0.131648868010265	0.207682311482727
246000	247000	-2.61067299592368	-0.284117004672035	-0.00787035041779977
247000	248000	-2.32522827574814	-0.618155227076487	-0.0525429538465686
248000	249000	-2.71426872847035	-0.795357891219325	-0.224789658077411
249000	250000	-2.4078895541521	-1.08485808892928	-0.103214297363711
250000	251000	-2.59249637079458	-0.946815659115294	0.204713703074311
251000	252000	-2.44903065781221	-1.31665520605807	0.30352759953841
252000	253000	-2.13250998463183	-1.06679994336874	0.348583040160193
253000	254000	-2.27051656699364	-1.10600304313487	0.722460447094181
254000	255000	-2.09026619340615	-1.54444003638635	0.694324034742566
255000	256000	-1.81075334975912	-1.57105622569647	1.13608388347835
256000	257000	-1.61107657451256	-1.00720068715977	0.729010077661568
257000	258000	-1.13002109244919	-0.913255806667445	0.448453744562853
258000	259000	-0.976693257698857	-1.02227160151846	1.00172501857052
259000	260000	-0.76494858639516	-0.518379010047939	1.02512178887769
260000	261000	-0.524131768004606	-0.909046068128167	1.40775522984373
261000	262000	-0.129705386101374	-0.650436051399525	1.14366830115954
262000	263000	0.17141946970165	-1.08888342212301	1.04655920490269
263000	264000	0.174638660710828	-1.62832696162981	1.16141366459598
264000	265000	0.045689215126507	-1.41827073386943	1.65400061067673
265000	266000	0.441522741997976	-1.71276945200194	1.80565480482624
266000	267000	0.199845255467793	-1.47279041072184	2.3024977500099
267000	268000	0.641883949704267	-1.3775230246582	2.16219985253022
268000	269000	0.410989949127535	-0.934898918642822	2.22088324308478
269000	270000	0.487380491238428	-1.05011032835016	1.69995700455359
270000	271000	0.702170929872083	-0.553947412875728	1.69014288519503
271000	272000	0.78892261863089	-0.792411190993827	1.18926533284857
272000	273000	1.01278132784327	-0.23240238122726	1.17769559071799
273000	274000	1.33142163156155	-0.594220925400706	0.974732079186677
274000	275000	1.72548560911381	-0.838705634902393	0.749104091628412
275000	276000	1.58375926816796	-1.10682041455916	1.14675635422577
276000	277000	1.1643681936676	-1.30238569079147	0.844953053538969
277000	278000	1.66972418888795	-1.53203987326608	0.651642698203884
278000	279000	1.53589629254761	-1.92315842027374	0.369061864421962
279000	280000	1.99425524161263	-1.83622733462902	0.122373367814143
280000	281000	1.68983248203009	-2.02059590050852	-0.275768972434183
281000	282000	1.8504609794934	-1.64046161478397	-0.531189710357982
282000	283000	1.79060406796572	-1.69181217328674	-1.03385265175307
283000	284000	1.69391450672025	-1.24531774330503	-1.14726376917912
284000	285000	1.76499580483191	-1.16465891587224	-0.694094774249264
285000	286000	2.05252385489554	-0.792494866806289	-0.841590405637826
286000	287000	2.50056523372597	-1.11881579625714	-0.6638208647627
287000	288000	2.13321021952646	-0.827644284742773	-0.151403516451496
288000	289000	2.3226861401678	-0.658839978997533	0.299196469257925
289000	290000	2.23809978959027	-1.14859738828809	0.460954937961316
290000	291000	2.22672466093403	-0.973014736006095	0.890751403818232
291000	292000	2.21962193330057	-0.855891248227072	1.35114288873963
292000	293000	1.85727382741262	-0.50639482001783	1.25770334366849
293000	294000	1.89385879650288	-0.548933722691275	1.73435345277605
294000	295000	1.50258333157941	-0.258090543908189	1.64310699870461
295000	296000	1.67880824082035	-0.225888483180771	2.06235859501991
296000	297000	1.60488201845372	0.25667776166212	1.93274819188048
297000	298000	1.18153490746945	0.0331594022585485	2.20188270487116
298000	299000	0.889970315508327	0.242543416924745	1.87886933182782
299000	3e+05	0.658351574844248	0.273574796540249	2.30009936431606
3e+05	301000	0.483760411809942	0.694027147692578	2.28984564813601
301000	302000	0.107642434757767	0.439730260875318	2.2267288242328
302000	303000	-0.166989611847001	0.819775871209682	2.41040139585183
303000	304000	-0.492980588963242	0.551838033513232	2.09881781966576
304000	305000	-0.878882343374192	0.881017419189657	2.04432865057748
305000	306000	-0.793733140785492	0.893659645199779	1.48870719423254
306000	307000	-0.470844876621448	1.31181580024562	1.55167581008227
307000	308000	-0.771551710641106	1.71442652349997	1.42915127692388
308000	309000	-0.701141829811882	1.43951703828055	0.912228314822218
309000	310000	-0.68944358814855	1.597318246165	0.369233720831574
310000	311000	-1.23249528203536	1.68578665625835	0.467767079812392
311000	312000	-1.12669842232004	1.76158669358953	-0.0444767963726278
312000	313000	-1.69818379615564	2.11357756817063	-0.380404379362476
313000	314000	-1.42011011244378	1.62724115806372	-0.490060107573642
314000	315000	-1.79019930832641	1.59760172093144	-0.847671992799137
315000	316000	-1.53254289555759	1.14249156244235	-0.866100974212191
316000	317000	-1.80693644693962	1.13966433028594	-1.32183385377998
317000	318000	-1.30616433837287	1.16062681570732	-1.47453050359971
318000	319000	-1.59276676036256	1.19757034240732	-2.05606957717474
319000	320000	-0.900126572305574	1.40562333264455	-1.73348909798084
320000	321000	-0.862556389802592	1.72955030485169	-1.97605253209211
321000	322000	-1.19665791345819	1.570192573724	-2.02300451637699
322000	323000	-1.35035498794338	1.98322490951721	-2.02223811476456
323000	324000	-1.21116392234766	1.80973857270364	-1.61509109027858
324000	325000	-1.60650940242735	1.76730843721316	-1.51178913054808
325000	326000	-1.45441858906394	2.13377351258583	-1.33221876797758
326000	327000	-1.27618647533354	1.86913371189234	-1.05184193704435
327000	328000	-1.30582441678737	2.27353677393261	-0.897853814538217
328000	329000	-0.974395283976957	2.05308369427856	-0.701178185581354
329000	330000	-0.817335159041203	2.50289707315546	-0.918244758761481
330000	331000	-0.665899663055751	2.08876595395923	-1.08193062244398
331000	332000	-0.63594051911838	2.32964152856516	-1.45119871356359
332000	333000	-0.560892384473618	1.90841312512392	-1.49925061093431
333000	334000	-0.279527718537589	2.07885244546204	-1.80651433444979
334000	335000	-0.25525268304518	1.60749662909135	-1.74001371127768
335000	336000	-0.0213953757372011	1.72621772819649	-2.08827771243048
336000	337000	-0.0343528643283871	1.24863818649676	-2.07989178871595
337000	338000	-0.429274885879935	1.44404053162889	-2.26196179369513
338000	339000	-0.517099958360775	1.05687873126963	-2.0250217668812
339000	340000	-0.863509942781359	1.02413710606607	-2.40243377713761
340000	341000	-0.928611964915828	0.70840135180533	-2.00122354889347
341000	342000	-1.18821362677101	0.30785767783059	-1.92420502630118
342000	343000	-2.4019838039515	-0.230872271186618	-4.37917478527083
343000	344000	-1.48202634586745	-0.192610139577892	-1.68895553701778
344000	345000	-1.95103319139512	-0.448963292343737	-1.64393868562972
345000	346000	-2.47447556816848	-0.368305356379506	-1.50692757866506
346000	347000	-2.19418653410165	-0.58851908522406	-1.14850238564367
347000	348000	-2.65352016353643	-0.831174835955765	-1.08726835011451
348000	349000	-2.37606598152336	-0.97733250512105	-1.3960381410732
349000	350000	-2.50059739438209	-1.33820820519994	-1.19591448907306
350000	351000	-2.12420814390139	-1.20935368283007	-1.09045177814248
351000	352000	-2.0330580801823	-1.58389713718112	-1.29213961385622
352000	353000	-1.85168777257711	-1.1984476323885	-1.51711515559461
353000	354000	-1.4541206416665	-1.15683650067411	-1.16551441952342
354000	355000	-1.43701170193247	-0.740952072470693	-1.51466126463033
355000	356000	-1.56737971896559	-0.407483758259373	-1.06412668994826
356000	357000	-1.63054197256434	0.0908307463542603	-1.24651740194477
357000	358000	-2.13779839534411	0.187815781806636	-1.31265264911317
358000	359000	-1.90050719564283	0.446866136966379	-0.901259844102053
359000	360000	-2.45620805559442	0.647416106950154	-0.838209755601334
360000	361000	-2.0937402610646	0.835963773699122	-0.484071274283269
361000	362000	-2.09140202079784	1.07242302966727	-0.0530204281540183
362000	363000	-1.99056618592626	1.50004146732563	-0.260902941146354
363000	364000	-1.77743116025905	1.66056238994692	0.144272757486057
364000	365000	-1.6671541568193	2.11285338661562	0.27217529341053
365000	366000	-1.28909685190331	2.27750601553885	0.0710126036121447
366000	367000	-1.13194247481629	2.3127974357516	0.486467995683053
367000	368000	-0.768868156268584	2.19868069505621	0.124450234301317
368000	369000	-0.731767233701834	2.64876241230531	0.211097578905272
369000	370000	-0.231283962758349	2.83135239922805	0.151145052102493
370000	371000	-0.436236712075686	2.60934392317569	-0.206420739267919
371000	372000	-0.147279729604048	2.31039234527379	-0.357453496898688
372000	373000	-0.0586569632276343	2.77967607998825	-0.790518113246828
373000	374000	-0.0374577107380912	2.2210914230405	-0.904886678991397
374000	375000	0.395293414616205	2.1745374175214	-1.21388170246343
375000	376000	0.00806127461599446	1.82103641493341	-1.3031520941177
376000	377000	-0.325767015014385	1.6677912377048	-0.896542111442523
377000	378000	-0.651224535919546	1.36549459096531	-1.17684970901053
378000	379000	-0.871097095144533	1.07673632292215	-0.772703600875689
379000	380000	-0.950828166316571	0.707926958374355	-1.25066176098942
380000	381000	-1.10763598834324	0.335872523938474	-0.876517468252969
381000	382000	-0.968286476460906	0.00528340792018077	-1.36172811264939
382000	383000	-0.824656619504117	-0.519738703664294	-1.05032465060453
383000	384000	-1.05963316775455	-0.26580091653501	-0.622901451233335
384000	385000	-0.800873272970391	-0.325740591389521	-0.157044684381485
385000	386000	-0.871849098893615	-0.0140171723712502	0.397787024739636
386000	387000	-0.300077635813341	-0.255175009381041	0.520586204730886
387000	388000	-0.311093814862009	0.0788867195830912	0.973495868077743
388000	389000	0.234272257861336	-0.0936597144730665	1.09044735690097
389000	390000	0.240794033196883	-0.120433573602329	1.63665206437476
390000	391000	0.162724651127748	-0.275053564409126	2.21601714345077
391000	392000	-0.0742829354507665	-0.602804867998108	1.85067875650213
392000	393000	-0.545004304948936	-0.463770759378041	2.04023301053336
393000	394000	-0.83527002559301	-0.930884398888388	2.10788906350474
394000	395000	-1.14862227188248	-0.683740399338829	1.67707956338634
395000	396000	-1.35423745783536	-1.19134287902369	1.74093173283228
396000	397000	-1.63225686418832	-0.830215550703	1.48806498690409
397000	398000	-1.85573139485421	-1.05617737487723	1.75150268041657
398000	399000	-1.84387145029043	-0.711567928224296	1.81907905907455
399000	4e+05	-1.7063644502066	-0.90877214385396	2.12511608732253
4e+05	401000	-2.05932242293141	-0.787004591164729	2.11905118561307
401000	402000	-1.85028237668922	-0.510944962077045	2.20379412196119
