0	1000	-2.77837886030492	-1.60481828469442	1.49509595431478
1000	2000	-2.65088230292119	-2.07086874686143	1.19868704240064
2000	3000	-2.21320345571486	-1.80249178078298	1.46514162805018
3000	4000	-1.91078894635278	-2.0662733622206	1.17825226772235
4000	5000	-1.65057881526474	-1.77468778454058	1.53996744849331
5000	6000	-1.46865630645374	-1.48866808386405	1.18643530529998
6000	7000	-1.5406703469943	-1.01182233122718	1.43094106312278
7000	8000	-1.08306334967742	-0.801902885752233	1.15705058655193
8000	9000	-0.926166236849488	-0.436619430607195	1.6126404552775
9000	10000	-0.419916964433409	-0.225095790332876	1.49888355957452
10000	11000	-0.428390510103762	0.146198410650527	1.94907555470477
11000	12000	0.123430661107136	0.421624817831222	1.89901777083433
12000	13000	0.604148199647922	0.532991087787561	2.23854062599051
13000	14000	0.868582772768117	0.524976892782233	2.73744788484007
14000	15000	1.40247198093653	0.622745592134848	2.7659451077431
15000	16000	1.84855964395165	0.308500148678202	2.70071998673437
16000	17000	1.88660973714684	0.701763527273974	2.34728425368208
17000	18000	2.43210801262189	0.685026227048554	2.37039811818935
18000	19000	2.7746334361581	0.966443775161173	2.88967110465225
19000	20000	2.85382634947748	1.21765824557345	2.23906467390324
20000	21000	2.52670949324741	1.42332846322074	2.48013256472591
21000	22000	2.40078294922817	1.36944122436094	2.04405561749219
22000	23000	2.31497251518576	1.85917204850042	2.09663611799809
23000	24000	1.80899470064174	1.73860711294507	1.84729474585414
24000	25000	1.71614936444251	2.20589527817576	1.48704056174577
25000	26000	1.21788288390332	1.97469678980003	1.66438578664479
26000	27000	0.701602187031864	1.98591974753596	1.44674968332116
27000	28000	0.772730669306048	2.58396121905181	1.32317887150082
28000	29000	0.594025789408822	2.71064311207379	0.769284572824769
29000	30000	0.686133552240995	2.19594491103998	0.495478659162364
30000	31000	0.797150202515622	1.95607030019688	-0.0444789238823634
31000	32000	1.2917885238662	2.1722304499586	0.0966562504522929
32000	33000	1.45583139731698	1.7764696615162	-0.22882453079365
33000	34000	1.50630919126603	2.05866776344961	-0.652190334159714
34000	35000	1.34896799024158	1.611180722724	-0.863081017711899
35000	36000	0.849043792944536	1.5105014685645	-1.02319490762129
36000	37000	0.632089148058459	1.26863045729783	-1.5466455427066
37000	38000	0.343813127908269	1.56769510761992	-1.93441393972197
38000	39000	-0.0127030444871186	1.11767143994262	-2.00898793136556
39000	40000	-0.361153245041988	1.51305062008001	-2.12959729971166
40000	41000	-0.75957574688284	1.20463426197967	-2.26992847561837
41000	42000	-0.73591780657008	0.925566467977622	-2.77710576216386
42000	43000	-1.00223263431356	1.36094328013806	-2.79028820871215
43000	44000	-1.38926292753562	1.24685870579509	-3.05699650165426
44000	45000	-1.26649525185679	1.75237950979255	-3.11174832895248
45000	46000	-1.69316482543021	1.70124815355574	-2.80935596913298
46000	47000	-1.89920175135951	1.34173493447169	-2.506273213296
47000	48000	-2.37314522599793	1.55538454277242	-2.48403517894213
48000	49000	-2.39167937411143	1.15226638616296	-2.17470240085042
49000	50000	-2.00972945569704	0.685443702553618	-2.03129360437242
50000	51000	-2.4690238789019	0.837268799986946	-1.6202111467161
51000	52000	-2.52419164453704	0.581175225685941	-1.06377681973406
52000	53000	-2.79202111247368	0.146271926681584	-0.693325108809206
53000	54000	-2.26723421044571	-0.00455811405492849	-0.698212101694527
54000	55000	-1.81237182833272	-0.214442849511138	-0.379511771449911
55000	56000	-1.69173304725069	-0.105010288662771	-0.968734996078195
56000	57000	-1.81993681872487	-0.592478355390436	-0.798955993698467
57000	58000	-1.67276663937985	-0.827788228943027	-1.24107073401094
58000	59000	-1.12132404872927	-0.738796686575117	-1.59940816766567
59000	60000	-1.34659450796087	-0.198817733970531	-1.72960974064796
60000	61000	-1.07525027368249	-0.338483749843812	-2.18776760272504
61000	62000	-0.855675340748545	0.0889123699767275	-1.9368267214363
62000	63000	-0.478596747365178	-0.282408273657168	-1.97575576080859
63000	64000	-0.527925611497687	-0.378617545306929	-1.46644388126969
64000	65000	-0.0422333520907422	-0.44068104183736	-1.24720937231263
65000	66000	0.168514509733425	-0.326226769626413	-0.749014227823225
66000	67000	0.375973045359243	-0.534450962696626	-0.219443477943913
67000	68000	0.435680949126293	-0.786895142834959	0.341815194265512
68000	69000	0.364314495429372	-1.02003610726194	0.850636698002982
69000	70000	0.108159491208759	-0.649723456015172	1.11945825965985
70000	71000	0.319845869839589	-0.137941032923692	1.09539892697949
71000	72000	0.5227638781452	-0.361596936938523	1.58613909040455
72000	73000	0.97398472016222	-0.262494551528267	1.85232248323669
73000	74000	0.981416112727814	-0.304760028218842	2.44635582608422
74000	75000	1.19288250779693	0.290213584306434	2.26163931260109
75000	76000	1.20595378829991	0.873081880499661	2.10401518852652
76000	77000	0.941335677174674	0.558481015432641	1.45254260370222
77000	78000	0.569361801306483	1.09623504961248	1.50520538654723
78000	79000	0.988136697310346	1.28337620831698	1.18137364002308
79000	80000	1.51324078625833	1.35588264352484	0.992145537143076
80000	81000	1.35444609388109	1.91884602005817	0.816469964159301
81000	82000	1.59689080112345	1.74401885668257	0.339918181985273
82000	83000	2.07369022412124	2.23565318079071	0.212950002565219
83000	84000	2.04479570142311	1.81481113817516	-0.304470965889572
84000	85000	2.35060542725991	2.13159662456994	-0.692900685959933
85000	86000	2.44719427294659	1.547744695349	-0.832880761829114
86000	87000	2.39871090354051	1.58848983670034	-1.28917711162295
87000	88000	2.55337187251727	1.08731018913552	-1.47424908148168
88000	89000	1.98820214406337	1.16118790874072	-1.51479789215708
89000	90000	2.04561218211154	0.651692812785355	-1.22670440509741
90000	91000	1.6778873281466	0.966685409297867	-0.947356899665468
91000	92000	1.30907555307895	1.15488481609328	-1.29520515198696
92000	93000	1.10468850831769	1.79594190540459	-1.51271166968618
93000	94000	0.535567173002211	2.00253967168855	-1.45187578113152
94000	95000	0.0241262775308835	2.11586532199386	-1.55124007909701
95000	96000	-0.54864762795289	1.99933795821385	-1.60220745577602
96000	97000	-1.04052282768225	1.51543855382826	-1.44740393227538
97000	98000	-1.33800748160654	1.1900919550414	-1.13579700209496
98000	99000	-1.2469953037738	0.971532969933784	-0.624680047924683
99000	1e+05	-1.79537937964373	1.1853757539665	-0.634040137767407
1e+05	101000	-1.55415745387823	1.52776351355803	-0.259473517556839
101000	102000	-2.06472871998096	1.66813343627526	-0.175626040359108
102000	103000	-2.03549044361246	2.10944903793906	0.13022542493388
103000	104000	-2.19848880316267	1.91161192038861	0.661137336069126
104000	105000	-1.72741696873106	2.24946298549572	0.954312914096013
105000	106000	-1.53371662134297	2.50603961426714	1.45115135924737
106000	107000	-0.904553525370061	2.54202163692753	1.33060063697416
107000	108000	-0.53319663630225	3.05160961007977	1.35577428277457
108000	109000	-0.234565938034573	2.76289991909734	1.72898188148001
109000	110000	0.0239226368645629	3.23176734624168	1.91002428620549
110000	111000	-0.119507021812184	2.84057334211873	2.30092941338978
111000	112000	-0.557004814447545	3.12341370975234	2.21208400002944
112000	113000	-0.971655893992885	2.88705954886648	2.55664738620399
113000	114000	-1.14350203882642	3.25713716393332	2.22981998222753
114000	115000	-1.59655564933125	2.94189202171854	2.36027533753228
115000	116000	-1.21001745205741	2.785639302461	1.93681759991574
116000	117000	-1.24309984651928	2.97519377913805	1.49929935070473
117000	118000	-1.32428936950102	3.32635079025139	1.0662916032277
118000	119000	-1.61364927598788	2.86366150376151	0.881813473098422
119000	120000	-2.09015070152746	3.01479502578156	1.00649147721771
120000	121000	-2.26875589165757	3.22778725199084	0.488389898980186
121000	122000	-2.60630203419556	2.79905028093317	0.77912132647842
122000	123000	-2.31851113548423	2.58023730749215	0.470013343983522
123000	124000	-2.78243115429368	2.30758289687939	0.311895498326094
124000	125000	-2.42896372270022	2.57048832757858	-0.143930831597143
125000	126000	-2.58416119804192	2.0659243489501	-0.367653150893687
126000	127000	-2.10443441702166	2.14559866659274	-0.683702608986314
127000	128000	-1.97975755594902	1.74296827949882	-1.02005349027441
128000	129000	-1.67952637630326	1.77694821398331	-1.46211496528208
129000	130000	-1.63674173406262	1.89109656834568	-2.00234485668788
130000	131000	-1.35908034157585	1.55491192807775	-2.28115135537916
131000	132000	-1.2017593680878	2.03928159360237	-2.51712894353735
132000	133000	-0.665635988700359	1.9370663910494	-2.53143458290643
133000	134000	-0.333273434512614	1.82886687169837	-2.97973352001438
134000	135000	0.147443442451119	1.74080181062682	-2.60020695204296
135000	136000	0.435752814678709	1.29474703156748	-2.64449693489616
136000	137000	0.774267050540459	1.51161647843279	-2.44887799213695
137000	138000	1.06230941536634	1.1783216748992	-2.7657124772389
138000	139000	1.25940836406304	1.28057194397527	-2.27405780140769
139000	140000	1.42417146490156	0.820423119555342	-2.31727077758379
140000	141000	1.86427214795372	1.093829427008	-2.24377426927629
141000	142000	2.02188077231213	0.742235270418522	-1.94139660383473
142000	143000	2.49391186795744	0.721344100118385	-2.23759179177327
143000	144000	2.12094243813254	0.274980631321358	-2.16248956744491
144000	145000	2.38756999364974	0.130695099621327	-1.81161625439527
145000	146000	2.03927098827187	-0.265360122848035	-1.83216795237476
146000	147000	2.22647014010238	-0.864254872326611	-2.11869414913677
147000	148000	1.79124228122751	-1.25728937192533	-1.74986412622927
148000	149000	2.09124768953798	-1.13403414048876	-1.38329578567112
149000	150000	1.88822701653075	-0.917287535772273	-0.91253929545145
150000	151000	2.28820207139527	-0.664089640228593	-0.693627141478941
151000	152000	1.90861607146029	-0.478861942105518	-0.350555154836173
152000	153000	1.97169844561153	0.00504880680842905	-0.177986661565627
153000	154000	1.58969937255979	0.348027023343156	0.122233593337041
154000	155000	1.81937895126341	0.891468764693085	0.295514260518611
155000	156000	1.27627033255153	1.09984202871806	0.425914535019467
156000	157000	1.01455241314472	1.52090965128264	0.345283127821093
157000	158000	0.478388184532571	1.42827456835806	0.46930183673985
158000	159000	0.0950208937137667	1.5448149927399	0.0223414677752866
159000	160000	-0.402052201028379	1.50580873422372	0.199568009755147
160000	161000	-0.583642270188181	1.87173445409413	-0.171734884092347
161000	162000	-0.786475063401952	2.42083095208031	-0.277756526827941
162000	163000	-1.25272395044489	2.08181902576402	-0.411001190241523
163000	164000	-1.51930215951127	2.09862868350126	-0.867209675598619
164000	165000	-1.81319928522063	2.37440832303452	-1.21641415045182
165000	166000	-2.28642781001054	2.63234658526132	-1.12336445126244
166000	167000	-2.49167536408241	2.27337836402601	-1.54116998546244
167000	168000	-2.74009649264788	1.93945527385325	-1.30785471976909
168000	169000	-3.1833258792289	2.00412107326877	-1.5799979558306
169000	170000	-2.8794955576373	1.47118675407112	-1.65288634475658
170000	171000	-2.97093963105201	1.12010727710685	-2.11502734523374
171000	172000	-2.87619114040932	0.629582671068794	-1.97809677369138
172000	173000	-2.66171357175359	0.465015441082237	-2.4139489269056
173000	174000	-2.61866415733309	0.0287712666084029	-2.1948018079278
174000	175000	-2.50756290182842	-0.246120217270514	-2.56621784589548
175000	176000	-2.22369482152483	-0.562009040623647	-2.28137934455204
176000	177000	-1.84021478128786	-0.217678155967024	-2.21601366873193
177000	178000	-1.75368711014543	-0.620625204029632	-1.89255011656775
178000	179000	-1.99938495427815	-0.454559586431771	-1.48556243334689
179000	180000	-2.3543405032221	-0.65308036954174	-1.02988925678118
180000	181000	-2.4089313556185	-0.518544185722304	-0.343768010375676
181000	182000	-2.20308727571734	-0.330071838891188	0.124839090866427
182000	183000	-2.35908371625798	0.0992303104719163	-0.0813391849464264
183000	184000	-1.84671318479003	0.372366490685555	-0.105046153016234
184000	185000	-1.70164825347142	0.433367791182101	-0.650469264137611
185000	186000	-1.19466609899538	0.20070917246576	-0.552429465377239
186000	187000	-0.941519850040823	-0.356789089285724	-0.551355839920229
187000	188000	-0.495490115446156	-0.765303385396089	-0.706571581611839
188000	189000	-0.0252846102132622	-1.17663390857011	-0.728192382881211
189000	190000	0.33807272553713	-1.32314746675829	-1.25488946743588
190000	191000	0.785120304940523	-1.32249658340667	-1.6451138572543
191000	192000	1.2464366884305	-1.00667160557355	-1.37405734166254
192000	193000	1.30304254686191	-1.58240818490684	-1.39056592507298
193000	194000	0.917379704680774	-1.78824309590441	-1.10007419761525
194000	195000	0.715095630015307	-2.29111282113792	-0.878254402566101
195000	196000	0.25343063356475	-2.00459917038567	-0.754356898726276
196000	197000	-0.107856549405774	-1.82160249630154	-0.453051145839424
197000	198000	-0.388304727686738	-1.38072316119014	-0.0494518285114307
198000	199000	-0.378848230622263	-0.734725611692352	-0.0884822178348558
199000	2e+05	-0.381925432361849	-0.145379735738223	-0.0556913738955921
2e+05	201000	-0.125386383592989	0.332425819085626	0.0229414197155598
201000	202000	-0.0402153382475266	0.881832670897738	-0.164952425249249
202000	203000	0.424669871957006	0.75890231186761	0.115488874923494
203000	204000	0.470054607638761	0.581452347722343	-0.403564217451656
204000	205000	0.957980971020589	0.431547052606826	-0.30943707322042
205000	206000	1.18952670702109	0.451460788177432	-0.769918669899853
206000	207000	1.78463690925031	0.40102623125025	-0.670858308589308
207000	208000	1.82770885976924	-0.0314881264990673	-1.04525329230723
208000	209000	2.38113719218514	-0.011974434650676	-0.746956493058843
209000	210000	2.67480347643404	0.198368210240412	-0.295567562151608
210000	211000	2.66644921274642	-0.330499864349354	-0.202437526410297
211000	212000	2.80198064437891	-0.157569406947914	0.23308728557269
212000	213000	2.31785679006417	-0.268272885676707	0.299105444891969
213000	214000	2.29760673172209	0.154377607383272	0.568539636012614
214000	215000	1.89771965412765	-0.0932794229805302	0.7666120752948
215000	216000	1.91528570385853	0.292111310517922	1.14131742921351
216000	217000	1.50605526625306	0.0181109692538611	1.36740147437121
217000	218000	1.61336157152738	0.335665539149992	1.76564061856422
218000	219000	2.06547274526857	0.176665128532359	2.00877415520844
219000	220000	1.68748530773514	-0.0938298461226036	2.24285289351179
220000	221000	1.72546280325941	-0.552439784863049	2.00960087466949
221000	222000	1.50399942880167	-0.898608758964114	2.40944289372251
222000	223000	1.45972724463292	-1.26678956064123	2.02182189512531
223000	224000	1.33616217766118	-1.75165314389167	2.27124429750767
224000	225000	1.78490104509395	-1.78393691415646	1.99366969967554
225000	226000	2.1226981280549	-1.5185158103585	2.23818733244175
226000	227000	2.66365200045616	-1.64521228272717	2.2515874131717
227000	228000	2.48624993388349	-1.31157053714634	2.61384634193467
228000	229000	2.42802766596794	-1.7553686483095	2.79959775747333
229000	230000	1.85892337178649	-1.51733945757265	2.86753652000117
230000	231000	1.92522346581633	-1.91015250875547	2.56367794997547
231000	232000	2.09265744269818	-2.43977782099058	2.26478801346405
232000	233000	2.62893686075143	-2.70687168799904	1.8971794234586
233000	234000	2.20130012858728	-2.52977293150889	1.6086776494698
234000	235000	2.1136141722362	-3.23863813096568	1.57920136978965
235000	236000	1.6360590486172	-2.7335460287298	1.55275676272715
236000	237000	1.15545867885187	-3.03289226855799	1.48858995193382
237000	238000	0.809022347418129	-2.48977644268172	1.63500171316764
238000	239000	1.07796336532783	-2.03042655038043	1.72686686165071
239000	240000	0.677440829913089	-1.76907560261577	1.63750569624851
240000	241000	0.127028405066896	-1.71286181437629	1.80367677159119
241000	242000	0.164239864791819	-1.53642326498071	1.31672337444108
242000	243000	-0.144822921820669	-1.81862172958578	1.02744113970217
243000	244000	-0.674607597014307	-1.75335532672366	1.30776449500648
244000	245000	-0.872444093344601	-2.28320489979084	1.07291571825805
245000	246000	-1.10224962341215	-2.32797149354707	1.6714926082251
246000	247000	-1.27831205006496	-2.80596456484765	1.70502220449781
247000	248000	-1.26462728650632	-2.63615565306363	2.17612885363306
248000	249000	-1.23284025584779	-3.1527565403914	2.21243556900022
249000	250000	-1.51233531252928	-2.91088364520554	2.55738885998861
250000	251000	-1.78735223353793	-3.00090409634015	2.20391556132438
251000	252000	-1.92791502466773	-2.50525282142387	2.41053542513413
252000	253000	-2.37963291139571	-2.6056825767481	2.20194805774718
253000	254000	-2.15889877523505	-2.20245084024349	1.98921855243982
254000	255000	-2.53739358182346	-1.8195716609783	2.16151155713662
255000	256000	-2.08437196067353	-1.18321200509172	2.06978328925622
256000	257000	-2.15714644381568	-1.01636501459373	1.19375668573946
257000	258000	-1.85257893850985	-1.04863886141117	0.742453107917116
258000	259000	-1.7896397753324	-0.562949597692853	0.949349999541887
259000	260000	-1.68147158546919	-0.361145867987253	1.41177011337003
260000	261000	-1.46805271286022	-0.00693827852387805	1.11543662392448
261000	262000	-1.85234807231706	0.256134614094117	0.806649766121873
262000	263000	-1.71715444368903	0.547005688673105	1.27503606081144
263000	264000	-1.73286212665606	0.345713754368392	1.77194506006142
264000	265000	-2.1966773594381	0.644992009299916	1.79696664278166
265000	266000	-2.66023196493522	0.838612862768483	1.59763925336472
266000	267000	-2.5074841551751	1.11804198262521	2.19556373810799
267000	268000	-2.28789664889963	1.37135982687027	1.70998165761397
268000	269000	-1.80995432420691	1.17223485244508	1.884437203898
269000	270000	-1.64353395637045	1.39022846855085	1.38554586607625
270000	271000	-1.29464454162332	1.19301248076243	0.988151388499466
271000	272000	-0.899311996335769	1.63353207805098	0.916853244204316
272000	273000	-0.969261764147604	1.70744044636583	0.340384448183814
273000	274000	-0.578634788820375	2.10001392059471	0.437103778904907
274000	275000	-0.788753103785269	2.67498480122	0.469202580238533
275000	276000	-1.23821969654936	2.38255658710509	0.569055267253072
276000	277000	-1.32193475691769	3.09934132110227	0.115720995562405
277000	278000	-1.57889369054587	2.50551930309076	-0.0763932539824484
278000	279000	-1.58890411437287	2.67011747019966	-0.610741476641008
279000	280000	-1.20934322715646	2.59747761081944	-1.07769636024589
280000	281000	-0.914749952076008	2.09851684113022	-1.00741695279514
281000	282000	-0.573357039062372	1.67104031778647	-1.03590703443075
282000	283000	-0.423221976595105	1.15160685286057	-1.29548019368498
283000	284000	-0.131094137363509	1.48355100032991	-1.52695703888732
284000	285000	0.0969677712197876	1.44655820226765	-1.06453102271118
285000	286000	0.0644304144637207	1.97259306935764	-0.875418726092017
286000	287000	0.186112789060675	2.61129857911479	-0.764832809774119
287000	288000	0.0199328141824617	2.34123918958774	-0.0113998188738224
288000	289000	0.0347688253593459	2.22891116138184	0.510739208484836
289000	290000	-0.161547663536795	2.7607590087327	0.543866788037172
290000	291000	-0.338080959169428	2.52431573882995	0.987158248070559
291000	292000	0.0480698512064258	2.95030656295038	1.13016092784249
292000	293000	0.206404201123929	2.48124523402311	1.414876287085
293000	294000	0.48043706424046	2.67271404782166	1.82737531480182
294000	295000	0.445360875661618	2.1973789134421	2.06887470165154
295000	296000	0.929263491200318	2.39370257487071	2.01944626811516
296000	297000	0.960056220570651	1.94060979500977	2.37980837473698
297000	298000	0.609220244268041	1.45256055211318	2.17806511477003
298000	299000	0.541360321600532	1.11264178478087	2.61867821115177
299000	3e+05	0.144730600206882	0.841291136462451	2.40610966982869
3e+05	301000	0.187547825753111	0.434535511525994	2.69122228294005
301000	302000	0.16972586517415	0.0459766121879511	2.38839709575063
302000	303000	-0.20789047246998	-0.301364842875717	2.61026834034153
303000	304000	0.0106204936972451	-0.556664696826222	2.14780421485853
304000	305000	-0.156453455633572	-0.940958237760014	1.81573518450798
305000	306000	0.378207492060831	-0.912506464698556	1.54366548221243
306000	307000	0.815490198923568	-0.595424423556036	1.09426283724276
307000	308000	0.990048334586382	-0.985854177106445	1.4331157986248
308000	309000	1.03515071451991	-1.16450820810751	0.918597401075053
309000	310000	1.58592199550114	-1.24662145762091	0.89596309037539
310000	311000	1.37130364287938	-1.73062735823989	0.751311704671698
311000	312000	1.46326403462701	-2.17549380692999	0.507422908737747
312000	313000	1.16753129978089	-2.44670555079653	0.0366833992320679
313000	314000	1.05206397142416	-2.91965784619555	0.34109936453002
314000	315000	0.849817318978824	-3.00410025364719	-0.0938244351285491
315000	316000	1.12153976320818	-3.36459560635354	-0.0190127105976931
316000	317000	0.802569734683608	-3.50755550911939	-0.349468424660981
317000	318000	1.28590228237196	-3.47641965402403	-0.601525308036933
318000	319000	1.03261761256925	-3.78974693220931	-1.1818426488329
319000	320000	1.62953598978622	-3.44746476037813	-1.19372779989614
320000	321000	1.99375828280175	-3.45298677260711	-1.43225109932709
321000	322000	1.99617278844488	-3.90171775677314	-1.38340702407298
322000	323000	2.45818792688366	-3.84503389240157	-1.72646715065164
323000	324000	2.53235298535089	-3.9058436762201	-1.110885960944
324000	325000	2.98398477408958	-3.71882585967088	-1.25589698518881
325000	326000	3.03629411211488	-3.58973292187812	-0.726759603383781
326000	327000	2.99388789245835	-3.12891751985522	-0.86237168439866
327000	328000	3.25694112714879	-3.03601785742458	-0.482477981517506
328000	329000	2.81055872287748	-2.87676301245356	-0.391932435253404
329000	330000	3.06427011365605	-2.41959658575841	-0.591107764914158
330000	331000	2.52526827014895	-2.49927483164755	-0.754438736410275
331000	332000	2.72178924977867	-2.30360936098249	-1.19652457345368
332000	333000	2.23533090005174	-2.25550806807126	-1.22953980208661
333000	334000	2.31280593131295	-1.85400882583302	-1.56968047331597
334000	335000	1.84253114316973	-2.0520738921109	-1.75352165181524
335000	336000	1.84022648472344	-1.73491602275073	-2.19106609674537
336000	337000	1.6099836053254	-2.24656681190959	-2.3730845923267
337000	338000	1.21286203725196	-1.8923228729807	-2.38678802064418
338000	339000	0.912629342677566	-2.30753238712012	-2.29649026367546
339000	340000	0.404133334942591	-2.6397150246785	-2.30952893954716
340000	341000	0.201701598719971	-2.16799864525657	-2.01970325524389
341000	342000	-0.252482749246949	-2.18268920533104	-1.83513537411292
342000	343000	-2.84156270927459	-3.66058787919912	-1.87766284191826
343000	344000	-0.59402150722194	-1.80566721664119	-2.06806594662087
344000	345000	-0.904683324801497	-1.75728722739985	-2.50638665729655
345000	346000	-0.355296323820371	-1.5555212770894	-2.64830205913214
346000	347000	-0.612772265666618	-1.01098896305187	-2.79329397105217
347000	348000	-0.867197793775309	-1.14679563494219	-3.25713384727402
348000	349000	-0.84029507045875	-0.603493080272888	-3.18361209381893
349000	350000	-1.34009100236517	-0.745057244199179	-3.38157811473036
350000	351000	-1.35373629381351	-0.669333011193227	-2.90085573072219
351000	352000	-1.8364087067534	-0.828859131181058	-2.87938211467349
352000	353000	-1.50772310193388	-1.20154545385759	-2.67166849473571
353000	354000	-1.58429459278133	-1.35477024462156	-2.13221883514605
354000	355000	-1.06994732565584	-1.62995038882206	-1.89804145571711
355000	356000	-0.768404122635992	-1.24172542647752	-2.11879862597615
356000	357000	-0.299921900532218	-1.21446035060735	-1.96998708965949
357000	358000	-0.110788866702903	-0.830941851776231	-2.26218260504783
358000	359000	-0.0270361682265949	-0.719069845540188	-1.76859458187706
359000	360000	0.429627394563873	-0.382386708833055	-1.66712247394713
360000	361000	0.581129855600223	-0.709980805852201	-0.935400361856239
361000	362000	0.702780933673729	-1.05069713660257	-0.4748995549288
362000	363000	0.783566194778786	-1.46356966063068	-0.083746845431923
363000	364000	0.745112030214474	-1.87264919656575	0.296707148510078
364000	365000	0.798999645827459	-2.31542156671505	0.708127215927665
365000	366000	1.10493956574419	-2.23131322378582	1.12162617393268
366000	367000	1.38619696204272	-2.61012420699026	0.970218028241417
367000	368000	1.71343707723392	-2.24632196443315	1.17202998284541
368000	369000	2.05004689478856	-2.57837902529457	0.953768373282842
369000	370000	2.58084262397139	-2.28836989795359	0.94234462906358
370000	371000	2.61675972232701	-2.65167140138275	0.441555126263849
371000	372000	2.72051287647299	-2.33409502846196	0.032161939612459
372000	373000	3.0849817355845	-1.81685936073157	-0.142842677642363
373000	374000	2.57775725583648	-1.81369342496408	-0.673580160793681
374000	375000	2.00770399754264	-1.55687868437155	-0.563562400682862
375000	376000	1.86052188268823	-1.71226008715161	-1.0999938529716
376000	377000	1.52810922689867	-2.14685035919558	-0.984592581561001
377000	378000	1.14850162562395	-2.20846108273871	-1.40546068635658
378000	379000	0.613370925390652	-2.56154974003646	-1.45518249863367
379000	380000	0.265267183080083	-2.09456544537235	-1.32863146335059
380000	381000	-0.285413511661439	-2.2181550711929	-1.13153131469942
381000	382000	-0.372134572292658	-1.6733927013018	-1.1764420468809
382000	383000	-0.782770900919608	-1.72442549749001	-0.814680259563388
383000	384000	-0.805592713186425	-1.24998654023924	-0.955561394908475
384000	385000	-0.982398772406549	-1.19667973957551	-0.422317915837047
385000	386000	-0.967733447170016	-0.688728395766852	0.171795106039465
386000	387000	-0.453011068444421	-0.49943499893794	0.461422728001345
387000	388000	-0.705342103654407	-0.0691180364510701	0.500223441641275
388000	389000	-0.363269869072973	0.0932795177664178	0.875371981163896
389000	390000	-0.337381382007836	0.468179956989592	1.24542070895224
390000	391000	-0.60254596057765	0.749554302884637	1.66919253344253
391000	392000	-0.938435191199991	0.58565261706563	1.30304375145581
392000	393000	-1.25768564105225	0.893110001655896	1.56951307860571
393000	394000	-2.12306799618909	0.927217946651526	1.05387366482507
394000	395000	-2.22239685793063	0.276703450392117	1.32474763972137
395000	396000	-2.564042635919	0.0420239189196023	1.83059438310947
396000	397000	-2.61244174230613	-0.253753966859195	1.35088612520934
397000	398000	-3.10340082469712	-0.315269202580429	1.4081766391293
398000	399000	-2.95632753150107	-0.712758746727802	1.60246536604833
399000	4e+05	-3.29120195216742	-0.916282419292334	1.30838336828592
4e+05	401000	-3.2350740108093	-1.23335381437474	1.75646776508612
401000	402000	-3.20113617626768	-1.60539527172097	1.34931464343807
