0	1000	1.50192394190563	-1.37076764173701	-1.13142030185882
1000	2000	1.55800308223733	-1.80613231434137	-1.27127446806256
2000	3000	1.32491015130021	-2.0685627095663	-1.01404908473355
3000	4000	1.18909700377027	-1.80529603784843	-0.726959588977601
4000	5000	0.990708289198269	-2.29231922753778	-0.719939347634265
5000	6000	0.819586264438392	-1.72050674131673	-0.413569368882579
6000	7000	0.724595215388283	-1.85957294753927	-1.02145961514746
7000	8000	0.709570340494306	-1.27744572937555	-0.832133770013711
8000	9000	0.819310144892576	-1.41309069257546	-1.56198545807278
9000	10000	0.628526926165819	-0.824177691951247	-1.37720289860064
10000	11000	0.795043382934023	-0.705446666445125	-1.98923300778783
11000	12000	0.417684920313781	-0.370727218560696	-2.41234225297164
12000	13000	-0.130555446308202	-0.131132988102807	-2.33780614560128
13000	14000	-0.26980211052757	0.165049985154979	-1.87194198766026
14000	15000	-0.711212435217033	0.250833124265249	-1.94162823646416
15000	16000	-1.1179706871592	0.293986916587483	-2.13820115994451
16000	17000	-1.39771535617752	-0.0470496130285348	-2.0729619903832
17000	18000	-1.58661707535971	0.236576257839479	-1.7226409557377
18000	19000	-1.85477951762279	0.692054960491597	-1.73951813039037
19000	20000	-1.43824827901432	0.66302319170359	-1.9245284400113
20000	21000	-1.3695267331435	0.631824836894594	-1.56699585119502
21000	22000	-1.08670395189688	0.752223523902528	-1.76638437841733
22000	23000	-1.26508511773783	1.09865892318466	-1.59828543169795
23000	24000	-0.866152921257591	1.12766333227066	-1.90421062761068
24000	25000	-0.541214907400991	1.05649656913955	-1.51000513183875
25000	26000	-0.124875822619789	1.3216819444928	-1.50640626158384
26000	27000	-0.0140975753051693	1.84617533000191	-1.80987361752119
27000	28000	0.415835908146661	1.86442471520401	-1.50297963641997
28000	29000	0.519705728828927	2.32468408874321	-1.28110498589947
29000	30000	0.194036992377197	2.06398673427696	-0.933709627235464
30000	31000	-0.163474554872806	2.50844897753177	-0.798344731074191
31000	32000	-0.413907079000548	2.0278384420131	-0.590060429181007
32000	33000	-0.622420352175703	2.34473364203556	-0.219706872528777
33000	34000	-0.761545908202591	1.89845119735103	0.0226406939554472
34000	35000	-0.907554595528297	2.3507883954008	0.316892225323193
35000	36000	-0.887185265000482	2.24484214597303	0.793402264779649
36000	37000	-0.435585692662843	2.37066844326167	0.907805553470391
37000	38000	-0.225827781884108	2.22908190459656	1.34210950571772
38000	39000	0.123014888888966	1.86422095695272	1.41916446152664
39000	40000	0.485577673964659	2.07178888560289	1.65977513621734
40000	41000	0.77457569506937	1.75949403046953	1.3906145604572
41000	42000	1.04330765053681	1.88604286692027	1.79063707146883
42000	43000	0.833353470519665	1.47933267398834	1.70900520506051
43000	44000	0.755691986726151	1.53584010379893	2.08899863817648
44000	45000	0.627757657807204	1.0898439119856	2.08908125179215
45000	46000	1.09523810309362	1.08209292722872	2.09354522679274
46000	47000	1.05044174979977	0.672526898288443	1.86465565922039
47000	48000	1.58346020171938	0.912746684646833	1.84211261337861
48000	49000	1.4592944181865	0.43241218599479	1.81539754478437
49000	50000	1.98145762534372	0.371406364641142	2.06996667503433
50000	51000	2.10987340576261	0.0164519784095829	1.54460069571897
51000	52000	2.36112345783298	0.161423150048651	1.04685573435245
52000	53000	2.19451739468765	-0.358690937182064	0.942439157839445
53000	54000	2.09830360749383	-0.805831342442708	1.28880485837946
54000	55000	1.74228539091817	-0.736798001693861	0.889015074616172
55000	56000	1.20331819431783	-0.65844356321648	1.09546273821535
56000	57000	1.19807626566648	-0.936059678997973	0.570149412845865
57000	58000	0.86039248331045	-1.25896260929427	0.83552846432649
58000	59000	0.964924140960238	-1.71895388152669	0.619103432453789
59000	60000	1.08988329807734	-1.95965961819471	1.00486913448226
60000	61000	1.28920718527928	-2.19598368032688	0.691065056298998
61000	62000	0.945798111110852	-2.37770917334721	0.942373411648317
62000	63000	0.775582896945567	-2.36586483435576	0.561489067188984
63000	64000	0.548336108710069	-2.02067333515933	0.721322959023123
64000	65000	0.495989650192253	-1.87654970983203	0.285398522207438
65000	66000	0.01019597190817	-1.74020237102157	0.47758578612629
66000	67000	-0.0187316763551584	-1.83382735019582	-0.0525465901654502
67000	68000	-0.494483787018195	-1.56887440066114	0.0434351171154683
68000	69000	-0.372557979523257	-1.54247467722744	-0.531692976251993
69000	70000	-0.299541232256181	-0.943221040336898	-0.559833840019913
70000	71000	-0.15694749752216	-0.94524935859074	-1.15713364849986
71000	72000	-0.643412308956362	-0.526230802532463	-1.14771469589673
72000	73000	-0.690959772066417	-0.839556630465957	-1.69930835840696
73000	74000	-1.03507500518086	-0.795348640729877	-2.18116394250756
74000	75000	-0.693930100422576	-0.298547229552435	-2.02333553455511
75000	76000	-0.705166998088844	0.074426704121972	-2.50779917086279
76000	77000	-0.39610485579779	0.599467238125113	-2.66186735322756
77000	78000	-0.260833298497947	0.814046556411046	-2.12428363645777
78000	79000	-0.406275015661512	1.44509766728943	-2.0815373742459
79000	80000	-0.901336081339976	1.66836404363795	-1.63035060888516
80000	81000	-0.497491385566531	1.8302270507215	-1.27676381764211
81000	82000	-0.951033937162702	1.76773577502844	-0.960537868697016
82000	83000	-1.15480079630861	2.32695126140512	-0.805255726280108
83000	84000	-1.11808794899147	1.90683397887368	-0.410909505041395
84000	85000	-1.3149727677814	2.28933325120373	-0.142789765947728
85000	86000	-1.52901872626894	1.9123606357091	-0.0339880783254334
86000	87000	-1.3985175638577	1.93967932121575	0.339947169197375
87000	88000	-1.76654187917265	2.01272436634458	0.461966692996625
88000	89000	-1.99370261268605	1.65180121461318	0.376910273906862
89000	90000	-1.58294114411508	1.48113991135198	0.150828306846205
90000	91000	-1.22945973928166	1.40298626878132	0.472854956960854
91000	92000	-0.922689752168928	1.75205811642737	0.545028915208874
92000	93000	-0.697454238386153	1.43896401032105	0.919508127903797
93000	94000	-0.28075246035229	1.85371102859323	0.65353486216265
94000	95000	-0.0791670244421263	1.42146759060006	1.02640484632119
95000	96000	0.422659850385226	1.53462559974355	0.713141584560975
96000	97000	0.495776520046485	1.01841501012107	0.936255453113364
97000	98000	0.985190178452418	0.868275771894478	0.787884489801696
98000	99000	1.35271916149438	0.536138378948092	0.980292958859962
99000	1e+05	1.74191199811313	0.545028262403035	0.536745762036689
1e+05	101000	1.4715159112766	0.813173276670854	0.154007781172408
101000	102000	1.82765987487633	1.18787747262037	0.140745241858441
102000	103000	2.4221855120958	1.47067415920255	0.0897352130692425
103000	104000	2.67282323382264	1.24221360574091	-0.55215699703633
104000	105000	2.23126748270055	1.18126823297272	-0.905097787736639
105000	106000	2.19301099214062	1.61473550638979	-1.16507610564727
106000	107000	1.86606041315599	1.98270478476433	-1.36313086185413
107000	108000	1.41574843869577	1.90383824887971	-1.35163458254703
108000	109000	1.09483347346373	2.00751392441201	-1.61457997413207
109000	110000	1.04448619156176	1.62511035921755	-1.55660284346719
110000	111000	1.25405670205661	1.59605723589808	-1.89890067017965
111000	112000	1.29605404223655	1.27269572318946	-1.61683780354422
112000	113000	1.66261533522191	1.5107639175046	-1.73228343868039
113000	114000	1.65925970406397	1.11768778241229	-1.63485699284227
114000	115000	2.03994530877883	1.31776022107898	-1.60902108844224
115000	116000	1.77370901979218	1.22285636879659	-1.2340321069681
116000	117000	1.63055253615533	1.57213950929831	-1.17615020117282
117000	118000	1.69840130121128	1.46651623175542	-0.779449113223815
118000	119000	1.96431125422304	1.84834098944053	-0.789329226513959
119000	120000	1.91434144551587	1.68940699743879	-0.403857030151794
120000	121000	2.40034458378403	1.73241464510421	-0.449564225053761
121000	122000	2.15592601282552	1.37508152384148	-0.360977861361116
122000	123000	2.10946957219681	0.99146627426486	-0.403876911912926
123000	124000	2.4669017902835	0.917421798916352	-0.0795156706592481
124000	125000	2.6134096635565	1.02261098294177	0.37554338604162
125000	126000	2.17046732342885	0.935503846461631	0.521230843159632
126000	127000	2.33402589107828	1.37944849956862	0.810606727410696
127000	128000	2.10305612688352	1.7527976202757	1.15920108932715
128000	129000	1.73353563677221	1.65854303285736	1.60215612971919
129000	130000	1.36597894953117	1.37975523119642	1.55332178050477
130000	131000	1.04772223178133	1.07512446205151	1.45722326988217
131000	132000	0.534641005006402	1.07096690680573	1.58691958189765
132000	133000	0.0833927300752741	1.1856594093026	1.79366546759847
133000	134000	0.120661252591566	1.70715673403356	2.02844935344439
134000	135000	-0.365790798445307	1.5849655696902	1.80120352220267
135000	136000	-0.488576031347545	1.81572688050029	1.42869568041775
136000	137000	-0.863386862138433	1.66164060281617	1.47708650403373
137000	138000	-0.988056761838319	2.09481575480655	1.32181159298132
138000	139000	-1.15458965093607	1.73880866617504	1.16179464535622
139000	140000	-1.39537147695633	1.99202353925999	0.960462682291624
140000	141000	-1.48729865176212	1.54659725464213	1.01912064521879
141000	142000	-1.59111238989541	1.67653021516077	0.68852584986984
142000	143000	-1.93683143583567	1.67960226860448	0.908739705366696
143000	144000	-1.79142301287533	1.3367554779608	0.737596725295274
144000	145000	-2.11298652401035	1.13402252849967	0.740881062759176
145000	146000	-1.81437578611627	1.02690271913156	1.06272826608319
146000	147000	-2.31558233053223	0.848876147192277	1.23724324294294
147000	148000	-1.96382602841364	0.449963639864521	1.01056459185646
148000	149000	-2.38934694320729	0.35171410826595	0.847441438627458
149000	150000	-1.92765409318362	0.246040567346361	0.534175331055556
150000	151000	-2.38682127717776	0.39814529573278	0.256500659643956
151000	152000	-1.92453381562668	0.254689277504614	0.0301157593484281
152000	153000	-1.57180287866033	0.534174764422152	-0.143132748706705
153000	154000	-1.4851814729756	0.917301942550208	-0.568413550642624
154000	155000	-1.65132241076465	1.43226848695005	-0.880398622909201
155000	156000	-0.92752733066182	1.19100201589408	-0.736759400175527
156000	157000	-0.472257176719571	1.43844854212994	-0.57954647069147
157000	158000	0.0505377205629946	1.45674332999966	-0.725769940685478
158000	159000	0.262653925416481	1.8209825877534	-0.307709214388821
159000	160000	0.586640078520883	1.45058647312876	0.0201646339849544
160000	161000	0.892187518271833	2.14605182865633	0.190045352848228
161000	162000	1.20796814890073	1.69329269068926	0.167718853841222
162000	163000	1.47213272377687	2.1870250277876	0.385939964840184
163000	164000	1.48201481078151	1.4905274106269	0.573212619829196
164000	165000	1.58731964181548	1.67733030450101	1.01784882823008
165000	166000	1.69773170439854	1.23637750014842	0.970470689488327
166000	167000	2.01371686458104	1.26074527899864	1.27596108322901
167000	168000	2.0772807484547	0.889380981667436	1.0542957940302
168000	169000	2.3159834393531	0.965411039043323	1.51190201076429
169000	170000	2.0608279673917	0.652081558607469	1.43895023768625
170000	171000	1.76281922960557	0.409877452403011	1.46556805241507
171000	172000	1.61895820240294	0.00540147353656073	1.57645646446562
172000	173000	1.62422123051013	-0.394789603194714	1.77253018241416
173000	174000	1.41065009881107	-0.788725848387736	1.67110398123284
174000	175000	1.402744006965	-1.19864084104868	1.55244177979753
175000	176000	1.35425603242577	-1.64758086739132	1.54112765670759
176000	177000	1.26415649870037	-1.52466109090616	1.15021019871698
177000	178000	1.56627396715142	-1.8997789097135	1.08971018646011
178000	179000	1.49286223049012	-1.52750566900884	0.68462197598769
179000	180000	2.00147627200141	-1.50989224080418	0.759700637565071
180000	181000	1.92048563910493	-1.0133688630375	0.349377934863238
181000	182000	2.4138816965817	-0.78400115391848	0.220902775292118
182000	183000	2.11102164810862	-0.313237462160826	0.101345584214761
183000	184000	1.83601340962208	-0.0768747848496645	0.507867150696484
184000	185000	1.28064926749115	-0.124544929050005	0.566502526827426
185000	186000	0.946941151612551	-0.0449293306705822	1.06969150005026
186000	187000	0.467447782643798	0.176984579356977	1.33749220082202
187000	188000	-0.203737745082451	0.358122236720108	1.26865432605309
188000	189000	-0.50451806605855	0.518911428436121	2.00250898509636
189000	190000	-0.866089682121527	0.568077666119809	1.4167376982642
190000	191000	-1.42545257423236	0.634631469970891	1.81867207258964
191000	192000	-1.55882779064271	0.523294062814767	1.33431110991091
192000	193000	-1.45725071315078	0.0715240477435697	1.1066630239886
193000	194000	-1.40584680817875	-0.252359585233369	0.750207613805814
194000	195000	-1.26321072842419	-0.698682558280335	0.967816837683415
195000	196000	-0.936214132726913	-1.14296192449402	1.07572918690189
196000	197000	-0.544109379155462	-0.793071603616234	1.02484820215099
197000	198000	-0.512738512590943	-0.548827660326446	0.485724659848105
198000	199000	-0.216779959708977	-0.0339949454542184	0.644471195944224
199000	2e+05	-0.151071381154056	0.149383404305639	0.0465259489395529
2e+05	201000	0.373614567600911	0.522536037151409	0.0783044200632813
201000	202000	0.0599473608428667	0.900036617735967	-0.318371607800676
202000	203000	-0.146072971417158	1.23548528732885	0.197562020317157
203000	204000	-0.579695264202444	0.877679960783044	0.099087993049208
204000	205000	-0.86887110483537	0.782231049276308	0.725230390026527
205000	206000	-1.16845223216455	0.902376712301666	0.229220109576053
206000	207000	-1.60893887064831	0.888209745958701	0.504463349296844
207000	208000	-1.91166329481965	1.12340172395652	0.14146665046114
208000	209000	-2.33758884791223	1.01414597325057	0.266686842119078
209000	210000	-2.09390596210871	1.13188027589572	-0.34970991649845
210000	211000	-2.2966432505557	0.682666368215754	-0.254407754174091
211000	212000	-2.04066886483303	0.387006912772014	-0.481568219454736
212000	213000	-2.32480335100639	0.137529606626578	-0.778036602981195
213000	214000	-1.87138648755342	-0.162740228294794	-0.701062627936967
214000	215000	-1.76581780860525	0.219604886405271	-1.05895011571599
215000	216000	-1.19094869285731	0.0765437349184767	-0.809866591932364
216000	217000	-0.900837975289034	0.490219119986911	-1.08985455844376
217000	218000	-0.815576926264401	0.103993251699043	-1.38678293053191
218000	219000	-1.17457742604017	-0.147170556241676	-1.62676539087693
219000	220000	-1.62049157002475	-0.323134978471515	-1.5046178597242
220000	221000	-1.65067978734362	-0.727603223674203	-1.81250700610459
221000	222000	-1.31774931979933	-0.926098714632281	-1.43481314405704
222000	223000	-1.34792092973607	-1.45161420709667	-1.58439963751252
223000	224000	-1.38872661731625	-1.40866185346872	-1.05049497855361
224000	225000	-1.67030107096722	-1.72615099646734	-1.22855499216394
225000	226000	-1.79667835941077	-1.44288735054969	-1.03228761054936
226000	227000	-1.94028818212831	-1.51197338478315	-1.38521956602606
227000	228000	-1.69453698026592	-1.30597657602699	-1.3170582866969
228000	229000	-1.86126769071954	-1.189623230781	-1.54093106667465
229000	230000	-1.79753754509507	-0.925232073737517	-1.23065939463677
230000	231000	-2.10415740832011	-1.15538850429697	-1.20915941472223
231000	232000	-1.9622980148097	-1.09268617427738	-0.850367983222569
232000	233000	-2.25949552446253	-1.45143097561056	-0.889748811610904
233000	234000	-2.02712746655073	-1.3626128649317	-0.619619051219008
234000	235000	-2.33526527092564	-1.76674853649017	-0.584763980998098
235000	236000	-1.90101991396467	-1.68368762566157	-0.528938351789542
236000	237000	-1.95725622729413	-1.88811730997137	-0.823205715266486
237000	238000	-1.59800278331554	-2.0746089653325	-0.87183139664178
238000	239000	-1.26514286226056	-1.78505745512391	-0.810200777849078
239000	240000	-1.18786807460268	-2.00361570465994	-1.19455688150059
240000	241000	-0.694457012863482	-1.94352579057423	-1.02462694895345
241000	242000	-0.539603053782618	-2.29407316391293	-0.725569925025915
242000	243000	-0.0681876135151533	-2.09766521999765	-0.668122018259652
243000	244000	0.291910508698427	-2.45153952769648	-0.642806987018625
244000	245000	0.505939532896625	-2.35545949650088	-0.250899413016011
245000	246000	0.928648627871071	-2.51548334745549	-0.203727685773385
246000	247000	1.0296144661145	-2.14150206372809	-0.189738818041107
247000	248000	1.28982100182653	-2.40131807043637	-0.125103356835424
248000	249000	1.22184563403776	-2.18777442234706	0.149978814997165
249000	250000	1.54472563133547	-2.2027395970586	0.0424903004626107
250000	251000	1.3808380595089	-2.00447453410634	-0.122588071273576
251000	252000	1.54031252717035	-2.21852820539971	-0.327167584814421
252000	253000	1.53498728319573	-1.88448805080235	-0.413536915742978
253000	254000	1.54547639061816	-2.13524142252806	-0.651485412189964
254000	255000	1.86840271779141	-1.92230821842277	-0.738905522462441
255000	256000	2.11150641115406	-2.11633465862955	-0.387521992749701
256000	257000	1.94100191782748	-1.68761557323918	-0.0716761968685448
257000	258000	1.50465665766603	-1.42312537650036	-0.0436473959936092
258000	259000	1.2934662384446	-1.04442812840959	-0.251988253940737
259000	260000	1.23502528609147	-0.876143662215034	-0.734238613062389
260000	261000	1.33040702298954	-0.470923034231944	-1.04240155329143
261000	262000	1.47927066638653	-0.187497092179024	-0.499629097530553
262000	263000	1.83797819015836	0.217407535430968	-0.364878263215603
263000	264000	2.44893336979898	0.17259867585269	-0.322881895874766
264000	265000	2.37667742725681	0.421488713480015	-0.806281346346484
265000	266000	2.18776563127125	0.056997701334073	-1.10742510149068
266000	267000	2.36514100796793	0.449299145922957	-1.45979405504469
267000	268000	1.84764034101247	0.522017539922319	-1.75586183728659
268000	269000	1.92593949988519	0.657608963085723	-1.26877323940914
269000	270000	1.40677862166316	0.529915728159478	-1.24418358180767
270000	271000	1.57833863283078	0.729514963414122	-0.748483008930446
271000	272000	1.01820037334692	0.820944684813266	-0.708847147767826
272000	273000	1.1046209614999	1.19586453435439	-0.309707465139293
273000	274000	0.93633574546922	1.69124516002393	-0.476234252696515
274000	275000	1.38107349683785	1.94599571302149	-0.441463100890897
275000	276000	1.70779860480958	2.2488117257486	-0.600471170268746
276000	277000	2.16082077400886	2.33560126626943	-0.208280490163581
277000	278000	1.85979313005196	1.90838380973064	0.0509863598272481
278000	279000	2.03001053064194	1.74409423736997	0.45052985260204
279000	280000	1.83559521386188	2.12431121886528	0.757568499432045
280000	281000	1.36661760301069	2.19516820267174	1.02247254372529
281000	282000	1.00528997377876	1.90477614127549	0.912467221073398
282000	283000	0.783232943955319	2.3482657110173	1.18270851787728
283000	284000	0.39365041538718	2.04911519483248	0.974505277359206
284000	285000	0.283524653489392	2.52610942748133	0.874686675734172
285000	286000	0.14747986089112	2.25606931212147	0.375939228380869
286000	287000	0.457642004405553	2.82376650055113	0.303985716576592
287000	288000	0.480976794774573	2.38892789725921	-0.240023669469277
288000	289000	0.882631190243957	2.42260904741423	-0.554350768085761
289000	290000	1.18863462577794	2.32393272991673	-0.991350366034175
290000	291000	1.0304213463519	1.87242094017288	-0.985934473350608
291000	292000	1.01587929194449	1.37236713511811	-1.09645435913202
292000	293000	0.592520716543039	1.42669672498706	-1.30704470992904
293000	294000	0.807930108598555	1.19641105134949	-1.77693077592668
294000	295000	0.655143206628731	1.62679996360237	-2.03504328651629
295000	296000	0.316036161649959	1.32263862467987	-1.82758189823797
296000	297000	0.312668628614322	1.20229985068898	-2.31528248917396
297000	298000	0.212056048741001	0.774240398383277	-1.76645091826342
298000	299000	0.522242260768043	0.578202499088522	-2.30902688917983
299000	3e+05	0.357763906082078	0.206666893030244	-1.99398740098836
3e+05	301000	0.251157278923007	-0.25234743125107	-1.78012126428983
301000	302000	-0.0469111059807741	-0.660259355799476	-1.96320114005208
302000	303000	0.167357227586803	-1.11904231969564	-1.91882667197099
303000	304000	-0.0429318651673783	-1.55419526980179	-1.7748571575262
304000	305000	-0.0995228261022703	-1.79686930680368	-1.33842267688762
305000	306000	-0.647264717168826	-1.56450423146263	-1.56515776973572
306000	307000	-0.769205636865582	-1.30498996250703	-1.06541636150905
307000	308000	-1.05413591359342	-0.935977840671252	-0.798609656087237
308000	309000	-1.3801517808491	-0.699465443337012	-0.494233859545353
309000	310000	-1.187825314921	-0.979994718472039	-0.0616815932846797
310000	311000	-1.21766967907519	-1.45964328599118	0.00445958272283007
311000	312000	-1.4055689381939	-1.87525419929691	0.0491264825515352
312000	313000	-1.90573791369406	-2.06072199756587	0.0810540288408265
313000	314000	-1.68083032648321	-1.94222782784948	0.463396301646981
314000	315000	-1.53870429077685	-1.53667238846262	0.505458885540859
315000	316000	-1.22307425712655	-1.86654852244093	0.744725481905224
316000	317000	-1.35817927911311	-1.50833256197162	0.999318446717854
317000	318000	-1.77169472741151	-1.65129676020132	1.03506199980331
318000	319000	-2.11629539728015	-1.48917154939837	1.31984100101655
319000	320000	-1.85928642962989	-1.18876321516689	1.01393795488498
320000	321000	-1.98723339723857	-0.929635625737547	0.895065375126773
321000	322000	-2.22339860807274	-1.01091444597014	1.01585258575837
322000	323000	-2.42055271916369	-1.20364121743682	0.955618008442575
323000	324000	-2.17855042591384	-1.25093357590608	0.83671684246783
324000	325000	-2.33521815480984	-1.10336632973191	0.7200439324579
325000	326000	-2.11862406688014	-1.1521623854839	0.593687665980635
326000	327000	-2.33285947140081	-1.3384480698854	0.531397692241414
327000	328000	-2.08800401020207	-1.28623769571864	0.321543387397311
328000	329000	-2.41570027674001	-1.20912878296133	0.220759234340407
329000	330000	-2.15248280870221	-0.913391630180674	0.254009493387964
330000	331000	-2.52700325477948	-0.880332184172393	0.497018622863893
331000	332000	-2.13032713907345	-0.721988731752043	0.588001706482905
332000	333000	-2.39326688364613	-0.679217513927013	0.846738112218498
333000	334000	-1.98345496702258	-0.423396834866962	0.842922036658065
334000	335000	-2.26456813971282	-0.339395038105429	1.13422934454203
335000	336000	-2.0214515078132	-0.034149879555939	1.09395778577494
336000	337000	-2.22588447408938	-0.0165092175642382	1.48578919627094
337000	338000	-1.88106770585695	-0.211138054643161	1.55810698696126
338000	339000	-1.65384126610632	-0.487866174244229	1.39976910672831
339000	340000	-1.44661498098136	-0.888197094567076	1.6108497268846
340000	341000	-1.01569802212334	-1.01292819108621	1.72024732759258
341000	342000	-0.574253655801495	-1.033236252937	1.93381189314127
342000	343000	-0.528390422336397	-1.98034929112841	4.56059428657169
343000	344000	0.035696955692788	-1.21402864137571	1.93354410597705
344000	345000	-0.081037269829477	-1.59806693423409	1.66561652286292
345000	346000	0.263011453224051	-1.87510490610674	1.86022727653746
346000	347000	0.193477455279456	-1.90703663737451	1.39565973120956
347000	348000	0.477783364583198	-2.18104756774136	1.52537628488887
348000	349000	0.545129124045961	-1.99698914970176	1.22377252284603
349000	350000	0.842245290604984	-2.08154481064351	1.40910922862011
350000	351000	0.729491861421292	-1.75359663799159	1.39435345410673
351000	352000	0.895713751364305	-1.84194875898116	1.7147289652212
352000	353000	0.880360048949852	-1.44265685155444	1.53419823107029
353000	354000	0.806471576373657	-1.395317613564	1.97119536717749
354000	355000	0.457919707324548	-1.202259435348	1.605338373396
355000	356000	0.239425866662804	-1.37924860895248	1.16244863330356
356000	357000	-0.221067533663736	-1.62771072652927	1.11098912630903
357000	358000	-0.307483552013237	-2.12366565250256	1.20592375686084
358000	359000	0.0760130152387225	-2.14367858191847	0.919275090345988
359000	360000	0.175763190832018	-2.58520072355569	0.771749857986479
360000	361000	0.18646278105279	-2.43321563781139	0.258471421582008
361000	362000	-0.312826996932817	-2.36280412972626	0.172152446399817
362000	363000	-0.800283373308149	-2.23584331324584	0.195717347568889
363000	364000	-0.971565193562267	-2.13928853278352	-0.252810618713768
364000	365000	-1.43732364540364	-2.27751498578447	-0.305186253300769
365000	366000	-1.59923579181294	-1.93422346103242	-0.419008056892417
366000	367000	-1.47201222898998	-1.54614691672148	-0.478106545916093
367000	368000	-1.7570066647313	-1.30733257618325	-0.291811628375214
368000	369000	-2.0598361741918	-1.58114510280602	-0.140662065986085
369000	370000	-2.39378227267116	-1.34203282012826	-0.279488478997158
370000	371000	-2.37149918616871	-0.920171014008405	-0.4371730692522
371000	372000	-2.09917562345581	-0.759884323637641	-0.127133218338779
372000	373000	-2.74004993419829	-0.7199056771253	0.0571055011981586
373000	374000	-2.13306533570347	-0.383948286059771	0.259002001858818
374000	375000	-2.56149220645083	-0.20042494156222	0.326567988298976
375000	376000	-2.55222797835308	-0.222464928233509	0.785890839955991
376000	377000	-2.55299683448869	-0.639987284408561	1.32083613200434
377000	378000	-2.00677398690235	-0.782958991184707	1.39561107532054
378000	379000	-1.81237651738618	-0.907002335525364	1.87083808601406
379000	380000	-1.20683112035137	-0.427035100456931	1.7368814649358
380000	381000	-0.711651268623984	-0.348803278758672	1.60104042440778
381000	382000	-0.337850672629977	-0.275581043206482	1.95571737200292
382000	383000	0.250037379720706	-0.0862370596816953	2.09914712645093
383000	384000	0.413462912604054	-0.48128254989369	1.70454267453102
384000	385000	0.145760310479366	-0.604734200285084	1.17076848817003
385000	386000	0.322079921741115	-0.626673782058958	0.511449563847234
386000	387000	0.316649136872514	-0.776297905175276	-0.0602315148441424
387000	388000	0.426932442987357	-0.288206877789333	-0.34962304188832
388000	389000	0.231642041786903	-0.268995214884043	-0.927708385290897
389000	390000	0.22854234036375	0.298554722635294	-1.05111313479573
390000	391000	0.781106340639791	0.0193608016332123	-1.33287175832483
391000	392000	0.994642407731149	0.378648272327851	-1.74236137848398
392000	393000	1.42314379051461	0.00694233499778916	-1.7381515691058
393000	394000	1.91805158344272	-0.302565513357366	-1.62019127735217
394000	395000	1.91785843927837	-0.459250934512537	-1.04520213283492
395000	396000	2.44972192047733	-0.63158395956839	-0.837155545756694
396000	397000	2.01175537404246	-0.758311377440894	-0.486254206955097
397000	398000	2.18116811203282	-1.20172634502691	-0.512642958624251
398000	399000	1.94803262577024	-1.11323242760103	-0.871295699454324
399000	4e+05	2.1234376878741	-1.49543069991242	-0.813413337964738
4e+05	401000	1.94117647933667	-1.44076897546975	-1.11914364222649
401000	402000	1.67706380898128	-1.50702653475583	-0.82550323865576
