0	1000	0.219262579833732	-2.4043052621209	1.14679234256066
1000	2000	0.170789928985485	-2.92045757880945	1.17094391869859
2000	3000	-0.129195038391985	-2.53147031477384	1.45318777945153
3000	4000	-0.306940153456644	-2.79960859086658	1.06884930803358
4000	5000	-0.424428962679816	-2.27829493624149	1.08001479804671
5000	6000	-0.831427107797038	-2.65013980748902	1.01710399806419
6000	7000	-0.63617792127138	-2.46836454293287	0.561842316737894
7000	8000	-1.17746275666209	-2.68747524954532	0.429538842115938
8000	9000	-0.888149021634649	-2.32436827747982	0.0516647415787181
9000	10000	-1.37623511561795	-2.21240329245041	-0.238130758440358
10000	11000	-0.951869185714566	-1.87066959975985	-0.520877489033615
11000	12000	-1.34241707606485	-1.70743299667196	-0.904111045243207
12000	13000	-0.942131390937231	-1.92089204920457	-1.23665669424185
13000	14000	-1.01081648317334	-1.61511600475899	-1.61483861712952
14000	15000	-1.19280062819929	-2.01830183087848	-1.78187040873691
15000	16000	-1.10703642498602	-1.89439372431871	-2.18030371113378
16000	17000	-0.966396869420356	-2.35253124292425	-1.99036837401133
17000	18000	-0.72140680845267	-2.15598295164788	-2.22371512382093
18000	19000	-0.894738015014055	-2.36807459663998	-2.69480535107676
19000	20000	-0.742160002107945	-1.90532340703627	-2.54240807804907
20000	21000	-0.597241457850363	-1.71107369227507	-2.14651737482621
21000	22000	-0.65975944608204	-1.42376015770485	-2.47825618678263
22000	23000	-1.13948430826058	-1.43131151171236	-2.44237322249645
23000	24000	-0.919297886319447	-1.10675945817672	-2.06959271710192
24000	25000	-1.15414127861244	-0.999020299214505	-1.6279136786895
25000	26000	-1.60184800967596	-1.01751661240116	-1.37163285102107
26000	27000	-2.15227688368439	-1.1671933908083	-1.41698864291358
27000	28000	-2.30022739964557	-0.85201943963645	-1.01172309977628
28000	29000	-2.17727402849608	-0.420789565328078	-0.846511639367743
29000	30000	-1.93355065350272	0.0570191698680833	-0.868113532786708
30000	31000	-2.01608215233879	0.606373746045529	-1.09044235240051
31000	32000	-1.98624826816488	0.838506632060343	-0.6131453494997
32000	33000	-2.34599226127583	1.22565761938806	-0.53637077604854
33000	34000	-2.18478834499531	1.34618287118335	-0.0445759260499263
34000	35000	-1.96366076169133	1.81153191549963	-0.0795830866999303
35000	36000	-1.86343190563848	1.83278790869055	0.424058078443884
36000	37000	-1.54419699234957	2.14479582458329	0.622722700314262
37000	38000	-1.62161246855724	2.11798884460649	1.1485642323805
38000	39000	-1.20370690138172	2.0625240769645	1.44037515991998
39000	40000	-1.19147835616325	2.35257175148883	1.8610777905899
40000	41000	-0.766639242401781	2.13052911600661	1.87558766219247
41000	42000	-0.776572818335954	2.49132605330808	2.24113617448555
42000	43000	-0.42185981301251	2.18230788799471	2.18614876846541
43000	44000	-0.413703899346428	2.42204723601647	2.51888851097113
44000	45000	-0.00488698386059424	2.31750856717639	2.38747504525365
45000	46000	-0.173434126500298	2.18088129707158	2.77506053362433
46000	47000	-0.135625255644249	1.86368180627004	2.48171813263151
47000	48000	-0.152764069239173	1.75679211791408	2.89976146501877
48000	49000	0.233104968554476	1.77435778847392	2.69797113536723
49000	50000	0.432562117566681	1.60218875704241	3.21325904554134
50000	51000	0.69773263255638	1.57351973694539	2.57721406159252
51000	52000	0.275145842244533	1.16271119217001	2.47470862707257
52000	53000	0.541876549502614	1.22173604567643	1.87530654426754
53000	54000	0.622224029363113	0.750361274004159	2.24977850202468
54000	55000	1.15591059981713	1.16052101746899	2.18481496812096
55000	56000	1.45702996736395	0.723250396643037	2.38935990178952
56000	57000	1.74944488950934	0.565934151240861	1.94411518579976
57000	58000	1.80265534125767	0.051281189503977	1.75797604527243
58000	59000	2.3944668872731	0.0268724554942067	1.94985250857396
59000	60000	2.20861770780853	-0.265216054940131	1.52184960393329
60000	61000	2.68854346817245	-0.317944150865726	1.59580554399995
61000	62000	2.79177760594564	-0.57805188881269	1.20050021093661
62000	63000	2.39393433536087	-0.407111016258692	1.09561972668719
63000	64000	2.52053447811473	-0.278016115747598	0.665900445299792
64000	65000	2.12554740440396	0.0495777363430168	0.992176746509446
65000	66000	2.30981496185309	0.427593903344636	0.57419953978479
66000	67000	1.68208078663046	0.345536724809833	0.846742173385083
67000	68000	2.02303948811088	0.0490113907626574	0.210140700083206
68000	69000	1.50555928299672	-0.262877958917645	0.436877553445873
69000	70000	1.95743449404957	-0.605221946188887	-0.0970965420463574
70000	71000	1.36777706414135	-0.314638284950576	-0.316710565045413
71000	72000	1.2614159603837	-0.905485574211323	-0.377843893538283
72000	73000	0.711329894488324	-0.669298362282781	-0.638871325873691
73000	74000	0.35403263042776	-1.11905082950435	-0.36407350963064
74000	75000	0.0858212972862238	-1.00189937218172	-0.926986729858297
75000	76000	-0.492670593737182	-0.864125996382557	-0.977766363248904
76000	77000	-0.131753392799144	-0.466002152772	-1.4543911162267
77000	78000	-0.678734800035475	-0.169871591760743	-1.47825483877282
78000	79000	-0.560270732758314	0.0670857652198919	-2.02934279835971
79000	80000	-1.18159839417191	0.244928522292308	-2.12807283587381
80000	81000	-0.801974135881144	0.69793791635523	-1.96500230531188
81000	82000	-1.30038423711578	0.907145194439776	-1.89887685487857
82000	83000	-0.941692962605983	1.10267054950216	-2.53123579180342
83000	84000	-1.34178570296487	1.40486135080087	-2.11871034172315
84000	85000	-0.997801060035762	1.7033288891707	-2.45826133921289
85000	86000	-0.911959476564901	1.51611473675323	-2.03062143725492
86000	87000	-0.678478693852522	1.87730730276844	-2.06822278775871
87000	88000	-0.679768930950385	1.52977223127233	-1.65755217458251
88000	89000	-1.12654943092674	2.018680143007	-1.75538310565199
89000	90000	-1.19960892328991	1.49723103093523	-1.40259428957801
90000	91000	-1.19996846455162	2.05217725686668	-1.17348195665862
91000	92000	-1.59348221845124	1.70431436819971	-0.945782927565239
92000	93000	-1.38938690534892	2.07050415415189	-0.392107854006869
93000	94000	-1.47242412311738	1.42177996772531	-0.414261971426502
94000	95000	-1.28982996042696	1.18271096297432	0.0302654435777288
95000	96000	-1.74279504562396	0.810195103088036	0.141880193906127
96000	97000	-2.18585806222334	0.831961022557435	0.540057403032108
97000	98000	-1.97787518841258	0.79326601422404	1.06237750098089
98000	99000	-1.45386750385677	0.476170609852009	1.05306799571743
99000	1e+05	-1.24268931852245	0.380424832685361	1.60410262076813
1e+05	101000	-0.869105700994739	-0.062730875610436	1.73156111495903
101000	102000	-1.10318249851918	-0.0669428451587448	2.23445105915075
102000	103000	-0.79368134023019	-0.464818875158431	2.45646473054801
103000	104000	-1.19662528348393	-0.708962035167952	2.87167144277174
104000	105000	-1.22505775183859	-1.00746964235829	2.35624478890051
105000	106000	-1.40892725915662	-1.48405812149036	2.55536271303419
106000	107000	-1.22079252653877	-1.46585222640148	1.96361190315794
107000	108000	-0.921985209799318	-1.74843391125843	2.2820141492438
108000	109000	-0.863278126886741	-1.8257043810004	1.75320504190962
109000	110000	-0.596660446561066	-2.22505345852261	1.89777587002538
110000	111000	-1.012551714057	-2.35806552832093	2.03898002499658
111000	112000	-1.24244472326741	-2.11997777691922	1.77679586039724
112000	113000	-1.3724329799144	-2.05100548517885	2.24035674262951
113000	114000	-1.61680772915017	-1.96813967837763	1.95913454236605
114000	115000	-1.8268680174611	-1.82422278667552	2.34695533639703
115000	116000	-1.81572750905047	-1.62045742260993	1.93092597659405
116000	117000	-1.66932859079124	-1.29460121931121	2.11040593187525
117000	118000	-1.72210124658722	-0.951289391969544	1.82778009071105
118000	119000	-2.0801592748853	-1.08288534487151	1.61574315816491
119000	120000	-2.46947202253009	-0.978755877936215	1.74056482720294
120000	121000	-2.42204073271268	-1.52512489685461	1.76861067739587
121000	122000	-2.43456994390885	-1.24628061616635	2.01790817005112
122000	123000	-2.11239118779128	-1.33591613824649	2.00547276732227
123000	124000	-2.36726545862922	-1.42304073695646	2.35042190745093
124000	125000	-2.02788895946697	-1.25882644188994	2.41454462956314
125000	126000	-2.166410917953	-0.941021341297989	2.23389158662361
126000	127000	-1.8674426635499	-0.838561440167726	2.49843057915158
127000	128000	-1.96080666081547	-0.487729181218292	2.23705782951324
128000	129000	-1.72569419086104	-0.326490560069007	2.60427095216626
129000	130000	-1.66829668987553	0.185651042451498	2.52494533348468
130000	131000	-1.2018698834222	0.399659322572711	2.74342721866019
131000	132000	-0.796066177757292	0.630981463525289	2.34326580544937
132000	133000	-1.22223967576561	0.98374684021316	2.40792608986695
133000	134000	-1.50719358973954	1.44399011103293	2.80603995586071
134000	135000	-1.07892252588174	2.10940915488176	2.60563010322765
135000	136000	-0.409245394319041	1.55111110634789	1.95947307715488
136000	137000	-0.00796203323113461	1.80464162147661	1.8321495697398
137000	138000	0.466145882475918	2.00930112029396	1.95325273742343
138000	139000	0.651995409988458	2.47647311115756	1.83406934440792
139000	140000	0.81862487570227	2.06170122715795	1.41627228170582
140000	141000	0.957647196565471	2.40571295957181	1.01235585640963
141000	142000	1.15382998495808	2.20517920542386	0.53436619865486
142000	143000	1.328589584941	2.63316585805596	0.188545253602158
143000	144000	1.5631185937709	2.24104569094644	-0.204435083502926
144000	145000	1.1695637267461	2.02046748605657	-0.499808240865815
145000	146000	0.932513856262697	2.54826651148432	-0.527597757876615
146000	147000	0.409395278268062	2.74932286421849	-0.830478551979012
147000	148000	0.478166823648441	1.99422376815371	-0.791374117627566
148000	149000	0.604100674687506	1.43941627250215	-0.944791812233084
149000	150000	0.164500007182298	1.1038283552021	-0.755388156193314
150000	151000	-0.121015569899956	0.787553640507293	-1.20364571936571
151000	152000	-0.607167435855445	0.875382920199181	-0.760907353629732
152000	153000	-0.92892397794752	0.43780106256671	-1.07484388549907
153000	154000	-1.23156646639696	0.233256347139357	-0.549360980150041
154000	155000	-1.36164895129519	-0.429400205518433	-0.557189595930104
155000	156000	-1.62677774954948	-0.22512555661394	-0.0549449249186971
156000	157000	-1.72088184208119	-0.564658411461874	0.369539618939011
157000	158000	-2.10616927614114	-0.0754060761988265	0.633424133590262
158000	159000	-1.86547458291026	-0.36593001347297	1.0976413285552
159000	160000	-2.38584417247405	-0.142169800245327	1.38536444100329
160000	161000	-1.97219322742832	0.0589727493330651	1.74137285373538
161000	162000	-2.27141331973344	0.581947179159298	1.85896105175124
162000	163000	-1.76186086519984	0.880169768079964	1.84237310908987
163000	164000	-1.83406022820147	1.40702098611693	1.94552743428672
164000	165000	-1.27213547761578	1.40147935149327	1.91084447025892
165000	166000	-1.38727032515014	1.77261480696976	2.24993789011475
166000	167000	-0.90658728089621	1.48132330533696	2.33618665294814
167000	168000	-0.75770309156439	1.64763868842862	2.69032290700323
168000	169000	-0.907989217437142	1.28213859310727	2.93197384832252
169000	170000	-0.571393225220444	1.43710063859487	3.16805017612727
170000	171000	-0.435573748539098	1.11702471034861	2.78809312052348
171000	172000	-0.127389857540663	1.07537949914917	3.13456662269446
172000	173000	-0.147670825791206	0.674052091135324	2.8239853123647
173000	174000	0.328358738120048	0.619157350886401	2.97727928850446
174000	175000	0.303880558243745	0.120669409411876	2.76132585047504
175000	176000	0.88096050758686	0.238524424850181	2.76597435648956
176000	177000	1.11663044075597	-0.26546735110148	2.58369027616767
177000	178000	1.22587994449083	0.132966287485595	2.11132909079761
178000	179000	0.720201958236421	-0.150463896812597	2.06906975059982
179000	180000	0.629245728191542	0.363269307097167	1.74157126096359
180000	181000	0.0803228297145513	-0.0200987386457547	1.81938498498932
181000	182000	0.214355798232844	0.324291051749947	1.25504956482475
182000	183000	-0.371924651702105	0.271942303204756	1.11695218332025
183000	184000	-0.242274074267877	0.921965011703553	1.02652727582873
184000	185000	-0.901458162417533	0.898960773314118	1.0492527755407
185000	186000	-0.786863995802838	1.35543492599875	1.34477602111477
186000	187000	-0.907906244754582	1.61617572513284	0.866614311827169
187000	188000	-0.775291178707106	2.1689387578308	0.809869024068171
188000	189000	-1.0343193954333	2.80339295705776	0.731571738272508
189000	190000	-1.06080192095354	2.68952194967913	1.33981283111791
190000	191000	-0.543977158964901	2.79721159022901	1.2053534805716
191000	192000	-0.469170033023444	2.98393345407783	1.77176931686185
192000	193000	-0.364716184245037	2.4388145991561	1.57216697127679
193000	194000	0.0911792396240135	2.63199762061376	1.57468493656525
194000	195000	-0.0592608304118283	2.07915045789163	1.22790266552165
195000	196000	0.107993928093632	2.5398031973199	0.90177066210035
196000	197000	0.0506781841080739	1.9205064130922	0.599608574351928
197000	198000	-0.136439176385381	2.54317499828832	0.209118278370818
198000	199000	-0.297503567570783	1.91482461352251	-0.0922540695951458
199000	2e+05	-0.552260273427625	2.36959423138362	-0.468532129453942
2e+05	201000	-0.575712193099154	1.82579670303292	-0.791690837682075
201000	202000	-0.638659964174156	2.38745673722729	-1.16950356911497
202000	203000	-0.331379948218427	1.90848283168496	-1.31912786145959
203000	204000	-0.354695324625403	2.36340088555589	-1.63276009576749
204000	205000	-0.118642296456645	1.95013274106092	-1.84228701319673
205000	206000	0.119534591272756	2.34691968087284	-1.83685913595674
206000	207000	0.23046984564104	2.00232068257097	-2.22963952283009
207000	208000	0.557529870777932	2.30034372502238	-2.09395264992133
208000	209000	0.710925216272597	2.0328785340773	-2.49664794251153
209000	210000	0.954754302609111	2.03615118100759	-2.10955486170607
210000	211000	1.04476283760841	1.71976485686099	-2.46073487876944
211000	212000	0.94632236946956	1.55016412439592	-1.98004747490954
212000	213000	0.645772543211262	1.4147230682687	-2.38908622549426
213000	214000	0.436101224447212	1.42753240556858	-1.84636724065214
214000	215000	0.0813884685056066	1.43928948454717	-2.40108522480616
215000	216000	0.0773183268598125	0.989439542153948	-1.98521507454903
216000	217000	0.135511253486818	0.906715942254273	-2.62559690391732
217000	218000	0.211806235992273	0.488489062529302	-2.32111705097456
218000	219000	0.313109017998104	0.041194813406874	-2.50867083585385
219000	220000	0.0455416330896206	-0.400469492404894	-2.52588141709424
220000	221000	0.542636100130266	-0.617393237819449	-2.1552289809899
221000	222000	0.229261221886677	-0.996803348359157	-2.50570387109927
222000	223000	0.237374175895255	-1.19348240493987	-1.89823771920675
223000	224000	0.159800698315429	-1.62005303779276	-2.097099263364
224000	225000	-0.16588705636439	-1.83419165977046	-1.75407566597632
225000	226000	0.163779057080742	-2.15921987360605	-1.7966769045109
226000	227000	-0.288318380277738	-2.3903032627338	-1.58305415413884
227000	228000	0.0746519882608034	-2.63396694082878	-1.82233527030141
228000	229000	-0.333422939470056	-2.62831113471685	-1.9943426831846
229000	230000	0.0722320504570256	-2.40895602514875	-2.25048523328899
230000	231000	-0.315591262576314	-2.35728818747022	-2.30023408500185
231000	232000	-0.165456894111065	-2.0271026415721	-2.3511736177475
232000	233000	-0.161543945297934	-2.32733603648034	-2.7227833442234
233000	234000	-0.262312694042056	-1.97033453455369	-2.6876089453206
234000	235000	0.0231278961230065	-1.69357068271984	-2.7983411850264
235000	236000	0.240424839643147	-2.02354106283161	-2.6134220593937
236000	237000	0.510579618706533	-1.62541443839637	-2.69446612735069
237000	238000	0.726957476575705	-1.97777082682043	-2.42842965211104
238000	239000	0.831343899823898	-1.54802215201189	-2.1347004187366
239000	240000	0.821214208383166	-1.98560549324459	-1.89000508687499
240000	241000	1.13711078332613	-2.07453211119051	-1.51560785087853
241000	242000	1.0779391909378	-2.24775340279786	-1.03354217624212
242000	243000	1.37379798668956	-2.07105563219022	-0.60584519799154
243000	244000	1.39975220835985	-2.22845251096946	-0.0645129078724659
244000	245000	1.6293019200437	-1.8388764964855	0.231607895045438
245000	246000	1.76274996861593	-2.11000885477542	0.678401742149547
246000	247000	1.48538053170596	-1.77149992161037	0.840438681015052
247000	248000	1.70943915513478	-2.0444828314475	1.15246262446644
248000	249000	1.57258686904617	-1.68210378928682	1.30125262983237
249000	250000	1.96270529063604	-1.72238858046817	1.32262543361419
250000	251000	1.86403921536006	-1.46546361511861	1.04295932526688
251000	252000	2.24699862125803	-1.42736501767176	1.18758668236601
252000	253000	1.94857503047234	-1.05051170514649	1.1221641610492
253000	254000	2.10933004727407	-1.19371548467097	1.58747093779887
254000	255000	1.6453809301022	-0.978105243931191	1.6677329534341
255000	256000	1.51583492590679	-1.48817879271192	2.06166372312218
256000	257000	1.09185017275212	-1.05569734279332	1.39591178733379
257000	258000	0.723711843954198	-1.37715479615518	1.8078396217845
258000	259000	0.310817737221375	-1.21885435296402	1.33927084494235
259000	260000	-0.0730330988677575	-1.33135161272674	1.91351874258699
260000	261000	-0.342849217349659	-1.41557452273102	1.34766428162638
261000	262000	-0.78621872719136	-1.04485135603672	1.40257711255871
262000	263000	-0.97198197612364	-1.58970294089419	1.04830909143706
263000	264000	-1.43089377489766	-1.31366493460541	1.15725044355166
264000	265000	-1.4678487822357	-1.94562833852107	1.04241953434978
265000	266000	-1.82568891214894	-1.94098650897267	1.35476027785241
266000	267000	-2.24079233033798	-2.09337269164384	1.15006860463278
267000	268000	-2.05099790213101	-1.53959204358229	1.05414088825895
268000	269000	-2.40128276467281	-1.59001233529434	0.731165062544893
269000	270000	-1.9606620277959	-1.35470799718343	0.490994230360016
270000	271000	-2.28509594581944	-1.71388456970323	0.181498991432291
271000	272000	-1.8919803486629	-1.43945234659921	-0.130865573836976
272000	273000	-2.41321473115113	-1.44126572647058	-0.390635466602592
273000	274000	-2.26760088731616	-0.973891086367956	-0.148094825937586
274000	275000	-2.71162164139773	-1.13639907356674	-0.00704381053231342
275000	276000	-2.53963183128054	-0.884033578266045	0.292029051822247
276000	277000	-3.16085988466985	-0.971392976527245	0.237409320133419
277000	278000	-2.84250045569247	-0.661639780289845	0.407004756902676
278000	279000	-2.83632008612647	-0.587413425375254	0.01957195847053
279000	280000	-2.82323656420024	-0.255706898174674	0.311096404930933
280000	281000	-2.58992073045481	-0.25745703705789	-0.0931571109146033
281000	282000	-2.85013093746698	0.0720244332039784	-0.0111637398008625
282000	283000	-2.50842604754762	0.297618207809073	-0.173817598215196
283000	284000	-2.82374886693922	0.168882161756618	-0.480220305319025
284000	285000	-2.49631349141138	0.329785325381564	-0.692957048051065
285000	286000	-2.65130930777326	0.0387736931811338	-1.07725821922286
286000	287000	-2.42980063948903	0.244654828901124	-1.64444264038334
287000	288000	-2.24049398326565	-0.315028455112339	-1.56135259456569
288000	289000	-1.75737714128787	-0.278416253579822	-1.76704600246649
289000	290000	-1.98209568089278	-0.711580754858327	-1.9352498268249
290000	291000	-1.54268483329776	-0.794310496231333	-2.12554733487031
291000	292000	-1.8528061286187	-1.20500862266529	-2.20761810128861
292000	293000	-1.53865750182444	-1.36138534387042	-1.91964688143517
293000	294000	-1.7512520406572	-1.74630559687928	-1.99681915083206
294000	295000	-1.68170364211718	-1.70190510965324	-1.52361996559398
295000	296000	-1.71491691128223	-2.16889623512258	-1.6821045752609
296000	297000	-1.80536073851154	-2.15620667029453	-1.17482726012635
297000	298000	-1.41422215752268	-2.47769317360076	-1.37531988878316
298000	299000	-1.36446215657745	-2.44227542010128	-0.872770532922178
299000	3e+05	-0.959483284898245	-2.61498232480793	-1.17112661650636
3e+05	301000	-0.747480846389154	-2.40141500511561	-0.779184236886147
301000	302000	-0.662677042153895	-2.8611267134716	-0.826325652386355
302000	303000	-0.440764218636316	-2.75152055244066	-0.345440375368196
303000	304000	-0.164143702056194	-2.97076987710836	-0.730358087590099
304000	305000	0.265236174493887	-2.77245570560069	-0.4897301213414
305000	306000	0.160948284013456	-2.59107459180851	-1.07642917041778
306000	307000	0.176655016793576	-2.20319748750799	-0.656378118279637
307000	308000	0.010589173969364	-1.84398884797076	-1.05529048154189
308000	309000	0.588643265774453	-1.76869904734731	-0.802914402455121
309000	310000	0.812096625789482	-1.38896240874403	-1.24727538992598
310000	311000	1.42953247163483	-1.39890592993785	-1.11982309368486
311000	312000	1.38965608187815	-1.0744410270226	-1.64157975796652
312000	313000	2.01525467315094	-0.860651517851488	-1.64047253888903
313000	314000	1.76996066744591	-0.313865476625018	-1.61785658751555
314000	315000	2.26099217523885	-0.143967285724025	-1.34010243175645
315000	316000	2.14155800228521	0.32445246530377	-1.15481839651466
316000	317000	2.2769263427147	0.855703846903738	-1.06285781457969
317000	318000	2.63998955917039	1.10814528483228	-1.30282893299694
318000	319000	3.00017653890234	1.53753726812715	-1.46463411695266
319000	320000	2.41510742899552	1.60771256093069	-1.4264544380696
320000	321000	2.09468178602795	1.32977259792911	-1.55116159135289
321000	322000	2.2105900288867	1.61127622920121	-1.824165276055
322000	323000	2.53950877012633	1.27811195083699	-2.02086425126268
323000	324000	2.3024334708262	1.59706903523147	-2.30003467423199
324000	325000	2.03875719307391	1.19254609563787	-2.20192160277704
325000	326000	1.88519163725317	1.44333423038933	-2.54475243525357
326000	327000	1.65935308544269	1.47390267781419	-2.10143549041598
327000	328000	1.59318621135997	1.74808547502417	-2.42914460341677
328000	329000	1.80894530161158	1.89240145874236	-2.1152293255113
329000	330000	1.55270260017917	2.24904343404109	-2.32126750407016
330000	331000	1.87716926682541	2.32824523847435	-1.97736422049802
331000	332000	1.49677591304348	2.12325886105727	-1.76520699410771
332000	333000	1.7935890778844	2.35080596307176	-1.49429205029173
333000	334000	1.40083052114246	2.65331405499567	-1.70425001199171
334000	335000	1.41547746662278	2.61000907934783	-1.16043956386826
335000	336000	0.902966849520953	2.53078247304438	-1.48468027638183
336000	337000	1.03449186242006	2.1278198199839	-1.19170264050249
337000	338000	1.28917365012704	1.7140516699235	-1.37934684287863
338000	339000	1.74350926723556	1.83654165600619	-1.17170341960746
339000	340000	2.18329808820129	2.12244754877637	-1.01207258069298
340000	341000	2.33380356718735	1.68045689967996	-0.744117124417841
341000	342000	2.84018251675696	1.76055705127187	-0.555977637609214
342000	343000	4.41175306881299	2.35226121863118	-0.0574631981611456
343000	344000	3.07511095488809	1.28787564564159	0.266840600988025
344000	345000	2.94138765401504	0.835796487215099	0.352272901771319
345000	346000	3.08651600312361	0.791442324803617	0.796313406978477
346000	347000	3.01859991676817	0.305451064952587	0.574545054660409
347000	348000	2.99235607866945	0.387086408976611	1.00308642288185
348000	349000	3.02190433871672	1.99327259416093e-05	0.912196902381564
349000	350000	3.10511692619227	0.054665977900688	1.25892985840273
350000	351000	2.74475323893305	0.0931120775021029	1.20036439705336
351000	352000	2.93010032183944	0.331373071692832	1.53721439224543
352000	353000	2.50776144867112	0.424801826476249	1.37145698442222
353000	354000	2.72385027941213	0.894520870054683	1.39015484593678
354000	355000	2.11986700329018	0.772495180520248	1.27918685136692
355000	356000	2.19192241936146	1.28823223065957	1.1628539565881
356000	357000	1.6838080296752	1.10103505498138	0.812164533890672
357000	358000	2.16564663074701	1.60796065759107	0.607401176926056
358000	359000	2.12235591190249	1.24649568486746	0.15261243677999
359000	360000	2.62048414046388	1.41410461456401	-0.101314210658011
360000	361000	2.46346746270844	0.750673386277893	-0.136051556179884
361000	362000	2.92056508069465	0.858154757729898	-0.474654634175658
362000	363000	2.70655241592438	0.334479388126833	-0.63927388550898
363000	364000	2.93604119855042	0.577346151993121	-1.0770857098663
364000	365000	2.7918517747132	0.433629368023376	-1.56069669930776
365000	366000	2.36099273212418	0.56076412872202	-1.67911011754576
366000	367000	2.41185598469031	0.480070925753485	-2.11715736024329
367000	368000	2.05111341337537	0.18275978104895	-1.99332596093618
368000	369000	1.95673606774595	0.376765024176485	-2.42316757065498
369000	370000	1.82213331321828	-0.0776882465526461	-2.52479371619434
370000	371000	1.35236037548717	0.104041015781178	-2.23824671430831
371000	372000	1.17690013528912	-0.047228722821588	-2.65985774884931
372000	373000	0.929881234726348	0.410915780942292	-2.82460342833195
373000	374000	1.39926793559337	0.709755595411873	-2.88477186239838
374000	375000	1.10893543836225	0.960175402264868	-2.49702647624956
375000	376000	1.61705479354602	0.893955638029245	-2.35843733571661
376000	377000	1.34905877371243	0.740887430478653	-1.93071065513825
377000	378000	1.77688511215531	0.819984004582866	-1.65058608336142
378000	379000	1.43722247977272	0.42029792357816	-1.3216346450129
379000	380000	1.60779130158879	0.922230576561513	-0.938751815471222
380000	381000	1.8259724632722	0.460289830306287	-0.528703619814705
381000	382000	1.61870139365637	1.09911498098721	-0.313433186268132
382000	383000	1.44058005469839	0.764000657245674	0.184967687879479
383000	384000	0.89077636463554	0.918983177126821	-0.027774886637237
384000	385000	0.882256758214151	0.301091194867082	0.159846516279263
385000	386000	0.57430526270203	0.0906845023283953	-0.421115148859784
386000	387000	0.206847525527154	0.00967798777943326	0.17161486938128
387000	388000	-0.128575903443357	0.0121562108174693	-0.424205417555172
388000	389000	-0.599313170898988	-0.143637013942672	0.00833843835712803
389000	390000	-0.44607484747073	-0.663133679203739	0.214543057616362
390000	391000	-0.776043887691502	-1.14432384536027	0.379836444820758
391000	392000	-0.0994949239340576	-1.18955533460046	0.583968053337414
392000	393000	-0.232000399709389	-1.7456016137295	0.332078014447033
393000	394000	0.363868227028195	-1.88076773717032	0.429445847196354
394000	395000	0.117781766422861	-2.43785249973499	0.474320996955219
395000	396000	0.598176859864488	-2.76154521989159	0.485429901246863
396000	397000	0.832927444516337	-2.53548023044043	0.845058422715669
397000	398000	0.791784936711225	-2.11621839677341	0.995870852202671
398000	399000	0.780750673600496	-2.19260357863506	1.4034937844983
399000	4e+05	0.964040820754353	-2.54310676640438	1.35191130545404
4e+05	401000	0.57445736640873	-2.66672213747778	1.36587392944804
401000	402000	0.368817082758591	-2.37752504006972	1.55474877551386
