0	1000	2.17777067346901	-1.12136764219272	1.69124311196936
1000	2000	2.13542226671286	-1.11187606958826	2.19185853869437
2000	3000	1.8833431444998	-1.54791420752664	2.08259480110319
3000	4000	1.70528637286203	-1.48554087686771	1.64296125954409
4000	5000	1.5990212410338	-2.01531213838183	1.78881831398369
5000	6000	1.33187007497712	-1.79320836122277	1.24573607867269
6000	7000	1.05456647242046	-1.64852017999082	1.92040026771091
7000	8000	1.0625473918017	-1.04310355350487	1.60011552277811
8000	9000	1.37718897737977	-0.655804201387344	2.16903752222993
9000	10000	0.936032065421768	-0.260844764312342	1.8192124023422
10000	11000	0.716237080780391	0.313372739528142	2.0139278444902
11000	12000	0.263000794268625	0.480392756665751	2.49710715374566
12000	13000	0.308535459852392	1.20083188488419	2.30126667019569
13000	14000	0.0785717382597954	1.31566548096378	2.90190123061247
14000	15000	-0.363009350788818	1.46522956924749	2.50462796220511
15000	16000	-0.648945810034252	1.38073109861851	3.01841318477295
16000	17000	-0.705970458387686	0.933588366335116	2.75559342013872
17000	18000	-1.0970215855929	0.935725181208261	3.12982527002453
18000	19000	-1.60594196553219	1.01520744975587	3.37650505328629
19000	20000	-1.67849684113244	1.02937785634143	2.81649289880983
20000	21000	-1.30817596702864	0.935789236168494	2.68660943268333
21000	22000	-1.43134711785132	1.25187898319149	2.4169651655818
22000	23000	-1.24231522222715	1.56772128316769	2.7322781504422
23000	24000	-1.08315222425412	1.70934768396501	2.1850862193752
24000	25000	-0.638766234926697	2.13798937130643	2.36859360778975
25000	26000	-0.235940795676948	2.04595580062545	1.84376416337412
26000	27000	0.0712520840444699	2.58456596224239	1.67659893396998
27000	28000	0.167295056615577	2.45637122603711	1.02639193963352
28000	29000	0.0873883267559898	2.99259426824573	0.615929537066655
29000	30000	-0.290848134686454	2.52928585801489	0.283254594860661
30000	31000	-0.628849755617068	2.9984960731144	-0.0985435103000521
31000	32000	-0.845284626261997	2.38504488903276	-0.249699037886554
32000	33000	-1.23408251850436	2.78339962339457	-0.494233212344472
33000	34000	-1.30780656663584	2.26564019899753	-0.717235506776411
34000	35000	-1.59730048140571	2.62962981713502	-0.93266326250234
35000	36000	-1.69587013294317	2.42165514222862	-1.38719402012472
36000	37000	-1.17069182055865	2.42742739636452	-1.64520415752766
37000	38000	-1.35108630625878	1.90378794134314	-2.02520034837479
38000	39000	-0.770265702986181	1.86058701185987	-2.24203431320966
39000	40000	-0.695955239933807	1.3269104320688	-2.53417568427409
40000	41000	-0.107806652774441	1.32453877158096	-2.5514264615281
41000	42000	-0.0482514282926105	1.1976150640033	-3.11071250772825
42000	43000	0.100623356038781	0.792332822979147	-2.77823783978415
43000	44000	-0.150226414009455	0.613085154389272	-3.19690481043445
44000	45000	-0.101323904454808	0.271941218588612	-2.79336176156062
45000	46000	0.223689506001113	0.16232945282379	-3.25702859884298
46000	47000	0.508826546283137	0.244791338063583	-2.67166411878774
47000	48000	0.793626801978208	0.215417289291472	-3.11316008764393
48000	49000	0.95754511643607	-0.254019625235388	-3.02770271762765
49000	50000	0.950581160079882	-0.810403205550864	-3.19882673937985
50000	51000	1.38491006490668	-0.458123516798436	-2.52049385670376
51000	52000	2.10459587592011	-0.458805626287026	-2.59179204526638
52000	53000	1.94047052480694	-0.97970908997074	-2.33358873460855
53000	54000	2.22583079800429	-1.3025484690073	-1.99117216897964
54000	55000	1.69711990916815	-0.946013013304609	-1.69239662097495
55000	56000	2.22430719881139	-1.11002667840953	-1.30707595875018
56000	57000	1.62084903863526	-1.43086706653069	-1.19414863498302
57000	58000	2.25078479813945	-1.96702743481155	-1.49786187348645
58000	59000	2.02341993256409	-2.94053513733901	-1.4972049075539
59000	60000	1.5167417848882	-2.83872391778069	-1.23130179779119
60000	61000	1.1384985787791	-3.11605732145882	-1.02316146169281
61000	62000	0.88982803506378	-2.51707561003352	-0.982034557422551
62000	63000	0.695128188528572	-3.15121496907304	-0.630682017319946
63000	64000	0.535232147268444	-2.50367484768478	-0.482468577737489
64000	65000	0.305514551634487	-2.96216144022662	-0.0805628328377726
65000	66000	0.074099787283735	-2.21913533030347	-0.0476102073497014
66000	67000	-0.153515749210897	-2.41737739840367	0.54151627763267
67000	68000	-0.652769007319265	-1.92007567149708	0.563573424381483
68000	69000	-0.587533586760401	-1.72631377212749	1.24531598123199
69000	70000	-0.827276871190904	-1.08540989708716	0.963040628961712
70000	71000	-0.309487983663123	-0.699991960991341	1.32198316316731
71000	72000	-1.07275832443193	-0.373973379238925	1.30095480019117
72000	73000	-0.600706652261639	-0.185526139488342	1.89019527547326
73000	74000	-1.16095239626411	0.0722386381200923	1.98518321272318
74000	75000	-0.639641001724065	0.281829912710892	2.51596515520985
75000	76000	-1.00085503248124	0.77758937436014	2.06682479807367
76000	77000	-0.363969964604408	0.86453544174149	2.07226154306058
77000	78000	-0.371194727486523	1.28569919956469	1.59698226158436
78000	79000	-0.736543428770932	1.72812376498299	1.32841314249021
79000	80000	-1.08432477737068	2.29901033861252	1.42951230198237
80000	81000	-1.17765856416054	2.16895519050436	0.784549428368235
81000	82000	-1.30169844738017	2.54298886188211	0.342373430184375
82000	83000	-1.95420068607161	2.45587117423779	0.392666466619984
83000	84000	-1.87396263722316	2.69474560627294	-0.19642207726371
84000	85000	-1.743095493507	2.25599833028328	-0.258940302678756
85000	86000	-2.14820917949102	2.34909667656036	-0.588245657345729
86000	87000	-2.15312986295702	1.95532359450456	-0.355195886007918
87000	88000	-2.61636114799397	1.94324593289817	-0.607406010277091
88000	89000	-2.21546503356879	1.51915548207364	-0.680419857012291
89000	90000	-2.29693297704296	2.02148061198941	-1.16129002220381
90000	91000	-1.76123853212393	1.73472723447876	-0.939661695451296
91000	92000	-1.44994573562531	1.87877421745668	-1.34646110817365
92000	93000	-0.948752748612372	1.58977083004663	-1.50038182652853
93000	94000	-0.499864035222003	1.99292654497835	-1.24915536882079
94000	95000	-0.273545270591123	1.40977250188519	-1.67794931167716
95000	96000	0.27805065092122	1.6142564270926	-1.29574989854821
96000	97000	0.599628780935605	1.11549206722884	-1.65044041233851
97000	98000	1.05208333644975	0.863487767354172	-1.24254338878345
98000	99000	1.61417536340543	0.623706679353459	-1.43891428693978
99000	1e+05	2.2292151503924	0.585764049427495	-1.23001137509941
1e+05	101000	2.58976031183159	1.12229160796488	-1.04549709282599
101000	102000	1.9719575510158	1.35769105372478	-0.813715484266111
102000	103000	2.25004389794652	1.66400774289647	-0.397800564392582
103000	104000	2.89580851473073	1.79213828201635	-0.28204693017791
104000	105000	2.71652936596577	2.13749757949236	0.169761386536035
105000	106000	2.25004452418204	1.94528648268321	0.388462357430665
106000	107000	1.93812455365165	1.93907008403918	0.801360466472909
107000	108000	1.77670514278474	2.11121372006494	1.294366343681
108000	109000	2.10919462323846	2.21657796389716	1.72316117457338
109000	110000	2.1667027532076	1.68718266175445	1.61583727032213
110000	111000	2.62374333855159	1.97912767923891	1.50926007599952
111000	112000	2.32927899781445	2.07735210780399	1.17184719289604
112000	113000	2.72630388255345	2.12622895905771	0.955067927469888
113000	114000	2.4593527641495	2.49052966991771	1.03536937482318
114000	115000	2.81586190972023	2.49553266904747	0.650314016431029
115000	116000	2.36145989570336	2.51982298622743	0.585380559320249
116000	117000	1.93060792172661	2.49372107856394	0.553289457640189
117000	118000	2.14042282011686	3.03917742307773	0.458364278339434
118000	119000	1.97708578751176	2.58826086933856	0.00697932491941201
119000	120000	2.09774707052997	3.06881535895416	-0.105762723085661
120000	121000	2.03079031121001	3.0546518356167	-0.610061577839021
121000	122000	2.38516905763904	2.75577150653618	-0.392019014582451
122000	123000	2.28511444277276	2.32390872047062	-0.367410536758319
123000	124000	2.70797628040047	2.58963215523813	-0.746491844548406
124000	125000	2.6017962634348	2.07371501251126	-0.810683953662407
125000	126000	2.43848534846216	2.1276093733995	-1.28382441985701
126000	127000	2.18540274118017	1.63494302027354	-1.45086708484544
127000	128000	2.27710220904737	1.33841100760184	-1.90618373472851
128000	129000	1.9000537954844	0.953207577755882	-2.14385283544137
129000	130000	2.26127859797338	0.428687806047887	-2.2572813745934
130000	131000	1.70862435549533	0.27939788858408	-2.24460544846283
131000	132000	1.70104505805585	-0.187443491738786	-1.89290542792606
132000	133000	1.0184745001428	0.0133963476205567	-2.05621993972969
133000	134000	0.831415248766404	-0.598406056169796	-1.97983178954372
134000	135000	0.454913410511905	-0.582772261718238	-2.52155514675189
135000	136000	0.235911083632648	-1.18215511629556	-2.47224099301872
136000	137000	-0.156046958757969	-0.862378637646189	-2.8867763515492
137000	138000	-0.401490837289472	-0.507573795611664	-2.37537982061848
138000	139000	-0.757086290947139	-0.242068990993392	-2.86030323937255
139000	140000	-0.918653612622699	0.319769161528417	-2.61058087509363
140000	141000	-1.50752545246741	0.110675077624826	-2.51613343404936
141000	142000	-1.88717278435298	0.387252033094193	-2.09810498444997
142000	143000	-2.23283642935304	-0.137936105005166	-2.03667367271331
143000	144000	-2.59991051507897	0.14171134981256	-1.65615639843837
144000	145000	-2.10945562117987	0.152439457428834	-1.27586879517185
145000	146000	-2.93817970368592	0.148116272296117	-1.12407838965799
146000	147000	-2.41182904832257	-0.288963430554078	-0.995330300226552
147000	148000	-2.5643475370301	-0.221922334098344	-0.34730334883673
148000	149000	-1.8843110061852	-0.34708151332431	-0.227427321829946
149000	150000	-2.25837280639972	0.0267109581344606	0.368913623507986
150000	151000	-1.73831760276386	0.197960670253777	0.549463562904204
151000	152000	-1.37844941855347	0.575477096866895	0.811154571941574
152000	153000	-0.773951737354143	0.676511761685999	0.766358279999846
153000	154000	-0.099927402238468	0.869041889011028	0.647374437280348
154000	155000	-0.120549252952552	1.60997668705986	0.634764842508624
155000	156000	0.267330155721236	1.53367736116255	0.0477984887965702
156000	157000	0.194229131165584	2.17136245629836	-0.324005341887331
157000	158000	0.714265774470957	1.71151412054331	-0.560696434155303
158000	159000	0.953949435006598	2.19445435728931	-0.953160116673803
159000	160000	1.27870056631403	1.58442457806907	-1.10398485954857
160000	161000	1.50872461487023	1.7860061163232	-1.70275326748794
161000	162000	1.29301178736681	1.49654708062372	-2.13750024799576
162000	163000	1.17981332946684	1.537648560519	-2.72413351775121
163000	164000	0.940612519999435	0.982367890632388	-2.45409580379258
164000	165000	0.930985548597462	0.905179191746715	-3.05143595293054
165000	166000	1.30629441175954	0.600477869791944	-2.84220213518456
166000	167000	1.31012533252483	0.382805033338022	-3.27004035312533
167000	168000	1.4346051072922	0.0786701549865018	-2.89879815049193
168000	169000	1.44904003663101	-0.106982680809013	-3.38220724533563
169000	170000	1.62672358951642	-0.403105611510505	-3.06129136353323
170000	171000	1.53363165186245	-0.908965056235803	-3.01487697470351
171000	172000	1.32151603166362	-1.08848723404062	-2.5740502305876
172000	173000	1.47974220541087	-1.59104038934118	-2.51169690582642
173000	174000	1.39018167214452	-1.6549144957644	-1.98298573000916
174000	175000	1.70247217572509	-2.1106926062299	-2.01648520606222
175000	176000	1.42771406167484	-2.08373720156323	-1.53013049028628
176000	177000	1.80826723624766	-2.35654084043265	-1.40424767133142
177000	178000	1.56889907462558	-2.15799065900463	-0.957694385817456
178000	179000	2.15542125036767	-2.34236783968951	-0.893794776976271
179000	180000	2.06945262226519	-1.79085998023692	-0.715236947346478
180000	181000	2.66822182188948	-1.71081252376289	-0.556516820326883
181000	182000	2.2907319497374	-1.26921155218587	-0.274256467243702
182000	183000	2.71932278197812	-0.854324118889415	-0.0336210543190458
183000	184000	2.6541901269037	-0.771415301328089	-0.671585199154427
184000	185000	2.50537484583702	-0.191357349314499	-0.902859913093664
185000	186000	1.82376438739001	-0.375449761541871	-0.875322026403216
186000	187000	1.33100137135276	0.00995316500268588	-0.610541538098292
187000	188000	0.672183008856922	-0.0548301313023209	-0.816119314637783
188000	189000	0.116435188946151	0.336809774245907	-0.834957365557145
189000	190000	-0.183798726275215	0.194824318372914	-1.47226178263789
190000	191000	-0.829138492982227	0.437180138262744	-1.27642691629822
191000	192000	-0.954379647852852	0.169823848147883	-1.87132787576294
192000	193000	-1.37781495023375	-0.288164819907758	-1.72018913282792
193000	194000	-1.38632768195332	-0.949872712615325	-1.94135805827747
194000	195000	-1.21742256915278	-0.893471234249349	-1.23487960719496
195000	196000	-0.961381584948758	-0.770709020776677	-0.635418198937372
196000	197000	-0.519872572441357	-0.802603462242035	-0.124565359062053
197000	198000	-0.720706730044572	-0.182025891421705	0.16817173178803
198000	199000	-0.318039514532493	0.318338294781549	-0.142753633575675
199000	2e+05	-0.84154503629696	0.790770030925678	-0.118837173105011
2e+05	201000	-0.682134330351641	1.49469467091684	-0.232611988638815
201000	202000	-1.38170798827827	1.41438652434079	-0.191631556500606
202000	203000	-1.1504405385848	1.26089661717456	-0.825671101969408
203000	204000	-1.60846520081314	0.863672739257749	-1.04540080146847
204000	205000	-1.48462034554689	1.07388539866077	-1.69336955083059
205000	206000	-2.02986972897224	1.22860865192152	-1.78210522626406
206000	207000	-2.47704720846954	1.41034626398375	-1.47636371294867
207000	208000	-2.36689153184373	0.902970805342703	-1.21757216537439
208000	209000	-2.88944164532959	1.09261320473114	-1.1403990925676
209000	210000	-2.74242374617872	1.24254973872488	-0.629396935548844
210000	211000	-2.91106530393945	0.756527756533265	-0.709425239423315
211000	212000	-3.04946437544118	0.498682484242096	-0.291962221388322
212000	213000	-2.40541947996481	0.563422106497689	-0.419762423308747
213000	214000	-2.73479247850532	0.893644831905726	0.110255046992209
214000	215000	-2.08492255115697	1.02297017577606	-0.087099742826662
215000	216000	-2.54105295684146	1.57417536563935	0.224168352452611
216000	217000	-1.88962595059776	1.5424712634104	0.436273683092718
217000	218000	-2.23007372259006	1.64621222042057	0.938794111879228
218000	219000	-1.76277037192506	1.37454639115773	1.258627670013
219000	220000	-2.1060624513205	1.2188805156168	1.76961287632223
220000	221000	-1.72890638117563	0.700319120179412	1.69799061703491
221000	222000	-2.29742763120745	0.462549098927067	2.00159265522476
222000	223000	-1.80391470289858	-0.0732975258124112	1.74489971937122
223000	224000	-2.15479387848553	-0.216769527421225	2.19156483519002
224000	225000	-1.60517558913894	-0.355427482719829	2.35342681589179
225000	226000	-1.60199100865766	-0.243897479778991	2.81287690469944
226000	227000	-1.33101866923959	-0.439843618759113	3.23790458118307
227000	228000	-0.994575387591373	-0.155030014870128	2.85101737143565
228000	229000	-0.97765395270167	0.293195296849518	3.17871066568793
229000	230000	-1.43317755991263	0.336516038701719	2.58663020873635
230000	231000	-1.58015454608463	0.368442559546435	3.06020635625855
231000	232000	-2.04167195860006	0.34118920300512	2.75340973712867
232000	233000	-2.03110560695229	-0.036678579625382	3.14691003644297
233000	234000	-2.1910250324665	-0.20144570799837	2.73237150810063
234000	235000	-2.19980568440756	-0.630037804291381	3.15661387842146
235000	236000	-2.06450311869876	-0.67724931090997	2.57116402224801
236000	237000	-2.02834591422997	-1.12200673941877	2.74829577441834
237000	238000	-1.48707940132303	-1.06697698547045	2.77331703054468
238000	239000	-1.30661991270354	-0.904040931302671	2.25535781782477
239000	240000	-0.792271393729607	-1.11605518157771	2.08941126908033
240000	241000	-0.319684739338344	-1.58433397247135	2.35660416326688
241000	242000	0.141074396344901	-1.539492707537	1.91641073591442
242000	243000	0.0264671894646648	-2.13959819034979	1.61626984785066
243000	244000	0.491497484202793	-2.32176731032095	1.19072233506314
244000	245000	0.561428107264273	-2.76173559618006	0.770372005295948
245000	246000	0.978518246556735	-3.00789899862429	0.414113136744626
246000	247000	1.07355677785147	-2.54505713316143	0.0849451635924496
247000	248000	1.29665470806763	-3.07745672537065	-0.184704482709068
248000	249000	1.21140067039077	-2.66715232452083	-0.476941195186345
249000	250000	1.6546804089578	-2.90539189951431	-0.576647864320735
250000	251000	1.65289436738649	-2.47488999491803	-0.429362009248997
251000	252000	2.02059099837216	-2.73029264029808	-0.255225719430644
252000	253000	1.81644682849168	-2.47694764630485	0.0892757249054636
253000	254000	2.20556263132388	-2.25390854040919	-0.116383171221863
254000	255000	2.30124894733809	-2.36679733722049	0.462482766016979
255000	256000	2.72059297354506	-1.90467115269748	0.214300458182776
256000	257000	1.95273026472868	-1.73543773322451	0.264157740636818
257000	258000	1.47888676101756	-1.37809595237623	0.0205020510397381
258000	259000	1.84209444100575	-0.773409724696409	0.176851663429942
259000	260000	1.51894413187766	-0.622718595023387	0.775741277275717
260000	261000	2.11454180209184	-0.171024743944233	0.822112867637481
261000	262000	1.64404252030137	0.329451433576588	0.723462688036793
262000	263000	2.23921525905905	0.340779981244537	0.280837662073531
263000	264000	2.15587402042137	0.915644658373	0.00050456870416811
264000	265000	2.82298618957339	0.745711667242142	0.315703388174902
265000	266000	2.82830991466824	1.29931832132696	0.508126882450766
266000	267000	3.06467292271417	1.1337667494551	1.11407494541266
267000	268000	2.61821062248952	1.48034531744516	1.06181799813752
268000	269000	2.46842668008036	1.09036097226814	1.49556462764902
269000	270000	2.12428645758156	1.09599911374579	0.909899794903326
270000	271000	1.606488903786	1.3751998260553	1.22909468721684
271000	272000	1.43819286621875	1.30847358927238	0.528506242437
272000	273000	0.90927859399285	1.67402920882524	0.8711592559259
273000	274000	0.84441959551579	2.01280520755752	0.306671832268287
274000	275000	1.40250434073356	2.1553969275805	0.252152649898214
275000	276000	1.40982021561965	2.62466163117925	-0.139725757345839
276000	277000	1.61236718024479	2.09994129156876	-0.429606505689904
277000	278000	1.59921567562818	2.73533733640111	-0.851668973000204
278000	279000	1.85374449076411	2.2455192446641	-1.02962245764847
279000	280000	1.74913462334114	2.64296037430021	-1.57499961286722
280000	281000	1.2112020351789	2.35235466791226	-1.60174571449522
281000	282000	0.85253560237329	2.39362271343633	-2.02781910911676
282000	283000	0.626643905139953	1.87860151066326	-2.15023534147534
283000	284000	0.173948574325062	2.06423704887462	-2.44059571661243
284000	285000	0.067754991351214	2.07805214162413	-1.84000545769078
285000	286000	-0.0359298725617468	2.67450338408871	-1.91852394230422
286000	287000	-0.237194685099455	2.74631072848846	-1.29993589347011
287000	288000	0.407038223894785	2.92744108100202	-1.110857342513
288000	289000	0.411861197819663	2.87076874804363	-0.511053645988593
289000	290000	1.02921820991225	3.09810087629921	-0.506727158570916
290000	291000	0.895290921607355	2.907896101065	0.0531750537616843
291000	292000	1.34838940561458	3.15736648912843	0.402378853178155
292000	293000	1.01749104847497	2.70242191944345	0.706977745455117
293000	294000	1.50209553971063	2.81324604809113	1.10512866372072
294000	295000	1.11093052030352	2.36107990263705	1.23009259718323
295000	296000	1.26880211811168	2.58842636206578	1.708395254019
296000	297000	0.768304926254985	2.19164823284982	1.76358322056424
297000	298000	1.2251473284647	2.00908419644028	2.17069498970961
298000	299000	0.95275003872528	1.49792575862542	1.92813514272189
299000	3e+05	1.08013680616691	1.42995782270773	2.54731400131452
3e+05	301000	0.987723145255882	0.893156572018682	2.43617446326972
301000	302000	0.784916036913787	0.645045076170644	2.93143691403641
302000	303000	1.16292349301689	0.177366791180992	2.71952698764662
303000	304000	0.878993206736961	-0.313956092878218	2.91809807820121
304000	305000	0.741892752178622	-0.746147114817438	2.48387989535125
305000	306000	0.214509330274908	-0.692045165663526	2.82581135611944
306000	307000	-0.21411558400573	-0.576694529824091	2.35322873516112
307000	308000	-0.529505090475361	-0.649207838277519	2.96757547328818
308000	309000	-0.814000158083432	-1.20951768976942	2.83835749283121
309000	310000	-1.11201460452286	-1.77480209114019	2.53144973707136
310000	311000	-1.67144051117319	-2.01600855641347	2.24572940284345
311000	312000	-2.10971168403284	-1.88554676434607	1.72119168376297
312000	313000	-2.10933352422658	-2.3173122059225	1.25852349373817
313000	314000	-1.6890541888262	-1.95705108164171	0.819460301121184
314000	315000	-1.87584029620329	-2.57010857960442	0.559821700844615
315000	316000	-1.46000338840792	-2.24586710099567	0.152067155042884
316000	317000	-1.76107304149449	-2.66279148253559	-0.23677503661341
317000	318000	-1.89298161291549	-2.20172295990973	-0.674582030850626
318000	319000	-2.51008235300749	-2.50599186153927	-0.926434445798332
319000	320000	-2.72827852122518	-1.87795574452731	-0.80092631160661
320000	321000	-2.41455231359712	-1.67337115955269	-0.518795566229937
321000	322000	-2.76348051555433	-1.878125184317	-0.316062632813369
322000	323000	-2.94064723832392	-2.30387717189178	-0.330117066728689
323000	324000	-2.38695178819879	-2.21918231009499	-0.262022695920578
324000	325000	-2.61550353116827	-2.39560999560191	0.11593614098517
325000	326000	-2.31890820647003	-2.0054588739426	0.220295321672871
326000	327000	-2.65625987486075	-2.13056707336607	0.576818991196543
327000	328000	-2.30711996785276	-1.76079499894888	0.709520710637159
328000	329000	-2.74016341316328	-1.78490687274117	1.01626885937992
329000	330000	-2.60494711853664	-1.26526046870506	0.841228165631087
330000	331000	-3.10143131697655	-1.48599215801246	0.556221718544685
331000	332000	-2.71286290171274	-1.40228249922504	0.223311283094684
332000	333000	-3.1251886135643	-1.409612863273	-0.0527285418163044
333000	334000	-2.75745207714043	-1.13805554712426	-0.333215240655888
334000	335000	-3.24545276158566	-1.02819039146955	-0.528644873261588
335000	336000	-2.83284220978488	-0.747524974267026	-0.721139453565332
336000	337000	-3.05117694448722	-0.924253130533558	-1.17121811867676
337000	338000	-2.45533088165453	-1.06005832343397	-1.04521219979723
338000	339000	-2.75549701238183	-1.47723942027509	-1.26619453965531
339000	340000	-2.20516033781852	-1.55264132917815	-1.38183512958866
340000	341000	-1.78350038648001	-1.89546339999003	-1.48308023303834
341000	342000	-1.55644979176124	-2.29870347345494	-1.8591194227246
342000	343000	-1.67733181678735	-3.50656907802454	-3.14492150576688
343000	344000	-0.653331814943528	-2.66705263610577	-1.89384769261243
344000	345000	-0.0910300065320483	-2.60861339821566	-1.74608856561647
345000	346000	-0.0585361853834194	-3.21415361067666	-1.38609463989417
346000	347000	0.327133469571099	-2.76907003665041	-1.26101155404606
347000	348000	0.635915410912376	-3.25998576081008	-1.28432050326257
348000	349000	0.694267202229282	-2.91048876336413	-1.63153421962962
349000	350000	1.1410924328494	-3.01674949610143	-1.65360561034457
350000	351000	1.01146133109448	-2.52872592511368	-1.55262266811107
351000	352000	1.23345294631938	-2.61384661009661	-2.03417521159111
352000	353000	0.908204329680378	-2.13896691658064	-1.92689844226081
353000	354000	0.578096847839975	-2.40080669037183	-2.32936764660716
354000	355000	0.278470425994279	-1.96765121976117	-1.84730118971251
355000	356000	0.156408918484727	-2.05820306546541	-1.2026001680108
356000	357000	-0.439447357564723	-2.24329255550613	-1.06143133116789
357000	358000	-0.466058151071774	-2.77725974010918	-0.810543020812491
358000	359000	-0.916386591529285	-2.92559490765211	-0.477318197875493
359000	360000	-0.396791741449571	-3.17675198569959	-0.0749512144907514
360000	361000	-0.814523854142159	-2.86667823263911	0.318574092699317
361000	362000	-0.697351818936425	-2.74968980919853	0.926177836444552
362000	363000	-1.26252524451288	-2.57230645441919	1.04177387584567
363000	364000	-1.24413284401236	-2.38445734833006	1.61801335962188
364000	365000	-1.48658925664528	-1.87357092022881	1.46331052791098
365000	366000	-1.4756952518181	-1.54407150901359	1.91406520233705
366000	367000	-1.78746412948574	-1.21287893819237	1.6732880699948
367000	368000	-2.20383098187462	-1.38164628951407	2.12610093982098
368000	369000	-2.16227722521272	-0.871528894237235	1.86749821502977
369000	370000	-2.71733084084163	-0.917653345687166	2.18532814042506
370000	371000	-2.59928050492286	-0.431917622973041	1.79579075150747
371000	372000	-2.74784367606128	-0.907598040329125	1.4609174060079
372000	373000	-2.82699349331789	-0.420500032450627	1.08608640157432
373000	374000	-3.23847324364388	-0.681464746511934	0.706363985875939
374000	375000	-3.18429714629566	-0.130555496771407	0.320466585931128
375000	376000	-2.89082043161922	-0.650704567677227	0.113933261421054
376000	377000	-2.30432769646148	-0.81804787207847	0.351189093035684
377000	378000	-2.03975873979954	-1.22153358966203	-0.0597536787302035
378000	379000	-1.49090431007226	-1.46126744475696	0.0352481899816256
379000	380000	-1.31835411234987	-1.71829562604926	-0.511260684177808
380000	381000	-0.96095564093633	-1.78150161674922	-0.999385452860659
381000	382000	-0.743570269447865	-1.61436501839451	-1.63888400384332
382000	383000	-0.10241608485682	-1.25436558570363	-1.50331890198995
383000	384000	0.287116193465988	-1.22513562235578	-0.951184607311549
384000	385000	0.294964983206005	-1.28627606329809	-0.271691725076542
385000	386000	0.586056363884124	-0.850871272187418	0.231732174893829
386000	387000	0.556509798234624	-0.594723127146063	0.877511937378352
387000	388000	0.724422406348244	0.0581725040754422	0.753226380960181
388000	389000	0.851139544981106	0.503927898428273	1.21716248907406
389000	390000	1.30501133213323	0.743979976548295	1.59046544593748
390000	391000	1.83598343286089	0.944241002386024	2.00547380099896
391000	392000	1.95462676717886	0.320265630492242	1.99658546890484
392000	393000	2.43795736150163	0.141451628881228	1.57583473830117
393000	394000	2.14728670700416	-0.414208703215834	1.69442266360655
394000	395000	2.63987468543984	-0.665515365149046	1.32293131565167
395000	396000	2.37765713716077	-1.04210697504139	0.941312501273003
396000	397000	2.604515252843	-1.55456536724032	1.02797051169492
397000	398000	2.21182703387831	-1.48577601824533	1.27837657772365
398000	399000	2.53266824639902	-1.612754952083	1.53091358770899
399000	4e+05	2.57601279671189	-1.24008031618003	1.49395772575153
4e+05	401000	2.60669312198841	-1.28242745529146	1.84768393764687
401000	402000	2.30416900795529	-1.50040419606739	1.85902286386141
