0	1000	-2.73820496170258	1.54276840079736	0.461604776858591
1000	2000	-2.99405014585348	2.09555070699917	0.537026912525514
2000	3000	-2.4346703028557	1.93822531261798	0.799919571034495
3000	4000	-2.49797454530563	2.53916664360862	0.903053092911658
4000	5000	-1.9515608103329	2.41739601367583	1.00529517347552
5000	6000	-1.6151211296047	1.83161823226518	1.07762422561991
6000	7000	-1.81388255640093	2.07735967526915	0.443936432755512
7000	8000	-1.53145453548876	1.53852922297856	0.175440874531919
8000	9000	-2.00800582264982	2.0340704679132	-0.401871129146813
9000	10000	-1.59538324726931	1.34869812043522	-0.709061770523913
10000	11000	-2.07848634661296	1.43585177437573	-1.31700061865569
11000	12000	-1.99883694936564	1.25085449841242	-2.05491809569184
12000	13000	-1.488267189057	1.42503626737902	-2.57954121554629
13000	14000	-1.01418651351123	1.25386096233568	-3.00363331182116
14000	15000	-0.427949349141727	1.41741891501346	-2.7968771666182
15000	16000	-0.116316531608954	1.22721874394304	-3.28042905973538
16000	17000	0.23674810508566	1.42808902974497	-2.80811366811708
17000	18000	0.580365939040684	1.19854288339459	-3.17729913286407
18000	19000	1.04292828301009	0.75842358410163	-3.17851255874924
19000	20000	0.471496651680601	0.632393838494562	-3.41085018703878
20000	21000	0.455226655666712	0.654317891286322	-2.95456727222648
21000	22000	0.0712852201509678	0.505887267592243	-3.15099045293398
22000	23000	0.403423573651148	0.060315580649695	-3.05807832204944
23000	24000	-0.232057720779365	0.038341629883002	-3.32189629642993
24000	25000	-0.0842947886725557	-0.564036772616586	-3.23205546898056
25000	26000	-0.632350580737586	-0.593219537013443	-2.84499954108508
26000	27000	-0.821307635512902	-1.30417881334656	-3.06885045507171
27000	28000	-0.977168120788971	-1.36374497520228	-2.29359310788105
28000	29000	-0.960491832729089	-2.11063458862317	-2.57324419743898
29000	30000	-0.512672779573406	-1.95839912158409	-1.99770388224103
30000	31000	0.00324997075129658	-2.3032521157499	-2.42251913703984
31000	32000	0.45643456491378	-1.95636139306424	-2.00753254690812
32000	33000	0.960511008571287	-2.38261635280671	-1.89427416332521
33000	34000	1.23104023178374	-1.95399833471911	-1.47051082519269
34000	35000	1.69156978236643	-2.52487534133757	-1.42833186583755
35000	36000	1.72710201252766	-2.51767147271763	-0.816712439731871
36000	37000	1.62839303339965	-3.07848164620505	-0.494161077790146
37000	38000	1.30092911466456	-2.82444394391427	0.0307779599144527
38000	39000	1.18757241052432	-3.26509741069896	0.557895198027032
39000	40000	0.675677208527178	-2.91226235228153	0.781332748495928
40000	41000	0.543056976664868	-3.51204396721096	1.04780369394588
41000	42000	0.108244002363456	-3.15361942518931	1.19828222649435
42000	43000	0.394714651137019	-3.22415862420275	1.65932344716327
43000	44000	0.781692131355982	-2.8691442071754	1.5655595194
44000	45000	0.602353428230841	-2.84903848456994	2.09260458188631
45000	46000	0.426266911013356	-2.26855639476085	2.08014859673119
46000	47000	-0.0662522257196412	-2.64307648684121	2.29815276838404
47000	48000	-0.399033928783701	-2.17769821244034	2.02876327721563
48000	49000	-0.577786285814965	-2.19608785934435	2.58775510100781
49000	50000	-0.277527045649926	-1.57876127460257	2.62854019155035
50000	51000	-0.909138294982445	-1.38175959944801	2.21671740354497
51000	52000	-1.66652150391882	-1.30973362375818	2.24941994816512
52000	53000	-1.67862479084119	-0.819605606317738	2.78518260908426
53000	54000	-1.7894032921542	-0.194577717417195	2.50370945949891
54000	55000	-1.09750571961003	-0.27082444387219	2.36777586150783
55000	56000	-1.17644983739603	0.0668059876462417	1.69603516104223
56000	57000	-0.634885545211977	0.35560353586083	2.08599083886461
57000	58000	-0.959882884426035	1.00144137662219	1.89238768071777
58000	59000	-0.593996051972186	1.2810421534031	2.37214876746933
59000	60000	-1.19763776220287	1.50931820608669	2.57279662040396
60000	61000	-0.955808659262318	1.70883865749784	3.0505126933907
61000	62000	-1.0700061166929	2.13989282793358	2.64373731717902
62000	63000	-0.535239801456365	1.94235260132286	2.56652141951839
63000	64000	-0.844682328057267	1.93158866654682	2.04381039568946
64000	65000	-0.237939975810966	1.77332413290812	1.83271675114101
65000	66000	-0.577841050903998	2.01341805887043	1.2860455467856
66000	67000	0.157094491959928	1.91615811008064	1.07418117781864
67000	68000	-0.193959004305684	2.31204261611777	0.510403631445679
68000	69000	0.0947797537919062	1.88180696001341	0.0131625521901097
69000	70000	-0.655106568192105	1.7925447591268	-0.322988630543083
70000	71000	-0.301624625603777	1.26786545543874	-0.765404011623074
71000	72000	-0.4642681323536	1.55989754536643	-1.36544182177376
72000	73000	-0.306310167179448	1.92052457005525	-1.88609844705404
73000	74000	-0.59810556119157	2.08149003090213	-2.48391297021419
74000	75000	-0.544396363891583	1.08623108774808	-2.19995714902997
75000	76000	-0.656273589520323	0.700536789202047	-2.79843927120254
76000	77000	-1.11582983216989	0.305315878269047	-3.08323808642757
77000	78000	-0.728601204693728	0.109257653541145	-2.1385089046073
78000	79000	-0.428607407207949	-0.459540758126659	-1.80884574295548
79000	80000	0.0385343648748819	-0.637750559206855	-2.35506274587139
80000	81000	0.051293118472842	-1.26735434648122	-2.73226575242727
81000	82000	0.686462471425698	-1.41060785681416	-2.65609004215988
82000	83000	1.15551687870993	-1.95241231525441	-2.65168652807905
83000	84000	1.45086278968671	-1.66505197314096	-2.09176780865232
84000	85000	1.85187220791829	-2.17400808760809	-2.05399843947975
85000	86000	2.0641810242648	-1.70116158519756	-1.7950664602322
86000	87000	2.19681434321939	-1.92513030590081	-1.37616065765079
87000	88000	2.71037347305167	-1.91528282255054	-1.425108019103
88000	89000	2.70916525393668	-1.3814604563727	-1.57895709149987
89000	90000	2.18501523093392	-1.10903441154504	-1.47549024191876
90000	91000	1.95360795174266	-1.3161726282101	-0.956562461318249
91000	92000	1.62901725054308	-1.80768513107308	-0.908038268343775
92000	93000	1.60334727205999	-1.88175318684413	-0.234410831087879
93000	94000	0.966221311978778	-2.32386542629945	-0.495597239791872
94000	95000	0.956209165935779	-2.13567766627611	0.281358591268366
95000	96000	0.185508463417695	-2.2733621038987	0.166637304087689
96000	97000	0.175298419190158	-1.91461269259948	0.775679174700843
97000	98000	-0.416828907288135	-1.70464983941746	0.977435753729986
98000	99000	-0.920573388559074	-1.59138095166871	1.48578521210465
99000	1e+05	-1.24345824197797	-1.54044138965805	0.75812181485371
1e+05	101000	-1.94231160630464	-1.7075592920257	1.04945109033486
101000	102000	-1.66251923781597	-2.08825429466814	0.279962260522966
102000	103000	-2.37583847783099	-1.90298067076352	0.528480265108813
103000	104000	-2.4543406875722	-1.82885712134214	-0.115553694775356
104000	105000	-3.13282770018996	-1.88349936515542	-0.525659617767748
105000	106000	-2.43383735558274	-1.87729556649868	-0.811893767373027
106000	107000	-2.09628843689906	-1.81737659258432	-1.32612285719019
107000	108000	-2.34184502678556	-2.22197305871861	-1.80041680293036
108000	109000	-2.15615858102402	-1.9379121220038	-2.22655007142599
109000	110000	-2.37892060933453	-1.52968372329448	-2.52081413875548
110000	111000	-2.14540525785709	-1.38375370022319	-1.98707813237687
111000	112000	-2.60348078470376	-1.15034100751853	-2.09784348488553
112000	113000	-2.63841939594256	-1.59991667175334	-1.75139319296069
113000	114000	-3.04896223871252	-1.38075939649867	-1.81979824298513
114000	115000	-3.30874289097939	-1.60541896114556	-1.41599152489794
115000	116000	-2.75222524999575	-1.53441059594297	-1.20262711212638
116000	117000	-2.85544595496514	-2.07115788628035	-1.38502927559665
117000	118000	-2.56661769584967	-2.58417810460292	-1.30699206180169
118000	119000	-2.83457752047981	-2.47819942813645	-0.792827690326989
119000	120000	-2.32617696632576	-2.52066305985049	-0.508962255073141
120000	121000	-3.01346298720772	-2.82839012793923	-0.274777123123829
121000	122000	-2.56329816024676	-2.58102503628936	-0.0363934338702356
122000	123000	-2.95070393447045	-2.2320234774762	0.192079631446333
123000	124000	-2.56626408561085	-2.75366434005593	0.539665348084252
124000	125000	-2.59470217881707	-2.36487247390396	1.09144048631774
125000	126000	-2.06571399817391	-2.79369249467773	1.08146265553395
126000	127000	-1.65585212513169	-2.34223343446473	1.29599113829934
127000	128000	-1.04861140105581	-2.3268578052054	1.07066446523831
128000	129000	-0.630197635534133	-2.7224879948978	1.34877422335987
129000	130000	-0.343662008002028	-3.12874332562529	1.78670393231201
130000	131000	0.0402359465595529	-2.53665802845606	1.46294741508249
131000	132000	0.606298375915746	-2.16564992830331	1.45447082870099
132000	133000	1.10837422920666	-2.4169789857815	1.14407481322263
133000	134000	1.70039594638205	-2.53458070317737	1.26882644227954
134000	135000	1.78321897901117	-2.80511650582081	0.631531596152292
135000	136000	1.9530218728687	-2.25121481881774	0.376421432228799
136000	137000	2.11359724575675	-2.57347214332956	-0.0817881831214257
137000	138000	2.47795471405939	-2.11098303492845	-0.056042829956768
138000	139000	2.41336494156682	-2.27049299207154	-0.65082471350564
139000	140000	2.44305411377654	-1.73486226144455	-0.505286564667563
140000	141000	2.85399689834406	-1.87642902755293	-0.800396636321038
141000	142000	2.60688348747591	-1.44385203142536	-0.97978935774424
142000	143000	3.20888198914564	-1.45088593229349	-1.09411942488297
143000	144000	2.94949060849575	-1.18565164829424	-0.723491537741746
144000	145000	3.17044482332701	-0.747691285864974	-0.837932212838086
145000	146000	3.12392444198546	-0.824098507311232	-0.266723113551355
146000	147000	3.68816500745705	-0.328291943088365	-0.343566562111686
147000	148000	3.18505030450312	-0.157856143973132	0.104581149704474
148000	149000	2.9792135797612	0.242226084191826	-0.1779678901675
149000	150000	3.02066012760752	0.107403824686843	-0.721124432175712
150000	151000	2.95377114928026	0.550280605817216	-1.14103040732877
151000	152000	2.33769881083799	0.406199451052163	-0.925126635475286
152000	153000	1.84750709710046	0.0271983785296045	-1.07923471611561
153000	154000	1.57287431270519	-0.229057218995094	-1.7057396405054
154000	155000	1.53359664356032	-0.477538783201929	-2.42467976517357
155000	156000	0.97063288777001	-0.829973814032731	-2.07738541446762
156000	157000	0.495786171990133	-1.02832134413534	-1.64634071179901
157000	158000	0.160608081636003	-1.59108257568266	-1.49831816298121
158000	159000	-0.446819599611998	-1.66719085347071	-1.19109111218816
159000	160000	-0.213318528195997	-2.07582139148507	-0.663002910954355
160000	161000	-0.654721086541294	-2.51469400569523	-0.397876175066055
161000	162000	-0.842848241173961	-3.32656856742791	-0.5221322150635
162000	163000	-1.09437893484905	-2.91537406677621	0.0466106014746595
163000	164000	-0.821489433775646	-2.69661172724094	0.571507818803804
164000	165000	-1.26406957530151	-3.06500539169106	1.00337778969559
165000	166000	-1.07505920731436	-3.38559578045266	1.51926702771661
166000	167000	-1.61729738278955	-2.96570240394681	1.66196464655467
167000	168000	-1.1968426164438	-2.61989667997055	1.85276123768777
168000	169000	-1.62447096147809	-2.28172239993795	2.10466278851423
169000	170000	-1.13639550846598	-2.49238219982136	2.44420058123495
170000	171000	-1.1850599317489	-1.91257214939688	2.58943370133278
171000	172000	-0.952142318090329	-1.48073373980022	2.90840723686466
172000	173000	-0.778397224625358	-0.884131315737818	2.87240771953047
173000	174000	-0.623628634875723	-0.268875718901635	2.98189894468409
174000	175000	-0.835966035168005	0.224019395961766	3.2122781126248
175000	176000	-0.677697506226378	0.688907149951616	2.92528810769051
176000	177000	-1.13158795962108	0.988551268399999	3.19931341630606
177000	178000	-1.17455905348823	0.846856367173016	2.59209955664574
178000	179000	-1.77593794396029	1.0036641753715	2.64962364347202
179000	180000	-1.77047819651082	0.57101179713253	2.08899239150951
180000	181000	-2.43939183563326	0.218598150272022	1.99183375163921
181000	182000	-2.21576682569732	0.0634143717395787	1.24746982590955
182000	183000	-2.64646556620304	-0.60444616987433	1.49652594982304
183000	184000	-1.96681930313489	-0.795432480247017	1.28921127931752
184000	185000	-1.31202293671535	-0.721247205139501	1.42684414847061
185000	186000	-0.599442870519262	-0.674488418511135	1.37104783120237
186000	187000	0.115924487058369	-0.787533888973562	1.31645278162127
187000	188000	0.87768501619336	-0.957312464710227	1.34369253122425
188000	189000	1.42174807559026	-0.761054730718808	0.97030872784519
189000	190000	2.16481310327054	-0.91851393234648	1.26026390563623
190000	191000	2.23371515045573	-0.572877928117471	0.56705292348377
191000	192000	2.91990273186202	-0.502068594253168	0.718503512449392
192000	193000	2.48383381316021	0.153122769467115	0.430463071163874
193000	194000	2.00952027983743	0.452142163102679	0.701601299771434
194000	195000	1.83446806619994	1.06287443830034	0.953684809349848
195000	196000	1.40514865378512	1.34891883100834	1.48648032405747
196000	197000	1.030571093572	0.802097294457708	1.39230753856811
197000	198000	0.729115620524969	0.74376825425453	0.699017023933919
198000	199000	0.612700079218886	-0.0241733584820625	0.632710536349375
199000	2e+05	0.149313652987722	-0.162175730825147	0.0033080293889747
2e+05	201000	-0.147972136251626	-0.913559718928647	0.0953635358111388
201000	202000	0.0728781121613273	-1.06200657038251	-0.674260864390126
202000	203000	0.646699709097607	-1.40907960875624	-0.28121433003459
203000	204000	1.03655076641377	-0.77136043354386	-0.559275830901997
204000	205000	1.60057470130971	-0.993570367229598	0.085037495820688
205000	206000	1.84058515785165	-0.595593453602432	-0.458158709253735
206000	207000	2.4410639629742	-0.874794978697752	-0.435312291063353
207000	208000	2.50812802907796	-0.456919284300237	-0.910323711717572
208000	209000	2.81713791225024	-0.697103202744168	-1.36235195078364
209000	210000	3.01968101950039	-0.232071552224252	-1.63785798191034
210000	211000	2.41442247152308	-0.119218165183249	-1.59115643710101
211000	212000	2.57208506663306	0.432906514849573	-1.80702159994634
212000	213000	2.01607875859526	0.64844869561945	-1.59296901673594
213000	214000	1.8298150408005	1.10537452391577	-2.03805145541835
214000	215000	1.26081302505655	0.914420646069231	-1.49571512313137
215000	216000	1.09280139552671	0.575103422529369	-2.13793502742024
216000	217000	0.41538489183164	0.401200929202246	-1.66860514100217
217000	218000	0.194425838670018	0.465476500045587	-2.30836701523695
218000	219000	0.170378129424903	1.12968563538415	-2.22927383861257
219000	220000	0.716223879956108	1.52143206714533	-2.32815634732349
220000	221000	0.491659510883878	2.17132050778062	-2.51884894424419
221000	222000	0.415011647080903	2.15784577377064	-1.81087663392162
222000	223000	0.226289763468618	2.81719052269721	-1.67671238325963
223000	224000	0.745398134742109	2.61981027151569	-1.22309104861119
224000	225000	0.771579145423892	3.19984433625925	-1.42559528794768
225000	226000	1.0845252179497	2.86205880179281	-1.52823014514911
226000	227000	1.01185930519208	3.20131812191151	-1.91032585501648
227000	228000	0.77480164187679	2.85026012397441	-1.88028409261818
228000	229000	1.06806257409664	2.78321467157226	-2.17906453166972
229000	230000	0.968692794181711	2.35251598354135	-1.93583805504356
230000	231000	1.35769129224272	2.52700185939152	-1.75883098388466
231000	232000	1.53925598145182	3.12276289826758	-1.69506436194978
232000	233000	1.82349581397554	2.69410559371873	-1.46715102842809
233000	234000	1.73142368143883	3.11504567693303	-1.19192759787852
234000	235000	1.4890236748358	2.66540697771158	-1.05774903538516
235000	236000	1.46471069315367	3.10399423878692	-0.796752169982676
236000	237000	1.25288357467464	3.48738120543574	-1.02230377775764
237000	238000	0.938052464695476	3.06408837043083	-0.757975274872303
238000	239000	0.557324529212011	3.37189753057329	-0.836542950768479
239000	240000	0.24879709156051	2.88769664413784	-0.870176430089031
240000	241000	-0.145637083535901	3.33392563781945	-0.499317988354928
241000	242000	-0.241951557559788	2.80299127515958	-0.11872522051203
242000	243000	-0.706529029996501	3.00794383278803	0.326056568355494
243000	244000	-1.07338150068093	2.65766316350694	0.787796786372469
244000	245000	-1.35691793676005	3.00710745285787	1.27385978892771
245000	246000	-1.41313351691828	2.43383118159859	1.5525401883381
246000	247000	-1.91870568312452	2.58484499379819	1.67710812391653
247000	248000	-1.63810475740603	2.11715185986316	1.90985612270071
248000	249000	-1.94154937506325	2.36671521126347	2.16372851311461
249000	250000	-2.07429934388909	1.92517242581616	2.06138738161479
250000	251000	-2.00574287203027	2.04552569256077	1.6589550964068
251000	252000	-2.41122947573488	2.2106012444668	1.7809991524208
252000	253000	-2.34479708574426	1.87280264740635	1.40208851585376
253000	254000	-2.62127707034829	2.23332207136921	1.34349195574108
254000	255000	-3.03959092855039	1.91336204936968	1.33096984679966
255000	256000	-2.99104776820536	1.52812863332724	1.85421051053599
256000	257000	-2.38625208457837	1.24773588376382	1.65913065613088
257000	258000	-1.83895592492927	1.06450080685364	1.39209589307287
258000	259000	-1.89096915116297	0.945234355372388	0.765497937824776
259000	260000	-2.22844919638305	0.98086685956115	0.138689995724678
260000	261000	-2.00562246084449	0.443732811303714	-0.160941208740599
261000	262000	-2.00307282107092	-0.197009113222808	0.114546063068002
262000	263000	-2.3626915014628	-0.730273685672664	0.349405277711394
263000	264000	-2.89072524235682	-1.1865473260465	0.266217626922772
264000	265000	-3.2719888476596	-0.615819613729178	0.205551297400665
265000	266000	-3.35840890878631	-0.734521207192748	-0.402169542729734
266000	267000	-3.43690511373013	-0.186940952955238	-0.818134890784666
267000	268000	-3.28240689200895	-0.82965427887324	-1.13345639005788
268000	269000	-2.70254864761762	-0.611781890769613	-1.38448533670613
269000	270000	-2.56016517960164	-0.892826550308185	-0.664864692135943
270000	271000	-1.90082226989206	-0.913812122720777	-1.03909165543287
271000	272000	-1.68492278171061	-1.32426407878829	-0.444548278968291
272000	273000	-1.20550732647153	-1.57689759739069	-0.986019416178868
273000	274000	-1.34353028407773	-2.19346804141713	-0.675625983548658
274000	275000	-1.72106807043626	-2.49526279499154	-1.10895760362874
275000	276000	-2.07159821354959	-2.97069798119873	-1.02243210042402
276000	277000	-2.27255270718302	-3.46760757464913	-0.526464119012549
277000	278000	-1.8328577799282	-2.91823213969541	-0.167491724433759
278000	279000	-1.81661556178606	-3.02534753322442	0.441937678042874
279000	280000	-1.39499393067926	-3.57412458904881	0.439560478562867
280000	281000	-0.748047871708298	-3.44741897867939	0.657781496868527
281000	282000	-0.19157434925412	-3.59476868754705	0.506500248156468
282000	283000	0.122895336197099	-3.08138244463169	0.363255266467837
283000	284000	0.612460387847058	-3.48215600657003	0.124287088461109
284000	285000	0.371204761602559	-2.92722705604351	-0.285912951078857
285000	286000	0.641948984472805	-3.29290107726883	-0.775372210512151
286000	287000	0.00535910552090577	-3.28779576202403	-1.07561568777644
287000	288000	-0.378667678582899	-2.74637400050872	-1.46751465774149
288000	289000	-1.05160326077661	-2.89479514508502	-1.63453078038314
289000	290000	-1.30441757607049	-2.25054289710623	-1.62600324688312
290000	291000	-1.73059084958293	-2.43245167149957	-2.09471501019919
291000	292000	-1.51150259985574	-1.62715749487421	-1.84498709940786
292000	293000	-1.60391563321256	-1.64626834060838	-2.59918811533606
293000	294000	-1.69368433035752	-0.960836766896095	-2.25486571099715
294000	295000	-1.67853524969592	-1.01686790073631	-2.94074789282124
295000	296000	-1.19335665426284	-0.767600534854964	-2.6190055956514
296000	297000	-1.30615485448059	-0.440080825033144	-3.26851781898831
297000	298000	-1.45665585536539	-0.193935502027101	-2.44394945499311
298000	299000	-1.88780358967372	0.298174742432665	-2.69080766049236
299000	3e+05	-1.51298058116748	0.559280092030334	-2.19864936766166
3e+05	301000	-1.19695631755508	1.07280687622554	-1.97019793120638
301000	302000	-1.30784050753859	1.66578972117338	-1.7515781699262
302000	303000	-1.28739970520304	2.33579846124592	-1.73756353007049
303000	304000	-1.31842838915308	2.34805806789539	-0.94892413806914
304000	305000	-0.786594636548805	2.82662373351328	-1.17425291841187
305000	306000	-0.436617379090943	2.37760773751115	-0.762803828187143
306000	307000	0.156985347221103	2.0556640522918	-0.894948711427478
307000	308000	0.744405517833921	1.79148150899421	-1.08596671350931
308000	309000	1.05244146632513	1.44085072041348	-0.663712919856696
309000	310000	1.4503590653814	1.68659081193104	-0.188097498171808
310000	311000	1.06728129916961	2.14548257917835	0.163236811314501
311000	312000	1.63004453798816	2.47813179328733	0.0611772483625962
312000	313000	1.48382245174932	2.95378182580058	0.528520603172294
313000	314000	2.03746231652734	2.61027237816773	0.567004305513671
314000	315000	1.63383109090729	2.16144945191478	0.756245116279723
315000	316000	1.76051984299382	2.33452104376878	1.29480701905943
316000	317000	1.95850706770286	1.75983366429991	1.34664069397551
317000	318000	2.45843471309374	2.05548927727362	1.2069492535938
318000	319000	2.95129566043076	1.68914687945914	1.55776976304378
319000	320000	2.71491718122912	1.56019395591533	0.904578960668787
320000	321000	3.08845133408455	1.29225257272371	0.880151584706848
321000	322000	3.4015761535554	1.41873043866783	0.65964424349583
322000	323000	3.33712456921151	1.77118307923721	0.939069528758744
323000	324000	3.43615695486092	1.82472239982747	0.540048399232952
324000	325000	3.07077148296721	1.7470854370793	0.561674482086661
325000	326000	3.19754421385482	1.87879730219479	0.217653894569623
326000	327000	2.78342246127713	1.94308452828978	0.321288164756171
327000	328000	2.91308406642812	2.15340582801577	-0.043646513896976
328000	329000	2.54904642838298	1.77814269312287	-0.0828195595523241
329000	330000	3.18396930586315	1.77666390882065	-0.329810396255485
330000	331000	2.8900867512133	1.36733294810839	0.0124701285752208
331000	332000	3.44961889450249	1.29225642047764	0.0798201082148487
332000	333000	3.07369312603306	0.992066786018325	0.353477203859245
333000	334000	3.60176402642684	0.739728887919832	0.391678167279684
334000	335000	3.08762676660538	0.441465982642977	0.480277012831732
335000	336000	3.53578374669562	0.190613839439556	0.682952321541503
336000	337000	3.09473036863111	0.0777932338276429	1.05646568846499
337000	338000	3.29940405635898	0.61362557211465	1.16833653940705
338000	339000	2.86917079527676	0.430244860310072	1.46929951507296
339000	340000	2.7654982181586	0.645166897358087	2.0144676340191
340000	341000	2.04771280193334	0.710189422598414	2.15533918894759
341000	342000	1.62328733656733	0.612926150719044	2.63297678335294
342000	343000	2.11259723440913	0.3028694494013	4.52163720590078
343000	344000	0.913417984899954	0.751004579830736	3.11389774633363
344000	345000	0.515212365125038	1.02376959878571	2.92453090003878
345000	346000	0.769377115606506	1.51984395721124	2.98873060200367
346000	347000	0.316758131752875	1.60091440515616	3.23556429493588
347000	348000	0.057908389766342	1.53156361483902	2.82182853700261
348000	349000	-0.146396864123631	1.64546797788921	3.29862276815237
349000	350000	-0.359512743463758	1.38893298639524	3.045601907892
350000	351000	-0.0385086905686186	1.17063166541188	3.10169128109678
351000	352000	-0.353064876094059	1.07916284919228	3.39787516683755
352000	353000	0.140820384766928	1.0081913412881	3.49282130867269
353000	354000	-0.104814199676802	0.536379722228072	3.24549988877464
354000	355000	0.210646076209646	0.569588053246953	2.74177996210471
355000	356000	0.150740384258508	1.02963873274176	2.31440754538651
356000	357000	0.672787741868245	1.36695742609666	2.3126356554464
357000	358000	0.417946985001041	1.90471752889346	2.30673922797646
358000	359000	0.0679848387103978	2.13118899661731	2.74134234316521
359000	360000	-0.146306772730485	2.47786216612275	2.30522293505792
360000	361000	-0.584146718898602	2.65142696481125	1.86019260336057
361000	362000	-0.0708310702140584	2.6383148380686	1.42716792963648
362000	363000	0.392496025889258	2.89481787624088	1.06874214610794
363000	364000	0.599515939118345	2.84166241100422	0.50022060446687
364000	365000	0.896113751030232	3.25511589299586	0.110158070299524
365000	366000	0.868687899334781	2.78830426137658	-0.233162008680641
366000	367000	1.39596024316613	3.15620643626544	-0.234714355118896
367000	368000	1.37024689098401	2.54664067570154	-0.518263977485193
368000	369000	1.93376560906641	2.88016449016991	-0.497622082682816
369000	370000	2.04486154456468	2.39124307042605	-0.932575119112634
370000	371000	2.32425559617374	2.39314222977655	-0.436571284323416
371000	372000	2.49081636704884	1.94178284661661	-0.744836703114666
372000	373000	2.71177227198905	1.41625208436046	-0.798122331068019
373000	374000	3.31705811339724	1.29792277532545	-0.645756139351476
374000	375000	3.25074060478861	0.769695971094338	-0.411336750187816
375000	376000	2.56485207097934	0.762743444592613	-0.145267278027134
376000	377000	2.3810898378916	1.01703186489695	0.372179122669128
377000	378000	2.64407905429785	0.831569205206695	0.916945479227669
378000	379000	2.4022051089274	1.03100703282591	1.54296854666704
379000	380000	2.15333446440474	0.355346776811039	1.48385465113636
380000	381000	1.62076234249496	0.0440158928861769	1.69720653978304
381000	382000	1.64798396953463	-0.524361140959742	2.0598617361624
382000	383000	0.952559266203935	-0.779228225043851	2.28903506189056
383000	384000	0.415446585292223	-0.327302407503488	2.18558408285427
384000	385000	0.371456766578651	0.229444260129046	1.69901338928365
385000	386000	-0.223820263540803	0.36060174742162	1.11485451652508
386000	387000	-0.515671031396283	0.761859832270755	0.533314579307737
387000	388000	-0.78964343270687	0.266755054723686	0.0374231422304675
388000	389000	-0.693757043307156	0.535354651970674	-0.675931031916912
389000	390000	-1.01376467133452	0.0717351723141841	-1.13128827786212
390000	391000	-1.65822469405252	0.492189163890431	-1.33397874058361
391000	392000	-1.99806490769671	-0.0998408846682786	-1.26339417321462
392000	393000	-2.69653839896722	0.238610834412354	-1.27406807881171
393000	394000	-2.67801616653635	0.0630777278695743	-0.50419771312629
394000	395000	-3.1851273194891	0.357832926267085	-0.0623552642211003
395000	396000	-2.98798055414262	0.0432057030155503	0.543087014793752
396000	397000	-3.16942599165241	0.396433824202314	1.05426339533407
397000	398000	-2.79203444053975	0.791905677602469	0.765719847582083
398000	399000	-3.26015073992371	1.0129332803149	0.966554373585245
399000	4e+05	-3.1638225055195	1.11993614992733	0.442904040488174
4e+05	401000	-3.377462476686	1.47737340924781	0.688346930978769
401000	402000	-2.93364570518128	1.47783353030584	0.913710820268252
