0	1000	-0.530549609014494	0.683166452989753	1.98011659544903
1000	2000	-0.589458649429454	1.01901020507052	2.21507020564933
2000	3000	-0.190390678093141	0.973614044090208	2.12019659788753
3000	4000	-0.0208711991887958	0.655724676742749	2.0441216704813
4000	5000	0.334021332933487	0.709435260854744	2.24753046464261
5000	6000	0.353273953793789	0.42435958321315	1.83798846931115
6000	7000	0.344188121165794	1.06604015504267	1.8460103850509
7000	8000	0.0116502493874649	0.831515677649058	1.45987035055702
8000	9000	-0.484903295584107	1.24785003881617	1.58564249774727
9000	10000	-0.442849330782877	1.02023410267868	1.05968155127063
10000	11000	-0.657403786366791	1.41290218457932	0.819723533956169
11000	12000	-0.797888568170337	1.47965139535561	0.345301611471793
12000	13000	-0.956728817129155	2.08277605542736	0.366017507123362
13000	14000	-1.07542324093993	1.83395181377097	-0.0899755112703563
14000	15000	-0.997365103596452	2.30102076891294	-0.128218628297117
15000	16000	-0.635797610166234	2.15865215311276	-0.32405206202529
16000	17000	-0.509928877433641	2.4597993471888	-0.0540909132709011
17000	18000	-0.151670144230336	2.43076519791302	-0.220913109724402
18000	19000	-0.146808786527698	2.78747151391479	-0.505414544271316
19000	20000	0.0370191953320759	2.44244386980426	-0.683757909451244
20000	21000	-0.177370503623531	2.26936211695584	-0.526190957946373
21000	22000	-0.219751170475298	2.13048427742486	-0.816298273036608
22000	23000	-0.53373688894071	2.34857557085352	-0.800348905309413
23000	24000	-0.685079050311193	1.95222067558333	-0.94722998323633
24000	25000	-1.12449310641192	2.07723747836707	-0.765012806070248
25000	26000	-1.35391435968507	1.67202676727794	-0.672820815258989
26000	27000	-1.58362332974164	1.29316813534162	-0.697686047164654
27000	28000	-1.91978866934941	1.02510924922435	-0.908210003533387
28000	29000	-1.65216039175648	0.644978897959546	-1.08144335250299
29000	30000	-1.78607112135704	0.516244345372198	-1.57240390187988
30000	31000	-1.21985353184168	0.486337361657346	-1.44214163372462
31000	32000	-1.34413329232154	0.26715064933082	-1.90537584721133
32000	33000	-0.896367167970442	0.171210618417017	-1.76806323490858
33000	34000	-0.93021799276952	0.163556641188453	-2.22968375880094
34000	35000	-0.564794220464639	-0.00387170020557718	-2.12431686668883
35000	36000	-0.832158696021525	-0.314156680140677	-2.20843991970284
36000	37000	-0.560912602586454	-0.491895645508218	-1.91060683874716
37000	38000	-0.272445938825018	-0.861281332471625	-1.94608377029682
38000	39000	-0.226917050116701	-1.27121999948481	-1.75124387532043
39000	40000	-0.537805493557051	-1.59188012385806	-1.69260362165563
40000	41000	-0.413516713763897	-1.58538282954809	-1.26761265806574
41000	42000	-0.487562994645189	-2.06031684678707	-1.29949101362145
42000	43000	-0.271212177466497	-1.89714777138477	-0.986800402818953
43000	44000	-0.0102300128919915	-2.13228349528273	-1.19355042427903
44000	45000	0.130263315402392	-1.94205258772615	-0.865506596658095
45000	46000	0.0835000224186864	-2.35175823814634	-0.755696103734789
46000	47000	-0.158626141005689	-2.05737730476045	-0.489816718836129
47000	48000	-0.194232041609996	-2.54097358054249	-0.427907941833659
48000	49000	0.0118204397902286	-2.32823267407062	-0.108646421404666
49000	50000	0.0341171290378853	-2.84218069472433	0.161051933654839
50000	51000	-0.318733682587017	-2.49967032855082	0.561672212270065
51000	52000	-0.50664938368201	-2.41502885549229	0.934351764053361
52000	53000	-0.161966142917416	-2.08685069846873	0.861455361334998
53000	54000	-0.11905745519422	-2.15086608076578	1.30676456834109
54000	55000	-0.196123011782879	-1.66463821389698	1.04819819497765
55000	56000	-0.35048898654891	-1.71019015025348	1.56197231165846
56000	57000	0.13704080976102	-1.3506261452561	1.23890004719355
57000	58000	0.229635745186404	-1.78688101964925	1.78825850873916
58000	59000	0.910660261894283	-1.83664541940575	1.98964406527364
59000	60000	1.23185358811279	-1.49585402086575	1.97569707745817
60000	61000	1.08458522772089	-1.24879031933027	1.56859559409469
61000	62000	1.48348098032471	-1.12355944791545	1.78023209564422
62000	63000	1.24173053867603	-0.891688568290096	1.37878934504891
63000	64000	1.6497181669952	-0.651027373857628	1.66706288371968
64000	65000	1.25551314678975	-0.419449363782223	1.24147553997847
65000	66000	1.61863216472407	-0.0650395058349436	1.47195122660405
66000	67000	1.35793446694801	0.0428946401732882	0.892799134470767
67000	68000	1.40252879242765	0.620741908078325	1.07705406400188
68000	69000	1.27658534951098	0.64396931931202	0.500037505122389
69000	70000	0.774419426520379	0.857317736062907	0.705605678001919
70000	71000	0.663297441129253	0.821655082950628	0.126730249532056
71000	72000	0.224295402146186	1.14229169686165	0.21170526046346
72000	73000	0.445186820936894	1.40811012602967	-0.209055007860057
73000	74000	0.22454495280674	1.77373799564934	0.180615463370811
74000	75000	0.0626639632119183	1.82489586379039	-0.31105478422838
75000	76000	-0.334861263864659	1.9381742457555	0.0816185277584756
76000	77000	-0.431268374650472	1.64525023027887	-0.448019345177064
77000	78000	-0.860360115785967	1.36383819743545	-0.37944156991451
78000	79000	-0.783050037624189	1.31950886520298	-0.9166029789353
79000	80000	-1.13507998656121	1.52414040232071	-1.35478103094237
80000	81000	-0.760911259507217	1.19390735043943	-1.49312434340646
81000	82000	-0.918174441919171	0.862337790175624	-1.75170886752624
82000	83000	-0.601408703460166	1.10771166517936	-2.16274935137439
83000	84000	-0.73357343880142	0.641780675845385	-2.22126620742349
84000	85000	-0.487817440918035	0.508957787464476	-2.00692681834148
85000	86000	-0.304494908213716	0.470964352395257	-2.35057567678764
86000	87000	-0.0942851923313124	0.467499089446358	-2.07420900098244
87000	88000	0.16785945457925	0.505986199806248	-2.4019793261243
88000	89000	0.238093612317679	0.189167820215453	-2.09252609294065
89000	90000	-0.0245542616424307	0.0532521588556219	-2.5184690789335
90000	91000	-0.11010141935826	-0.140527040886795	-2.03055014442645
91000	92000	-0.295297021810817	-0.457939431068905	-2.42592533468853
92000	93000	-0.649738173399039	-0.920945855097009	-2.30251200762297
93000	94000	-0.92218634971688	-0.898545567875963	-1.82025704478693
94000	95000	-0.647955642177028	-0.829686722023216	-1.33940854044803
95000	96000	-0.884567589155739	-0.841212196964667	-0.907872111752517
96000	97000	-0.873737934931495	-1.24066553570219	-0.609198873683594
97000	98000	-0.832389180204229	-1.16210175360102	-0.102815885659559
98000	99000	-1.06864779072188	-1.34041118414335	0.311133924469692
99000	1e+05	-1.3938291169012	-1.4614692590335	0.753140264584212
1e+05	101000	-1.8712611756024	-1.3032274814769	0.681448982476371
101000	102000	-1.63218330959602	-0.943086454371438	0.274957460275508
102000	103000	-1.9973759361028	-0.746026645651895	0.503538313912859
103000	104000	-2.4658691374024	-0.799634311451822	0.658160302937676
104000	105000	-2.56300738709735	-0.362869692435609	0.561411759464966
105000	106000	-2.16536846183905	-0.14965355390523	0.413471857386922
106000	107000	-2.10568554471635	0.264222081751729	0.293175029426723
107000	108000	-2.0850988556974	0.65133906687163	0.386824022923649
108000	109000	-2.41470484701955	0.86033514728728	0.510898158789246
109000	110000	-2.18731580439686	0.807291901629002	0.850197422761712
110000	111000	-2.51418241144407	0.534225683219401	0.817216002997086
111000	112000	-2.27463256617424	0.297982540810204	0.716393506558009
112000	113000	-2.53988654785267	0.381517122538767	0.458216329954151
113000	114000	-2.52759287484935	0.0895031659074181	0.607070940364042
114000	115000	-2.78882326949088	0.164834593464328	0.366580280080319
115000	116000	-2.52225069517028	-0.0568461085280165	0.262961186499453
116000	117000	-2.43614452293396	0.171387792333248	0.0111190113859223
117000	118000	-2.81034400940372	-0.00726447005149053	-0.104944867544599
118000	119000	-2.38356253199178	-0.218762211760877	-0.166363034534351
119000	120000	-2.65520889410853	-0.349366605747123	-0.411781237675524
120000	121000	-2.61843205825129	-0.723882554578729	-0.331119106588191
121000	122000	-2.67587937720801	-0.496615911116182	0.00177007018125695
122000	123000	-2.34623440583818	-0.588578120118054	0.0391908951981754
123000	124000	-2.65742757727773	-0.918334292396157	0.0894189118233479
124000	125000	-2.25660409478211	-0.953816200928413	0.159935346035931
125000	126000	-2.3244234468429	-1.33518238533918	0.125850314069266
126000	127000	-1.87792011140827	-1.42861815502431	0.107869852020791
127000	128000	-1.70826203787707	-1.8225977028647	0.0281621507702777
128000	129000	-1.36708427579767	-1.86770081913587	0.301519718231218
129000	130000	-1.06462183432541	-2.21539326016306	0.235836717477206
130000	131000	-0.865507117347611	-2.01413112574427	0.653847799057861
131000	132000	-0.630838716644607	-1.83401962219043	0.265940635119707
132000	133000	-0.167562460953632	-1.68068820774282	0.351763451575084
133000	134000	0.0472252573821691	-1.72548609906128	-0.0737628398476685
134000	135000	0.487800538417354	-1.91752550899447	0.141358718570531
135000	136000	0.73196923073092	-2.28197764432977	-0.122665533549746
136000	137000	0.800664046821151	-1.80550413104442	-0.290275817603469
137000	138000	0.870682131187466	-2.0877031955306	-0.742620832424753
138000	139000	0.613706504180742	-1.65596868284337	-0.862319758704446
139000	140000	0.583535985214786	-1.76164543781467	-1.36789638581041
140000	141000	0.708813490995327	-1.38703827463768	-1.6140128498374
141000	142000	0.909519749291539	-1.00571842481772	-1.7772383091288
142000	143000	1.40963725313106	-0.910887173369167	-1.75823375603093
143000	144000	1.10392422829395	-0.529604973075333	-1.75495795773159
144000	145000	1.22887985352796	-0.273092786680815	-1.45082427753387
145000	146000	1.36866952900741	-0.181947730436808	-1.97356710061106
146000	147000	1.7752873450441	0.223190925173846	-2.01390501202458
147000	148000	1.39191557000324	0.29158067492244	-1.38915292613806
148000	149000	1.14743799580789	0.21457182141026	-0.959037017390739
149000	150000	0.922601532085493	0.703915098753743	-0.873773107406141
150000	151000	0.723016651205002	1.13548542249502	-1.20857129864908
151000	152000	0.352246363978906	0.853157390584704	-0.818160491631047
152000	153000	-0.106010186191154	0.846171188581551	-0.616348951988409
153000	154000	-0.539130547520233	0.546699289005671	-0.319881181480787
154000	155000	-1.01827201995628	0.700225378338552	-0.71034702378902
155000	156000	-1.06004656457198	0.133817445182571	-0.622086774689504
156000	157000	-1.40967448238802	-0.0425917764492487	-1.01731947763705
157000	158000	-1.30878997382011	-0.419730391226681	-0.630114746389458
158000	159000	-1.6930445028552	-0.765319791813961	-0.797274188860809
159000	160000	-1.42469114015834	-0.92678475317963	-0.294699233323551
160000	161000	-1.49681576067632	-1.39523560057883	-0.436252410486599
161000	162000	-1.5107711808332	-1.86936485788435	-0.496831664422532
162000	163000	-1.19010145924225	-2.06303919332466	-0.765403293127447
163000	164000	-0.874582828761185	-1.8463544327595	-0.53307145696231
164000	165000	-0.758943524213423	-2.301095852181	-0.641844978745388
165000	166000	-0.599438908390394	-2.16478287070309	-0.327467905269717
166000	167000	-0.644032291933382	-2.51765643386223	-0.217706970385457
167000	168000	-0.466434079669536	-2.29465306128783	0.0113834433078402
168000	169000	-0.4244656831223	-2.64944743614178	0.0972321186029594
169000	170000	-0.18017626029721	-2.32338131912003	0.242968851850303
170000	171000	0.155589219038741	-2.46712130660771	0.43851191621433
171000	172000	0.259013480782719	-2.16102887562731	0.623406363986235
172000	173000	0.421065983767935	-2.30798690819796	0.954169450794799
173000	174000	0.477903090579851	-1.86746213306296	1.03328904317654
174000	175000	0.584363556991015	-2.06262628127422	1.38055664565577
175000	176000	0.700608139257877	-1.7479900476564	1.51720760066778
176000	177000	0.635487410560808	-1.40510538939109	1.51247520704231
177000	178000	0.62176364800539	-1.43207820210689	1.91928757785235
178000	179000	0.34844346955894	-1.17326941187431	1.73061336530887
179000	180000	0.130669820176301	-1.34670336102021	2.14025198145798
180000	181000	-0.186081026471967	-1.09322436807481	1.79149158781692
181000	182000	-0.497434358239363	-0.921272348202334	2.08905430189295
182000	183000	-0.789778699253305	-0.769000461079836	1.70525364758434
183000	184000	-0.94858188120947	-1.26519510793271	1.80553416367583
184000	185000	-1.00893780006172	-1.25540195231767	1.29477097304173
185000	186000	-0.596992597768191	-1.16678209426086	0.980316582059353
186000	187000	-0.586658532239949	-0.795182630648353	0.59628004078684
187000	188000	-0.151088311696758	-0.764429836044895	0.204809890787859
188000	189000	-0.246450594526344	-0.673294629773129	-0.320472752431459
189000	190000	0.148740207522538	-0.993913413990749	-0.564564739006186
190000	191000	0.232830217620615	-0.780803287985495	-1.05233517183273
191000	192000	0.6135354286656	-1.11224356039835	-1.08832168156424
192000	193000	1.10109775246692	-1.01406083051006	-1.14225848615389
193000	194000	1.41588099120236	-1.27246611759364	-0.82071742764561
194000	195000	1.24359282710176	-0.673319162280389	-0.653946358339683
195000	196000	0.919286652810157	-0.466309536626675	-0.244755901755818
196000	197000	0.851054451420336	0.0723321461887653	-0.130090835093021
197000	198000	0.264989808439225	0.0761868958644221	-0.0589557770689672
198000	199000	0.174934656924814	0.0906874156235797	-0.5883930972466
199000	2e+05	-0.335195045100936	-0.00560852043055083	-0.795394927263882
2e+05	201000	-0.272620417913929	0.474454430656308	-1.19639971905494
201000	202000	-0.427106298006059	0.0128584968518565	-1.42020406859174
202000	203000	0.167177818676225	0.0445013742601685	-1.46608575750236
203000	204000	0.0146716053563508	-0.442532426503379	-1.51682543412226
204000	205000	0.403812884370652	-0.623313369244329	-1.73965518428474
205000	206000	0.248781204120976	-0.662246425374739	-2.24259864540859
206000	207000	0.610907784616275	-0.390813288121828	-2.13174568204664
207000	208000	0.669267001515309	-0.109987918414109	-2.46184052800928
208000	209000	0.766852631889723	0.0019616975724313	-2.00877810671891
209000	210000	0.69515703470208	0.366112120160403	-2.29721502572607
210000	211000	0.934041137834368	0.328962605945526	-1.91151965419206
211000	212000	1.1780376488734	0.620770009180819	-2.0361760070895
212000	213000	0.90901010003375	0.612357891421125	-1.598970101734
213000	214000	0.790299471383335	0.965069672657973	-1.96481848969161
214000	215000	0.40319293413719	0.635841731734805	-1.65531826098756
215000	216000	0.2536284466833	1.03013356651432	-2.07603351534081
216000	217000	-0.0514194776550935	0.984001315552219	-1.64474201386336
217000	218000	0.0890283649671641	1.43903442092179	-1.74274227471447
218000	219000	-0.0953318416109883	1.55392465219556	-1.31134685898212
219000	220000	0.231092834920839	1.93561216389324	-1.32606424470463
220000	221000	0.322222282801609	1.71349740979509	-0.904590515599693
221000	222000	0.719382900680401	2.1009147469859	-1.02416626859053
222000	223000	0.752789843322848	1.71906160749062	-0.597155706977238
223000	224000	1.04277751079898	2.02582104252294	-0.448701201296816
224000	225000	0.793500981549041	1.95076385547853	-0.102038256123478
225000	226000	0.587617755785041	2.2510588748507	-0.0511192398665283
226000	227000	0.646653098431057	2.45187736953337	0.298350572717156
227000	228000	0.242439947855988	2.56772358046592	0.304634588894531
228000	229000	0.0935605885140189	2.24903878866663	0.123628898213658
229000	230000	0.286353772101552	2.62551979697651	-0.169784135201924
230000	231000	0.356443714564502	2.25931983668473	-0.419751210782653
231000	232000	0.566820447338067	2.63958048848114	-0.452342509459879
232000	233000	0.840749644893251	2.4031141645218	-0.531961758827167
233000	234000	0.858215541436092	2.49924435478883	-0.193312159454116
234000	235000	1.25021051299263	2.56896820715352	-0.318437171145025
235000	236000	1.09554705657029	2.2384034302612	-0.0636166362765581
236000	237000	1.42053103398589	2.24821340069407	0.0763424292164658
237000	238000	1.14006936920435	2.37433869108923	0.403456634262308
238000	239000	1.07546783897624	1.93160905759217	0.445471946374861
239000	240000	1.00573561293719	2.03044810192608	0.891640002979678
240000	241000	0.968455592386223	1.65402995104753	1.2373291082967
241000	242000	0.728559823021966	1.18909367438908	1.24291378461101
242000	243000	1.20787057551079	1.02458132704112	1.57638981950245
243000	244000	0.999480980928791	0.463601101133635	1.58555632229763
244000	245000	1.40840671723453	0.231067664179893	1.94967167275293
245000	246000	0.965895540958159	-0.113973071891449	1.80150383390681
246000	247000	1.25674932743817	-0.424738130081761	2.0919343345637
247000	248000	1.01929393406456	-0.618563126013645	1.79292780851311
248000	249000	1.17163294435781	-0.901303163474994	2.07835884812931
249000	250000	0.863225269794396	-0.98186937851682	1.85101267951369
250000	251000	0.791225363278628	-1.01597906595483	2.18411734302048
251000	252000	0.57511942266685	-0.778480410732806	1.99547419600139
252000	253000	0.631175638682069	-0.622777410120936	2.2975882213687
253000	254000	0.266801804277449	-0.740566395773972	2.19873722051004
254000	255000	0.26674054633248	-0.337651746414299	2.40631615920219
255000	256000	-0.111526381664023	-0.716709905326165	2.56500815625133
256000	257000	-0.0474818979683753	-0.451681968500617	1.94807172023228
257000	258000	0.129846650632467	-0.508966463991807	1.47651289965371
258000	259000	-0.408141402375653	-0.410300342026812	1.42611681066941
259000	260000	-0.411107985776294	0.105793359914639	1.31053407740187
260000	261000	-0.99744797919445	0.0128451965716336	1.47331466616634
261000	262000	-0.983280756342797	0.0539666453105562	0.916308165997817
262000	263000	-1.3733655939616	-0.366260603543922	1.26121374223959
263000	264000	-1.46388785109371	-0.464360478236133	0.771560711896777
264000	265000	-1.87779225675105	-0.540701876619501	1.2847412752466
265000	266000	-2.06352874353005	-0.217049906398296	1.01318368530132
266000	267000	-2.24763734959364	-0.001377302051039	1.37689326622683
267000	268000	-2.18776305964836	0.398467245660593	1.20232620609227
268000	269000	-1.77163177101045	0.249070411866764	1.22703409638822
269000	270000	-1.75261229968741	0.579871028244866	0.905104418770963
270000	271000	-1.61858270118333	0.178960049722816	0.613331463370286
271000	272000	-1.54669073187822	0.625309319364	0.236441707538251
272000	273000	-1.33172925372705	0.195647825881601	-0.000511193575880486
273000	274000	-1.68470780218727	0.379427163519439	-0.454324932968329
274000	275000	-1.80926865276442	-0.011437832260241	-0.117190089511509
275000	276000	-2.04960860038364	-0.138229918350545	-0.466040725427269
276000	277000	-1.89409203152822	-0.538775431902264	-0.14654821676523
277000	278000	-2.18940983783678	-0.679582955455365	-0.523148929248118
278000	279000	-2.14617695086102	-1.10106587539703	-0.318371208086358
279000	280000	-2.25762332495396	-1.13584575858015	-0.794628935609584
280000	281000	-1.90683235331705	-1.44186132454375	-0.769096598555
281000	282000	-1.57709240145055	-1.28435521673166	-1.03870536516968
282000	283000	-1.36091742163404	-1.69836747607428	-1.2014679982077
283000	284000	-1.01192900262098	-1.40396183064668	-1.23261206893952
284000	285000	-1.32050033584568	-1.32946354109988	-1.60992719135437
285000	286000	-1.31227391301454	-0.836531049317075	-1.43408751825528
286000	287000	-1.73330950950379	-0.850121938989369	-1.83596821188045
287000	288000	-1.62909944720366	-0.359390889751974	-1.43441601765178
288000	289000	-2.06761978342454	-0.48621566627249	-1.27353161402466
289000	290000	-2.05995855179019	-0.113010966271129	-1.00319527527976
290000	291000	-2.45808542472785	-0.106691037336221	-0.80444064704982
291000	292000	-2.23309427507039	0.33972192190438	-0.752139158550136
292000	293000	-2.50851572645927	0.495944895552172	-0.446489505316799
293000	294000	-2.12284629949611	0.62074288127507	-0.259807864530468
294000	295000	-2.410755481628	0.921165478740605	-0.0984541310690841
295000	296000	-1.97077516672039	1.0330879080293	-0.189747390143124
296000	297000	-2.15177576404034	1.4034365047723	0.0305223091539553
297000	298000	-1.62142693094023	1.30484813618141	0.0467976730402351
298000	299000	-1.8072310833537	1.40336516863821	0.529475727679154
299000	3e+05	-1.42996898450362	1.65732535982666	0.38650206359371
3e+05	301000	-1.28037987619428	1.64935989454874	0.814786191167986
301000	302000	-0.892001574475077	1.9282676438304	0.852829685887171
302000	303000	-0.910127109674318	1.70342056433695	1.31178033235584
303000	304000	-0.444319312307384	1.91972365062799	1.22459848233375
304000	305000	-0.110978235761312	1.59950661483961	1.39998786132245
305000	306000	0.233118754016794	1.9173961551413	1.25210553231537
306000	307000	0.104523715270736	1.75682052605291	0.758817004868093
307000	308000	0.457385830968229	2.13439976842964	0.741109404398072
308000	309000	0.644181342292343	1.59651335310379	0.477563428445307
309000	310000	1.10980807080378	1.3883549309955	0.543377551487684
310000	311000	1.29374983738539	1.19429016428382	0.0601422665552017
311000	312000	1.75966462057984	1.3089985837699	0.149123983746106
312000	313000	2.31055353152026	1.33558959762069	0.235228115421211
313000	314000	2.01617730882645	0.869105828295479	0.275940321399274
314000	315000	2.36069931075117	0.567806503902898	0.403517541750993
315000	316000	1.9560146889878	0.246742625375418	0.30835915868285
316000	317000	2.4521151633157	0.0177226444779625	0.309617952645746
317000	318000	2.29835382483949	-0.228914293533576	-0.0914393140313902
318000	319000	2.73401476747791	-0.255129395363377	-0.474907053878722
319000	320000	2.12572786844327	-0.10699104968429	-0.5738527543254
320000	321000	2.35591627756281	0.0794417770320983	-0.831417036554227
321000	322000	2.28580962152259	0.224439905969895	-0.54042923977874
322000	323000	2.65649458964096	0.247458142072439	-0.608367893686344
323000	324000	2.48496252569916	0.211523063826588	-0.230429404896309
324000	325000	2.5658079514558	0.539937719038404	-0.35834871235432
325000	326000	2.25506150987947	0.550187105963009	-0.171732249614178
326000	327000	2.42128696705038	0.875740945770924	-0.256283531891138
327000	328000	2.0364237816598	0.905242184113891	-0.256096694554403
328000	329000	2.24934674156741	1.24198695208285	-0.377329736935095
329000	330000	1.90415167668732	1.13082507906645	-0.620554562067564
330000	331000	2.27914557466106	1.01311775361025	-0.81843882140787
331000	332000	2.07201336039918	0.690531928792214	-0.730607825534279
332000	333000	2.29050635574316	0.610115382732176	-1.00139651801366
333000	334000	1.95726100052331	0.346821702126547	-1.01929961885862
334000	335000	2.19401471137004	0.313682249925242	-1.35382878913957
335000	336000	1.84190315062138	0.0913219568715615	-1.34815414884633
336000	337000	2.0574742385021	-0.205884829592088	-1.47539599618841
337000	338000	1.83441033654288	-0.287520016448745	-1.08108420203038
338000	339000	2.27905932927994	-0.358477074190571	-1.0461856905989
339000	340000	2.09602939848838	-0.735249961372571	-0.904058218173825
340000	341000	2.10727957491976	-0.808465966781716	-0.457431449963814
341000	342000	2.08837046335455	-1.1946848674715	-0.163462365647775
342000	343000	4.11841131723155	-2.83513784758566	0.0261076097413655
343000	344000	1.84751509565615	-1.49165399141788	0.348101153820891
344000	345000	1.69383557567212	-1.33617141692713	0.756666837581325
345000	346000	1.89648881676662	-1.57140067912065	1.09270442954624
346000	347000	1.72054998535638	-1.07359926859066	1.21738473542718
347000	348000	1.69100388343747	-1.43188343605556	1.52370212477313
348000	349000	1.40163300210527	-1.38383423111169	1.27661282809051
349000	350000	1.33169981336681	-1.65588109826508	1.52621922895236
350000	351000	1.06898119371865	-1.56619582654363	1.29538804707961
351000	352000	1.13171876152594	-1.96607599055985	1.35309773658209
352000	353000	0.952853373529825	-1.78504150250814	0.980750627341592
353000	354000	1.3018468166776	-2.0486751387534	0.875038695852287
354000	355000	1.18449788759922	-1.60180125386657	0.574848441673867
355000	356000	1.22229638823729	-1.07266549813676	0.713873840942641
356000	357000	1.58815960075729	-0.714596979686141	0.627092020224561
357000	358000	2.13242235491769	-0.852480090236947	0.717747996103432
358000	359000	2.02546425663491	-0.371289830657774	0.762559674662983
359000	360000	2.16935275350931	-0.343120100489032	1.26722673725097
360000	361000	1.98717718180389	0.118986114736055	1.05768742990379
361000	362000	2.02322451512803	0.56422764217935	1.18554284042058
362000	363000	1.90231886765852	0.809039856199023	0.802145134688822
363000	364000	2.01652768566714	1.25048090473046	0.811197689712258
364000	365000	1.68106920388571	1.44638937316526	0.629168640092729
365000	366000	1.81227758960889	1.79714449562255	0.395150561236475
366000	367000	1.46589738061333	1.73811610188039	0.175553868898203
367000	368000	1.79797805920389	1.81603941914894	-0.131692797990693
368000	369000	1.38119274681875	1.64117157390056	-0.287707362313637
369000	370000	1.61812428448293	2.08036759125732	-0.491867619283975
370000	371000	1.33303117032126	1.85194649765179	-0.763277111139847
371000	372000	1.68397159486085	1.59570639725235	-0.723854734786724
372000	373000	1.5437967090238	1.57537824720701	-1.19419831110402
373000	374000	1.88394679055284	1.24307654523185	-1.20726065747241
374000	375000	1.49528977100261	1.08431292783765	-1.53983422726377
375000	376000	1.7499068512607	0.744914049067743	-1.32321868509717
376000	377000	1.548289734716	0.786493236493713	-0.878184465065469
377000	378000	1.61288939813314	0.531463783239311	-0.465575428055406
378000	379000	1.59681899211594	0.120865066629395	-0.274011840565846
379000	380000	1.62288213592857	-0.22164156576135	0.0448591301864528
380000	381000	1.73025846783395	-0.72153070383502	0.00266856055224494
381000	382000	1.46381427853727	-1.22751877135636	-0.0834097708835743
382000	383000	0.927660500433219	-1.17450425347417	0.115724205493136
383000	384000	0.623126506960787	-0.923630639430932	0.477724784521685
384000	385000	0.621280943060191	-0.435593389174752	0.65221971527708
385000	386000	0.293507736017116	-0.0214310137857276	0.864079510548194
386000	387000	0.0369052748149304	0.422312994699553	0.77029719421296
387000	388000	-0.46317228822838	0.397068011514644	0.598261281388366
388000	389000	-0.855092993605625	0.723225246284827	0.443025172405109
389000	390000	-1.19856356809344	0.944038370331354	0.763361221038223
390000	391000	-1.64249969905785	1.18712145750559	1.1630539900337
391000	392000	-1.2804636760542	0.846661129070526	1.30614281982466
392000	393000	-1.42268040128112	0.756354904996493	1.79016480990722
393000	394000	-0.960577396392614	0.601469863049055	1.6992820502175
394000	395000	-1.04626246345173	0.29173359863614	2.06178283001196
395000	396000	-0.750190873415224	-0.0530423394146352	2.17099695755559
396000	397000	-0.334230812384477	-0.00298865649709719	2.34503542610873
397000	398000	-0.321957557482067	0.24100415622336	2.08636928911895
398000	399000	-0.433965469000471	0.361516388495642	2.404588921726
399000	4e+05	-0.601362236629395	0.394676363692731	2.17100266743929
4e+05	401000	-0.684491863352289	0.599670756233741	2.32360826305286
401000	402000	-0.412603935503248	0.676203106702333	2.28844973934305
