0	1000	-0.616121776156915	2.22901490316988	1.47233600329554
1000	2000	-0.783380453009221	2.31663394729742	1.46500229260749
2000	3000	-0.873930868389534	2.19834383058955	1.57993485184013
3000	4000	-0.878504549711661	2.07566979916252	1.47389496480472
4000	5000	-0.804215195392791	1.95068636203174	1.58623742141359
5000	6000	-0.906938445944096	1.86205878577509	1.45777814389846
6000	7000	-1.03195316740562	1.83890909443461	1.63656535022352
7000	8000	-1.12836073015533	1.76680693881311	1.48952802129367
8000	9000	-0.966406336945678	1.60997908293254	1.5427569669378
9000	10000	-0.977786951146766	1.54101386735277	1.37029247400004
10000	11000	-1.09215505926227	1.46818109408836	1.47846312098409
11000	12000	-1.25639800879619	1.43465127998706	1.36480544296947
12000	13000	-1.23413009117838	1.33801686348903	1.54554176119794
13000	14000	-1.20588070932631	1.21316224772948	1.41121426369763
14000	15000	-1.13905040297252	1.1059076219312	1.56896665838163
15000	16000	-1.27423363356059	1.00936464420483	1.51427462145219
16000	17000	-1.35513242064822	1.01577438809888	1.71419852407012
17000	18000	-1.53493205580505	1.02032554971874	1.6486426606257
18000	19000	-1.63446736674942	0.921158908208647	1.84170666672669
19000	20000	-1.61021144180031	0.77284387371829	1.66252431200255
20000	21000	-1.4488763026612	0.64425614592437	1.63528686096774
21000	22000	-1.48601065675833	0.56866620745892	1.49125339047766
22000	23000	-1.48479947935955	0.409822086169432	1.60282660026969
23000	24000	-1.67860879863915	0.405690401363038	1.53441323009223
24000	25000	-1.79153406919809	0.350565536915196	1.68046842517721
25000	26000	-1.83318471606177	0.254713819021686	1.50048693378361
26000	27000	-1.78644467615246	0.105314749424099	1.62540159011277
27000	28000	-1.66906262136993	0.0348312892174898	1.44745742041845
28000	29000	-1.69577374344643	-0.0858495539939503	1.60241244801706
29000	30000	-1.83842903400163	-0.109251601411495	1.42572973719986
30000	31000	-1.88590340010202	-0.24203432069899	1.56292769777488
31000	32000	-1.75652080191221	-0.365687249478899	1.4179730276561
32000	33000	-1.63041454374828	-0.399552378693992	1.52722224974245
33000	34000	-1.57205238303589	-0.551321590111158	1.46398859230913
34000	35000	-1.69598679469269	-0.595100011708661	1.6447257363105
35000	36000	-1.86245683444649	-0.686824091767668	1.57184886962104
36000	37000	-1.90499617805731	-0.776123770574578	1.72493156132414
37000	38000	-1.80261726938695	-0.86977854741964	1.58288814426267
38000	39000	-1.65029815640672	-0.90177489850102	1.76247545459212
39000	40000	-1.64530874371886	-1.05425984476249	1.64915293210078
40000	41000	-1.73581827788293	-1.10861738608344	1.79347366133808
41000	42000	-1.93342229757777	-1.17258961678091	1.72721398659753
42000	43000	-1.82875659276905	-1.30915319421599	1.79717798675063
43000	44000	-1.84181095133584	-1.35310538756973	1.61001251511311
44000	45000	-1.67243641836303	-1.36380518143661	1.67129066166052
45000	46000	-1.68346766206523	-1.48764009102558	1.57055107908238
46000	47000	-1.59159384234896	-1.55153817822213	1.73260382831582
47000	48000	-1.75417093848198	-1.65189521718752	1.70876159982821
48000	49000	-1.62868677757932	-1.69787150917111	1.83148442658477
49000	50000	-1.79387816733487	-1.93164931578352	1.79619434813931
50000	51000	-1.51766439531825	-1.89946323675317	1.7534521232324
51000	52000	-1.53135172503445	-1.93363325946362	1.58344327915153
52000	53000	-1.37657231377841	-1.9481317624293	1.58273981005911
53000	54000	-1.35069425198433	-1.89277121029549	1.38992348860422
54000	55000	-1.24901441770799	-1.81406701704931	1.48670163838295
55000	56000	-1.18940316058756	-1.73907773147677	1.34680317735426
56000	57000	-1.06241276208256	-1.6739758670457	1.42619488781005
57000	58000	-0.973788645235211	-1.76256004129188	1.32274318192971
58000	59000	-0.943676336133971	-1.91405209942647	1.45466605137852
59000	60000	-0.781896214545243	-1.79137739247747	1.44545243041138
60000	61000	-0.796734315689261	-1.70039636329406	1.62476838777413
61000	62000	-0.761512730838627	-1.56461448931487	1.48769513686791
62000	63000	-0.704614711015627	-1.51373001677289	1.62162957670615
63000	64000	-0.576853394832651	-1.43386717159723	1.50142554859509
64000	65000	-0.491132466298106	-1.53865053327105	1.67339131297389
65000	66000	-0.401567001385781	-1.35322003234073	1.71608089360379
66000	67000	-0.448596128898316	-1.43334387039793	1.9242006787242
67000	68000	-0.526886772704284	-1.2367175883246	1.88431282464055
68000	69000	-0.612505900563872	-1.31629144340367	2.03591404578317
69000	70000	-0.748550454063844	-1.14891163598887	1.9807682385291
70000	71000	-0.742004210074247	-1.18827397314545	2.21338293745068
71000	72000	-0.788207372057922	-0.983379464272429	2.13729837087389
72000	73000	-0.627872053347117	-0.964660929681529	2.27381251200308
73000	74000	-0.855301541160831	-0.869947855492359	2.41569472317114
74000	75000	-0.750761302202095	-0.916973681587009	2.51357733060616
75000	76000	-0.906530770525697	-0.896851758854839	2.67949156883518
76000	77000	-0.777883311779643	-0.802595367015447	2.84823637420346
77000	78000	-0.847408026149771	-0.585395202200515	2.71364686864956
78000	79000	-0.68414578563969	-0.562761381151533	2.55510988911003
79000	80000	-0.851451562550787	-0.413916340151151	2.49891209058277
80000	81000	-0.633857956491128	-0.362709800591417	2.48625134912145
81000	82000	-0.680468179463542	-0.191880573191391	2.52863533010797
82000	83000	-0.456163199778792	-0.137975366219696	2.63970993382735
83000	84000	-0.569721722087847	-0.0147941706528999	2.40211426369051
84000	85000	-0.423542635523115	-0.134731307252821	2.29688126080573
85000	86000	-0.583595590631104	-0.109702267298116	2.10866581323658
86000	87000	-0.404326597037081	-0.151538011807214	2.0131033818814
87000	88000	-0.438941111278252	0.0659031858869066	1.99419614460691
88000	89000	-0.238898409950829	0.0823650657888556	1.96348034563451
89000	90000	-0.308089164786845	0.122563316009069	1.77845613144102
90000	91000	-0.21848657671349	-0.0254213325826058	1.75830875635673
91000	92000	-0.396074619645705	-0.0464918636083359	1.66128746525828
92000	93000	-0.246593041924528	-0.205901371542131	1.60092375590667
93000	94000	-0.280173897927777	-0.0271789359454601	1.49180139010497
94000	95000	-0.186066352878177	-0.152931303270844	1.39982882240011
95000	96000	-0.319790889443463	-0.0681622387808229	1.29495528685519
96000	97000	-0.207661924078288	-0.254318946348793	1.22064650111422
97000	98000	-0.133823440385858	-0.0915870650453907	1.1844472218276
98000	99000	0.0243918151260457	-0.179494981205835	1.15125412175218
99000	1e+05	-0.0532643870986669	-0.0790649094833855	1.02642667944639
1e+05	101000	-0.110318534134839	-0.204438708175699	0.954318176159497
101000	102000	-0.0902267608866851	-0.0605503597353917	0.834738644727281
102000	103000	-0.00517622460616046	-0.179498942548091	0.738063450840497
103000	104000	0.164401218808195	-0.0797335591478386	0.769725426921084
104000	105000	0.135503267972903	-0.220504981194386	0.59067202959639
105000	106000	0.0986850780856758	-0.040025143584238	0.507759243065362
106000	107000	0.0580279253631287	-0.159977500250153	0.345689855484367
107000	108000	0.168444357544296	-0.00918344364546449	0.240731749033465
108000	109000	0.262393609517798	-0.135070569066796	0.0983345544312507
109000	110000	0.344153580316657	-0.0664622748292965	-0.0780393887626766
110000	111000	0.465335628038552	-0.0797220570658816	-0.247046361768057
111000	112000	0.491290321774696	-0.0887483095655842	-0.479324613792272
112000	113000	0.706859431043899	-0.0571035886389971	-0.544898035037085
113000	114000	0.665910308358933	-0.100408588508165	-0.761434690056712
114000	115000	0.84835905716209	0.0867368025252488	-0.852088358415846
115000	116000	0.815307930655544	0.0527613578090257	-1.06840403526125
116000	117000	1.02943021862731	0.0892266141052984	-1.08222766256083
117000	118000	1.00039208616616	0.0197977945860656	-1.29787567420816
118000	119000	1.18004025550141	0.170661061464147	-1.28604539148463
119000	120000	1.10275293836022	0.198039334952266	-1.46643195914808
120000	121000	1.29404051795266	0.265372961859858	-1.48673299163316
121000	122000	1.24934373437032	0.14462300054	-1.64047018162908
122000	123000	1.39539753196096	0.221985304764578	-1.65953154226994
123000	124000	1.30872598760287	0.276582877372833	-1.8288941418286
124000	125000	1.47743900061427	0.30569606863012	-1.82177335234451
125000	126000	1.43077442006538	0.183117277100648	-1.9178725055535
126000	127000	1.59160023908455	0.186555551864849	-1.96702706941007
127000	128000	1.52519648412099	0.0877812625773672	-2.09221838523921
128000	129000	1.58165925534639	0.201882120561145	-2.20756605026321
129000	130000	1.62863084226469	0.0410883045258835	-2.25090119827388
130000	131000	1.73484603443477	0.128179584466762	-2.32452781652158
131000	132000	1.85759357100536	0.0641628805615145	-2.25059329031472
132000	133000	1.92880291765718	0.097311435279697	-2.36238001017291
133000	134000	2.12448604480761	0.0240425542763966	-2.29399155826224
134000	135000	2.05059846864906	-0.10424644668643	-2.41511167414181
135000	136000	2.02522656823946	-0.221387076013972	-2.25571299843207
136000	137000	1.8763855070053	-0.266572430240715	-2.3762944164932
137000	138000	1.82704719913871	-0.392915670789512	-2.24755860817928
138000	139000	1.71950082259761	-0.493277698226169	-2.38293143378446
139000	140000	1.82825595774298	-0.570786896570861	-2.22910082947469
140000	141000	1.71892586981275	-0.673670542181232	-2.22452290041067
141000	142000	1.87519871572774	-0.707616735393351	-2.05688658785003
142000	143000	1.74305039999171	-0.886702006799484	-2.14115909755008
143000	144000	1.93346368335385	-0.924191848162134	-2.11556126691149
144000	145000	1.90666185425851	-1.02340682911276	-2.2758085469986
145000	146000	1.99614057357233	-1.1618971552026	-2.22231760025412
146000	147000	2.11606922095965	-1.26387964309538	-2.43956660970165
147000	148000	2.20133980295416	-1.12830675272468	-2.29605664014359
148000	149000	2.20411511509907	-0.965047414386283	-2.33332698688824
149000	150000	2.38151957047194	-0.964720098923185	-2.27919962538902
150000	151000	2.40817512347323	-0.897028325001608	-2.40061853628217
151000	152000	2.40850551273904	-0.996069362242134	-2.57076311290708
152000	153000	2.44589612476112	-0.822816687651157	-2.60273016961349
153000	154000	2.47251665014187	-0.906591067986307	-2.80172715657952
154000	155000	2.5259852804313	-0.68996423500748	-2.81644697087103
155000	156000	2.26739283681332	-0.764794170760165	-2.82609640600924
156000	157000	2.29482137791147	-0.569659572772412	-2.80448494093289
157000	158000	2.28440589715943	-0.644661087572405	-3.0137995671097
158000	159000	2.27379066050025	-0.428922128140606	-2.97270356874965
159000	160000	2.08889087035921	-0.458342599614591	-2.96681651739665
160000	161000	2.10363600483327	-0.299253983853893	-2.95173492563285
161000	162000	2.05133396581256	-0.356527899895776	-3.11711596117512
162000	163000	1.97988356519873	-0.188170417657842	-3.11734452163803
163000	164000	1.85702073407028	-0.309942872133023	-3.09753404169407
164000	165000	1.71360984025801	-0.208780321218457	-3.05848966719189
165000	166000	1.6632994142856	-0.374963352998202	-3.11476104651027
166000	167000	1.53447248437489	-0.278443003036432	-3.17257344520653
167000	168000	1.56643306251889	-0.412393459866881	-3.30684460642044
168000	169000	1.4582229355527	-0.289012628963632	-3.40046304801143
169000	170000	1.45617751736749	-0.472113684530446	-3.48227394836993
170000	171000	1.28976047696491	-0.481364343786272	-3.37356894866437
171000	172000	1.34078509044887	-0.652533151318949	-3.33366320550705
172000	173000	1.2282825506717	-0.661012506932618	-3.22608722667992
173000	174000	1.23702201880474	-0.834235464427582	-3.30309284992716
174000	175000	1.07106488248382	-0.811198958454331	-3.32293533033956
175000	176000	1.11643167526388	-0.807865497419161	-3.49108440213653
176000	177000	0.948164900507923	-0.868532908679822	-3.543880328233
177000	178000	1.10109514928318	-0.945380294792765	-3.62193961025677
178000	179000	1.0999640231235	-1.15195539181183	-3.58995007618502
179000	180000	1.17412530979573	-1.17583456535955	-3.80118818222403
180000	181000	0.969008322282627	-1.19702440015948	-3.78502479311721
181000	182000	0.877752502137531	-1.0464977543699	-3.89439481146906
182000	183000	0.803746635194619	-1.20959585404209	-3.98377357368598
183000	184000	0.913668727837424	-1.14854056360747	-4.17845555298952
184000	185000	0.877306033024539	-1.36666131145886	-4.19211636349762
185000	186000	0.774541137673031	-1.21976181262262	-4.31340119358538
186000	187000	0.755160995085329	-1.40399038450956	-4.3812407199947
187000	188000	0.720044578914597	-1.3447581514092	-4.54159374034094
188000	189000	0.714299145222366	-1.54080327104421	-4.70273346162358
189000	190000	0.54948440700362	-1.40009617903833	-4.62748627393796
190000	191000	0.484072127163958	-1.50646288707287	-4.58420297394349
191000	192000	0.381590939530105	-1.41163794462577	-4.54477339674195
192000	193000	0.358522463118345	-1.52650220227864	-4.44398444524683
193000	194000	0.301000427465266	-1.43881067127172	-4.37019564499012
194000	195000	0.238068969343257	-1.59254889237601	-4.33396265812167
195000	196000	0.110257575527738	-1.56055337730114	-4.36284542707118
196000	197000	0.0645032557745279	-1.67548161411811	-4.40094389025315
197000	198000	-0.0823187582131242	-1.57041116083297	-4.40844528016951
198000	199000	-0.0946690955718628	-1.71465760453489	-4.24502953120563
199000	2e+05	-0.128518959101098	-1.55301637405031	-4.15211745199605
2e+05	201000	-0.12800705068704	-1.68196401292823	-4.05544888743843
201000	202000	-0.286814929435869	-1.59510172704168	-4.00949417382211
202000	203000	-0.247731826210597	-1.72887695050878	-3.83968390308632
203000	204000	-0.250352844573143	-1.55318192034606	-3.79937636240004
204000	205000	-0.140429488119816	-1.61843097519695	-3.68446535476179
205000	206000	-0.231849860580495	-1.51599855731668	-3.56122977044954
206000	207000	-0.232236171187944	-1.72002252424129	-3.48064599134278
207000	208000	-0.421295122157724	-1.69482133463463	-3.46462112560824
208000	209000	-0.328036494667077	-1.78029741140152	-3.3073743096126
209000	210000	-0.371223211461701	-1.61993693778015	-3.213284195312
210000	211000	-0.192706653528273	-1.62229441078802	-3.10306916246129
211000	212000	-0.238449532076473	-1.42396598576716	-3.03154780262318
212000	213000	-0.0387590210615843	-1.48429098447832	-2.92690174159174
213000	214000	-0.136168394731019	-1.3730204133525	-2.78652810709685
214000	215000	-0.0820182345136651	-1.57637409035931	-2.74810576226053
215000	216000	-0.282612428060729	-1.60433437423854	-2.73182193295072
216000	217000	-0.189437575527769	-1.74738308530356	-2.6110617859298
217000	218000	-0.24004675665737	-1.58125127736912	-2.5620805861225
218000	219000	-0.145129217698293	-1.61229904347727	-2.40505751560995
219000	220000	-0.301761836035293	-1.48466343248516	-2.35598570529747
220000	221000	-0.389421848867692	-1.69341063613607	-2.35622328852015
221000	222000	-0.571450927697481	-1.65830432172234	-2.34929569208501
222000	223000	-0.556312596967684	-1.80067169807561	-2.20373599451587
223000	224000	-0.57781379091839	-1.64174473761991	-2.12169658690932
224000	225000	-0.564350005732154	-1.69981590589768	-1.96854142070839
225000	226000	-0.706089308779758	-1.6079648380356	-1.94955936553175
226000	227000	-0.798781002923284	-1.75546834463157	-1.9405113164105
227000	228000	-0.855833848898733	-1.60771437417826	-1.8229364015445
228000	229000	-0.906513531578777	-1.74577562182463	-1.71976237092684
229000	230000	-0.864397744449062	-1.69204618823333	-1.58399457706676
230000	231000	-1.00324903131515	-1.7212547979283	-1.5617858525631
231000	232000	-1.06627575932805	-1.62793083339847	-1.42933684357327
232000	233000	-1.23143342369061	-1.73584710234676	-1.43902777890363
233000	234000	-1.19050356650221	-1.77389896837624	-1.26381952207267
234000	235000	-1.42952929396985	-1.83964088064503	-1.20721144314898
235000	236000	-1.28905147259326	-1.71802314509676	-1.06674464167364
236000	237000	-1.44700819557765	-1.65206681211917	-1.00570791283013
237000	238000	-1.36164425087029	-1.66359362414553	-0.839721511774945
238000	239000	-1.46238456432522	-1.58805887149357	-0.777679754811142
239000	240000	-1.38711494569024	-1.49761943068202	-0.68693866043766
240000	241000	-1.5769127135941	-1.48276255680858	-0.658888418055047
241000	242000	-1.47713233081167	-1.49612387196919	-0.50550331897799
242000	243000	-1.61613882426151	-1.57842000772525	-0.466549705005849
243000	244000	-1.58067255314993	-1.47417620937451	-0.370020450574619
244000	245000	-1.75062466447074	-1.48660479983192	-0.279037418510636
245000	246000	-1.62718929512143	-1.4157577949527	-0.215651338874626
246000	247000	-1.66659301805443	-1.43085753159115	-0.0721900435801363
247000	248000	-1.5700719794212	-1.3416946054044	0.000751693915504495
248000	249000	-1.72705046779883	-1.29862150735064	0.0494907829068293
249000	250000	-1.5961986981782	-1.20164653807073	0.101916940836318
250000	251000	-1.74907493956477	-1.24516112790421	0.19418947268934
251000	252000	-1.67698890351564	-1.16541768903179	0.315259615165701
252000	253000	-1.78590520182526	-1.06932578943504	0.263600941143581
253000	254000	-1.90106012575596	-1.01367182252154	0.360088488069163
254000	255000	-2.08059053438378	-0.983548133567542	0.253833529996187
255000	256000	-2.18745999372788	-0.916664533198058	0.43618132877301
256000	257000	-2.01206172388483	-0.740940696078974	0.374873914517361
257000	258000	-1.89042241453709	-0.71085995334734	0.462148227485699
258000	259000	-1.73253451092363	-0.651048644263379	0.381560385419465
259000	260000	-1.74566331757968	-0.524195893097905	0.469578266799902
260000	261000	-1.77334688647044	-0.504716595880985	0.257325753420732
261000	262000	-1.85142252527205	-0.375193509947661	0.384099676822364
262000	263000	-1.66413902155711	-0.317974707555177	0.250031154790153
263000	264000	-1.7127319784023	-0.178226605557961	0.360779728696845
264000	265000	-1.78744872614674	-0.152951136441437	0.193379795605786
265000	266000	-1.9266906713021	-0.0459572699821523	0.259727811270474
266000	267000	-1.82052183382268	0.0667428740771929	0.127139523114666
267000	268000	-1.8208433866976	0.164179655177297	0.28239774354101
268000	269000	-1.62696425397663	0.189319473453926	0.211010556830796
269000	270000	-1.64502000710136	0.345150258811295	0.279965214858095
270000	271000	-1.58226226494668	0.38515416215847	0.142071160246612
271000	272000	-1.65626114197773	0.53059528146827	0.131261452170284
272000	273000	-1.49526896470343	0.553551455336247	0.0601246071350096
273000	274000	-1.45801059400125	0.687667584867154	0.156949000001713
274000	275000	-1.35540986849364	0.724566976568809	-0.0163869426330242
275000	276000	-1.45588467149544	0.855240923868163	0.00627146387599313
276000	277000	-1.46593631780439	0.891697618479358	-0.253337008061621
277000	278000	-1.28863763519443	1.0132830039847	-0.137775125249374
278000	279000	-1.15293542243828	0.906877189118083	-0.184793081264364
279000	280000	-1.06960711830469	1.06571159762729	-0.108126220941042
280000	281000	-0.965645679282012	1.01235393184913	-0.264785595256134
281000	282000	-0.904790044796793	1.16825124428303	-0.251113131011204
282000	283000	-0.737479525258713	1.0790855109386	-0.303419149980651
283000	284000	-0.695235758121926	1.19376322753949	-0.192631534500802
284000	285000	-0.590032545449528	1.18492046442562	-0.342112240494032
285000	286000	-0.590685729365882	1.40216100739807	-0.28893182451028
286000	287000	-0.435482839502044	1.49362468262545	-0.433397860060694
287000	288000	-0.364503889225857	1.45027824459223	-0.165705290792896
288000	289000	-0.265833942252441	1.30628118667161	-0.207560797426501
289000	290000	-0.260004749358168	1.31466331719065	0.00276272533952858
290000	291000	-0.0555508935790771	1.32772920588945	-0.0330793136083733
291000	292000	0.0229677527233462	1.43127316034624	0.0853439511859972
292000	293000	0.22345782929117	1.38418069244183	-0.0042389649295459
293000	294000	0.254515174034779	1.3209187632657	0.187274554072312
294000	295000	0.440070690408265	1.23542974682086	0.0356438300939362
295000	296000	0.536519311396264	1.34554132700543	0.242797485148982
296000	297000	0.730900909428387	1.38580290501851	0.113935403701606
297000	298000	0.807264599034982	1.29916281184352	0.300508736536744
298000	299000	0.84728463609313	1.12954959543614	0.134568167380515
299000	3e+05	0.851600557271563	0.986138968921869	0.30041322766324
3e+05	301000	1.02629322832816	0.975404678262465	0.169433644787863
301000	302000	1.13241093210779	0.953766049864137	0.344446510434507
302000	303000	1.30157515896897	1.03954409065479	0.207242661841852
303000	304000	1.33854511844964	0.813425181064882	0.283588021803326
304000	305000	1.48944180394932	0.808837641439238	0.0779255715699796
305000	306000	1.43787918942526	0.595630715172164	0.134720799802007
306000	307000	1.67712287713321	0.607225167858162	0.104228195250696
307000	308000	1.61851528566449	0.38783454869467	0.0598783822088433
308000	309000	1.81798842999281	0.369458977833314	0.106403768049658
309000	310000	1.78071443908361	0.158753317644244	0.0477845329737636
310000	311000	1.88349589409407	0.153015306430034	0.174262273658094
311000	312000	1.92556795586218	0.0194685657490946	0.15361384283328
312000	313000	1.99556928100948	0.0101808638584297	0.302866506772316
313000	314000	1.86256862850114	-0.111301322912236	0.266386081644068
314000	315000	1.75989800519666	-0.0883955306000022	0.411743556590808
315000	316000	1.72155006048163	-0.232486167637052	0.424249317685065
316000	317000	1.82213271771238	-0.211992666835503	0.588983863561087
317000	318000	1.91635781746507	-0.355073770329897	0.610567046632527
318000	319000	1.95694000758227	-0.420723377446879	0.831452950091979
319000	320000	1.70530204945172	-0.392265076928945	0.781128351393736
320000	321000	1.56937113314715	-0.35053659113881	0.757901788541763
321000	322000	1.56588049616646	-0.378550668908618	0.916540417572779
322000	323000	1.54874989261102	-0.562342827658558	0.934352094257861
323000	324000	1.56715970301717	-0.491741998959985	1.10690871142671
324000	325000	1.39921475522625	-0.505604036490223	1.07959198658827
325000	326000	1.40731622084447	-0.38572140022317	1.16014530550415
326000	327000	1.25166670939363	-0.318907943325442	1.17678769663514
327000	328000	1.29370536391072	-0.158265069994183	1.2764930580565
328000	329000	1.16165717379396	-0.249020769309875	1.44585780876273
329000	330000	1.29623523065767	-0.0967732265246468	1.56279718117258
330000	331000	1.09862514997609	-0.0806304951824996	1.65577510324288
331000	332000	1.10570852805017	0.121526635957421	1.70372885861077
332000	333000	0.972592179106668	0.165080817645221	1.79908725747298
333000	334000	1.09846687877469	0.317254166153996	1.88866611397113
334000	335000	0.956702775128067	0.385953108701887	2.02803406649749
335000	336000	1.11031878701919	0.467076162370639	2.13022357469609
336000	337000	0.951852749011464	0.625565312047625	2.18604940983395
337000	338000	1.0503250727609	0.640850350444827	2.35141723997853
338000	339000	1.01958094433155	0.807576196394103	2.42313044775638
339000	340000	1.14428484071938	0.873993856601528	2.64198970920722
340000	341000	1.19038499906072	1.00627306471358	2.83007935666927
341000	342000	1.43327012853361	1.25537539240193	3.34558716845752
342000	343000	1.86207734485326	1.57971275910797	4.23274693398668
343000	344000	1.27956938606124	1.44822106927531	3.37613890498642
344000	345000	0.998929954655729	1.40076721980474	2.9973049306001
345000	346000	0.932643382590209	1.44084722358872	2.8061276348596
346000	347000	0.72938382278647	1.38338686716169	2.7200256543956
347000	348000	0.713783532732976	1.48589312725959	2.59923640012336
348000	349000	0.532888223294849	1.37480599534745	2.60365014107935
349000	350000	0.512394505931499	1.45831884667852	2.45003084098023
350000	351000	0.358684761020804	1.36748058958639	2.48477188106768
351000	352000	0.319037894402918	1.55257778485094	2.48900991904466
352000	353000	0.253891282924158	1.53176371903242	2.63904466488063
353000	354000	0.239384511739069	1.69185995438895	2.64327913947819
354000	355000	0.0633444501815651	1.66408008634584	2.62156700211855
355000	356000	0.0969679346370202	1.73544069429701	2.48416849644847
356000	357000	-0.088038254150422	1.72159329943889	2.4302384115049
357000	358000	-0.06905322656605	1.84864632321052	2.47783948326413
358000	359000	-0.180241006479098	1.85208087558973	2.57665428459424
359000	360000	-0.132640601405918	1.99339502680703	2.75698488560239
360000	361000	-0.210768393329297	2.06817327991329	2.63185606628028
361000	362000	-0.0421399311356507	2.15139469410663	2.58842855974113
362000	363000	-0.179238370302072	2.23524440003906	2.50651073578887
363000	364000	-0.0711841560266721	2.36176292939197	2.6332853388191
364000	365000	-0.166245044276568	2.45288378684059	2.4524520495935
365000	366000	0.0209936421845768	2.40428996873094	2.4327828666905
366000	367000	0.0339125076051001	2.45142593908998	2.256549013558
367000	368000	0.204617260061791	2.50399964265379	2.34487123643479
368000	369000	0.117646881007788	2.66396749877436	2.37861274992359
369000	370000	0.296088638389343	2.73587166140005	2.50360183301635
370000	371000	0.260822969514687	2.87771576788147	2.39046336961586
371000	372000	0.439857237285041	2.86297940702452	2.37247853635284
372000	373000	0.45699920171826	3.07796248464876	2.24015185061493
373000	374000	0.583798921983182	2.87173178284423	2.19732884110068
374000	375000	0.491782368623274	2.84026948458638	2.0449675559991
375000	376000	0.534860157077907	2.6412533801769	2.04608334454806
376000	377000	0.47429247474809	2.58551160514588	1.91987578959811
377000	378000	0.658063057493917	2.53980171432771	1.87439485948285
378000	379000	0.678849536376752	2.66811437191683	1.74976748897023
379000	380000	0.678298245734165	2.46182679090542	1.70086391947684
380000	381000	0.540357511569621	2.50085036207103	1.62075186560269
381000	382000	0.535734531809683	2.3134817956741	1.57684566023581
382000	383000	0.425549514320325	2.41933361881185	1.47494714482014
383000	384000	0.535539928811971	2.3546183022608	1.36213505424183
384000	385000	0.53517006749673	2.548363274576	1.29168705746135
385000	386000	0.499317236854798	2.49655015127458	1.09313199876733
386000	387000	0.323473135506655	2.50661406670928	1.18598605562763
387000	388000	0.199340547913179	2.38414497856266	1.16285132894454
388000	389000	0.117187139497277	2.53261040407503	1.23258061143236
389000	390000	0.0861620659136676	2.57978102307228	1.08128727090723
390000	391000	0.0580126903801621	2.75349690401163	1.18429179320087
391000	392000	-0.126760188149723	2.66003415577246	1.17668634846835
392000	393000	-0.124152895927837	2.75899865582764	1.33926068745962
393000	394000	-0.278733277991118	2.87633719335543	1.24320680277594
394000	395000	-0.308836934045353	2.86594036360643	1.40371865858987
395000	396000	-0.474938607201019	2.82773196117884	1.36439785802156
396000	397000	-0.389006849603215	2.73918711249536	1.48937129630366
397000	398000	-0.463034891765644	2.60653134106821	1.40495929164661
398000	399000	-0.4549276730853	2.56806086310413	1.53856017070357
399000	4e+05	-0.607783290847734	2.57488215884385	1.49012904283692
4e+05	401000	-0.641677399860091	2.45748955802791	1.60110287554094
401000	402000	-0.571302920834275	2.3605512256228	1.62257845973209
