0	1000	-2.44781904822868	1.39819906109187	-1.87805198852962
1000	2000	-2.85838094844927	1.13013230327999	-1.76057457969954
2000	3000	-2.58330432320698	1.25312278073595	-1.35771660802455
3000	4000	-2.48739892635678	1.39271258791681	-0.940502038566468
4000	5000	-2.64058456629843	0.948202281915292	-0.972194789770783
5000	6000	-2.22155445612799	0.846137900242007	-0.880140476708848
6000	7000	-1.77807421080809	1.02634748853286	-0.936438276095069
7000	8000	-1.60028307399619	0.706793885742687	-0.568244587563097
8000	9000	-1.32827563065781	1.18262124489395	-0.487623239056105
9000	10000	-1.13005550975194	1.07687491427928	-0.0522695607898973
10000	11000	-0.895962327325163	1.46494954037116	0.194860555045459
11000	12000	-0.874425449757977	2.03031595807889	0.185015818261727
12000	13000	-0.617457512788605	1.90323414483464	0.709971537375597
13000	14000	-0.598634372495033	2.28178672452603	1.09514299891129
14000	15000	-0.254398148751989	1.89057728442542	1.18830158916235
15000	16000	-0.468526086325699	1.43497815312451	1.2091891411018
16000	17000	-0.0407299668682591	1.38658839655764	1.36777537520051
17000	18000	-0.210527452844856	0.919839561078941	1.28590879773964
18000	19000	-0.0472654859624681	0.321118667522122	1.23743050167479
19000	20000	-0.0233572426282392	0.685345243456328	0.770320317610428
20000	21000	0.295650576163603	0.773855019961412	1.0060873824157
21000	22000	0.383011250405375	0.85276902498042	0.621552261943994
22000	23000	0.197794885187812	1.25130627210547	0.669199509742882
23000	24000	0.618684402674613	1.47577221384187	0.52242476156377
24000	25000	0.447174459532499	1.87707524445171	0.251975771329649
25000	26000	0.856701156042061	2.05370074632062	0.534574271035607
26000	27000	1.34326129772572	2.32253880687486	0.568234181441247
27000	28000	1.2878187002723	1.9940642000332	0.109160424974243
28000	29000	1.7839636953794	1.94136203074037	-0.0996272514990565
29000	30000	1.99347192459138	1.45468553193955	0.0116153589268996
30000	31000	1.63547982191087	1.29105453533231	0.351919223387988
31000	32000	2.0675003483097	1.12204232246528	0.54661084142378
32000	33000	2.02185370777719	0.782852867364968	0.877694280996886
33000	34000	2.43242927765414	0.616928732230033	0.736549882527758
34000	35000	2.18742686900733	0.219753648762502	0.721514971617057
35000	36000	1.97415111024601	-0.109374522149434	0.445846816708746
36000	37000	2.02198620470824	-0.623425933577903	0.262825557094064
37000	38000	2.2550136509441	-0.785363745010611	-0.158010653669856
38000	39000	1.946909761395	-1.15427198303569	-0.288702101230774
39000	40000	2.07685673649567	-1.13741390762904	-0.753852883338159
40000	41000	1.73325891080962	-1.40505413607277	-0.923466187095384
41000	42000	1.75947018885672	-1.88676010524568	-0.754536128156164
42000	43000	2.02996458292203	-1.79692256798641	-1.1114806266522
43000	44000	2.29624732915932	-2.02736683079023	-1.36932383007718
44000	45000	1.85358607195291	-2.08729768500071	-1.47812075870504
45000	46000	2.06414840436394	-1.80465114500299	-1.79368493984841
46000	47000	1.61146399637905	-1.67728636292713	-1.8195068478423
47000	48000	1.5512519805826	-1.82698496253841	-2.25754828784262
48000	49000	1.14477043935031	-1.70895923230521	-2.10191583013071
49000	50000	0.832336619492406	-2.02246643790326	-2.4773812894317
50000	51000	0.459463472691689	-1.518822638586	-2.39236786673067
51000	52000	0.0909913139666243	-1.10450371887838	-2.44399374618338
52000	53000	0.0644987646269159	-0.923211522184381	-1.89876872952718
53000	54000	-0.383249684731577	-0.810685027948452	-2.08003492614594
54000	55000	-0.326415859013616	-0.570302074408222	-1.59696273866554
55000	56000	-0.452651318085533	-0.257695577286929	-2.00956319809089
56000	57000	-0.801171023511358	-0.561820101005627	-1.85733568888843
57000	58000	-1.19690576446584	-0.796414805412755	-1.7673572270717
58000	59000	-1.66447581434232	-1.26791329139374	-1.46822033761861
59000	60000	-1.2878877337805	-1.06046641456935	-1.15313150309695
60000	61000	-1.24803373797309	-1.51858934878829	-1.03515556399635
61000	62000	-1.16494150534037	-1.21808397203093	-0.662615476658946
62000	63000	-1.57923705673706	-1.43254576341603	-0.611764283565298
63000	64000	-1.82701235766876	-1.13489203275336	-0.872499792867155
64000	65000	-2.15231684444232	-1.1787774416372	-0.549138966383222
65000	66000	-2.13258514359681	-0.701648821666102	-0.478490574473195
66000	67000	-2.00630901633196	-0.426870808247914	-0.0990155485879301
67000	68000	-1.76815707754943	-0.0143741187050271	0.0998931206999481
68000	69000	-1.6744697036683	0.272341655583427	0.491523680540975
69000	70000	-1.31608174702062	0.525435812772469	0.310552352478356
70000	71000	-0.888495063245466	0.734694960897003	0.438445334524416
71000	72000	-1.10581357207595	0.901699104318699	0.862321943579061
72000	73000	-1.09348870453374	1.37392690732039	0.989189122535986
73000	74000	-1.29947395825853	1.72173199168589	1.35492187505379
74000	75000	-0.763615600788315	1.88658161700603	1.32512271332297
75000	76000	-0.45843867958774	2.27117042775908	1.63852271618628
76000	77000	0.219652210389607	2.41662369468753	1.57085393894531
77000	78000	0.49249619348386	1.91974432279505	1.30039620400492
78000	79000	0.854823364302124	1.64710348108554	1.11377503556581
79000	80000	1.29157824554033	1.51274800397847	1.29207262998025
80000	81000	1.594515938712	1.65450155937918	0.836700957438076
81000	82000	1.84197792878189	1.23941571818848	0.981252414723859
82000	83000	2.40829161544614	1.41282322725766	1.10004307145305
83000	84000	2.34972466441744	0.814705225737328	1.2627949575664
84000	85000	2.83592925581369	0.791568519696847	1.43559471865676
85000	86000	2.74975447857447	0.27477524180502	1.33902107423809
86000	87000	2.61018862001317	0.0794528430689714	1.67028431949574
87000	88000	2.74877437581962	-0.353164293128457	1.48062360514385
88000	89000	2.28901889660727	-0.401936337478222	1.68869802829598
89000	90000	1.94360535296928	-0.612008648814013	1.34070154817377
90000	91000	1.97225917059341	-0.149199421601462	1.21112169554704
91000	92000	2.25930994448105	-0.339845602907266	0.871329535033295
92000	93000	2.54920225209945	-0.249880358806394	0.396481635922573
93000	94000	2.29964774890237	-0.134324750130733	-0.0433637230900236
94000	95000	2.50615039663103	-0.316063087794949	-0.402221235668109
95000	96000	2.32956345362809	-0.132963124125731	-0.80094184283505
96000	97000	2.04931587119425	-0.118295141623839	-1.17177147698129
97000	98000	2.25847857610753	-0.265986540028124	-1.54845428507073
98000	99000	2.41853511801774	0.213474666658103	-1.59364004779605
99000	1e+05	2.19013882272076	0.0538702826691628	-2.02862708033015
1e+05	101000	1.88330422189167	0.412850043493166	-1.86709095267832
101000	102000	1.90884135778034	0.468703618755666	-2.34325407902963
102000	103000	1.49303581149199	0.729986721695573	-2.31017124464767
103000	104000	1.83522236583255	1.14749073237245	-2.34728578080458
104000	105000	1.62293070489163	1.51821444979989	-1.96545267203622
105000	106000	1.51978096921421	2.05699870729677	-1.94724624404151
106000	107000	1.53500534984256	2.1040579619456	-1.39392600195629
107000	108000	1.12149057102329	2.15704382823914	-1.03693676311674
108000	109000	1.37781800375478	2.48938599561604	-0.769048225645655
109000	110000	0.94814061182762	2.69987908931905	-0.626305409153957
110000	111000	1.30939271575547	3.00371224237098	-0.801846989362765
111000	112000	1.03057799053945	2.88428429023403	-1.15731312835085
112000	113000	1.20144381250418	3.11778156179813	-1.57970058298913
113000	114000	0.825624645633394	2.83467652444301	-1.63880282165491
114000	115000	1.02428612121439	2.90614993462323	-2.09505293120767
115000	116000	1.21910107248324	2.54261235974496	-1.74001886308462
116000	117000	1.09972826292017	2.13875481227913	-1.66907161383273
117000	118000	0.937494151650476	2.10478553856517	-2.16806138168818
118000	119000	1.102214917789	1.63443662259887	-2.02250979495604
119000	120000	0.97093917073823	1.51100479618646	-2.44977717183592
120000	121000	1.39243445224953	1.70015137467535	-2.75413053279256
121000	122000	1.07434472456305	1.32359836972899	-2.94701178421113
122000	123000	1.34039272226636	1.1137347363789	-2.6874071863347
123000	124000	1.0305903018828	0.737520440687419	-2.78495596098887
124000	125000	1.5930556644297	0.661133278609649	-2.8943501129003
125000	126000	1.39865962172793	0.244163589239189	-2.6715720744233
126000	127000	1.55609436126311	-0.0203588103189196	-2.26071685398738
127000	128000	1.80140003720315	-0.410587904207074	-2.11301849728364
128000	129000	1.78395589881579	-0.633216767919348	-1.67877745229773
129000	130000	2.01467532804097	-1.05606145661506	-1.83333716984722
130000	131000	1.93696983098872	-1.35389496569408	-1.48336387976228
131000	132000	2.42826829712376	-1.43002659611478	-1.50404988466196
132000	133000	2.55413832624638	-1.29675675632416	-1.04856349893703
133000	134000	2.7414203358414	-1.6420717556355	-0.733050744032709
134000	135000	2.72145388727166	-1.22770414666758	-0.358681144185081
135000	136000	2.59273969237072	-1.44939363405089	0.0371289037856159
136000	137000	2.70138845893097	-1.1431557916105	0.259781520196934
137000	138000	2.78864295266088	-1.48871559790275	0.591576529465526
138000	139000	2.68199920831196	-1.05846977135137	0.760145877425883
139000	140000	2.44040418564991	-1.28484559024003	1.04529079247426
140000	141000	2.70372275553252	-1.01140882113606	1.31376071194968
141000	142000	2.35941761120316	-0.951884402430818	1.56551029839739
142000	143000	2.53235203459304	-1.14666533969271	1.98350134330106
143000	144000	2.08024906858176	-1.28299655806286	1.76263934904793
144000	145000	1.88127658552092	-1.05990366116007	2.04609974987073
145000	146000	1.5003853943114	-1.21396919028892	1.81110084816629
146000	147000	1.31469567635216	-1.69401621019691	2.19341092086608
147000	148000	0.862658148561474	-1.55294902810166	1.75830526207303
148000	149000	0.72099017950864	-1.35399680655514	2.12844685398968
149000	150000	0.712897952826312	-0.883555869609251	1.94374448395835
150000	151000	0.790342333403246	-0.66418506055685	2.34809849446513
151000	152000	0.622804728805086	-0.297186494976326	2.08053457828339
152000	153000	0.962287176155889	0.00659791333089956	2.00346378862662
153000	154000	0.92082776543572	0.438902130061979	1.69941322175604
154000	155000	1.24465540252215	0.883413849204181	1.73680500425121
155000	156000	1.32226783624307	0.91470171173536	1.20402793527217
156000	157000	1.34600050650541	1.08688834705835	0.789056240151458
157000	158000	1.44063523418471	0.724742305809013	0.451817696577667
158000	159000	1.31816742287998	0.805031048750512	-0.0690377735607575
159000	160000	1.23506088158436	0.597714676369485	-0.479738164605683
160000	161000	1.55329597499944	0.515087564068093	-0.805563788581522
161000	162000	1.8056584546721	0.624972189815865	-1.22507160337215
162000	163000	1.45093042436002	0.229017189908459	-1.36264104262341
163000	164000	1.5224606356512	-0.100101361609318	-1.71237079188648
164000	165000	1.28989186150515	-0.46172604012636	-1.93809662939921
165000	166000	1.03468342238947	-0.342554633018579	-2.33411845575097
166000	167000	1.41873596728783	-0.470826161638948	-2.73590114905948
167000	168000	1.23024774571353	-0.834701273714191	-2.63303942746713
168000	169000	1.0360660251971	-0.970825685755906	-3.03068792870813
169000	170000	1.08689120818489	-1.32437157095271	-2.60246160886706
170000	171000	0.855362931884538	-1.28999451278396	-2.12357987991702
171000	172000	0.62140639347223	-1.62874279609348	-1.89270388648485
172000	173000	0.296077507592323	-1.92792958102728	-2.01995888885654
173000	174000	-0.00742162035108947	-1.67413058165225	-1.85197685543016
174000	175000	-0.263415394889825	-1.95608712489195	-1.66627361277115
175000	176000	-0.576050997390227	-1.64746791655347	-1.74987915443963
176000	177000	-0.629933677198077	-1.47776708979471	-1.32456501336562
177000	178000	-0.9761732398633	-1.3133320024468	-1.58869667448303
178000	179000	-0.800564247071892	-0.925617342180083	-1.45932163154335
179000	180000	-0.91365604930654	-0.399331125270108	-1.36028084768135
180000	181000	-0.988522737228169	0.0388111346684015	-1.76489462549583
181000	182000	-0.833134104669347	0.294253739778463	-1.40552828804829
182000	183000	-0.50887127521618	0.36025045038996	-1.71023174399425
183000	184000	-0.240476634281545	0.0793224645644793	-1.3608443205813
184000	185000	0.140183114874749	-0.176607528259446	-1.58737028314596
185000	186000	0.167545846827607	-0.36616788809144	-1.10386092977873
186000	187000	0.307273125650975	-0.517627735344857	-0.607281158528983
187000	188000	0.459536032258457	-0.59901503348869	-0.0531508435798433
188000	189000	0.909807507963875	-1.00439982868338	0.0245694171933047
189000	190000	0.520017686920869	-0.858364137321947	0.507263238324863
190000	191000	0.652498266544939	-1.3017943069379	0.779510147150642
191000	192000	0.494715735597932	-0.98298825112931	1.22168106843414
192000	193000	0.297617522158656	-1.4569475866251	1.22347073739854
193000	194000	-0.0384286862645551	-1.67498090426411	0.98288337774442
194000	195000	-0.535792890586557	-1.52945015523104	0.847134914212731
195000	196000	-0.533632569114024	-1.33341749131685	0.390156325470965
196000	197000	-0.378686367961029	-0.962901424718888	0.215468595234871
197000	198000	-0.565765117899492	-0.538960826019413	-0.0369176088847359
198000	199000	-0.0538547845353674	-0.354658337291347	0.0895794321899753
199000	2e+05	0.246921449639921	-0.0410322953787971	-0.149389393398781
2e+05	201000	0.713529274485729	0.00694235883112075	-0.258025107773288
201000	202000	0.860793931930077	0.3630521385544	0.0762995459414847
202000	203000	1.23196099093907	0.0428382205859875	0.0958754485300655
203000	204000	0.885579427637068	-0.102817225019312	0.403089488953031
204000	205000	1.0457533443396	-0.422021727807223	0.686659760213287
205000	206000	1.20808445037374	-0.201939611238288	1.05463701609541
206000	207000	1.30864560986473	-0.497551794329102	1.48724051970301
207000	208000	1.60084965372328	-0.234521923652516	1.81760695258297
208000	209000	1.33103987562926	-0.559832683342299	2.16420679933146
209000	210000	1.39467065766345	-0.0900290216990242	2.43077673994372
210000	211000	1.03878574187203	-0.257134678189483	2.6768643351415
211000	212000	0.633655551248566	-0.0859608776616	2.68742088382811
212000	213000	0.831157266001099	0.241878523253021	2.45510396404676
213000	214000	0.452192412122403	0.314856221394836	2.21593262586362
214000	215000	0.664091045227762	0.729665022055959	2.20002337310791
215000	216000	0.280630863315332	0.828718234547033	1.94578580516178
216000	217000	0.432262393751339	1.29935517979705	1.91425716116071
217000	218000	-0.0296903325565219	1.27346743998098	1.96454691189104
218000	219000	-0.343509610137001	1.61119023263678	1.81640119082701
219000	220000	-0.530690361806388	1.18503889083227	1.70378725840415
220000	221000	-0.951843073860754	1.32708409743149	1.84691587141771
221000	222000	-1.23477429983988	0.92579678860458	1.91531302808644
222000	223000	-1.68412163834497	1.01960454895138	1.78579181872044
223000	224000	-1.91805320510534	0.609147420507404	1.97383984262737
224000	225000	-2.16905675647318	0.993778328880603	2.01360513168985
225000	226000	-2.23817663725145	0.918786775911159	2.4433255829174
226000	227000	-2.54389960595215	1.32463989115959	2.41982483735162
227000	228000	-2.2544551744946	1.29285168033998	2.78240125446335
228000	229000	-2.0252219790723	1.47498296507961	2.45996272013222
229000	230000	-1.63840207373249	1.22893505211474	2.74516567970199
230000	231000	-1.76303330308535	0.995023928151548	2.3929512948792
231000	232000	-1.77393651941354	0.509637125333169	2.74042749098896
232000	233000	-2.20144132295888	0.138492355045043	2.9214900270322
233000	234000	-1.81537667741297	-0.0983181453661091	2.74202978007283
234000	235000	-1.39431384814078	-0.0376406614724215	2.3560478308274
235000	236000	-2.03899814013329	-0.166575566448968	2.26116092138595
236000	237000	-2.5385991554139	-0.209697031610421	2.20693448650641
237000	238000	-2.46314741006893	0.0144926391363202	1.65389807764671
238000	239000	-2.33358627505002	0.456991393082131	1.55951633478098
239000	240000	-2.30033718556577	0.493031600036703	1.14004242425703
240000	241000	-2.38504596366314	0.898622242596684	0.83377144419994
241000	242000	-2.19269692493859	0.579829843948	0.563466402370915
242000	243000	-2.54910392561836	0.347850842241625	0.40139053428396
243000	244000	-2.475764157347	0.616012445441925	-0.0514245544986437
244000	245000	-2.91057806285506	0.37833870834721	-0.28667276785318
245000	246000	-3.05188444674225	0.909012946200397	-0.425190307414522
246000	247000	-3.26457178014596	1.20609853491542	-0.156103934991346
247000	248000	-3.53254380827804	1.19556796592333	-0.515702820582915
248000	249000	-3.78054038440609	1.38319577965771	-0.1682719887863
249000	250000	-3.85272753946945	1.53914339274424	-0.581760478846954
250000	251000	-3.5335739096691	1.74829975469144	-0.433730878750907
251000	252000	-3.4624290143245	1.68376100015018	-0.916675114081013
252000	253000	-3.07135092968469	1.90611723718124	-0.84549594130009
253000	254000	-3.01610202208802	1.56406192565982	-1.14672247818133
254000	255000	-2.64712217527608	1.8668302369744	-1.36664489165962
255000	256000	-1.937655870449	1.65202309003337	-1.27234951886557
256000	257000	-1.9179645796007	0.810276614714505	-1.43946326584413
257000	258000	-1.66246200604078	0.456033470403051	-1.20030039784272
258000	259000	-1.37885312210599	0.84821757192914	-1.27597709441145
259000	260000	-1.08747141695364	0.766574066276854	-0.917077991662328
260000	261000	-0.908558520324669	1.17734468752841	-1.04623468356489
261000	262000	-0.521792123838872	0.866210158342628	-1.14736774291914
262000	263000	-0.274697782649973	1.1772943527227	-1.43935667177363
263000	264000	-0.172280919545957	1.02687367225252	-1.87207671296086
264000	265000	-0.426352660011386	1.47504837714398	-1.96517562579699
265000	266000	-0.697711180952711	1.87552738686119	-1.90368351277524
266000	267000	-0.247901876541412	2.09026751475242	-2.16333268312189
267000	268000	-0.290512110260042	2.19722133389735	-1.64419870183271
268000	269000	-0.0543079657132467	1.77899806401634	-1.63588908079225
269000	270000	0.0798205638596724	1.85955191429504	-1.15511996391117
270000	271000	0.242512998555145	1.35141121575524	-1.18097722178945
271000	272000	0.751722129836258	1.35656812353433	-1.03493875551013
272000	273000	1.00030919488895	0.900292976720672	-0.955372128196416
273000	274000	1.38632036582689	1.18152878996208	-0.94059884112233
274000	275000	1.67466686711433	1.43908954685861	-1.28408163390917
275000	276000	1.25377226601544	1.35840446915892	-1.54142211888712
276000	277000	0.797376280000879	1.02597396836307	-1.84090880214527
277000	278000	1.30346133786501	0.736116996387659	-1.76914085231777
278000	279000	1.11025223538695	0.290744418417325	-1.91851518525075
279000	280000	0.968636884312488	-0.117583686197404	-1.61004018462078
280000	281000	1.24418004753469	-0.434844337530125	-1.33594248602807
281000	282000	1.51842225664489	-0.572801790571135	-0.996919501518295
282000	283000	1.47908288466729	-0.861432768903721	-0.604433395900372
283000	284000	1.89454335479444	-0.661052936758195	-0.604466209443998
284000	285000	1.68457176948554	-0.393061826657871	-0.302463517179924
285000	286000	1.83904813011479	0.063454706150807	-0.438379897978426
286000	287000	2.27740634882393	0.535639290099874	-0.40730902952265
287000	288000	1.832777360152	1.03419755128388	-0.481234806563523
288000	289000	1.99585026633965	1.44472306295767	-0.647838959662338
289000	290000	1.50593666571887	1.53668344091943	-0.540894508767018
290000	291000	1.59361151818317	1.91748250542868	-0.781838887866922
291000	292000	1.19232449146281	2.00245309911392	-0.47109892657039
292000	293000	1.38715425446245	2.38079964897798	-0.172212213245642
293000	294000	0.966813836907399	2.39273257011937	0.0504185419950159
294000	295000	1.07154765208299	2.80160800587177	0.259891961688231
295000	296000	0.826113146275667	2.56103768453413	0.562367690273849
296000	297000	0.440262131730727	2.62172442294432	0.22987038818791
297000	298000	0.228155548134626	2.3857102952278	0.705911375952242
298000	299000	-0.211727527945439	2.59256275299065	0.828179138957791
299000	3e+05	-0.51716267750836	2.37328830986065	0.539559249632479
3e+05	301000	-0.956959818993323	2.33732488286874	0.677510015205415
301000	302000	-1.17715386409101	1.93677628527223	0.647307785337642
302000	303000	-1.57820260390383	1.91980661861464	0.339481893248656
303000	304000	-1.53230055110264	1.43632621618274	0.502498316040549
304000	305000	-1.82614303883187	1.1136432827227	0.288357357144282
305000	306000	-1.56516984145839	0.811980098908093	0.625679560375922
306000	307000	-1.52059870833748	0.554418327176288	1.06310917281214
307000	308000	-1.17592759865433	0.26124042580256	0.855539219323896
308000	309000	-1.38635022369718	0.00688069935650708	1.20326348730624
309000	310000	-1.4714773898713	-0.329298232713391	0.843088672030794
310000	311000	-1.88258417166795	-0.355507094234558	1.11558744597997
311000	312000	-2.26398371227326	-0.620979299270313	1.2250717137854
312000	313000	-2.53396560733381	-1.0860429367307	1.52861474528542
313000	314000	-2.33272616397531	-1.41417790886531	1.18780699694802
314000	315000	-2.25489181039342	-1.6716615665911	1.52877082212685
315000	316000	-2.07861827462811	-1.86858372668448	1.2183476141205
316000	317000	-2.08474401757222	-2.14958229928727	1.5365410570596
317000	318000	-1.61064640998592	-2.03178787557239	1.49968696955892
318000	319000	-1.43245265408899	-2.60892138264501	1.3060357980425
319000	320000	-1.09960803657103	-2.38811393494393	1.75864648860534
320000	321000	-0.828607516076851	-2.58673067078508	1.9574221816706
321000	322000	-1.11699936939819	-2.8365465041089	2.08276059402106
322000	323000	-0.699909840084568	-3.05841655282108	2.29955144166471
323000	324000	-1.01280293726119	-2.73436527241428	2.59721578395694
324000	325000	-0.629627737245654	-2.69003960503943	2.85099344334745
325000	326000	-0.854897109578714	-2.30039514411923	3.01626528226273
326000	327000	-0.512252932712641	-2.03336912150408	3.02381381922734
327000	328000	-0.781607075230703	-1.80306293321213	2.78705567348301
328000	329000	-0.471086155032043	-1.54094477091897	2.94199976265623
329000	330000	-0.450046741814229	-1.4561289552487	2.45078580384133
330000	331000	-0.0300283427338612	-1.71995738164036	2.6233318932203
331000	332000	-0.129196720982663	-1.90688276777533	2.20705249640047
332000	333000	0.30835840560363	-1.84967340259041	2.16959991818901
333000	334000	0.421914869738149	-1.91930370013179	1.70797346827458
334000	335000	0.827158536491847	-2.15143802238498	1.8115875780181
335000	336000	0.817731847420702	-2.17195449508895	1.32209946491731
336000	337000	0.540974321964059	-2.60052832891191	1.28801497397858
337000	338000	0.616218261123867	-2.45091347776929	0.847541842667985
338000	339000	0.173537128059342	-2.53069010628069	0.735791233643507
339000	340000	0.151777402254067	-2.61723883465219	0.199296932599067
340000	341000	-0.303512499063222	-2.37111619277834	0.274041231566018
341000	342000	-0.484085546662358	-2.37169172776053	-0.114223797853791
342000	343000	-0.170715635146195	-4.86856509017606	-1.12602403821392
343000	344000	-0.870952603055924	-2.47589886269446	-0.403012349552793
344000	345000	-1.04130040187285	-2.87038761893848	-0.571433150519668
345000	346000	-1.55625605253022	-2.81434256388538	-0.509661895885934
346000	347000	-1.75512254813625	-2.70490485162087	-1.00254920127115
347000	348000	-1.75660371580321	-2.5516943485018	-1.45604572890664
348000	349000	-1.931848023288	-3.0071487872301	-1.41988586505706
349000	350000	-1.68690451933396	-2.95270296601347	-1.83780081212367
350000	351000	-1.44693043821438	-3.13078468770814	-1.52964170242634
351000	352000	-1.11799166269467	-2.86461473465142	-1.6534475287414
352000	353000	-1.08721463401453	-2.97780666997784	-1.19549299524055
353000	354000	-0.726281666385541	-2.60697319033634	-1.12451087124364
354000	355000	-1.06950030762852	-2.36842290940831	-0.803102645416601
355000	356000	-1.33780115013317	-2.29689215364891	-0.39948663030614
356000	357000	-1.57580330485657	-2.13776793419436	-0.740705124963237
357000	358000	-1.97131896205584	-2.16293707052759	-0.527198023686171
358000	359000	-1.98434352382227	-1.7339512261941	-0.715236835286316
359000	360000	-2.05128105068378	-1.620872382624	-0.205248390860372
360000	361000	-1.80724591825434	-1.09490330668061	-0.184186160724822
361000	362000	-2.2164465093074	-1.02011776927805	0.0342684410179722
362000	363000	-2.34137869371558	-0.897055206261748	0.458619975775621
363000	364000	-1.9805527470674	-1.03868658918136	0.724781106194331
364000	365000	-1.75954552696435	-1.00154232971093	1.20169139015082
365000	366000	-1.93619300232925	-0.865799154176129	1.5842992517878
366000	367000	-1.94242388994725	-0.444204871751329	1.68742931825387
367000	368000	-2.12822630047697	-0.69842168911072	2.01597109639043
368000	369000	-1.68949285447431	-0.680903984815385	2.15277487381549
369000	370000	-1.66562789480647	-0.87575297415034	2.67039374841711
370000	371000	-1.13836549071463	-0.90217472592538	2.49381101407463
371000	372000	-0.839907927672783	-1.13327949268183	2.77860288953086
372000	373000	-0.323114518307329	-0.915725830335877	2.99825996919551
373000	374000	0.0651969676939799	-1.19175237554826	2.53464170679305
374000	375000	0.0594743160654591	-0.948522714518192	2.02652164112707
375000	376000	0.196944528224208	-1.40126805934041	1.82142246402554
376000	377000	-0.120428612258876	-1.77789378970042	1.57386071304251
377000	378000	-0.188460765108075	-1.35496060238336	1.33044614688864
378000	379000	-0.150035545465309	-1.06935473017162	0.866079051046819
379000	380000	-0.0344078368875611	-1.48439517245352	0.515450632933067
380000	381000	-0.0157647515138186	-1.6198175121532	0.0143756808993585
381000	382000	0.282549498379567	-1.24944352082477	0.0848257144866031
382000	383000	0.329560228546131	-1.21728231487794	-0.408346624878816
383000	384000	0.0526862948264221	-0.925704871973686	-0.244896522877476
384000	385000	-0.261198238970598	-0.794201693795433	-0.561348123868236
385000	386000	-0.281643194946075	-0.16327262391925	-0.551974667446773
386000	387000	-0.354129464886686	0.0785336085080051	-0.0998461848286213
387000	388000	-0.120739029487759	0.44510281413152	-0.216010530732405
388000	389000	-0.54667979731954	0.691587580475522	-0.214166235860381
389000	390000	-0.350861960061301	1.1009167475873	-0.0605223262508253
390000	391000	-0.533756277153766	1.49514741441229	-0.348176493127638
391000	392000	-0.255538000329099	1.21225921415207	-0.596974014519103
392000	393000	-0.280718673516153	1.50992631666764	-0.935274869142708
393000	394000	-0.6596059286342	1.70727233509392	-1.26221640856358
394000	395000	-0.764018070666836	1.2450290069903	-1.58583461402562
395000	396000	-0.860169060546079	0.982626472907368	-2.1233047754378
396000	397000	-1.25319534701447	1.23780311690794	-1.94485906471614
397000	398000	-1.39912735578295	1.24947003275982	-2.36479790880767
398000	399000	-1.68196268776609	1.48884039165711	-2.178669679387
399000	4e+05	-1.95453200665852	1.29246583328392	-2.45731480754998
4e+05	401000	-2.17074656730293	1.69802463658707	-2.28230334708189
401000	402000	-2.52055320488912	1.35268901823253	-2.26454475774214
