0	1000	0.454803056639842	0.140260773589115	-1.80676268404482
1000	2000	0.447715740224884	0.154696861426597	-1.58048378873504
2000	3000	0.585508603812897	0.259365764398972	-1.36377310574271
3000	4000	0.52597107697663	0.0290269999679121	-1.22294223769808
4000	5000	0.564618945566643	0.105561719580781	-0.952610585185087
5000	6000	0.527456217921541	-0.186402150961521	-0.85956963134032
6000	7000	0.607534539244218	-0.137587274081784	-0.564100799419828
7000	8000	0.530400021116509	-0.425802002775501	-0.573961369958377
8000	9000	0.542921920150279	-0.352584757450731	-0.287177203608287
9000	10000	0.411130084054868	-0.61353996756355	-0.359101046766111
10000	11000	0.438347115480862	-0.560425117250714	-0.0642852336893117
11000	12000	0.429214407233905	-0.851388977451224	-0.177816459417139
12000	13000	0.519636577030932	-0.751876716924639	0.0774686740118539
13000	14000	0.583949075415587	-0.945341910630058	0.0260278614298229
14000	15000	0.446986587662403	-0.946533695722879	0.196372041946816
15000	16000	0.619006746406626	-1.07216030110348	0.206304508016202
16000	17000	0.429422082312155	-1.15675894969848	0.123742606464784
17000	18000	0.570158101403769	-1.25778775068487	0.277662811036861
18000	19000	0.354994308112273	-1.48121143945472	0.209178085488253
19000	20000	0.408970446819387	-1.29885174426311	0.44897341575104
20000	21000	0.221516490891076	-1.17675919693381	0.416373451654344
21000	22000	0.31666211429649	-1.16048832977793	0.619437425723642
22000	23000	0.142361302685637	-0.99154151333532	0.585669653179367
23000	24000	0.147926471575084	-1.0675078205896	0.8239180472262
24000	25000	0.0139614214955375	-0.858587011855308	0.785919337112452
25000	26000	-0.206666716783341	-0.931823631475145	0.826424994431577
26000	27000	-0.380798366813185	-0.813701725996794	0.771164197046511
27000	28000	-0.618565324235014	-0.810214183523569	0.767685352735726
28000	29000	-0.904842233924193	-0.760250950857731	0.748011502286174
29000	30000	-1.17476421495135	-0.719396609239771	0.750183221883713
30000	31000	-1.3899856629377	-0.582202670802496	0.759084070908707
31000	32000	-1.60325954723164	-0.5136630837161	0.781200483576259
32000	33000	-1.65512033698511	-0.30604039717428	0.788809680423651
33000	34000	-1.84724147975561	-0.299302901210149	0.738246507693096
34000	35000	-1.89183225466529	-0.0676213265236697	0.706628764629021
35000	36000	-2.09567790627948	-0.0491725555138203	0.594500233525023
36000	37000	-2.11779820918092	0.124570325613135	0.470170947070266
37000	38000	-2.21077498706872	0.177332031932817	0.260267559663756
38000	39000	-2.23042065705568	0.293202090058972	0.0677917180266324
39000	40000	-2.27872049808961	0.360440066512961	-0.186606565536672
40000	41000	-2.30757123044061	0.410544201374718	-0.401958947992666
41000	42000	-2.35918410178814	0.495389877397076	-0.602376749065605
42000	43000	-2.24332967617135	0.512894940011289	-0.778579605061715
43000	44000	-2.26160745711906	0.649827962749567	-0.93779685354047
44000	45000	-2.21992509325104	0.577773649145909	-1.1103919367233
45000	46000	-2.18801691171117	0.751659445404311	-1.20699927150028
46000	47000	-2.07257224274757	0.660902791892405	-1.35595714003082
47000	48000	-2.09871601820469	0.819926217276249	-1.45674172884864
48000	49000	-1.98317117526451	0.794591024259987	-1.6036720598713
49000	50000	-2.11007459735732	0.886465734673993	-1.83391862356042
50000	51000	-1.82554225596487	0.840825618614654	-1.84257716359589
51000	52000	-1.75541464376768	0.914779942380623	-2.03246808743193
52000	53000	-1.59678223194814	0.874406764007923	-2.13881459232335
53000	54000	-1.38688604973353	0.887709391512888	-2.24397109148882
54000	55000	-1.18610344332589	0.886676677668623	-2.37150769346894
55000	56000	-0.974624434436605	0.866324405859274	-2.44995257075547
56000	57000	-0.754500130543424	0.909452487608818	-2.44890881899506
57000	58000	-0.619847202872358	0.833248777248508	-2.52831084199951
58000	59000	-0.455486225415684	0.945234870122374	-2.67720140319602
59000	60000	-0.300472821610099	0.776061395621311	-2.67178056011918
60000	61000	-0.12434956234561	0.904862600254182	-2.60961962862725
61000	62000	-0.032963509082852	0.701950711597822	-2.6788588234084
62000	63000	0.128188174554566	0.865205991761212	-2.65122145087071
63000	64000	0.201546716366354	0.686010496506502	-2.6853497673269
64000	65000	0.308630397881777	0.855797425748286	-2.67590535371853
65000	66000	0.435751537074599	0.679620861434118	-2.78545674355398
66000	67000	0.582923705674721	0.854802305484665	-2.68319632816852
67000	68000	0.710865766860593	0.655094486152831	-2.77520803359575
68000	69000	0.815056159720214	0.761214305850351	-2.55406599769967
69000	70000	1.01476441067624	0.643224104375578	-2.52125986181811
70000	71000	1.20958484510416	0.655151839164768	-2.38395522920798
71000	72000	1.32283435311004	0.561158959905737	-2.17808241881365
72000	73000	1.41015890239138	0.506446080168774	-1.95581964599455
73000	74000	1.59460932881702	0.511131379031531	-1.80098471304801
74000	75000	1.593108261403	0.340822008637771	-1.60775088996259
75000	76000	1.72021550915344	0.294316368543179	-1.42543860111326
76000	77000	1.88986217461049	0.28545101888952	-1.22485854145836
77000	78000	1.70925539721822	0.126811146894337	-1.04111181937395
78000	79000	1.63537224204384	0.0702239424796882	-0.810972304371623
79000	80000	1.67477962385244	0.0625292508776614	-0.618550559107369
80000	81000	1.61314132156988	0.0404107136719263	-0.429338491808499
81000	82000	1.56242452513096	0.0170558945618619	-0.255388334087752
82000	83000	1.69074646920606	0.110793627660069	-0.106364871134288
83000	84000	1.47932657618277	-0.0749081505808804	-0.0237901033392562
84000	85000	1.52833045290392	-0.00113454838488134	0.178135983685785
85000	86000	1.4010728933746	-0.167031056333423	0.217857336314206
86000	87000	1.42406507078158	-0.137645167559239	0.39651834961853
87000	88000	1.30398768590272	-0.255512888938431	0.497876458852017
88000	89000	1.3076532868414	-0.244784736813105	0.704379363018816
89000	90000	1.12605023288689	-0.337904412897658	0.774116853528716
90000	91000	1.01797579101322	-0.392290097802057	0.989974321717457
91000	92000	0.939028710352421	-0.549309332106852	1.11381351897332
92000	93000	0.820849758819193	-0.498177800989661	1.35287548916311
93000	94000	0.787191575291955	-0.690987234075606	1.50407004172374
94000	95000	0.624328514307533	-0.490735590325317	1.64128577895753
95000	96000	0.494449551453021	-0.631973238672672	1.82423018864991
96000	97000	0.334453916958025	-0.379832661827568	1.84345582230736
97000	98000	0.238468876894221	-0.442770924316362	2.08058838282272
98000	99000	0.140027375168146	-0.212866776148879	2.1343789008296
99000	1e+05	-0.0955887704363168	-0.312660100806073	2.27793790493357
1e+05	101000	-0.209777854867202	-0.152544921157653	2.13456333735036
101000	102000	-0.397194415812563	-0.314574400013122	2.22160079560162
102000	103000	-0.481647837248869	-0.127788174576864	2.0359363433979
103000	104000	-0.700934869575174	-0.267558750690562	2.06742579207737
104000	105000	-0.755445879154377	-0.160582235634291	1.81562719552879
105000	106000	-0.883523922430806	-0.340793652387153	1.64028835430776
106000	107000	-0.847801444317319	-0.128992926772862	1.4577038156105
107000	108000	-0.898518684288318	-0.155315985379989	1.20625286303884
108000	109000	-0.89866020192684	-0.0855195242872611	0.912552683236294
109000	110000	-0.940599024169051	-0.144995629023973	0.590011735850735
110000	111000	-1.00103812765719	-0.268146390235541	0.225203826622461
111000	112000	-1.03315364817251	-0.319207486951742	-0.0712992210122585
112000	113000	-1.14274355540543	-0.460718367862278	-0.307424836842429
113000	114000	-1.1733512556382	-0.226816400119344	-0.447038724156565
114000	115000	-1.28654485130917	-0.411105761966131	-0.697736279199296
115000	116000	-1.14683886702336	-0.168253331848638	-0.779141550230725
116000	117000	-1.16006717855685	-0.333185176423611	-0.940846189321162
117000	118000	-0.95384358010335	-0.240114281746811	-0.991797777074402
118000	119000	-1.15819408372353	-0.249786849406269	-1.15322539418018
119000	120000	-0.957232046476283	-0.209501769967104	-1.23683917955763
120000	121000	-1.1260517039851	-0.197876123975897	-1.40629983166881
121000	122000	-0.951794494250585	-0.00641418738746394	-1.32617671345778
122000	123000	-1.12152807076119	0.0852498340164478	-1.37796343201111
123000	124000	-0.941181775989769	0.223047191105732	-1.42396633688982
124000	125000	-1.09966889011263	0.29491513737701	-1.59547778048255
125000	126000	-1.04644942783281	0.477666727167052	-1.39327519406239
126000	127000	-1.04492438300059	0.616552554891907	-1.59306969546034
127000	128000	-1.17797879174274	0.74793065906242	-1.44373038546259
128000	129000	-1.0284316152159	0.899098433180164	-1.54377991073773
129000	130000	-1.2504029405198	1.02425253232731	-1.57310912397779
130000	131000	-1.08198372750723	1.17826341771495	-1.55716101589329
131000	132000	-1.21142308036164	1.20059035562945	-1.77950555381262
132000	133000	-1.11643932312092	1.39215321641069	-1.77380449007477
133000	134000	-1.04246223404681	1.37163858608704	-2.03997239759646
134000	135000	-0.857808221604208	1.53189170191108	-1.94907224745386
135000	136000	-0.783880290057027	1.35675574226385	-1.72682254181127
136000	137000	-0.677058336709333	1.61522880760273	-1.80062277316932
137000	138000	-0.533023093060159	1.56456787395125	-1.56287551214302
138000	139000	-0.335959194106044	1.63321550212605	-1.80818695283333
139000	140000	-0.266081504015381	1.36684441632007	-1.59370076100379
140000	141000	-0.0130228595382618	1.51020551349426	-1.70408839262694
141000	142000	0.0264431361669745	1.35450719314013	-1.40659996895856
142000	143000	0.304530934077338	1.56278860016252	-1.32159008543049
143000	144000	0.273737000644059	1.31634548523205	-1.10818729961656
144000	145000	0.390796514390405	1.32170117252944	-0.855946793882939
145000	146000	0.408993772673633	1.31670206720914	-0.580369312400906
146000	147000	0.373213428186385	1.51351089218968	-0.276902419424894
147000	148000	0.175491083695015	1.1662358431009	-0.185697848347891
148000	149000	-0.0306932547576297	1.08363530186109	-0.000904191417286221
149000	150000	-0.110841604860379	0.765931366805953	-0.0272028409443086
150000	151000	-0.354881901455437	0.907448024136506	0.160408587455701
151000	152000	-0.525874656818403	0.672804220571781	0.0712548168778123
152000	153000	-0.781186895743194	0.848966187250788	0.173262783506697
153000	154000	-0.920750738200149	0.583147728520338	0.0199642475543127
154000	155000	-1.09945045318812	0.836436157562219	0.0113096873442512
155000	156000	-1.20826556458186	0.572180708324494	-0.170350898255883
156000	157000	-1.39232067644551	0.7751088109506	-0.140308313674126
157000	158000	-1.5082222241726	0.664154225039598	-0.359931580838134
158000	159000	-1.44076796152664	0.954031493620061	-0.363565038024561
159000	160000	-1.47800666064103	0.872363330129025	-0.633055261145721
160000	161000	-1.44984476113501	1.14769292094079	-0.614427625266467
161000	162000	-1.69537913134906	1.26133352318261	-0.783436031571565
162000	163000	-1.52309645285909	1.45160758307628	-0.664623493149799
163000	164000	-1.58153338446309	1.50378172995596	-0.976827622207591
164000	165000	-1.35199231022163	1.64558707789026	-0.864717686779118
165000	166000	-1.50269198323663	1.77945250761952	-1.05673046744169
166000	167000	-1.20605535949385	1.86253516951568	-1.01267461150586
167000	168000	-1.29681249850621	1.91874502304042	-1.22602988851992
168000	169000	-1.07580802188824	2.08189552583538	-1.15734406335892
169000	170000	-1.23522777452501	2.23683010022761	-1.37122829503689
170000	171000	-1.03868467250311	2.03364536788791	-1.48407118650645
171000	172000	-1.16507219586298	2.19518622224871	-1.6597089886243
172000	173000	-1.1580117874334	1.93235485980482	-1.73728807250175
173000	174000	-1.3781124107174	2.03114262675726	-1.82832130927137
174000	175000	-1.5566313291033	1.90068056133557	-1.71818392865875
175000	176000	-1.73303278768925	2.03955917747813	-1.58787403963619
176000	177000	-1.89725583162768	2.07503949030229	-1.31122956857522
177000	178000	-1.92283909995501	2.09649527665646	-0.992860904248488
178000	179000	-1.98910948815725	2.04492624059648	-0.654846138920308
179000	180000	-2.02561166076766	2.0750225884822	-0.340457114424149
180000	181000	-2.10788669357723	1.9736640305427	-0.0505998889184988
181000	182000	-2.15310364881393	1.90562209469359	0.231628489691919
182000	183000	-2.27252782733433	1.82233872841452	0.463258505280042
183000	184000	-2.39224381092052	1.80198295433106	0.692354303664946
184000	185000	-2.56582167570196	1.63188131855875	0.771531196267005
185000	186000	-2.57971530613698	1.62074111045757	1.00757807368674
186000	187000	-2.66931087442154	1.3899264002734	1.07197298143084
187000	188000	-2.75445422352381	1.42514743102155	1.33089793073771
188000	189000	-3.02343046650134	1.28958260951845	1.31032759120867
189000	190000	-2.7512588437597	1.23124846229375	1.49067861249953
190000	191000	-2.73016594790093	1.05245578545555	1.46213125576221
191000	192000	-2.80180345988421	1.05909315275102	1.6873581853468
192000	193000	-2.53885261859381	0.943914254005246	1.57028863595054
193000	194000	-2.59442845364602	0.899954541707027	1.71387953581736
194000	195000	-2.54227702101328	0.698509790893134	1.79192994320935
195000	196000	-2.49177425758134	0.878496049508028	1.90034226237695
196000	197000	-2.32655525511642	0.819136989290668	1.91838890969782
197000	198000	-2.46599726148771	0.926558381231186	2.13787115927721
198000	199000	-2.22170899985225	0.919996702434031	2.102186735344
199000	2e+05	-2.2753133939101	1.10854449159547	2.08782236825936
2e+05	201000	-2.09441043108054	1.17410415345164	2.00385423068786
201000	202000	-2.22048191790406	1.38232483727612	2.11208065345807
202000	203000	-2.0838893583231	1.42441046542031	1.90397615178114
203000	204000	-2.15897517846265	1.63760531248374	1.90423955318588
204000	205000	-2.04939490264698	1.7429468582416	1.73340698940781
205000	206000	-2.09950571087402	1.97393177129096	1.70500095113233
206000	207000	-1.88716796831366	2.0517233067993	1.51914098646647
207000	208000	-1.98340603769729	2.32318451271829	1.60456521822588
208000	209000	-1.73605496925431	2.29768896241026	1.46230748095659
209000	210000	-1.70746433341613	2.54941937725519	1.58508043429501
210000	211000	-1.46878942483642	2.39371937137272	1.62265272932308
211000	212000	-1.53882894637145	2.53445437732865	1.81006967349085
212000	213000	-1.45047068499863	2.32976421318326	1.85198818436433
213000	214000	-1.6102784446266	2.40256709821288	1.96415661665843
214000	215000	-1.49110976393843	2.26212126906528	2.03931283928637
215000	216000	-1.6742714735236	2.2926474844234	2.12282648629488
216000	217000	-1.53107600379408	2.11896317363437	2.17933995604572
217000	218000	-1.68776425760304	2.03856849995202	2.12544761787901
218000	219000	-1.5768852958711	1.93264235470788	2.23752222703429
219000	220000	-1.73612842253037	1.80298521554326	2.23949028071184
220000	221000	-1.66357399277117	1.63935602329176	2.32984864850902
221000	222000	-1.71751051977983	1.44475933370812	2.40632966264842
222000	223000	-1.6917805961854	1.14553739678816	2.4226330704666
223000	224000	-1.68903576321465	0.890507375754913	2.43569671385844
224000	225000	-1.65932863384976	0.642882809842486	2.39659209244343
225000	226000	-1.58572576473694	0.464805522916536	2.38734010584549
226000	227000	-1.55411976510603	0.282312496512954	2.45010192653294
227000	228000	-1.47059492061983	0.133443351044662	2.40470277031167
228000	229000	-1.38508046770046	-0.022875126742817	2.40425723279689
229000	230000	-1.37547699194235	-0.130076473081495	2.4532855160418
230000	231000	-1.26696007630156	-0.229337565641365	2.36257565521383
231000	232000	-1.26056680620527	-0.297101176019117	2.443306396645
232000	233000	-1.1868672660839	-0.421425282812705	2.39999737408271
233000	234000	-1.06891004274266	-0.5201988136648	2.32473645587802
234000	235000	-1.03970156497093	-0.699955128532712	2.42694179341605
235000	236000	-0.910282691042624	-0.730666835287322	2.2642534268703
236000	237000	-0.755206351415324	-0.888464789332523	2.21436762745135
237000	238000	-0.576694406183323	-1.01687449876897	2.11173692973368
238000	239000	-0.455460229287735	-1.04912411850567	1.97614187446912
239000	240000	-0.407679396218109	-1.19217218935761	1.93710305959312
240000	241000	-0.231075448359348	-1.17491700137776	1.89472812793056
241000	242000	-0.304916830944523	-1.29978306458752	1.7971855697409
242000	243000	-0.156637151666462	-1.31668745772286	1.71602801646345
243000	244000	-0.216405344614284	-1.48162882971159	1.63271898743356
244000	245000	-0.0605681831769903	-1.48832048523395	1.52537483829534
245000	246000	-0.185230553183696	-1.58356443594676	1.40012327463504
246000	247000	-0.116739695825456	-1.53226167984822	1.25590257354751
247000	248000	-0.183277948808881	-1.68246188526968	1.22166288593161
248000	249000	-0.1987194992205	-1.60404467386055	1.08648202019794
249000	250000	-0.212807105531851	-1.72121958923282	1.01408463195705
250000	251000	-0.296203697702179	-1.66859875897903	0.954142317823386
251000	252000	-0.235999934134968	-1.7947943161107	0.846064549686158
252000	253000	-0.376475585019767	-1.77367079591337	0.801995316112288
253000	254000	-0.329890191432367	-1.81540125711038	0.643005284307131
254000	255000	-0.43892504201568	-1.96496136842977	0.725141714771982
255000	256000	-0.559827066470349	-2.01427990975676	0.511451992502411
256000	257000	-0.644893526973017	-1.79907955739358	0.675830285939578
257000	258000	-0.614504307688765	-1.59101018315308	0.565384234569017
258000	259000	-0.78069897535563	-1.61925177354881	0.708211785588641
259000	260000	-0.800857419107365	-1.4102422985201	0.749997181106451
260000	261000	-0.967908659933271	-1.4416333448963	0.883772455754523
261000	262000	-1.02231323711406	-1.2668206033845	1.04835031752084
262000	263000	-1.18995052027208	-1.17760823189345	1.14630965805258
263000	264000	-1.14858189453308	-1.04433693675384	1.32114262069275
264000	265000	-1.36263094787114	-0.969018461936356	1.37028137136773
265000	266000	-1.33079037184298	-0.823992805571065	1.5395838602098
266000	267000	-1.53045002409705	-0.794777172449851	1.62811141167884
267000	268000	-1.45841762280344	-0.578680061147085	1.64963150693455
268000	269000	-1.66490814190154	-0.491984592627403	1.61572419096701
269000	270000	-1.60534929061272	-0.334503713973256	1.71610728607002
270000	271000	-1.77412670364514	-0.249574875239241	1.63918538593832
271000	272000	-1.71344437451439	-0.0824269539501916	1.69012079888778
272000	273000	-1.89349321688668	-0.0254722760168114	1.65408665073523
273000	274000	-1.81689042571004	0.131549085282871	1.67320618527492
274000	275000	-1.97830678246434	0.203995889823788	1.52886454587416
275000	276000	-1.92039822534586	0.354597874993028	1.62764046700693
276000	277000	-2.19326922689236	0.407190124926188	1.52472474735045
277000	278000	-1.93560182382016	0.625629225310333	1.59678417713203
278000	279000	-1.98528040523535	0.701307382830137	1.35543797945336
279000	280000	-1.77157067268344	0.864422474359151	1.43581180993792
280000	281000	-1.84641157424494	1.06986708114487	1.28598478130239
281000	282000	-1.72892758640164	1.12792095979436	1.48405057116222
282000	283000	-1.74785338377304	1.33651517851777	1.39449056048027
283000	284000	-1.6248288939688	1.28485658794434	1.6102442430992
284000	285000	-1.50285075523592	1.45409944846256	1.49671924700527
285000	286000	-1.46736173364233	1.48760692977265	1.74511526075051
286000	287000	-1.23332707230195	1.64902591170494	1.76997951959775
287000	288000	-1.31264251121553	1.41796331222743	1.90745158372095
288000	289000	-1.17074373755443	1.2870244058948	1.80614610090792
289000	290000	-1.15625283531934	1.22333427307887	2.05758769523024
290000	291000	-0.935142196096231	1.19353281925279	1.95914411676923
291000	292000	-0.797816430655091	1.07632956842302	2.12921452296142
292000	293000	-0.578862902481431	1.01318181682639	2.00511489759586
293000	294000	-0.268330276580559	0.908714712507556	1.94715782057922
294000	295000	0.266175393391392	0.71441368101703	1.86531057179642
295000	296000	0.850611454855917	0.376447449655994	1.68420440997071
296000	297000	1.38296624854615	0.0284051271155326	1.55426118049695
297000	298000	1.65566577465109	-0.345218985131961	1.42129528744378
298000	299000	1.74398140407837	-0.550032246547277	1.22771391576919
299000	3e+05	1.71652421150673	-0.81194045998248	1.20641724033192
3e+05	301000	1.54772523107757	-0.813173408527991	0.984646270741351
301000	302000	1.52042503077269	-1.04096600144404	1.1023421205602
302000	303000	1.40332058005458	-1.13059642109019	0.852694428160557
303000	304000	1.68327458459227	-1.18678635263193	0.82702869049853
304000	305000	1.61006705211519	-1.10745966204354	0.616698264446707
305000	306000	1.86512886466581	-0.959719957790256	0.610407222501201
306000	307000	1.78509890716667	-0.977981413280248	0.33574610510385
307000	308000	2.03613115446141	-0.813401722349505	0.301357586982627
308000	309000	1.96856644261076	-0.84029079684987	0.0195976697402251
309000	310000	2.23100200096366	-0.684879041952719	0.0193698298187281
310000	311000	2.13299677650269	-0.789763943341845	-0.269508644169426
311000	312000	2.43651469000321	-0.656701525216962	-0.257364440012179
312000	313000	2.42103304069333	-0.852014279944757	-0.421320603681269
313000	314000	2.54093000365404	-0.727562109354709	-0.628996945285555
314000	315000	2.49463318951173	-0.97969359426599	-0.715050939020547
315000	316000	2.57728268785768	-0.884063424725122	-0.933641594839778
316000	317000	2.64108061290147	-1.14000648952047	-0.89532646145826
317000	318000	2.69077058414406	-1.10252022562865	-1.15962395643763
318000	319000	2.89186120475305	-1.32377723668069	-1.04099091381304
319000	320000	2.69194790848063	-1.3684942059016	-1.26477668915914
320000	321000	2.83731153294901	-1.46741027143163	-1.2591058228633
321000	322000	2.72817455318816	-1.56807613335396	-1.3380395721247
322000	323000	2.92230513488644	-1.68585346928851	-1.29202983672009
323000	324000	2.81104687647491	-1.67617213928332	-1.4711357625526
324000	325000	2.98096262911544	-1.70320878857467	-1.50021816871938
325000	326000	2.87725617957179	-1.63422066228087	-1.61057737875349
326000	327000	2.99439832822046	-1.53179007245075	-1.53318848323552
327000	328000	2.90996966240544	-1.45824642015891	-1.63667735427162
328000	329000	3.07895835589999	-1.46673248484608	-1.66813712471685
329000	330000	3.01271693123086	-1.34590181345612	-1.81273963254824
330000	331000	3.16708430297128	-1.28532729791758	-1.67510094453299
331000	332000	2.98560610520264	-1.16798963610088	-1.66184506648031
332000	333000	3.13238119446922	-1.1384986343067	-1.53100312583267
333000	334000	3.08759928385815	-0.974094373551459	-1.67551003515097
334000	335000	3.29191280854515	-0.966413845034207	-1.5982435832284
335000	336000	3.14577030496415	-0.805146387863822	-1.54087842649298
336000	337000	3.35807273784499	-0.757703389966545	-1.52967275504464
337000	338000	3.20930328955337	-0.706353778460191	-1.32240339088132
338000	339000	3.41823716843942	-0.757120499686903	-1.2726381241976
339000	340000	3.38231221932477	-0.728456001052476	-1.05550215124808
340000	341000	3.49185528126446	-0.92336616961599	-1.00108078402622
341000	342000	3.67292399800057	-0.995067904619935	-0.894561197778627
342000	343000	4.75004299271616	-1.28533279893472	-0.88600855714309
343000	344000	3.57992496478903	-1.2371015474985	-0.622524880762366
344000	345000	3.40160059844572	-1.32680524022725	-0.598772318363306
345000	346000	3.36714735520871	-1.30923989953834	-0.338923358315888
346000	347000	3.27669664042204	-1.55126602915133	-0.359806609493982
347000	348000	3.2364419882116	-1.50027695456876	-0.131503065850751
348000	349000	3.1822753075715	-1.70561415139239	-0.201796140857363
349000	350000	3.03826547313305	-1.61091696568534	-0.094087155248292
350000	351000	2.94883735610104	-1.74291414813815	-0.19902377259161
351000	352000	2.94914733450744	-1.79458646346256	-0.0196173937274136
352000	353000	2.95756603810183	-1.96292134461508	-0.171445902665415
353000	354000	3.05839385137067	-2.02783437983566	0.00267895250872154
354000	355000	2.89707774487094	-2.15250286865695	-0.058127014752332
355000	356000	2.83862486960759	-2.02352102326536	0.0426289993561675
356000	357000	2.734670387577	-2.17289842594171	0.0177388423298866
357000	358000	2.65716913789241	-2.05981069070105	0.145627173396702
358000	359000	2.76316607589199	-2.15208844758596	0.223912247677036
359000	360000	2.8909009193066	-2.06816479738425	0.371490128582419
360000	361000	2.67941987605141	-2.0334522564206	0.3801215519555
361000	362000	2.77254274882311	-1.83204068453545	0.362709757581489
362000	363000	2.62061473309212	-1.82508234516066	0.502153134004331
363000	364000	2.7153491790442	-1.63063128095588	0.453075376933166
364000	365000	2.45467306851356	-1.68431380007426	0.48357117759105
365000	366000	2.47027369649642	-1.53440484089734	0.296108150279987
366000	367000	2.23576460844397	-1.7123703560578	0.270617183618042
367000	368000	2.25608047476652	-1.58577306460803	0.0395396064674215
368000	369000	2.0751460089224	-1.79895122502995	0.00176896980461067
369000	370000	2.21372995114074	-1.7458545329412	-0.268032018298269
370000	371000	1.99990549682011	-1.82396718653103	-0.402211944851562
371000	372000	2.1568225146228	-1.81515672735422	-0.647760834182417
372000	373000	1.93206862437913	-2.0658679101536	-0.787300297175349
373000	374000	2.00764078067815	-1.84780188978515	-1.0055566705054
374000	375000	1.85579385161365	-1.62104069819851	-0.954331439515004
375000	376000	1.96795282139156	-1.50692308384144	-1.17002287844197
376000	377000	1.8747926183104	-1.26209433392887	-1.05327236641683
377000	378000	1.82536883907086	-1.33999276967044	-1.3519643582185
378000	379000	1.80769111343152	-1.04630979742203	-1.33079521749746
379000	380000	1.79807202344477	-1.18612140913188	-1.56047381176499
380000	381000	1.97631632260021	-0.964815871409494	-1.60207396988089
381000	382000	1.76374372594831	-1.05303162035539	-1.79059192364241
382000	383000	1.72312991221886	-0.761661545875469	-1.68594165082601
383000	384000	1.59564874732386	-0.822934485614738	-1.93785981055286
384000	385000	1.83911194581233	-0.7025380308677	-1.96631178979376
385000	386000	1.77523047319735	-0.52899881389391	-2.1697611993179
386000	387000	1.84287519252362	-0.421481116778183	-1.84778880928408
387000	388000	1.68022144610884	-0.333954474171483	-1.95555295974771
388000	389000	1.58717328236237	-0.248754542406519	-1.72517655667143
389000	390000	1.60828545433992	-0.0787128379158814	-1.94723732571925
390000	391000	1.34366007885903	-0.117552013838055	-1.81617008718012
391000	392000	1.34542595838561	0.0226521434202402	-2.04323794778318
392000	393000	1.13892490633092	-0.126823401540983	-2.03535116196929
393000	394000	1.22552728962778	-0.00879918624487519	-2.32208292237068
394000	395000	0.918123099453793	-0.084762034626857	-2.22366089965348
395000	396000	0.942490768552096	0.194045653137411	-2.30728967539302
396000	397000	0.735501287659071	0.0586018386709254	-2.13607002789312
397000	398000	0.779620003575813	0.30995430273674	-2.06338758372498
398000	399000	0.555395409285896	0.235101737715534	-2.07722127822272
399000	4e+05	0.584566471581077	0.481411760640972	-2.06939427748957
4e+05	401000	0.499864683558005	0.445158362290022	-1.88087725404318
401000	402000	0.697334925364027	0.405236848095363	-1.73352400430743
