0	1000	1.11279829066939	1.4610531248466	-0.996084317459118
1000	2000	1.2549656649607	1.72405325602034	-1.33656841310973
2000	3000	1.49572119531756	1.51563995640174	-1.11911619198464
3000	4000	1.26936651008015	1.28943212271033	-1.34659680711479
4000	5000	1.65964354759073	1.20705655278544	-1.00796754813169
5000	6000	1.38510406983426	0.920699361022804	-1.14990824243753
6000	7000	1.83103191327057	0.902992051811555	-1.36798076663925
7000	8000	1.68330883700238	0.59422174535241	-1.03689819311835
8000	9000	2.09540818576136	0.406312227290574	-1.03533638704218
9000	10000	1.7074866887554	0.229177737024033	-0.648175628492075
10000	11000	2.00829148156049	-0.178235619587508	-0.771148488845394
11000	12000	1.66459960033692	-0.243395029482288	-0.311989788503697
12000	13000	2.00519222643149	-0.292113736605855	-0.0639257814903526
13000	14000	1.8384779427518	-0.435713915197292	0.273496536276723
14000	15000	2.24974677876439	-0.448452609552836	0.234125423793669
15000	16000	2.24486355885943	-0.628469634474061	0.542349237881615
16000	17000	2.51641254617313	-0.342027274569365	0.480969338200711
17000	18000	2.23857505581827	-0.29518625618128	0.665704972926939
18000	19000	2.66324240262612	-0.456311390305653	0.881823459888539
19000	20000	2.30780094977637	-0.502258632890289	0.897030075084514
20000	21000	2.03472514496675	-0.567192825894016	1.05906956143621
21000	22000	1.84953074557655	-0.51995714976231	0.765232776478274
22000	23000	2.10504398568968	-0.945381064181995	0.916569768817506
23000	24000	1.73123667504901	-0.944912869459928	0.746289606285514
24000	25000	1.60612898949066	-0.915993623182729	0.363639156643221
25000	26000	1.5301799256789	-0.948999936049519	-0.0619036555326929
26000	27000	1.87831553894463	-1.22499651748582	-0.332976390492896
27000	28000	1.64013901975357	-1.37152997498109	-0.644481517128847
28000	29000	1.25330344954621	-1.36902491890821	-0.735257316871685
29000	30000	0.917479140567627	-1.46813145798003	-0.449663689077898
30000	31000	0.491581371233518	-1.63148539321412	-0.392848473462314
31000	32000	0.27094287681613	-2.00836716791711	-0.480957575022603
32000	33000	0.0683782415793173	-1.73129169968929	-0.815888585706271
33000	34000	-0.279666402713086	-1.98334413823228	-0.818208930304979
34000	35000	-0.587476331438034	-1.70824174232015	-0.990697311469321
35000	36000	-1.00225666855896	-1.71658857620607	-0.799521049717681
36000	37000	-1.1372790353782	-1.57752691123305	-1.2079214788428
37000	38000	-1.42573036827551	-1.27864744486635	-1.14797302570469
38000	39000	-1.67271985129386	-1.15739482618089	-1.49155372799313
39000	40000	-1.72275247701548	-0.822006812343377	-1.24779053216861
40000	41000	-2.06570792093599	-0.761256090376504	-1.5082221582041
41000	42000	-1.93563586671803	-0.462547395750037	-1.36945308466798
42000	43000	-2.18018737501729	-0.358389305478346	-1.56069301379641
43000	44000	-2.19202242416669	-0.300996848156945	-1.2083055595397
44000	45000	-2.43519787941148	-0.153105728376778	-1.37836424447944
45000	46000	-2.21541397642726	0.0511366151640764	-1.22573896582179
46000	47000	-2.20424120039658	0.0417027691377527	-1.56774903829141
47000	48000	-1.93296042393136	0.192780904166806	-1.38529348885183
48000	49000	-2.16095748822393	0.396047155578164	-1.4993785115978
49000	50000	-2.50560248295961	0.602938812961393	-1.32551663276008
50000	51000	-2.00421972723623	0.754229378031588	-1.32100322881414
51000	52000	-1.99674730904805	0.616976423011489	-0.923683509923186
52000	53000	-1.47714777217791	0.615095504646764	-1.09089626365276
53000	54000	-1.55756259823131	0.697089200699756	-0.596162241674605
54000	55000	-1.80772021690761	1.20266397232173	-0.922894419385116
55000	56000	-1.95711851499973	1.20675271678359	-0.439457422495654
56000	57000	-1.4651855374439	1.34600083550701	-0.383281584885467
57000	58000	-1.54356451538511	1.67369844900935	-0.129341270840302
58000	59000	-1.1277502050617	1.86923966009091	-0.0869580821135565
59000	60000	-1.31685793322195	2.07975430808371	0.197905110832182
60000	61000	-0.9570595818685	2.0540140052556	0.31125391369464
61000	62000	-1.00738023857703	2.17993028427584	0.638909782319604
62000	63000	-0.777265217394623	1.91951532600187	0.775219298544448
63000	64000	-0.934134850321796	1.65145641807004	0.409705083184087
64000	65000	-0.950382734692254	1.48114547150542	0.851853301223772
65000	66000	-1.3055067621049	1.32983749312293	0.362671810226518
66000	67000	-1.12664845078855	1.04246305906152	0.718810425558335
67000	68000	-1.0715204207175	0.9214662984894	0.214242813289889
68000	69000	-0.576290617441376	1.14712005730829	0.433320130192975
69000	70000	-0.6294969116481	0.606899894708161	0.367270337215737
70000	71000	-0.208289520735906	0.623969662722378	0.733920798667824
71000	72000	0.245392343657995	0.386563152854576	0.901732747168088
72000	73000	0.568854773882531	0.753439491331292	0.69199154261568
73000	74000	0.834592393830918	0.707572638732887	0.319639437622992
74000	75000	1.01482306831228	0.196582345352192	0.142403984499483
75000	76000	0.987570968639024	-0.0833725662621628	0.547810392983913
76000	77000	0.854447783253548	-0.557758544207364	0.50892599306136
77000	78000	0.835901338211665	-0.729127280610999	0.953004112584188
78000	79000	0.891033243957142	-1.17983181676373	0.725557290008609
79000	80000	0.97144569146699	-1.46688858145818	1.18602018498632
80000	81000	0.657692720074619	-1.68566160801222	0.631633973113437
81000	82000	0.431528538159991	-1.57521326327102	1.07782112968016
82000	83000	0.518399835238439	-2.19811159872849	0.936231395181328
83000	84000	0.21672356745906	-2.01131031161455	1.20001852664529
84000	85000	0.104987565298376	-1.98631043327804	0.810949958166806
85000	86000	-0.0335935410181643	-1.75797169902564	1.25196161298874
86000	87000	-0.20566786242883	-1.7158493908779	0.95675256472219
87000	88000	-0.361754583954369	-2.06038334829242	1.18175562987664
88000	89000	-0.338467776879485	-2.15966107199132	0.723877909111925
89000	90000	-0.251436090938804	-1.68985848716895	0.533084174751537
90000	91000	-0.228830323688543	-2.0185323598803	0.197987679751542
91000	92000	-0.681640291251092	-1.85485980994997	0.136070721845961
92000	93000	-0.627981900172479	-2.05331276528289	-0.323419444341169
93000	94000	-0.670389030656421	-1.47690830891267	-0.361271435440202
94000	95000	-0.237945033837725	-1.35317001044804	-0.440268136252676
95000	96000	-0.229086965715396	-1.18612610173895	-0.893855547038318
96000	97000	-0.0414470958421026	-1.35297181492164	-1.3546584007831
97000	98000	-0.399718269810743	-1.19931451550201	-1.63967129417986
98000	99000	-0.369357506198075	-0.724324700367014	-1.43495283309685
99000	1e+05	-0.443825491939998	-0.267809189222607	-1.58576759662925
1e+05	101000	-0.322556231114234	0.156264414717678	-1.58396324266037
101000	102000	-0.567686072759712	0.399356501598244	-1.84372364716406
102000	103000	-0.360791938140957	0.751102691884867	-2.0359996719665
103000	104000	-0.256359166637231	0.681961677292884	-2.52335616014875
104000	105000	0.1175966138958	0.66387446993381	-2.2418478861547
105000	106000	0.426838693374544	0.765055267203481	-2.53103485806374
106000	107000	0.478360072813168	0.697267263899774	-1.99767016413006
107000	108000	0.577445844035075	1.09310423170628	-2.15662914710258
108000	109000	0.742322793953744	0.953508389754141	-1.75506958118659
109000	110000	0.922112018047253	1.32329267797053	-1.86700898796893
110000	111000	1.14696309456822	0.99337143661427	-1.84168844682229
111000	112000	1.01905456416307	0.985289870729807	-2.15541849874663
112000	113000	0.994417533331137	0.646829133066671	-2.10549122129308
113000	114000	0.810834155949116	0.755115379998616	-2.32491138064157
114000	115000	0.963290016427459	0.491895361603076	-2.46311678557409
115000	116000	0.621822004680973	0.472149304255643	-2.34224609338908
116000	117000	0.640306150806754	0.300600155673641	-2.08596903939814
117000	118000	0.382102343916743	0.0345553078333208	-2.12691572631301
118000	119000	0.716824611357355	-0.127500746613711	-2.13768375034168
119000	120000	0.588669082398981	-0.285029239380744	-2.41612405475573
120000	121000	0.905445712493586	-0.0896226788952889	-2.54959903924978
121000	122000	0.623018945956973	-0.0236107355030139	-2.51266415492977
122000	123000	0.734846978730905	0.145036429929802	-2.37810345000856
123000	124000	0.703235368774433	0.259417726019186	-2.66646874919733
124000	125000	0.438054204585182	0.149399492676583	-2.68154596386844
125000	126000	0.339625769537427	0.243271143889212	-2.4420944746251
126000	127000	0.142197072981089	-0.0121682922201889	-2.54843461137307
127000	128000	-0.0507226469212944	0.199237804122184	-2.3580993154959
128000	129000	-0.279112304653175	-0.0588860435459061	-2.47492601844686
129000	130000	-0.58563709334895	0.194389593440614	-2.33798342671552
130000	131000	-0.888156824233333	-0.122104753168514	-2.29287706158838
131000	132000	-1.09084427021489	0.259884355522639	-2.07335438952306
132000	133000	-1.12261977177945	-0.152465268889049	-1.74343980181497
133000	134000	-1.28360335012333	0.119206607446115	-1.42371327648323
134000	135000	-1.50901010017921	-0.269456981179826	-1.26836121902071
135000	136000	-1.64562366104211	-0.00931284802040985	-0.912286339235755
136000	137000	-2.01737695899584	-0.0296656688022623	-0.809367331097636
137000	138000	-2.37624709788405	0.240962715065951	-0.673346926825517
138000	139000	-2.40340354589002	-0.120536580723821	-0.44062067602056
139000	140000	-2.14827973240968	0.15303287014145	-0.110883415444302
140000	141000	-2.1699650631712	-0.242814731945554	0.152959442343537
141000	142000	-2.0558777254952	-0.0382161758301619	0.540093413786376
142000	143000	-2.09409090178276	-0.40397187256186	0.81534721066494
143000	144000	-1.92089722583173	-0.229470395667023	1.25755507304061
144000	145000	-1.5273893862926	-0.413301379835815	1.09065007926536
145000	146000	-1.86920575895588	-0.803515592160812	1.23703012806689
146000	147000	-1.69081102219858	-1.25512993323439	1.09154423132514
147000	148000	-1.16023624021782	-0.864096842038257	1.0212213533473
148000	149000	-0.856705114205571	-0.532027850396701	0.836582187616452
149000	150000	-0.316169006816376	-0.589673354945835	0.947836504271896
150000	151000	-0.329748163460665	-0.872339009063582	0.505474656230339
151000	152000	0.181270041397994	-0.998655690682605	0.573919499896127
152000	153000	0.125574187336947	-1.13212207595837	0.0702292177057265
153000	154000	0.633173875083453	-1.01211208757471	-0.0768130040115857
154000	155000	0.669571341249962	-0.909738343380109	-0.541418657730379
155000	156000	0.912640763283451	-0.588732150250913	-0.82649542258046
156000	157000	0.544939818408348	-0.814419001401722	-1.11640206181424
157000	158000	0.456944373436241	-0.616678956812267	-1.49696109281434
158000	159000	0.391748141245962	-0.905298078096944	-1.97694603440647
159000	160000	0.126494513270094	-0.475441690677173	-1.90186461084624
160000	161000	-0.0623661688195179	-0.708767735533376	-2.28811236806036
161000	162000	-0.484768068742643	-0.611952062909397	-2.12523157843374
162000	163000	-0.854459837061112	-0.872089277489564	-2.12227611649931
163000	164000	-1.05144486207178	-0.73720094503675	-1.74371199915019
164000	165000	-1.32926645514909	-0.622263941336655	-2.0689670396477
165000	166000	-1.58924349180086	-0.622498311614937	-1.76266655131475
166000	167000	-1.71366373933576	-0.378856345418926	-2.01788072276054
167000	168000	-1.68091195180265	-0.109616533425292	-1.76232422337525
168000	169000	-1.71952721523998	-0.0360527963713306	-2.1648703294738
169000	170000	-1.92134674091278	0.163419729765906	-1.94310146544074
170000	171000	-1.59518815886275	0.345944734818034	-1.96401286864785
171000	172000	-1.78782605611323	0.583077775502838	-1.7994104562945
172000	173000	-1.41733320832293	0.71454432633965	-1.7865102644564
173000	174000	-1.55660307474535	1.01204230537389	-1.54888539550077
174000	175000	-1.14065272030846	1.18892816144158	-1.57048945949878
175000	176000	-1.40956570846307	1.42289001973828	-1.23734814111255
176000	177000	-1.0553177340455	1.73595654137453	-1.13613125109352
177000	178000	-1.21714056900952	1.51837564001709	-0.739879712485498
178000	179000	-0.80469439135759	1.33367523411233	-0.82935756133536
179000	180000	-1.04685932114619	0.915784468285152	-0.83265928378448
180000	181000	-0.64959344364344	0.871307334337754	-1.19634812582285
181000	182000	-0.707033942141819	0.523961818231362	-0.677471442704352
182000	183000	-0.457122299231702	0.140078740383822	-0.888085315723809
183000	184000	-0.842065153855848	-0.117920103589704	-0.57334965775293
184000	185000	-0.712048226441054	-0.482720579894725	-1.00905005567422
185000	186000	-1.17334431102473	-0.489275700825221	-0.861755035758239
186000	187000	-1.12690970991071	-0.936616774090987	-0.927031651635026
187000	188000	-1.46242592567816	-1.06934685515873	-0.568890073885779
188000	189000	-1.84374864836861	-1.58968590082481	-0.872339521369486
189000	190000	-1.89261731357175	-1.12132041368038	-0.767120018595716
190000	191000	-2.25626771692936	-1.05663747084994	-1.11486080600129
191000	192000	-2.13884997843972	-0.808105026189726	-0.856714499112382
192000	193000	-2.40793031302091	-0.528201691251314	-0.842595603764263
193000	194000	-1.93180793828623	-0.491095056925776	-0.64240749277804
194000	195000	-2.30249343207869	-0.68272961670205	-0.359429249316392
195000	196000	-1.65660817603039	-0.423879599917107	-0.261948723194481
196000	197000	-1.92840330457788	-0.909241851918684	0.00779121338607291
197000	198000	-1.38690615868392	-0.790210980784655	0.0844535056840922
198000	199000	-1.52638560336036	-1.38656505870403	0.217523924038711
199000	2e+05	-0.983249434601179	-1.20234934262458	0.252535858479832
2e+05	201000	-1.13430047377834	-1.74753235959991	0.50346407948144
201000	202000	-0.743176111641866	-1.46703810801222	0.661172702355176
202000	203000	-0.899779884909539	-1.87714380091659	0.953561047419699
203000	204000	-0.663163887926336	-1.4625836164799	1.0702001305985
204000	205000	-0.858627631392311	-1.6953706343752	1.38139636605713
205000	206000	-0.549307936758636	-1.48916721683141	1.48093316094399
206000	207000	-0.823589961876001	-1.4508430882171	1.72846517898415
207000	208000	-0.535301328049817	-1.54774301494252	1.97991896709955
208000	209000	-0.782655349729021	-1.203812917789	1.99056453164767
209000	210000	-0.610575054657288	-1.21355980669321	2.30518036246544
210000	211000	-0.629986066758576	-0.914007690636929	1.92684968025345
211000	212000	-0.330334608467036	-0.994540389339173	2.15724753541159
212000	213000	-0.342406379284093	-0.862483472097177	1.69474825781923
213000	214000	-0.136191713831015	-1.30118933450084	1.90440376657405
214000	215000	-0.121591671338723	-1.13059575315688	1.44373082238216
215000	216000	0.253783844449503	-1.43547349982536	1.76733965568512
216000	217000	0.316094551312376	-0.978037902323319	1.54991375837097
217000	218000	0.643413492730106	-1.06342875657121	1.86378809604315
218000	219000	0.746625071953136	-0.693934250537128	1.58617184458655
219000	220000	1.20870526931786	-0.808512580742505	1.64284676764421
220000	221000	1.08721378084827	-0.223410887202182	1.59878492623056
221000	222000	1.55418331656672	-0.403093766934384	1.65852974986386
222000	223000	1.37832482568276	-0.138847733146916	1.19837834237494
223000	224000	1.68486411137399	0.0843300205388958	1.15496318633052
224000	225000	1.82455964032115	0.0152344807764437	0.762278159366691
225000	226000	2.00594680662797	0.330654840177738	0.865032758146451
226000	227000	2.20268309458328	0.232528079127913	0.494239090200942
227000	228000	2.35407366386172	0.418777821432637	0.796709485727208
228000	229000	2.52410534786755	0.120632059776761	0.711584880949902
229000	230000	2.35896351223843	0.172221662720313	1.10055733320281
230000	231000	2.29505567239552	-0.0393279784287808	0.866609529955822
231000	232000	2.15708678502194	-0.0909583281611264	1.08762866748325
232000	233000	2.46262389551314	-0.177757909942108	1.13637093571806
233000	234000	2.23461917402046	-0.295275768064453	1.2408231812565
234000	235000	2.39066287883133	-0.111576722991502	1.51072610715432
235000	236000	1.98244756393095	-0.177566440886694	1.39322432590489
236000	237000	2.06678353017357	0.0915208751582988	1.57079584970141
237000	238000	1.70551369710744	0.177452013476694	1.67357115166976
238000	239000	1.91024281334395	0.462311662059366	1.3876478001133
239000	240000	1.5480766629864	0.602644020999366	1.4183641548184
240000	241000	1.81972233564478	0.940070697402846	1.16197232881579
241000	242000	1.44405465225042	1.17692865704778	1.04958502115742
242000	243000	1.40310051931913	1.47874974554119	0.68776707068847
243000	244000	0.908419835883521	1.59716646112627	0.643080416224759
244000	245000	1.00488459204684	1.99131786670748	0.411101955848404
245000	246000	0.52327997250895	1.89749617045681	0.299281676267368
246000	247000	0.657325747080435	2.14079725592932	0.0112815185487751
247000	248000	0.389920085175968	1.9484427917355	-0.117054641990305
248000	249000	0.300138017748855	2.31691608305833	-0.0159696057986538
249000	250000	0.0752648247342528	2.09436032986802	-0.13913753474403
250000	251000	0.0876611876874683	2.07505685037309	0.202742868021118
251000	252000	-0.108266038425168	2.3383514762052	0.114773515843501
252000	253000	-0.253164358257919	1.9562424521031	0.237335351963248
253000	254000	-0.444210373836074	2.21978101633914	-0.0141460588300923
254000	255000	-0.393287190044018	1.90654441321899	-0.315965945312475
255000	256000	-0.179341170455503	2.3577134138286	-0.637792125014978
256000	257000	-0.0301853840835077	1.59363390708565	-0.480153928902869
257000	258000	0.111938291431849	1.84313102872331	-1.00607476955982
258000	259000	0.159540295825924	1.27582157497881	-0.922405967440583
259000	260000	0.300673526335612	1.38790644844128	-1.41843841323965
260000	261000	0.275170833550592	0.811628929255654	-1.2837472264795
261000	262000	0.76734839550563	0.733951631547553	-1.26146160056393
262000	263000	0.6248974063972	0.275339655969979	-1.44845738076473
263000	264000	1.20028098011157	0.42388475887721	-1.48801133697958
264000	265000	1.02136466441773	0.193721438907127	-1.77553011605664
265000	266000	1.47345668344724	0.353153341653107	-1.939993507875
266000	267000	1.38550430371176	0.0404253478851238	-2.25651374143291
267000	268000	1.33216511187115	-0.103538205702574	-1.84937008999656
268000	269000	1.30995700284447	-0.497361630882713	-1.95503739819719
269000	270000	1.24272916351676	-0.357260139850687	-1.49556718403394
270000	271000	1.70574530635288	-0.473008474320851	-1.57975236548699
271000	272000	1.55817995790936	-0.49260297229493	-1.12422263980681
272000	273000	1.79088124775629	-0.889097695671633	-1.16502124249529
273000	274000	1.33837723630985	-0.903311368457415	-1.18124319038373
274000	275000	1.50920866328857	-1.0343419265035	-1.52563953802086
275000	276000	1.17254393685029	-0.922254548997255	-1.55630490052764
276000	277000	1.38822557018215	-1.35202932665269	-1.77222595657643
277000	278000	1.08970322688224	-1.16257329981225	-1.73039418093232
278000	279000	1.09787478032784	-1.26255855120052	-1.4348642206248
279000	280000	0.809560907172443	-1.33902045501538	-1.66601387987019
280000	281000	0.960708573364255	-1.57745330385933	-1.41076365336807
281000	282000	0.655359391111583	-1.43981108208552	-1.30265519000606
282000	283000	0.584074544685091	-1.80363089485931	-1.26855697198271
283000	284000	0.661942005264748	-1.60091619840485	-0.942643739978788
284000	285000	0.773049871701899	-1.96215680115805	-0.914784692989812
285000	286000	1.04079322985772	-1.90892253825382	-0.612682290870954
286000	287000	1.12976240286687	-2.13948383839457	-0.142811329020814
287000	288000	1.36867600287847	-1.68379516405413	-0.219659720869847
288000	289000	1.24022794525201	-1.55465286405173	0.200452148298016
289000	290000	1.63199850317187	-1.50908962590669	0.130165204265675
290000	291000	1.75153471853234	-1.38094272898354	0.486877648735454
291000	292000	2.03090460149275	-1.30669330402001	0.174882399790919
292000	293000	2.17642133990542	-1.03908470045446	0.354903735408915
293000	294000	2.02060680503325	-0.865532784004064	0.0324361682450864
294000	295000	2.41846813560405	-0.843360785992353	0.0498744534109641
295000	296000	2.212154106513	-0.683558861243357	-0.274523279421721
296000	297000	2.59504548851237	-0.463789978685415	-0.172942697986877
297000	298000	2.31472924913691	-0.33146495369961	-0.457202019103392
298000	299000	2.48437557319592	-0.0176927549185756	-0.183839612297421
299000	3e+05	2.13643741309797	0.09883864849755	-0.35245535812803
3e+05	301000	2.23026677225264	0.29786328011287	-0.0325866686531069
301000	302000	2.08232174891729	0.517419173836773	-0.347063360226983
302000	303000	2.40953779739427	0.721575282663136	-0.215796716243049
303000	304000	1.97224128133699	0.91852610514864	-0.255602949708916
304000	305000	2.19549614670782	1.04729597818912	0.127148745983898
305000	306000	1.78821596334457	0.76209587811008	0.14456049063144
306000	307000	2.02518941924722	0.911620085257176	0.558842073191282
307000	308000	1.57318321019235	0.441847170018549	0.355189433525295
308000	309000	1.41048271376041	0.810269232478652	0.644546051384969
309000	310000	1.09583732497323	0.575060783634667	1.03567037032628
310000	311000	0.962290599331683	1.04281216009676	1.31497423561702
311000	312000	0.953961473942065	0.610351218500141	1.62963757054428
312000	313000	0.686925901146359	0.914795797574262	2.00858448890273
313000	314000	0.354470766194718	0.593905769821103	1.86364887284701
314000	315000	0.0153870363624185	0.912587504710401	1.99855747901219
315000	316000	-0.335249880884015	0.685409932354452	1.81424846609401
316000	317000	-0.731334463584493	0.501095401719041	1.91758919463271
317000	318000	-1.03377688519569	0.52528849014055	2.1917102770124
318000	319000	-1.24110425354379	0.379395039546506	2.61512243776428
319000	320000	-1.15866603713436	0.131027972275979	2.22875240196903
320000	321000	-0.855593985278989	0.0198622431654713	2.09356207946296
321000	322000	-0.965182426898727	-0.139199228901829	2.34614697805127
322000	323000	-0.768054218959509	0.104226859769336	2.57137538269307
323000	324000	-0.864508986820723	-0.246436614789086	2.67195161917039
324000	325000	-0.493791952631354	-0.23655800822656	2.65521739382254
325000	326000	-0.567069798909004	-0.28384728888343	2.30742844999523
326000	327000	-0.522930779669764	-0.58098741895259	2.49665222630746
327000	328000	-0.716566496307541	-0.553762498120469	2.20084885215376
328000	329000	-0.843831383007121	-0.673168882538996	2.49659483840657
329000	330000	-1.0278893758444	-0.92187797317203	2.34257033289478
330000	331000	-1.19423545907491	-0.585509651357123	2.32061693749105
331000	332000	-1.08515548161821	-0.68977761677508	1.99586439795098
332000	333000	-1.21008495679349	-0.40050496486065	1.87575265446196
333000	334000	-1.07452728350276	-0.573365348516552	1.56849041595269
334000	335000	-1.4777866705373	-0.687901674833994	1.60403021945914
335000	336000	-1.21426371856019	-1.06305055529282	1.63057256420662
336000	337000	-1.56715634137209	-1.14411416990396	1.83913000724535
337000	338000	-1.5565001849167	-0.773440034866012	2.07648439966298
338000	339000	-1.62981582049979	-0.356318969986763	2.09728281544327
339000	340000	-1.54853037125182	-0.0021630711738158	1.9841716616404
340000	341000	-1.38382675013399	0.229144181691834	1.69418363191002
341000	342000	-1.65652286780389	0.52705233121418	1.95955767775739
342000	343000	-3.46630604745166	1.65468883021972	3.20105096187895
343000	344000	-1.73845901869292	1.09711678271582	1.51813724229183
344000	345000	-1.45427123772674	1.35453861550743	1.45749383007362
345000	346000	-1.69551133789149	1.53872795989582	1.21544027898546
346000	347000	-1.2678424526147	1.62951445221753	1.24712752808513
347000	348000	-1.5134937636735	1.83459045970046	1.06445917159479
348000	349000	-1.2177817125598	1.88768717774215	0.997361033640955
349000	350000	-1.40944006854822	2.04185278575104	0.809182138940502
350000	351000	-1.32514955891395	1.78753860984004	0.681421706502361
351000	352000	-1.58205192249143	1.95658734587563	0.514114767943387
352000	353000	-1.6630213875897	1.62306385127318	0.709502404811497
353000	354000	-1.8808724215883	1.6052954893706	0.354869111677731
354000	355000	-1.88270429098451	1.23166830305831	0.812737156612824
355000	356000	-1.86750870554344	1.0014259926185	0.360338580797566
356000	357000	-1.51536171913305	0.646396793759064	0.513817728739569
357000	358000	-1.90575100142799	0.606152694303457	0.910174947709316
358000	359000	-1.42498779792384	0.585494274676129	1.11046707841516
359000	360000	-1.75622816795238	0.669893160480393	1.50445180410263
360000	361000	-1.20477236184536	0.898379142829341	1.46620097687972
361000	362000	-1.22334680875572	1.06830664429054	1.88976406937585
362000	363000	-0.779713748347857	1.1296254128859	1.88053600641535
363000	364000	-0.816326252744767	0.935496562529827	2.27046569926794
364000	365000	-0.429200664686819	0.79225141356706	2.34228461551069
365000	366000	-0.449087372054602	0.430032813643899	2.41487696251719
366000	367000	-0.0789328034884852	0.482807501955068	2.30246918863789
367000	368000	-0.0478066644011138	0.209576004823871	2.5511446203876
368000	369000	0.17711079876132	0.122440957367196	2.23060039650684
369000	370000	0.382868814175381	-0.0170334093552172	2.56152172277336
370000	371000	0.452848707166643	-0.102726406785256	2.00398516773659
371000	372000	0.660348261558605	-0.301404001773396	2.22646870787911
372000	373000	0.577940229762945	-0.707084092970392	2.39670224376036
373000	374000	0.149761944961511	-0.604962117542235	2.56438849165661
374000	375000	0.0773969595411492	-0.670001047756444	2.15761170961983
375000	376000	-0.112560364967395	-0.313729624893812	2.34765437263141
376000	377000	-0.234141739435777	-0.316707764263335	1.91420226693949
377000	378000	-0.299626341483403	0.0932178916673887	2.00669579485343
378000	379000	-0.139716932778692	0.105503444364344	1.57110640733901
379000	380000	-0.579978192799725	0.236872003803044	1.49890596858219
380000	381000	-0.915366651270881	0.26247577280536	1.15570188435613
381000	382000	-0.71538911427088	0.714167766410338	1.21830068602763
382000	383000	-0.527362946859135	1.18268505040162	1.27086277584274
383000	384000	-0.0900864363402805	1.34252893162292	1.22811080038695
384000	385000	0.0407841094919246	1.11851442755708	0.755653686061624
385000	386000	0.0249470588203296	0.676598026301859	0.101306287841654
386000	387000	-0.032712376641234	0.146678217318461	0.277586258866988
387000	388000	-0.109964727261002	-0.250223461155739	0.0192208519127843
388000	389000	0.421245799701262	-0.232466012385007	-0.15353970022415
389000	390000	0.385959116271346	0.0566133142994008	-0.552211558988874
390000	391000	0.884148973332069	0.209997408593482	-0.697629890357287
391000	392000	0.565521388050558	0.730578251036446	-0.595610385310402
392000	393000	1.09595331609297	0.78118552299053	-0.562122228488013
393000	394000	0.993140499806484	1.17823498418418	-0.295596340510523
394000	395000	1.4531032940307	1.26831358898543	-0.512533351688478
395000	396000	1.55010390184161	1.77724436597	-0.407517947127169
396000	397000	1.1085044891585	1.67740465657011	-0.390507873812422
397000	398000	0.86973677907169	1.96325049261049	-0.470653138265882
398000	399000	0.831647417652991	1.7208969502788	-0.729399234762615
399000	4e+05	1.02808610155659	2.02674482197207	-0.786069131303403
4e+05	401000	0.985758776765103	1.80935955268358	-1.04166962459136
401000	402000	1.28824682735559	1.74799369583072	-0.852433709562034
