0	1000	-0.015631073943095	0.155276851080938	-2.48466682800156
1000	2000	-0.0985480173260432	-0.137394327894554	-2.81575171097936
2000	3000	-0.0706769353868732	-0.215092564167039	-2.3442495421921
3000	4000	-0.303698361455126	-0.529046891974651	-2.51765309257962
4000	5000	0.0486010502120949	-0.613658740777554	-2.22664873355469
5000	6000	-0.335278884901799	-0.675692723382707	-2.01596319754119
6000	7000	-0.104064885078088	-1.07774292380094	-2.09289692406729
7000	8000	-0.579399652594439	-1.16977560052489	-2.0786455031458
8000	9000	-0.415136514124092	-1.17534546299378	-1.61499104160821
9000	10000	-0.679976741651483	-1.16341231578051	-1.20427908838357
10000	11000	-0.681247722665935	-1.64289207844926	-1.41539915446688
11000	12000	-1.13653784080907	-1.93820824821451	-1.48521885719756
12000	13000	-1.53186687991663	-1.91618571857002	-1.08270120075509
13000	14000	-1.46409975287165	-1.57984546031368	-0.703844861462204
14000	15000	-1.7068049323231	-2.04529996917945	-0.607118594490354
15000	16000	-1.84422102521271	-1.67609452300744	-0.537779828780049
16000	17000	-2.0666495378005	-1.83342594568785	-0.841130711446326
17000	18000	-2.18114110298072	-1.47817778824082	-0.714718527352943
18000	19000	-2.61586617278042	-1.82843979491239	-0.716860490421801
19000	20000	-2.29289559896453	-1.64773475307543	-0.360031584014722
20000	21000	-2.13538704079505	-1.32472252094328	-0.2461414520137
21000	22000	-1.7610412613321	-1.39387310117871	-0.199807964111762
22000	23000	-1.93742572821205	-1.62349475203546	0.110207407874098
23000	24000	-1.76797008913325	-2.01683831008652	-0.0747586205216729
24000	25000	-1.29905046739611	-2.43217535367428	-0.0232146513391198
25000	26000	-0.7918770568942	-1.91209452934586	-0.0532890024007543
26000	27000	-0.630946734773497	-2.37189299897078	-0.0415239989975773
27000	28000	-0.311321125151662	-1.8963976205296	0.0355941692606916
28000	29000	-0.0592762665674993	-2.20295542192796	0.22767598578098
29000	30000	0.037942229713777	-1.7050543130454	0.452915890293247
30000	31000	0.0987434528177769	-1.50586932527627	0.917074208682903
31000	32000	0.358017395428241	-1.63377754810163	1.30100856019528
32000	33000	0.751497152878742	-1.479781701345	1.13288314192193
33000	34000	0.886248665014261	-1.41889503651422	1.55518339915201
34000	35000	1.22287345299585	-1.19773676500794	1.36508916051469
35000	36000	1.33423309890624	-0.841598641359036	1.59587302399542
36000	37000	1.72101370480359	-0.890367706972688	1.36355758690898
37000	38000	1.77823215201608	-0.462485834293245	1.2439773898686
38000	39000	2.23286215746157	-0.34900207337974	1.25734694151967
39000	40000	2.15830587259835	-0.00629365255941177	0.99975952469751
40000	41000	2.48989643293032	0.186983740250326	1.0863369897607
41000	42000	2.83141125434452	0.419524993194545	1.1023401635188
42000	43000	2.54966516582473	0.506157081362137	0.796261425735519
43000	44000	2.60439910155044	0.836802450280274	0.983949100382241
44000	45000	2.87959402965708	0.752372130235803	0.691879146890057
45000	46000	2.58644712382368	1.03215398186855	0.609131720514223
46000	47000	2.84344088684337	0.979727976554481	0.335712348672632
47000	48000	2.55051387743837	0.763262608428937	0.244017242708386
48000	49000	2.49900298790545	1.11386283171214	0.125900860854587
49000	50000	2.68052688255508	1.56406968070802	0.0150770446052087
50000	51000	2.08260349566345	1.05548788936636	-0.0296137011323191
51000	52000	1.97133979625172	1.53236922587893	-0.0206740477293508
52000	53000	1.65984711690933	0.881031077681389	-0.266424428474481
53000	54000	1.40634065908191	1.22567268487156	-0.0279553416274263
54000	55000	1.61683036748232	1.50047949245942	-0.483089903623774
55000	56000	1.20137508634736	1.73460485672389	-0.252175097155101
56000	57000	1.02842323745341	1.78605653343458	-0.693098366258829
57000	58000	0.610251676835003	1.77819559428669	-0.797746164053303
58000	59000	0.648096981637967	2.2626318003036	-1.03113680697912
59000	60000	0.284509192379149	1.98017277691287	-1.10474298184767
60000	61000	0.203208122402708	2.38630209571602	-1.21399645408998
61000	62000	-0.195453492566932	2.28212108252958	-1.22301667773427
62000	63000	-0.00425332073430971	2.19994117535969	-0.889441205343135
63000	64000	-0.307761673377208	1.9575597164544	-0.877077154628089
64000	65000	0.0684978053677121	1.88388565116333	-0.597355504504824
65000	66000	-0.299056066494022	1.99396514383037	-0.315554016360841
66000	67000	-0.00759361517654761	1.596268724005	-0.22033102683808
67000	68000	-0.694776848426333	1.64619125552614	-0.417597463188968
68000	69000	-0.289076818513408	1.24369169739067	-0.401265332644936
69000	70000	-0.797690883444239	1.08269998898273	-0.40939524630937
70000	71000	-0.372990918296484	0.71371444621629	-0.508960888338781
71000	72000	-0.819733021930824	0.542794522926974	-0.143639091043556
72000	73000	-0.677916733982406	0.197986270706996	-0.61039006958651
73000	74000	-1.00193646919834	-0.0794836776609515	-0.215437150194366
74000	75000	-0.74811575708281	-0.430447550805032	-0.585017173556629
75000	76000	-0.902141233437919	-0.800521782173381	-0.23064093021577
76000	77000	-1.03582062542274	-0.505077069428535	0.282463978737416
77000	78000	-0.716087952575826	-0.95236471782812	0.385039108217068
78000	79000	-0.891501312868101	-0.755252434815428	0.840696160965083
79000	80000	-0.663566961573741	-1.17207397961846	0.979913238580082
80000	81000	-0.953304528146759	-1.14264145847275	1.38619139369468
81000	82000	-0.471916605038212	-1.18062981090016	1.47954833691888
82000	83000	-0.894947917359107	-1.56197423032637	1.95951516991502
83000	84000	-0.550680926375467	-1.21762414264595	1.92073665959493
84000	85000	-0.834981181725719	-1.07581627286065	2.27685005287621
85000	86000	-0.433311511759443	-1.08935861249955	2.29641970549148
86000	87000	-0.530617237571683	-0.781434835273957	2.09649802698186
87000	88000	-0.130452841520497	-0.818223551135672	2.28111411645886
88000	89000	-0.25092472348916	-0.760612023010728	1.78093869359426
89000	90000	0.0687155206671834	-1.13834810197699	1.9717835701231
90000	91000	0.181587375691436	-0.814307098015017	1.63062186383085
91000	92000	0.574014431319525	-0.882151087790701	1.97232863753801
92000	93000	0.672685910626923	-0.86287978828011	1.49431575626699
93000	94000	0.92790363483026	-0.658871779766914	1.14506989920758
94000	95000	0.67054303777455	-0.982651067816356	0.919135087476943
95000	96000	1.14965905778007	-1.26856345319875	0.758411823117743
96000	97000	0.916738932779155	-1.00069378098861	0.391725103974302
97000	98000	1.41884323501696	-0.966175353719228	0.326498171646814
98000	99000	1.14105527094642	-0.623269313393109	-0.0356873255339007
99000	1e+05	1.62174843679793	-0.530842661056751	-0.211008969515276
1e+05	101000	1.3972469089642	-0.308587702145168	-0.604325955545569
101000	102000	1.78072794138436	-0.00375750667614386	-0.810388137872516
102000	103000	1.71027416547186	-0.422006057070779	-1.042472751419
103000	104000	2.02083101655768	-0.218788962791427	-1.46166088822954
104000	105000	1.67988280936403	-0.614077604130281	-1.57309511035862
105000	106000	1.66969336442944	-0.707304629300481	-2.03667705298373
106000	107000	1.20601179574418	-0.763332937029359	-1.77275986832061
107000	108000	1.17792389673599	-0.458054130915508	-2.09690552648224
108000	109000	0.759370176167697	-0.671227471825982	-2.05171522681204
109000	110000	0.760943981003082	-0.353891737534982	-2.40158764219753
110000	111000	0.671653784488732	-0.783475090495707	-2.46475945022497
111000	112000	1.05784355394718	-0.721811731421019	-2.45783606495508
112000	113000	1.01033923422632	-1.11628372919582	-2.46560800669037
113000	114000	1.18870517686042	-0.995373483401079	-2.17277685846739
114000	115000	1.45038063894199	-1.30209044868861	-2.32221773963472
115000	116000	1.55553192410578	-1.1306824273595	-1.96130071783539
116000	117000	1.33847078065468	-1.27913748004723	-1.72475918162714
117000	118000	1.46819314845605	-1.13018848435968	-1.35094967074166
118000	119000	1.53547521636967	-1.53324591861555	-1.2276671427578
119000	120000	1.34679422655522	-1.75436327107648	-1.48668208288586
120000	121000	1.73314695763399	-1.95989915364167	-1.49638749615407
121000	122000	1.58169901520714	-1.78951983693694	-1.82466985726241
122000	123000	1.67622610309526	-1.54025639371563	-1.64752005274689
123000	124000	1.92517557866682	-1.54233639100915	-1.94665518474243
124000	125000	2.04282161255461	-1.56294525589393	-1.54990743852511
125000	126000	1.95796304165078	-1.20982324020353	-1.61896546319696
126000	127000	2.02080552326773	-1.24586302942538	-1.22058462928914
127000	128000	2.16840854415868	-0.900874962945667	-1.27771104640834
128000	129000	2.17708651072031	-0.927720176959777	-0.872295346167114
129000	130000	2.31817753551026	-0.486637846424365	-0.857099379091738
130000	131000	2.28464382853364	-0.502329996828513	-0.413277185439636
131000	132000	2.291364083835	-0.0334421052458576	-0.40425386343676
132000	133000	2.0425804967951	-0.0898606956906029	0.0583201754339572
133000	134000	2.00486205743499	0.370834163300904	-0.0218203320991667
134000	135000	2.06087683309485	0.279532456198102	0.488861255934796
135000	136000	1.78133951206123	0.672372395784289	0.45514812982245
136000	137000	2.07195208294784	0.804546832137747	0.72835649577711
137000	138000	1.96288075666804	1.29941991044646	0.626105680933145
138000	139000	1.83305618009367	1.23297186427471	1.05296085233408
139000	140000	1.40824938861171	1.35199459898843	0.848599888789286
140000	141000	1.24312976580443	1.48549770697296	1.27313806561071
141000	142000	0.778775125434447	1.40092904700334	1.25650850021172
142000	143000	0.692097073526004	1.69145526517214	1.65174379837401
143000	144000	0.234717836486192	1.47259027872355	1.42129000123137
144000	145000	0.189946261130414	1.39878762794862	1.85530205491615
145000	146000	0.176174850374659	0.930734376388899	1.64498047510564
146000	147000	0.423155090907377	0.783939126544054	2.23469060745216
147000	148000	-0.265570326751196	0.76531940519279	1.36512783753772
148000	149000	-0.0656673963874154	0.340110014848704	1.50062194246504
149000	150000	-0.36081379832022	0.183448969450266	1.04930457655233
150000	151000	-0.150768110750268	-0.260147825361101	1.18740810609352
151000	152000	-0.308638084498389	-0.358465363757072	0.722482029050023
152000	153000	-0.0367818865747609	-0.763120025340399	0.847689981847028
153000	154000	0.178372705808319	-0.931330081007199	0.380311467328622
154000	155000	-0.121410868857266	-1.21028770476405	0.0587656687100072
155000	156000	0.236780323847566	-1.28969599936282	-0.286806671774161
156000	157000	0.618642521816723	-1.43109337813163	-0.0291851181646997
157000	158000	0.819631268050977	-1.23594533827438	-0.442012965984136
158000	159000	1.27652497312195	-1.48807646051294	-0.264664363817047
159000	160000	1.35709353756791	-1.1087996326994	-0.580857228602936
160000	161000	1.76989166759148	-1.20604029274251	-0.387563036859815
161000	162000	1.94558561103341	-1.30625344283234	0.0730025902553201
162000	163000	2.10800736450219	-0.831889778667454	0.0754686426234651
163000	164000	2.21215475984078	-0.688329466773352	0.504192903655517
164000	165000	2.45059738388747	-0.390610379547943	0.261197772285843
165000	166000	2.60648915652124	-0.21871757216936	0.63189887308428
166000	167000	2.86292127375281	-0.104981357285055	0.290496983731689
167000	168000	2.63309534038663	0.192923136030542	0.206850548591972
168000	169000	3.07106900633933	0.307183397115151	0.0914736523997646
169000	170000	2.78165313494787	0.299038155072133	-0.227152908880203
170000	171000	2.78921622843223	0.713125854123322	-0.288874039895749
171000	172000	2.46511262186922	0.612659149571032	-0.504899111647748
172000	173000	2.42604914089095	1.00832547388901	-0.608715356012813
173000	174000	2.07204014120013	0.825626655074977	-0.778550073557962
174000	175000	1.9916207393986	1.2016611320983	-0.978424710935077
175000	176000	1.56704363656947	1.01898366554185	-1.06346881942856
176000	177000	1.44973657482067	1.48888094033159	-1.11136259525017
177000	178000	1.0141691693809	1.22683284784807	-1.04958459750408
178000	179000	1.06000312690964	1.16057663866371	-0.592736835751687
179000	180000	1.18235259682082	0.672694338037956	-0.802991537346239
180000	181000	0.917911170147955	0.740279141637675	-0.291432380566883
181000	182000	0.903444293588992	0.243431769619293	-0.475633001456767
182000	183000	0.806627035230346	0.235650215296701	0.0546244118630963
183000	184000	1.29334366618563	0.152768420014994	0.000531832857422677
184000	185000	1.11921703303242	-0.0168808732269823	0.466865216511817
185000	186000	1.56350854015453	-0.279333027688221	0.527240937889822
186000	187000	1.44694406057242	-0.0195301262323414	0.917134386345733
187000	188000	1.40294484971544	-0.0257720889507246	1.41844408637432
188000	189000	1.92177831789602	-0.163763400700594	1.96540181600849
189000	190000	1.90833782491155	0.126412820987921	1.46558822366996
190000	191000	1.82461909902621	0.442628811025383	1.77755152481515
191000	192000	2.33454187169247	0.50824901010023	1.69645711366033
192000	193000	2.11256727820837	0.730717999047797	1.35002693608586
193000	194000	1.79440650806907	0.55927644701202	1.16334516364744
194000	195000	1.6256387651379	0.902562830161433	1.50920645856645
195000	196000	1.33712532143413	0.653252496048271	0.996657698207718
196000	197000	1.15962636865029	0.571868373818999	1.45723294040019
197000	198000	0.775095029816684	0.365291640234201	1.13668814689465
198000	199000	0.772767137531517	0.197395715581568	1.73423220944925
199000	2e+05	0.485375916858839	-0.155848745521901	1.46821609838573
2e+05	201000	0.524186909789266	-0.252725041428436	2.02501529078585
201000	202000	0.0792863597398897	-0.252191506564568	1.83385905907181
202000	203000	0.102186302736289	-0.31054869056679	2.3478436284265
203000	204000	-0.274598914475119	-0.220591397245384	2.09428654919093
204000	205000	-0.45941273061655	-0.282468571538844	2.45678045854192
205000	206000	-0.317758979959185	0.112876863167023	2.44964542711732
206000	207000	-0.732249820993855	0.117006052009508	2.32983924211225
207000	208000	-0.875418488965617	0.164664164917839	2.74161913774464
208000	209000	-1.21216224787753	0.254863245551815	2.44235082479013
209000	210000	-0.961753179203573	0.569879183415436	2.47973470917763
210000	211000	-1.31326423740835	0.568616583889397	2.21285182319051
211000	212000	-0.968654033371463	0.577057927273747	2.00179139689365
212000	213000	-1.21642151950046	0.218897017549774	1.92096781730265
213000	214000	-0.778219530519462	0.19883314126328	1.73650810474808
214000	215000	-0.997992144727037	-0.220163503577634	1.93742052282315
215000	216000	-0.912687955757584	-0.219865141322544	1.4741877351731
216000	217000	-1.35991133050733	-0.433141836917168	1.61208086819462
217000	218000	-1.38951153858236	-0.188254164619493	1.23376469725636
218000	219000	-1.66812054521994	-0.541915744462578	1.09476006869123
219000	220000	-1.56689291626268	-0.289565542331446	0.698813799487699
220000	221000	-1.92766126001126	-0.515726348606375	0.494736229533427
221000	222000	-1.79309774231486	-0.212399318334471	0.0912582789244318
222000	223000	-1.85146282337267	-0.686874513090752	-0.0434682977275525
223000	224000	-1.96837910689689	-0.469803010080362	-0.41568610956887
224000	225000	-1.88460264852473	-0.898578763067191	-0.572332867590933
225000	226000	-2.09393011192972	-0.672265501823451	-0.83561574740778
226000	227000	-1.88466287906425	-1.01032308293213	-1.09710149367365
227000	228000	-2.19717823636394	-0.715119658167537	-1.23927012036451
228000	229000	-2.32853990014526	-1.0900736746009	-1.15234778810687
229000	230000	-2.57710253192554	-0.795449683438955	-0.931528046182756
230000	231000	-2.39558098618818	-1.06213841175461	-0.734431910159548
231000	232000	-2.81218703761907	-1.10092393292359	-0.700757761536742
232000	233000	-2.77154145229254	-1.31055580169795	-0.360741615160952
233000	234000	-2.54950140260753	-1.02395631716167	-0.366091871320969
234000	235000	-2.93898922477022	-0.905146223706642	-0.0677793299526657
235000	236000	-2.50763388756835	-0.684884889153875	-0.209566443740322
236000	237000	-2.79512223228851	-0.395130261184098	-0.271929864497224
237000	238000	-2.44232517486072	-0.155465596120821	-0.102549862687472
238000	239000	-2.39210223791482	-0.152167979252751	-0.534483494452852
239000	240000	-2.11804667990781	0.13915670315602	-0.558667366001259
240000	241000	-2.16706938671889	0.121442544670987	-1.04663903030967
241000	242000	-1.77579683904923	0.308123269397063	-1.03991472595245
242000	243000	-1.62313578272958	0.540233743449678	-1.39981565302222
243000	244000	-1.14091343173296	0.662578055671138	-1.44838974424546
244000	245000	-1.19171964946008	0.929827967926086	-1.85887321429113
245000	246000	-0.750821313572859	1.05779965227002	-1.69911263468609
246000	247000	-0.499044793884516	1.03989289165838	-2.00276339686429
247000	248000	-0.680894304233483	1.35160165506375	-2.02113248161135
248000	249000	-0.338954633442922	1.396292088771	-2.19118470226897
249000	250000	-0.453144213576293	1.616382626826	-1.93097950103773
250000	251000	-0.247464148887144	1.38927257267256	-1.80027626515548
251000	252000	-0.0716707099331496	1.69260411319552	-1.90618379461075
252000	253000	-0.243779852076636	1.73115258448738	-1.5465786666834
253000	254000	0.127494269489125	1.5032107236289	-1.55681011257329
254000	255000	-0.149612784515941	1.25981497594472	-1.27514793531799
255000	256000	0.513395833813754	1.27109711948644	-1.94154454584058
256000	257000	0.13186629174513	0.836753230869962	-1.34815957996022
257000	258000	0.541099946628903	0.657868165876907	-1.61435434431753
258000	259000	0.378768230734164	0.251402774881176	-1.27641541232481
259000	260000	0.677709466935185	0.0565179866085002	-1.67865747519281
260000	261000	0.791452472285482	-0.215938649256376	-1.24829774195878
261000	262000	0.423211948988405	-0.461041883638873	-1.50655894067312
262000	263000	0.746513985340403	-0.806933176310189	-1.23325553983391
263000	264000	0.393318563312415	-1.01191412718618	-1.56255274738119
264000	265000	0.791658575998633	-1.26870870588087	-1.5294080043075
265000	266000	0.598656854500786	-1.43209478502388	-1.94373842648759
266000	267000	0.759387332573615	-1.86404357488483	-1.80270543781536
267000	268000	0.398455899009762	-1.66767292879208	-1.58334710996902
268000	269000	0.619706511154144	-1.69053425825618	-1.20978073901935
269000	270000	0.338448493516673	-2.06327491792843	-1.26241391121587
270000	271000	0.178182213250399	-1.68524522623826	-0.959773756090103
271000	272000	-0.101421785679942	-2.10051947345803	-0.94985964903869
272000	273000	-0.0507994112699147	-1.87234920496222	-0.559499647174631
273000	274000	0.182181393650472	-2.20933264245054	-0.537850372516549
274000	275000	0.538323657059312	-2.04476291477519	-0.660588495934807
275000	276000	0.58227882547327	-2.34900416500808	-0.482142825577088
276000	277000	0.8642224198753	-2.69684256474853	-0.649800784436242
277000	278000	0.98399909592524	-2.30411555368842	-0.462064252124064
278000	279000	0.8237659523828	-2.10933057677708	-0.239771351232129
279000	280000	0.811192510682854	-2.45007098037569	-0.0409753529350579
280000	281000	0.996878646817933	-2.14877398285796	0.122983113099588
281000	282000	0.677500294580489	-2.10892361841178	0.264332457419995
282000	283000	0.901074622198193	-2.12381549587459	0.58764107025467
283000	284000	0.545942218607623	-2.25399367431983	0.598931906381024
284000	285000	0.524601178283804	-1.93455538400467	0.755724833125947
285000	286000	0.133693911951108	-2.15858410079504	0.811368480556941
286000	287000	-0.345492684570638	-2.3136282216089	1.07833459131631
287000	288000	-0.483590740906514	-2.00464561402169	0.648358641645634
288000	289000	-0.858182079108217	-1.82667277779151	0.778816931475201
289000	290000	-0.98247480231578	-2.05821977839193	0.480323991597829
290000	291000	-1.14067789565649	-1.673249428037	0.392359590663081
291000	292000	-1.38204550096599	-1.96990005069242	0.264020704024382
292000	293000	-1.25914433104775	-1.68589218178453	-0.0376142045273559
293000	294000	-1.27096966496614	-2.00226320443187	-0.263268785790291
294000	295000	-1.05962778054785	-1.73677218398431	-0.47792773870762
295000	296000	-1.14897993521596	-2.09511363643454	-0.662849599942761
296000	297000	-1.0603867221858	-2.29912209634795	-1.01706024074398
297000	298000	-0.962343020829973	-1.81256697562197	-0.980077330684003
298000	299000	-1.15106219231361	-1.45718659460367	-1.11460640398864
299000	3e+05	-1.43982310804524	-1.52051746568117	-1.40836345602467
3e+05	301000	-1.18478738875509	-1.2163710571626	-1.529202664523
301000	302000	-1.48810375104081	-1.2759145131293	-1.7966037098241
302000	303000	-1.24477189428895	-0.977198642034646	-2.03077725077368
303000	304000	-1.53357165496261	-0.825335632984073	-1.70807028540816
304000	305000	-1.39691878974887	-0.422480559693985	-1.88027969210594
305000	306000	-1.62963355977297	-0.41532638765417	-1.41812315114874
306000	307000	-1.16067424947458	-0.510335790415079	-1.3344165030569
307000	308000	-1.3823697958696	-0.541979619334633	-0.889631461366244
308000	309000	-1.27471081391897	-0.0447491502832993	-1.02752953791106
309000	310000	-1.49160311715357	0.0273805905306244	-0.572472479792888
310000	311000	-1.47838038808525	0.558288649326893	-0.637728690120437
311000	312000	-1.73886804669299	0.497150575243899	-0.228489496742753
312000	313000	-1.97402140993849	0.994169798142482	-0.117614962413371
313000	314000	-1.55231275243572	0.876715679272803	0.247377066990868
314000	315000	-1.65509148159301	1.35074577836974	0.233524138404024
315000	316000	-1.28505173904124	1.5076428188655	0.397491237371994
316000	317000	-1.58410835319219	1.92896368458743	0.543062018074927
317000	318000	-1.4213610344608	2.14617712093408	1.04103269799367
318000	319000	-1.25188134023197	2.37438222365346	1.52629215862765
319000	320000	-1.13856596414144	1.78395920152985	1.32991474511759
320000	321000	-1.2233350278924	1.72556474686878	1.68676675979033
321000	322000	-1.55133920401192	1.8248300530298	1.53404030789826
322000	323000	-1.65205607195298	1.81773739556082	1.95369496844979
323000	324000	-1.61197483534383	1.40134480038556	1.58711895874612
324000	325000	-1.92348330189096	1.37629601342091	1.86811510467665
325000	326000	-1.70368947950453	1.02025484934479	1.87802898457253
326000	327000	-1.7210682832712	1.18348757698665	2.20313753062525
327000	328000	-1.37526800434427	1.22035676798479	2.06021888906579
328000	329000	-1.38538727477046	1.04295106398307	2.37941585344437
329000	330000	-1.31438749885777	1.42819592675624	2.50482396806827
330000	331000	-0.995738690040374	1.16464255036103	2.55003878835755
331000	332000	-0.88147661489194	1.53635286795473	2.3814015305106
332000	333000	-0.760492075399359	1.21280143653537	2.21637536374766
333000	334000	-0.435230729705664	1.41326923093034	2.46549862733239
334000	335000	-0.469195333144479	0.951060777393637	2.49955507137243
335000	336000	-0.158763689073316	1.06390866249547	2.22781291689976
336000	337000	-0.441421128304444	0.877469339025879	1.93419832987445
337000	338000	-0.39727572663383	1.39872488255652	1.89774201145316
338000	339000	-0.766532133839127	1.33190485028774	1.66626834611552
339000	340000	-0.635731520159267	1.94864879774917	1.83488491781442
340000	341000	-0.547632786439314	1.76264885501151	1.37478060446892
341000	342000	-0.547884433937621	2.16397597131785	1.17962069535533
342000	343000	-0.413128818029562	4.70495560396709	1.64095013465131
343000	344000	-0.233417254452889	2.43052913038975	0.396210683137063
344000	345000	-0.470670236682657	2.69027925918464	0.156068793766251
345000	346000	-0.0109242437043756	2.82370242226783	0.0454311298164706
346000	347000	-0.278120841665622	2.61590599110919	-0.27922582654131
347000	348000	-0.0552132000437221	2.92889541084106	-0.445758854292226
348000	349000	-0.261063083860508	2.72234455072747	-0.677330027921027
349000	350000	0.0181481750304102	2.86645039723566	-0.833676984218638
350000	351000	0.0628164747478798	2.58715632241229	-0.684239657474084
351000	352000	0.386508784065476	2.71969325263104	-0.683213346275054
352000	353000	0.219412193974695	2.46993024422904	-0.34607838983167
353000	354000	0.671744764618059	2.47188982710721	-0.333502973539267
354000	355000	0.440210372499599	2.04116121380488	-0.177796470196296
355000	356000	0.417076752199329	2.20462828820258	0.246408928020704
356000	357000	0.382898003551321	1.6408638866049	0.211491748636615
357000	358000	0.362115776038913	1.88852716836205	0.670809485296641
358000	359000	-0.113435058687156	1.89471488424319	0.52999167536176
359000	360000	-0.0629782967701929	2.3108800749869	0.916981377737568
360000	361000	-0.561886619499784	1.95436853903191	0.279747943609386
361000	362000	-0.736031846247807	2.23413415781502	0.643461513367136
362000	363000	-1.10481243634306	2.15950643514804	0.326942595284723
363000	364000	-1.08165198886388	1.86883258896863	0.726855277795246
364000	365000	-1.46140072109499	1.59733915267008	0.896940363216086
365000	366000	-1.86087092083463	1.68975356807806	0.977415673953687
366000	367000	-1.95556441278315	1.40362785255856	0.698672132353918
367000	368000	-2.069332423055	1.25319767309496	1.0603652504914
368000	369000	-2.03008994269613	0.921158776576272	0.779021399738448
369000	370000	-2.36651968980384	0.82257624451777	1.09393977476676
370000	371000	-2.21382570656279	0.452687952537113	0.730990461058476
371000	372000	-1.89854570755404	0.319819735541345	1.00679083844016
372000	373000	-2.37146996700496	0.146317221309248	1.33277552122365
373000	374000	-1.92571012886556	0.352676320771641	1.57056684444366
374000	375000	-1.48214242415225	0.443258472502952	1.36421581705576
375000	376000	-1.75803439459139	0.828762432140557	1.40884464418376
376000	377000	-1.29974952259195	0.979052940735137	1.39284981665668
377000	378000	-1.48044024394222	1.01908415254323	0.946476531689916
378000	379000	-0.976553516602855	0.943456080897142	0.945561864499849
379000	380000	-0.922656383380322	1.18313074144283	0.530980581194261
380000	381000	-0.498926580765905	1.3775994884359	0.826279403920354
381000	382000	-0.405177770623202	1.29088610078381	0.342749206803222
382000	383000	0.0463691006892618	1.16331174752252	0.678265840019737
383000	384000	0.0640372884277957	0.898288001826676	0.273100519702347
384000	385000	-0.336772978360212	0.593634860660615	0.44596149491598
385000	386000	0.0371017153232164	0.376048988669581	-0.100058069734843
386000	387000	-0.352448467941468	0.0502129158980448	0.135400783121744
387000	388000	0.142477581695543	-0.167626429248747	0.151037796293994
388000	389000	-0.151806358811479	-0.476520889180709	-0.218869384315829
389000	390000	0.286315983894178	-0.456177363506512	-0.489866716359418
390000	391000	0.00608135360691193	-0.786948596921246	-0.865969407603515
391000	392000	0.00464322573784339	-0.256979898601477	-0.985175568324657
392000	393000	-0.276787436347125	-0.462475247387518	-1.3672138926708
393000	394000	-0.457267598718163	0.0291154248464728	-1.42032117934693
394000	395000	-0.59996117369362	-0.159645307228507	-1.89266300863367
395000	396000	-0.134618822247261	0.119264649103579	-1.88856841233136
396000	397000	-0.575094810916932	0.338390239567579	-2.07900422508394
397000	398000	-0.191947116845599	0.533323275577746	-2.14057074189949
398000	399000	-0.451363085831952	0.600904177453759	-2.4213029534086
399000	4e+05	-0.0874541184704241	0.693072542724453	-2.49388031929265
4e+05	401000	-0.208168227176008	0.43118746264176	-2.73494560049508
401000	402000	-0.395958556148366	0.172759744670205	-2.54084083559219
