0	1000	1.23840848832391	-3.66418345477865	-0.665532218396
1000	2000	1.54072270950081	-3.75096065558005	-0.227003451093251
2000	3000	1.23921127844284	-3.30431702002564	-0.245546938227786
3000	4000	1.27484453422772	-3.24094543125189	0.19990387206518
4000	5000	1.25480984872733	-2.82599367259103	-0.0766419585653331
5000	6000	0.921147205724034	-2.7089576461518	0.192497105759062
6000	7000	0.846803006396647	-2.29355092842804	-0.0658345197949275
7000	8000	0.728668051037169	-1.94680832047789	0.37567020111874
8000	9000	-0.79644240182031	-0.950146603953914	0.914465658554658
9000	10000	-1.06588945788966	-0.678057151001087	1.27437227927417
10000	11000	-1.50606495881874	-0.888467600258031	1.0199611965114
11000	12000	-1.53590174469247	-1.37058029064111	0.710211894453522
12000	13000	-1.83990711396066	-1.56680934616789	0.286669540442626
13000	14000	-1.80344974924356	-1.98152802423065	0.00189211190989424
14000	15000	-2.10046732302805	-2.36314520080497	0.0734542318933025
15000	16000	-1.67887943723529	-2.48693272006504	0.322310983745991
16000	17000	-1.94672699430627	-2.8718087819905	0.420907968611113
17000	18000	-1.446314223727	-3.00712028839444	0.625534262219689
18000	19000	-1.63307973987098	-3.62801145532582	0.814371256519582
19000	20000	-1.07477740245671	-3.44862415144145	0.412343441323826
20000	21000	-1.42332954618983	-3.49620290807686	0.159464107832658
21000	22000	-1.20597181086668	-3.16848777217233	-0.0316580484185814
22000	23000	-1.54839917515637	-3.12557693434269	-0.365929466144086
23000	24000	-1.60602794486385	-2.59647108497611	-0.514575507346938
24000	25000	-1.69854626790364	-2.31670292223533	-1.0115812440972
25000	26000	-1.79407191939575	-1.80327400959051	-0.806021478328596
26000	27000	-1.97839141332486	-1.64338510319036	-1.3129820166937
27000	28000	-1.86995544866108	-1.07013514647545	-1.20071744456029
28000	29000	-1.79746390640415	-0.888232503420915	-1.71458311230343
29000	30000	-1.24622823107685	-0.859769295556071	-1.60089498547577
30000	31000	-1.18048027537451	-0.975161078646288	-2.1533675309683
31000	32000	-0.674236051793016	-0.843119407819499	-2.03167372788887
32000	33000	-0.475469115636041	-0.854123894426424	-2.46430435149302
33000	34000	-0.0521669594001462	-0.756198542345375	-2.29060156098872
34000	35000	0.0147241445014802	-0.668304627059661	-2.75192209592654
35000	36000	0.152899203175512	-0.202344290942973	-2.85668619261995
36000	37000	0.483694324332272	0.245157015755113	-2.85876787838461
37000	38000	0.558838526955375	0.678267883045585	-2.55122286359815
38000	39000	0.823133061851648	0.976683329588571	-2.25717912320876
39000	40000	0.622762135552751	1.42476065741748	-2.31415666924553
40000	41000	0.790856295765876	1.65511853375338	-1.9455391350099
41000	42000	0.995025930524693	2.11700444714869	-2.07396630070989
42000	43000	0.738422605585346	2.15119092285787	-1.65564383281792
43000	44000	1.01842996961003	2.17079977573416	-1.30391152332752
44000	45000	0.746667311993748	2.57122083806579	-1.3445807767831
45000	46000	0.502124243916034	2.26078382003994	-1.03658371461503
46000	47000	0.126632592789772	2.56737313347127	-0.926296722467426
47000	48000	-0.174703248970527	2.59021612977628	-0.536102049552917
48000	49000	-0.179822866513631	3.06886123482844	-0.595765836764044
49000	50000	0.0520402130701949	3.8064247083222	-0.727890958412128
50000	51000	0.232135484106859	3.34220932382068	-0.282971889560435
51000	52000	0.774144975372409	3.3480737680779	-0.0706363872704349
52000	53000	0.476471383476366	2.86453607620638	0.173616886316363
53000	54000	0.0552654849146471	2.78152922362937	0.476790880332305
54000	55000	0.131979501619502	2.24565311675883	0.361971327374556
55000	56000	-0.410514775217667	2.31919678715921	0.584054507042261
56000	57000	-0.126046331103682	2.03981286216683	0.880203022676691
57000	58000	0.210701682644973	2.08507874858403	1.19631902090237
58000	59000	0.462165388814032	1.75737725851633	1.70012559758065
59000	60000	0.950303868658297	1.97005020493454	1.53169471158395
60000	61000	1.01945071546568	2.20635163759882	1.97374815170072
61000	62000	1.30983817470901	1.95476695019191	2.33121085631599
62000	63000	1.13709460046419	1.58590975011773	2.03133132485608
63000	64000	1.37286015314703	1.16972939784489	2.24809412238398
64000	65000	1.09221530971938	0.956372928363831	1.88296342275089
65000	66000	1.17863198323775	0.488924439375098	2.03144400716542
66000	67000	0.968436887922774	0.182868975904058	1.65999117403825
67000	68000	1.11924120785925	-0.322619846803823	1.48054029854598
68000	69000	0.708674963246808	-0.648013578424484	1.4781168214799
69000	70000	0.555295854728684	-0.74826636743844	1.00370345425899
70000	71000	0.037110261263553	-0.735055253449844	0.869150888967467
71000	72000	0.279325785575854	-1.19768573751011	0.711966805096091
72000	73000	-0.0722922014679197	-1.57480129213305	0.725115416966028
73000	74000	-0.52349057829454	-1.83203824617673	0.874241204337835
74000	75000	-0.642521972902382	-2.31509293148988	0.604735700251498
75000	76000	-1.01777648747497	-2.03158443378187	0.326760219127891
76000	77000	-0.870019698297914	-2.3045203804972	-0.295729684615089
77000	78000	-1.16662845118619	-1.66999925857721	-0.42361064613424
78000	79000	-1.18622787894743	-1.4479642175866	-0.899863198192542
79000	80000	-0.856787258890183	-1.74943074060267	-1.15874506289668
80000	81000	-1.03390979523168	-1.59377599741139	-1.7027377235269
81000	82000	-0.579799303453035	-1.47150406063571	-1.90488085468443
82000	83000	-0.58931408386088	-1.94918824027191	-2.37803622191906
83000	84000	-0.157819841997365	-1.44398372686609	-2.48118167748475
84000	85000	0.0569504909431371	-1.51562295609656	-2.99438423051069
85000	86000	0.401745689414901	-1.67274480316749	-2.54730154787383
86000	87000	0.697984879675021	-1.36859817235603	-2.62922297873064
87000	88000	0.952914484836563	-1.53991574155635	-2.20405240099827
88000	89000	1.06105090570374	-0.983408308040952	-2.30357498044257
89000	90000	0.626417410531338	-0.902496436388538	-1.95468894991702
90000	91000	0.653710740619805	-0.452457831242978	-2.28259597637787
91000	92000	0.297380236047316	-0.0951915763566222	-2.19653575600289
92000	93000	0.37025741583909	0.399212263398877	-1.94755227637594
93000	94000	-0.171584495387188	0.288010339835226	-1.89881322812061
94000	95000	-0.295698966347391	0.55438778798648	-2.29250797399367
95000	96000	-0.771709665871744	0.615069186043749	-2.1153395819725
96000	97000	-0.954058270466039	1.03175050278605	-2.32603765338737
97000	98000	-1.36679672651214	1.24967986103578	-2.46922710268841
98000	99000	-1.13144308715681	1.67025549490745	-2.73356509316128
99000	1e+05	-1.56215274059606	1.8556877010472	-2.42269355457432
1e+05	101000	-1.73277221195603	1.86902290643924	-1.9286018119131
101000	102000	-2.11251012094473	1.60395412735212	-2.17840994029452
102000	103000	-2.35958104736941	1.79441218992406	-1.78340657846158
103000	104000	-2.88989197556496	1.49071721754672	-1.77805998802537
104000	105000	-3.24092934516725	0.83923714233785	-1.38991289308459
105000	106000	-3.38012477701009	0.283026721152744	-1.12974292125759
106000	107000	-3.17923841811179	0.00767398476505177	-0.630131969182928
107000	108000	-2.94558011204562	-0.308096292417946	-0.250685501826967
108000	109000	-3.11177645569777	-0.471682935129295	0.187204118425548
109000	110000	-3.48603758357522	-0.743423071547391	-0.0240888738297843
110000	111000	-3.63147738311063	-0.388957003760739	0.355109664312699
111000	112000	-3.6972830546488	-0.102581980364499	-0.0250149820422526
112000	113000	-4.06016840839002	0.322911051972337	0.00232174822740017
113000	114000	-3.94792296123566	0.216630440492163	-0.456346675536705
114000	115000	-4.12107733637108	0.724172277766963	-0.538530059217893
115000	116000	-3.58836042092789	0.581813560129536	-0.645938463528228
116000	117000	-3.17496259533646	0.66432163055247	-0.75407396579226
117000	118000	-3.18656276916085	1.1674069376819	-0.585703161887
118000	119000	-2.71458601167189	1.08233803624621	-0.925461513156851
119000	120000	-2.38203342682001	1.35156458093345	-0.720123160352306
120000	121000	-2.58797638507202	1.78304051924984	-0.417183916121515
121000	122000	-2.89286126309746	1.76953471315403	-0.909890305508025
122000	123000	-2.49525950195161	1.91278469254155	-1.0237964170662
123000	124000	-2.58781723695252	2.41641895556715	-0.898004888398378
124000	125000	-2.54866671620489	2.39268704846353	-1.49087469360197
125000	126000	-2.06040423164858	2.47672405755859	-1.3583431197244
126000	127000	-1.80860698357858	2.60018390358966	-1.81609678331926
127000	128000	-1.33953176481602	2.57010660707107	-1.71808064803437
128000	129000	-1.00992927587363	2.89775507383343	-1.86744027326089
129000	130000	-0.544534328462747	3.07754201981438	-1.70840632556818
130000	131000	-0.147325272878005	3.10658728643251	-1.45275973186219
131000	132000	0.319632885352167	3.21145081886207	-1.21852533010429
132000	133000	0.603064113119789	3.04155272226433	-0.763684432035341
133000	134000	1.14830990521439	2.9835067761095	-0.702052614713921
134000	135000	0.919480179983102	2.45539545406512	-0.386877982431107
135000	136000	1.23768301702095	2.14400040780639	-0.089680395815099
136000	137000	1.17522466685744	1.86441455157981	-0.420490169378901
137000	138000	1.69434926601796	1.77047408512806	-0.373908391087063
138000	139000	1.46033562226272	1.45198677318904	-0.770005336540645
139000	140000	1.91428904275004	1.28894724599641	-0.835092198573968
140000	141000	1.76524401221924	1.00935705019628	-1.20972500193494
141000	142000	2.04295167615053	0.670530876012168	-1.09677982927878
142000	143000	2.35361333616145	0.489950971995633	-1.47521184012824
143000	144000	2.16212678617847	0.143617207915529	-1.0751632880886
144000	145000	2.14788955185061	-0.26282685029021	-1.27205563946107
145000	146000	1.78051837301227	-0.428926451692006	-0.964777310784464
146000	147000	2.24128418008499	-0.898015502767195	-0.834460760045918
147000	148000	1.74484160038483	-0.794127641897401	-0.442224259052344
148000	149000	1.46150211617652	-0.712916800918476	-0.0860055123654623
149000	150000	1.01544653852445	-0.908524971112	-0.29425565054352
150000	151000	0.640032447689038	-0.930217127710702	0.0435696502003819
151000	152000	0.361169431035652	-0.958695831406008	-0.417152019021955
152000	153000	0.00639033769810266	-0.773254950315888	-0.0953127933715586
153000	154000	-0.412908528809482	-0.69400065341109	-0.538378340361324
154000	155000	-0.851608146653116	-0.339431262233288	-0.711906534426826
155000	156000	-0.919995156735368	-0.257789901087091	-1.27175305996972
156000	157000	-1.11641920709881	0.00551222628154178	-1.63503531972312
157000	158000	-1.38499441623747	0.2318959609755	-2.06435479802799
158000	159000	-1.55906780616893	0.757754210234379	-1.92683965336781
159000	160000	-1.4521329697738	1.23968936325746	-1.81861374288039
160000	161000	-1.05526141223448	1.52336627358267	-1.93119272174536
161000	162000	-0.785019826166504	1.99353118587429	-2.10519820986297
162000	163000	-0.821669452055031	2.10844341558081	-1.55910234658021
163000	164000	-0.419084384790799	2.34339223105606	-1.46245206316643
164000	165000	-0.655761222498785	2.51726614945225	-1.07322505691512
165000	166000	-0.803100486569231	3.02019182741343	-0.970051295447086
166000	167000	-0.875015321794851	2.91094803648681	-0.445469923448106
167000	168000	-0.685131540960306	3.3273579050631	-0.465772518679249
168000	169000	-0.982944345255919	3.58118239919979	-0.151164350710105
169000	170000	-0.410633681136461	3.73931749124318	-0.197113921061368
170000	171000	-0.195775244631711	3.51617044083326	0.248305908018012
171000	172000	0.246640533660387	3.70826618158828	0.322087923783306
172000	173000	0.427245827543375	3.4584091166102	0.699170640363254
173000	174000	0.598348556248186	3.14822163301205	0.998017221096635
174000	175000	0.49119329353278	3.37526671020233	1.3861864742676
175000	176000	0.524084606076017	2.92615702804018	1.55292812274456
176000	177000	0.159227338137193	3.00777502393861	1.87796953420803
177000	178000	0.289044454397368	2.53840373938776	1.8964174485386
178000	179000	-0.113850962017986	2.39618490090611	1.75907670679436
179000	180000	-0.514134670921092	2.39238151400313	1.43692679040623
180000	181000	-1.05709810700343	2.14051535124083	1.41973950572256
181000	182000	-0.807244186824255	1.87604982435887	1.11446673474287
182000	183000	-1.21503997010734	1.68807458145844	1.06356660710447
183000	184000	-1.1452298192545	1.92618821929451	0.586885530751273
184000	185000	-0.970184459611188	1.40492648927668	0.490404081916756
185000	186000	-0.593947291396071	1.48559798012253	0.134117991632415
186000	187000	-0.581645107139934	0.96301788717204	-0.0598340291653843
187000	188000	-0.0866187382188107	0.580368996981165	-0.172873035538443
188000	189000	0.23351457450429	1.09270343881152	-0.471975794164735
189000	190000	0.550103320172387	0.473011926096118	-0.493034641049924
190000	191000	0.913248069047663	0.68169299149432	-0.87085282332034
191000	192000	1.27493872706922	0.204388576751751	-0.802603879116189
192000	193000	1.39251902785643	0.659510648385986	-0.519565231972718
193000	194000	1.52729117175726	0.352177762392208	-0.182491245359714
194000	195000	1.0889167832296	0.53707563087126	0.0757953800073611
195000	196000	0.99958322729163	0.0820141594107531	0.345311045790512
196000	197000	0.569404708508193	-0.146069330898294	0.377511574941343
197000	198000	0.607350044558919	-0.231398533853221	-0.183061065397597
198000	199000	0.0272565360065587	-0.113154266851395	-0.139602021881741
199000	2e+05	0.0944234145934554	-0.206903204851664	-0.64541969269991
2e+05	201000	-0.174972185203495	-0.193277930146123	-1.06268870936952
201000	202000	0.197238490710317	-0.486486614104971	-1.32333951631904
202000	203000	0.336366336035708	0.0320726197475215	-1.31223941041615
203000	204000	0.627712367002083	-0.212597187463288	-1.63315695800259
204000	205000	0.993727497330115	0.0990384097266491	-1.60047082492855
205000	206000	1.09682591113997	0.0640291422756684	-2.10022173031997
206000	207000	1.44906355162526	-0.314229450802567	-1.93746561395389
207000	208000	1.82184933068096	-0.406925490678612	-2.3403204481966
208000	209000	1.84454745641843	-0.813305658129238	-1.89119875471553
209000	210000	1.87245516394108	-1.288593882138	-2.1285050618005
210000	211000	1.59506223727569	-1.37808103593117	-1.70776738389319
211000	212000	1.91707637120458	-1.37624612538784	-1.37640389001639
212000	213000	1.50897144329458	-1.15932906428736	-1.19701049305575
213000	214000	1.12855544826939	-0.851111173128893	-1.2087783324793
214000	215000	0.941174026660386	-1.31216731517346	-1.16113024925468
215000	216000	0.435777151933718	-1.25494713211334	-1.2442465871705
216000	217000	0.248694958969149	-1.71431464248297	-1.41995532442988
217000	218000	-0.0264385502950958	-1.6035720265821	-1.06081607758794
218000	219000	-0.113310019829837	-2.06071143446758	-0.982014469757422
219000	220000	-0.051881410005588	-1.84162388289951	-0.563900075384473
220000	221000	-0.126713954704516	-1.86514910805077	-0.106377637597288
221000	222000	-0.0479774262242208	-2.20678075099039	0.278795682981834
222000	223000	0.0482966114658581	-2.31334627032895	0.776099777069121
223000	224000	0.330390585957885	-2.51787342204002	1.21979429745686
224000	225000	-0.00823462706307139	-2.89526157120065	1.08444060568215
225000	226000	-0.276140054253287	-2.88400443476425	1.46294319090419
226000	227000	-0.73055820358677	-2.71126117925982	1.73146148117095
227000	228000	-0.613762961242648	-2.45895140625477	1.2985822271603
228000	229000	-1.02279482992944	-2.63630260662377	1.09641258438844
229000	230000	-0.935671152448647	-3.20070977520324	1.24768146481935
230000	231000	-0.687673193887499	-3.07567620004523	0.83858280058413
231000	232000	-0.374557164256752	-3.60581007927386	1.02295577133886
232000	233000	0.267778841393341	-3.70181904797415	1.06937352061615
233000	234000	0.0594310199822565	-3.46897272639893	1.4925467859662
234000	235000	0.586914329490542	-3.6729269099997	1.9104153318807
235000	236000	0.459717571183967	-3.03755706325855	1.77444598700847
236000	237000	0.676037559391788	-2.83414253789879	2.22914212372949
237000	238000	0.183098607077455	-2.41370896147707	2.19394649219199
238000	239000	0.2250848343446	-2.05867886156307	1.81207363267116
239000	240000	0.167836635085912	-1.58958730614626	1.9336167936989
240000	241000	-0.220219246460289	-1.14554061936261	2.02692467515505
241000	242000	0.164037530478659	-0.950685029798331	1.72753210276189
242000	243000	0.24245550993735	-0.544260476958722	2.04517916343329
243000	244000	0.587511283976776	-0.117778649471202	2.17384567249239
244000	245000	0.810939355882387	0.184251813476551	2.69797155508297
245000	246000	0.731548542136619	0.714302000236232	2.51850021630183
246000	247000	0.935828257925719	1.06068900069919	2.8202729365381
247000	248000	0.66442217020723	1.41449010172302	2.64650668803563
248000	249000	0.866045215113543	1.73051946567229	2.95349466036505
249000	250000	0.511434841004078	1.95084199112864	2.7098326457243
250000	251000	0.289737052648706	1.90454347365841	3.06255210885674
251000	252000	-0.0832046797030007	1.88931378609386	2.71477311038157
252000	253000	-0.38692163988012	2.23248789055384	2.79957162245901
253000	254000	-0.451069611128647	2.01807043081026	2.37914359103247
254000	255000	-0.930724399940199	2.15776277805073	2.16214524916329
255000	256000	-1.08267962923782	1.43524278293414	2.01550199788703
256000	257000	-0.649305760854884	1.36069300120597	1.48190506000496
257000	258000	-0.504840308782124	1.17005892046904	1.00045193609114
258000	259000	-0.932098839907731	0.859628620943029	0.998465048675501
259000	260000	-0.802122966489992	0.543368237198328	0.639266194241637
260000	261000	-1.22174054683609	0.335587320139431	0.795403043405079
261000	262000	-1.18787945516362	0.275160234164837	0.240610720646322
262000	263000	-1.69475416605733	0.427241678777941	0.346981092397924
263000	264000	-1.80361864705124	0.894836159983129	0.188630136872887
264000	265000	-2.32528135143354	0.727628825978006	0.343665710676804
265000	266000	-2.63163343302159	0.662336286520353	0.755838440686763
266000	267000	-3.17672160086305	0.776929524928693	0.496797074070439
267000	268000	-3.11620821357334	0.245964375077958	0.62113254892091
268000	269000	-2.848488980339	0.261160055094703	0.181589968907394
269000	270000	-2.52492900163762	-0.0879923510515962	0.49189350856142
270000	271000	-2.2514086579936	-0.0821052982217996	0.00710017610076767
271000	272000	-1.85093100822796	-0.0837985691823424	-0.356414447173
272000	273000	-1.72871844886967	-0.362514308497089	-0.823178424905898
273000	274000	-1.89421253149442	-0.120269296238761	-1.23725145938333
274000	275000	-2.21853417190044	0.0752545094465145	-1.653015274641
275000	276000	-2.4317432914457	0.527176529764252	-1.43701927548937
276000	277000	-2.54768688769944	0.700527130152082	-2.06407841937314
277000	278000	-2.21585737293388	1.15834782359139	-1.5345070656934
278000	279000	-1.89302707713	1.50710090219207	-1.26405621074274
279000	280000	-1.35942557330087	1.68061344783173	-1.15877501293105
280000	281000	-0.865849538316907	1.51732027931743	-1.30353982886968
281000	282000	-0.434560787992867	1.59466773036507	-1.50997629178913
282000	283000	-0.129987690807258	1.8004550900179	-1.90105472103697
283000	284000	0.0109055213512192	1.38164068503695	-1.75524159188283
284000	285000	-0.188544799370313	1.29325404724369	-2.1900735108857
285000	286000	-0.400139534796058	0.985192720745135	-1.772940960868
286000	287000	-0.408194658468032	0.776693224310376	-1.19703842366416
287000	288000	-1.13750007770585	0.665389915924124	-1.32842348189473
288000	289000	-1.36467548548827	0.611881080601108	-0.89437173200499
289000	290000	-1.74802962804151	0.584068982073935	-1.20915948463935
290000	291000	-2.06063044227956	0.61384151337486	-0.885617911815931
291000	292000	-2.40493423962568	0.235880344394487	-0.877386781497788
292000	293000	-2.57762202713877	-0.166399164138684	-1.18487331215319
293000	294000	-2.46732929992395	-0.558914362705859	-0.944056765514753
294000	295000	-2.81030704872037	-0.891223882012703	-1.09105524388055
295000	296000	-2.50115756324728	-1.06055287265418	-0.74481235921818
296000	297000	-2.92502696870904	-1.37829232908826	-0.600568488794581
297000	298000	-2.50113703478445	-1.3031848574479	-0.160191744794468
298000	299000	-2.57948277237718	-1.27297294731539	0.342807664531445
299000	3e+05	-2.42154904880484	-1.71613771073314	0.491918056671798
3e+05	301000	-2.29977717530918	-1.4923393740131	0.861686079314613
301000	302000	-2.02606675765237	-1.79329590252213	1.04751102614258
302000	303000	-2.0115737655158	-1.55202689393365	1.5194161464096
303000	304000	-1.48302141764574	-1.59345343028523	1.46135015003161
304000	305000	-1.25802475788101	-1.29971791327264	1.80905977290384
305000	306000	-0.786860459504807	-1.32447952998285	1.54151586173006
306000	307000	-0.485927480261803	-1.72192899663995	1.77695873656814
307000	308000	-0.21290451302423	-1.45127356258981	1.38074049979216
308000	309000	0.224214918811892	-1.70580193924388	1.27753733515081
309000	310000	0.677524733567367	-1.38681894661132	1.27229394124606
310000	311000	0.780758601328394	-1.3893345889155	1.80951395946276
311000	312000	1.28817351417274	-1.37393409205338	1.75718932625053
312000	313000	1.85067654260612	-1.37854342595518	2.19389335221331
313000	314000	1.88342027604823	-0.875337969958755	1.95181923584355
314000	315000	1.926581076204	-0.513927760012242	1.62671441039041
315000	316000	2.12413866654007	-0.131942908236343	1.81780744353093
316000	317000	2.05185629993434	0.0666140606436875	1.37764633221364
317000	318000	2.54309008205164	0.0267018904114847	1.15418039344978
318000	319000	3.10223626977441	0.471364083474767	1.16707379095943
319000	320000	3.04017198331956	-0.0781857011437633	0.643226808918834
320000	321000	3.44410332709011	0.0148030931482942	0.56286748711345
321000	322000	3.50896882138984	-0.383101405266773	0.696824139837172
322000	323000	3.73729698723202	-0.100613864933797	1.12071468784211
323000	324000	3.2380671022503	-0.406637498467298	1.29651605789313
324000	325000	2.99668784840947	-0.390388958688708	1.73973703639418
325000	326000	2.80277282254089	-0.826566366708066	1.88867538526829
326000	327000	2.50994793371246	-0.965492015518028	1.55754589724163
327000	328000	2.51111453091406	-1.39450338460779	1.71908706900184
328000	329000	2.21177240523447	-1.3985672793006	1.35260312507507
329000	330000	2.56138922735833	-1.75469710766384	1.12954246735556
330000	331000	2.50838092094135	-1.35690717760369	0.774508295792234
331000	332000	2.83499466167777	-1.58540541427805	0.488347703732479
332000	333000	2.80417595527745	-1.170405496162	0.323587621575855
333000	334000	2.87502384162785	-1.23298347938008	-0.15536541171887
334000	335000	2.99497536868513	-0.730594556862731	-0.133995047707067
335000	336000	3.05017944657637	-0.66444945339921	-0.627463236016972
336000	337000	2.76713522229788	-0.203430133708957	-0.552047394927333
337000	338000	3.20913003751889	-0.00928768635493799	-0.343237492991332
338000	339000	2.9475074058805	0.323714316002443	-0.0629298167296719
339000	340000	3.19065024795132	0.811537844311567	0.186797682976618
340000	341000	2.6698713935195	0.801256604030922	0.394818069989254
341000	342000	2.36258547967914	1.09188695892036	0.591887526749018
342000	343000	3.85644898653045	3.1728260859031	-0.246932871244545
343000	344000	1.93634819104582	1.37494648673564	0.928440331919807
344000	345000	2.0530567603014	1.79633500954615	1.2498419294986
345000	346000	2.09069888677778	1.6948934140086	1.83079070398407
346000	347000	1.77919746352738	2.18616373673103	1.86565125056494
347000	348000	1.96387215299263	2.45310800268408	2.26972745223762
348000	349000	1.51742710517139	2.71671760680462	2.28426259205318
349000	350000	1.69355952103653	3.04474853737319	1.93310300138201
350000	351000	1.25759714888995	2.91941198937791	1.8262380413026
351000	352000	1.2769620698854	3.11831988495962	1.38552062766266
352000	353000	1.38870076273739	2.62377358728516	1.29817127058314
353000	354000	1.16359093144456	2.25948593111414	0.916757605149452
354000	355000	1.60201577041403	1.8460283904274	0.784525790185221
355000	356000	1.39540666093654	1.46360507208502	1.08345524700758
356000	357000	1.65762426808162	1.15099654994757	1.3562494241486
357000	358000	2.09753811815269	0.953656761789273	1.51441961881757
358000	359000	1.76584960082054	0.653886533345542	1.77268340290981
359000	360000	2.04424681990098	0.545194868951714	2.28328930801506
360000	361000	1.6060908012279	0.145934994765376	2.36671792083465
361000	362000	1.40646818126444	-0.284394604555479	2.21940515751552
362000	363000	1.53568427852506	-0.619160258534821	2.56856035468312
363000	364000	1.21649932821491	-1.00142231880582	2.41015098476317
364000	365000	1.05554998576612	-1.46021190359308	2.62406230167798
365000	366000	1.20295928225964	-1.75390403772815	2.27867554649753
366000	367000	0.844232428042465	-2.0181369144191	2.16731605527587
367000	368000	1.16112713454814	-2.0844320176942	1.79088122772548
368000	369000	1.03752947364353	-2.47448650203847	1.53167695215925
369000	370000	1.63033191149537	-2.66457724363671	1.55651579589981
370000	371000	1.399902877851	-2.63470299134023	1.03150579573368
371000	372000	1.78397404708714	-2.31797717331051	0.934340551205273
372000	373000	2.27338175581776	-2.44987666584842	0.510282177621822
373000	374000	2.02276483545774	-1.79089875009197	0.27145550657147
374000	375000	2.05029904745639	-1.55342138943574	-0.293442467177092
375000	376000	2.10843344731112	-1.14118877986695	0.0643717125238513
376000	377000	2.27019659318197	-0.659795436714481	0.127555455776521
377000	378000	1.93275509363252	-0.586911426501202	0.519254254333859
378000	379000	2.02885535595884	-0.0124726572816881	0.468835551541642
379000	380000	1.55451957818163	0.0913826835613147	0.742132054809508
380000	381000	1.6701738743456	0.640092326881787	0.582758073659299
381000	382000	1.30009764793066	0.655614596030645	0.970343349620822
382000	383000	1.05986265670181	1.03352771175972	0.630716317993462
383000	384000	0.749941795438377	0.814096476548725	0.940647717995556
384000	385000	0.397747317923524	0.690474479154665	0.56774190821853
385000	386000	-0.0986100482467894	0.202683077377116	0.775825248158429
386000	387000	-0.498154837941467	-0.0677173289712839	0.431390374047857
387000	388000	-0.717663336039169	-0.11789661359982	0.881664842229441
388000	389000	-1.13596422141504	-0.3290621738804	0.623474112979942
389000	390000	-1.53632226560016	-0.225785440448132	0.968752050871788
390000	391000	-2.0185620678653	-0.490793446617041	0.834017985568352
391000	392000	-1.78796960301631	-0.297823967915346	0.443601221498565
392000	393000	-1.60822164549863	-0.67961721639563	0.227704834955319
393000	394000	-1.09387260228161	-0.932621507811417	0.0492902025783412
394000	395000	0.267175501548749	-2.71339881083408	-0.467184705155769
395000	396000	0.0641533811823056	-3.22935160949392	-0.552139999017534
396000	397000	0.512614755389361	-3.10044287045264	-0.821310940421001
397000	398000	0.392564301356801	-3.43069853897807	-1.10491423676446
398000	399000	0.830812011018885	-3.43957127970203	-1.13852919602139
399000	4e+05	0.796636480422569	-3.9039469751827	-1.14452275564141
4e+05	401000	1.29569241759011	-3.77526460077636	-1.22366962328521
401000	402000	1.26626474097795	-4.06345397737811	-0.798460850745226
