0	1000	-1.87981839244689	-2.36403491232482	1.5001251395602
1000	2000	-2.29507063978985	-2.43839014786223	1.42317546725209
2000	3000	-2.03140461600421	-2.17490207190857	1.11536629260408
3000	4000	-2.31051275485399	-2.14999990857023	0.83871808232402
4000	5000	-1.95672592270935	-2.07998871297074	0.643348864913882
5000	6000	-2.05071704214907	-1.79136504235707	0.444506580378536
6000	7000	-2.11583099212739	-1.99775776075804	0.114926831544047
7000	8000	-2.08536604195071	-1.5589967658386	-0.0279634564063778
8000	9000	-2.45095927828631	-1.69220178039611	-0.222810309011008
9000	10000	-2.76427031606574	-1.51607722835529	0.0230301698991016
10000	11000	-3.07747988629136	-1.32367397263759	-0.147117973371395
11000	12000	-3.2480417948762	-0.91042254533919	0.00287127451794786
12000	13000	-3.01062947492491	-0.496197608578473	-0.0272856404675598
13000	14000	-2.57600155056323	-0.351337411469307	-0.0734317708829982
14000	15000	-2.65503175808411	0.0319545910430769	-0.0533652709357356
15000	16000	-2.68520065136967	-0.081306521391728	0.351010451287252
16000	17000	-2.99822648519737	0.1724402927107	0.363112537987386
17000	18000	-2.85338507522522	0.206197042321752	0.759289955688995
18000	19000	-3.11096688318959	0.686530929376494	0.745985822903045
19000	20000	-2.56243353003484	0.489898757092369	0.603477039862277
20000	21000	-2.23084122831302	0.32520928963331	0.63006251698874
21000	22000	-2.16426513541157	0.10038963126413	0.359027238852981
22000	23000	-2.08203061194991	0.341088965807744	0.0576759358409662
23000	24000	-1.9347671286927	0.0128054221325446	-0.239488255338709
24000	25000	-1.85856147550231	0.357097968100917	-0.586326123589797
25000	26000	-1.64046126407314	0.0623846910775425	-0.836313687257207
26000	27000	-1.57562439085711	0.274795566312455	-1.2096535608928
27000	28000	-1.30753554582429	0.0670243933721931	-1.58978789697262
28000	29000	-0.972866647543518	0.0641182829654034	-1.83046553705004
29000	30000	-0.523523073736547	-0.115099650371828	-1.83544210847939
30000	31000	-0.0872697954550215	-0.19650015471103	-2.03586206032321
31000	32000	0.0479647896896502	0.221522643738985	-2.03652305611067
32000	33000	0.413925038082957	0.252285033858578	-1.92492153358269
33000	34000	0.669079864123389	0.481568115144728	-1.74584862647394
34000	35000	0.839922570548948	0.840312454820737	-1.7558878670127
35000	36000	0.966846366085919	1.17928078493421	-1.89860009141324
36000	37000	0.814796883311037	1.57382282205678	-1.79509359950108
37000	38000	0.955752542414467	1.79859469123613	-1.46688796348855
38000	39000	1.06115337464713	2.18435484314775	-1.39303483889865
39000	40000	1.15550434931358	2.20242624550613	-1.01021320500175
40000	41000	1.35154304212049	2.48542236715097	-0.877300277902198
41000	42000	1.5675351798871	2.8486889788367	-0.806282875532319
42000	43000	1.542762068586	2.64974537067327	-0.465829277037325
43000	44000	1.73434426928318	2.86485512084041	-0.265173327192626
44000	45000	1.70122566241013	2.55900054885225	-0.0132962086961025
45000	46000	1.60274278755281	2.83154998642242	0.256144806535826
46000	47000	1.27646582041671	2.70278895292768	0.319985800609724
47000	48000	1.32146257311956	2.82113854850793	0.687748584062428
48000	49000	1.18549033859884	2.47011770673277	0.643944865651281
49000	50000	1.3204324130251	2.35020975342564	1.14774105204742
50000	51000	1.06270808224904	1.99662078903658	0.724949515774034
51000	52000	0.64300409334165	1.80184474001684	0.569906820955084
52000	53000	0.869126905586221	1.36496534062123	0.673633165964431
53000	54000	0.695375378189558	1.52498118798497	1.0409784369314
54000	55000	0.80399319339804	1.10719312403706	1.16460421914372
55000	56000	0.760391159567609	1.2130082850664	1.65061499692245
56000	57000	0.63271904443514	0.833596318224959	1.67386240704325
57000	58000	0.593608518490154	0.717853824474204	2.00745505944329
58000	59000	0.625062778497677	0.582727379964256	2.54088642176631
59000	60000	0.477128063066698	0.159111454385104	2.59363539030271
60000	61000	0.725482517504412	0.0921813599516959	2.91556167582683
61000	62000	0.54241967940496	-0.279884611137587	2.89613448359219
62000	63000	0.876193255502575	-0.248816611679351	2.68669705252076
63000	64000	0.653505797869855	-0.246078750916367	2.36312807378371
64000	65000	0.977228455397812	-0.183813495533268	2.16049053241397
65000	66000	0.83604834851155	0.110573727065485	1.94472557899422
66000	67000	0.873037907678915	-0.140697873383775	1.61562787146716
67000	68000	0.578612621703253	0.148783523461762	1.41608449490802
68000	69000	0.495261859241908	-0.257765596284237	1.32722873281747
69000	70000	0.221736135683729	-0.158347681441123	1.07210629696027
70000	71000	0.326108270271046	-0.531774737444704	0.839908734532569
71000	72000	-0.0355293907335228	-0.366275561927334	0.666369608978542
72000	73000	-0.217561030857454	-0.691888151842664	0.493912158256898
73000	74000	-0.381140176447688	-1.1106659582796	0.547329220164904
74000	75000	-0.509169942675215	-0.897664600187703	0.15997267844703
75000	76000	-0.311462269015684	-1.12362991165291	-0.21874835387415
76000	77000	-0.204013411073135	-1.53976685407949	-0.951657134260559
77000	78000	-0.0338051869712257	-0.985963054198893	-0.844337574439002
78000	79000	0.100793720647565	-0.751342321312431	-1.16868327484761
79000	80000	0.405349525189635	-0.955370579043049	-1.42720829836821
80000	81000	0.174602050701332	-0.71930943731476	-1.78249463190217
81000	82000	0.54109043968663	-0.704130317207339	-1.97986365058223
82000	83000	0.393112885940175	-1.03599027260688	-2.48121202755198
83000	84000	0.871603636816656	-0.993520559861568	-2.22996135586659
84000	85000	1.12629476530493	-1.37490089644	-2.27888422424529
85000	86000	1.20388276849396	-1.05832863112841	-2.5665986470489
86000	87000	1.39731820914803	-0.838160024372606	-2.37285047373688
87000	88000	1.45758317104152	-0.619074674473883	-2.71366273931173
88000	89000	1.53206634424882	-0.321852138351878	-2.37185486800857
89000	90000	1.11971147174309	-0.202451343478477	-2.48924222489815
90000	91000	1.0748792301235	-0.0866471121940434	-2.07166490704342
91000	92000	1.1528832200135	0.32102436612569	-2.10311494622756
92000	93000	0.788060917141608	0.557428892652189	-2.34322392256991
93000	94000	0.42328582071091	0.804634561669131	-2.13616989909317
94000	95000	0.209495510498596	0.848171118969285	-1.78201798110356
95000	96000	0.160114687850183	0.694756218020327	-1.3951272642315
96000	97000	-0.185985940561573	0.871704853064195	-1.36863471478504
97000	98000	-0.12340952381147	0.95683144930386	-1.0012075501504
98000	99000	-0.266565868257083	1.06756567794121	-0.593911933161285
99000	1e+05	-0.160255597081411	1.48513721981595	-0.786203961207763
1e+05	101000	-0.304193741938284	1.69386168164099	-1.14243978725331
101000	102000	-0.618150221365271	1.8853707475641	-0.965340138061073
102000	103000	-0.806078410925578	1.99300960570875	-1.29588926723401
103000	104000	-1.24560914502864	1.98484464692453	-1.52360028607769
104000	105000	-1.84548802320477	1.77550193648025	-1.5712658638763
105000	106000	-2.32254306058088	1.63801014240717	-1.65575752427218
106000	107000	-2.59097714214643	1.261003139545	-1.57973506055734
107000	108000	-2.72687116731273	0.993200933890501	-1.23103370679323
108000	109000	-2.9481186257169	0.755280150795254	-1.46740968465713
109000	110000	-3.19786295022958	0.600857073315162	-1.16668615951408
110000	111000	-3.40060488214629	0.796718620662273	-1.50311092147335
111000	112000	-3.36183709898762	1.07484950515947	-1.23562934266236
112000	113000	-3.41539013559113	1.39332061835943	-1.53067344992733
113000	114000	-3.11078178367453	1.46176554526037	-1.28372787806067
114000	115000	-3.05254458968003	1.91599644757172	-1.40531770141014
115000	116000	-2.67520553225423	1.72531109802704	-1.23084086794718
116000	117000	-2.3458943196494	1.80280592624289	-1.15227420643533
117000	118000	-2.14883449555444	1.47096816521635	-0.880791742678102
118000	119000	-2.07878106174879	1.89096777463653	-0.788520091533843
119000	120000	-2.23145253283098	1.97460317668868	-0.439710919166807
120000	121000	-2.71370225382647	2.11080025711536	-0.396865125029388
121000	122000	-2.42458095368059	2.45381239692985	-0.430987002843839
122000	123000	-2.45578914218673	2.32840458359962	-0.750641289447509
123000	124000	-2.55633173538931	2.70216616385447	-0.918675150513794
124000	125000	-2.25357303297868	2.45497682916364	-1.19538000578888
125000	126000	-1.92500309255942	2.58675789786707	-0.991413815185827
126000	127000	-1.55906589427454	2.39773631301433	-0.876842675693588
127000	128000	-1.25033241214503	2.5623450653498	-0.987153841847401
128000	129000	-1.04467932739355	2.45675272943886	-0.705891037584621
129000	130000	-0.664519569502773	2.53835385350468	-0.844911081078216
130000	131000	-0.309180072142261	2.41161371894456	-0.813610116443947
131000	132000	0.0726105062599341	2.21523120316115	-0.833520612700363
132000	133000	0.374315749006494	2.04917078361436	-0.540468622417296
133000	134000	0.437268561158356	1.8905690276681	-0.12061910298291
134000	135000	0.877245511055703	2.12172390148118	-0.238651294730286
135000	136000	1.17375345349707	1.84021500374741	-0.3000978739572
136000	137000	1.35012654067181	2.00680930582973	-0.0451128338260922
137000	138000	1.41556392407149	1.60982183438691	0.168993715910744
138000	139000	1.81884032933164	1.70038085653829	0.215536051114889
139000	140000	1.95995915645057	1.39976662407013	0.416033743135638
140000	141000	2.260064401794	1.18056350119046	0.286092566317144
141000	142000	2.28637661948841	0.827181993159541	0.355575614447524
142000	143000	2.69310746443441	0.691529096738626	0.375020397921673
143000	144000	2.37550578089808	0.344182044398719	0.299896866312455
144000	145000	2.34761944056551	-0.0185522075650295	0.271032932563017
145000	146000	2.07461066292245	-0.0375653818588509	-0.0367212930468862
146000	147000	2.15541128351127	0.0549635581277535	-0.613582762445692
147000	148000	1.82177856203856	-0.336386038108606	-0.377575827486391
148000	149000	1.54121795804841	-0.348435334251243	-0.633473556628061
149000	150000	1.11815186492202	-0.304866836862298	-0.626791164798077
150000	151000	0.809561280946941	-0.445581648206726	-0.860513758056617
151000	152000	0.629365839691936	-0.0627748309716918	-0.719083397985796
152000	153000	0.376704056818679	-0.16945655743394	-1.01432754769465
153000	154000	-0.0475250750752618	0.0109222693355355	-1.0068319435667
154000	155000	-0.47734358823737	-0.203091206871192	-1.14797272058249
155000	156000	-0.598239830050454	0.197568951947804	-0.992390639232326
156000	157000	-0.691928755637171	0.462722385561604	-1.21734085611597
157000	158000	-0.863888107867677	0.675250742729422	-0.882930830774697
158000	159000	-0.784558290239176	1.0556685604912	-1.14445511118572
159000	160000	-0.996648127641445	1.27504712183001	-0.911793143123715
160000	161000	-0.782710555470561	1.39635064191238	-0.641339193732569
161000	162000	-0.703474754813189	1.69038936517752	-0.314221249487817
162000	163000	-0.317251929490988	1.94630946082749	-0.321327171280005
163000	164000	-0.187064256664163	2.30330717854909	-0.207946588790696
164000	165000	0.129427543420088	2.4984250342906	-0.327790427707169
165000	166000	0.205323862863406	2.848516047846	-0.551339815241344
166000	167000	0.627224415033278	2.71650095880228	-0.656832040544696
167000	168000	0.710951987188333	2.8473748888522	-0.326014364589968
168000	169000	0.750274585623475	3.27316624337011	-0.265527924989377
169000	170000	0.59785603388539	3.05651666527894	0.1520025844117
170000	171000	0.427551732440769	2.90328532375899	0.533745549341013
171000	172000	0.4876057964752	2.61475056886205	0.788373789160592
172000	173000	0.171606246122237	2.49339069597582	0.972458162843537
173000	174000	0.240209462103221	2.15283759571312	1.09693408543366
174000	175000	-0.025203527194748	2.01232238426611	1.30788044027008
175000	176000	0.100989622571012	1.63547542204589	1.31655690629858
176000	177000	-0.204498332102316	1.38386935429856	1.36445369113828
177000	178000	0.103502309603258	1.10218251044603	1.32881082011082
178000	179000	0.0894475428289783	1.13096932706954	0.958475635977659
179000	180000	0.0859853581378351	0.723289600757584	0.831797118996051
180000	181000	0.0431064743625219	0.935143707355314	0.399937694410465
181000	182000	0.258138674813794	0.625230213551942	0.203399216140291
182000	183000	0.225990680875994	0.773815446505039	-0.146433182395928
183000	184000	0.649678632135081	0.816901450357473	-0.202889358058068
184000	185000	0.50668601289852	1.18155236464596	-0.454308121668682
185000	186000	0.581020443308051	1.40156287488742	-0.804388945512878
186000	187000	0.955597714216564	1.30731222506015	-0.932949277948084
187000	188000	1.35081623224609	1.27886696982673	-1.17116678446739
188000	189000	1.88253064754843	1.46133372039236	-1.63414094605111
189000	190000	1.72720379228053	1.712071021644	-1.14633596814002
190000	191000	2.03836817398589	2.02584482254413	-1.11870823777366
191000	192000	2.32939923389057	2.15061174584384	-0.719812548469499
192000	193000	1.93764922003178	1.96552941410576	-0.627308161210544
193000	194000	2.04659050160772	1.75847620472643	-0.373718593863746
194000	195000	2.06188269254909	1.37792403599128	-0.590334236170065
195000	196000	1.63257999920569	1.36385144110307	-0.507391405075493
196000	197000	1.50148445387378	1.00782904042638	-0.526548047726385
197000	198000	1.69374105846589	0.72048063251275	-0.852617465742843
198000	199000	1.24948469065814	0.434199644139761	-0.815596055749684
199000	2e+05	1.22427011753328	0.190748080374903	-1.14822576199073
2e+05	201000	1.08833036313727	-0.0974794591241452	-1.3961800825164
201000	202000	1.51000246022381	-0.144312534752123	-1.49119453742232
202000	203000	1.38087898831906	-0.539974952417226	-1.60685133980995
203000	204000	1.75481503787458	-0.493116931878562	-1.72380330461697
204000	205000	1.79738261525297	-0.853795670834345	-1.71111239384378
205000	206000	2.16911881262087	-0.799781356911445	-1.726706996788
206000	207000	2.17747200935244	-1.16965424018509	-1.47229372953267
207000	208000	2.50172119437666	-1.46347460133131	-1.55575999199819
208000	209000	2.33331963500315	-1.63982825399523	-1.10559231360482
209000	210000	2.70851021548556	-1.50965037864652	-0.98291924415024
210000	211000	2.42318170103775	-1.53761533912945	-0.679878138511069
211000	212000	2.35852312337436	-1.1664807458684	-0.739522120485221
212000	213000	1.97935368037604	-1.2446399914349	-0.669047553854472
213000	214000	1.7595207800547	-1.03344832898494	-0.923507682067536
214000	215000	1.49819968579968	-1.10626124087886	-0.635035136310961
215000	216000	1.22891468574931	-1.13939179047701	-0.932973174260543
216000	217000	1.04793835266144	-1.48694803420297	-0.788495470341502
217000	218000	0.892419004940784	-1.36691313917476	-0.472431168618003
218000	219000	0.601316192556994	-1.59267212528794	-0.415304825129386
219000	220000	0.479576495976814	-1.35495656164273	-0.138307544342779
220000	221000	0.223866022871462	-1.24001545834243	0.145236052944766
221000	222000	-0.745149273738673	-0.392128613098818	0.593625848082117
222000	223000	-1.14312496943091	-0.312248755511467	0.684535075676309
223000	224000	-1.36474777221425	-0.0125193746822428	0.839843034531167
224000	225000	-1.74926206960216	-0.188851446629634	0.878570347451772
225000	226000	-2.00638385538444	-0.100132755584971	1.12584638289173
226000	227000	-2.25451807391079	-0.448287509383634	1.03491175548802
227000	228000	-2.15766259395635	-0.396239066177653	1.45324857666009
228000	229000	-2.51852295925312	-0.312073721747875	1.42727943974763
229000	230000	-2.46435904220352	-0.0216784135453967	1.76876659064755
230000	231000	-2.52151980422441	0.152059993635689	1.45742572939265
231000	232000	-2.75452541623008	0.509653732278975	1.59971261750352
232000	233000	-2.62447001874856	0.978657223828682	1.52539481439519
233000	234000	-2.30974070162198	0.715396222449492	1.38497614628098
234000	235000	-1.93520648038644	1.1704215763545	1.47580903804066
235000	236000	-1.75569984030129	0.660484239305251	1.44782817885024
236000	237000	-1.52596660570979	0.643267476785445	1.81097774979775
237000	238000	-1.1790600271318	0.310175021807691	1.58387438474861
238000	239000	-1.28956729351972	-0.0663713389134135	1.55152439859107
239000	240000	-1.01918312042484	-0.283768122986461	1.53357253218037
240000	241000	-1.1849959541104	-0.475820629355978	1.91729682189906
241000	242000	-0.971912183702999	-0.743568769886746	1.75071755999312
242000	243000	-0.774040521712657	-0.870835131457964	2.04006346750311
243000	244000	-1.05091302324393	-1.2255900708316	1.94780702493516
244000	245000	-1.34198727027026	-1.30723144421101	2.3156279689068
245000	246000	-1.01446783060277	-1.68301422040434	2.38084936343668
246000	247000	-0.845982799312944	-1.97672375311457	2.55473535328001
247000	248000	-0.811874003716863	-1.73344745367243	2.82748493655708
248000	249000	-0.515657628946964	-1.94399982659908	2.9363217320981
249000	250000	-0.432116489241659	-1.5900704151733	2.91542787395195
250000	251000	-0.103052465413826	-1.67327567087114	2.88102170510395
251000	252000	-0.121796964351556	-1.40756952988672	2.61905552208876
252000	253000	0.260179298350045	-1.46996650898839	2.52547842599646
253000	254000	0.0706703150051894	-1.4716123079925	2.19358865138157
254000	255000	0.0121880070303697	-1.76307603623257	1.84027031800542
255000	256000	-0.0761038811418627	-2.1974471354692	1.36782781435309
256000	257000	-0.327470174384261	-1.81694332071999	0.964858046570017
257000	258000	-0.468576558470011	-1.85242182180818	0.527972017156647
258000	259000	-0.700113962106961	-1.73856280863435	0.171462258425995
259000	260000	-0.733256308648119	-1.71624236572579	-0.219600186977626
260000	261000	-1.1037955047657	-1.64843427811058	-0.278594369395806
261000	262000	-1.05159261629281	-1.47853838393521	-0.66145429398976
262000	263000	-1.46374513043097	-1.35956919372638	-0.558911358724795
263000	264000	-1.71071219248506	-1.54590945833912	-0.83165709875183
264000	265000	-2.0565876403869	-1.37918596514205	-1.05764110461577
265000	266000	-2.22377457964679	-1.47837893737451	-1.43326403821649
266000	267000	-2.69323191538074	-1.346737912384	-1.56306996724964
267000	268000	-2.39209602126545	-1.1068133950919	-1.81858029883767
268000	269000	-2.57431426843859	-0.743975275194818	-1.83994685234986
269000	270000	-2.26098705407017	-0.599147680525753	-2.10749849031685
270000	271000	-2.34508432745428	-0.217998657088635	-1.94700813196004
271000	272000	-2.1795245423054	0.0334686673196916	-1.68958634755229
272000	273000	-1.8921929864089	0.0200033715579456	-2.00718985677224
273000	274000	-1.94456676616438	0.369150011070715	-1.89630404423031
274000	275000	-2.16608475663031	0.538021255801498	-2.1878875916195
275000	276000	-1.88423989765241	0.801837456355167	-2.15711801471068
276000	277000	-2.03938747624368	0.99078379436142	-2.68439689951659
277000	278000	-1.75842078383615	1.22206742116348	-2.30242200140452
278000	279000	-1.40966590730558	1.10376636417045	-2.22526298540516
279000	280000	-1.25355628734952	1.16375867506054	-2.61693423310406
280000	281000	-0.933512229282999	1.02933443240125	-2.4129194378689
281000	282000	-0.824135407672942	0.749636723966394	-2.57720143477235
282000	283000	-0.504048835236661	0.658696316663485	-2.77475855032211
283000	284000	-0.584566157986755	0.395055893770701	-2.54587748304597
284000	285000	-0.523091029576936	0.130783591467652	-2.7645327586203
285000	286000	-0.744881009968481	-0.104053062827386	-2.47018687085539
286000	287000	-0.98441082722213	-0.732551055832353	-2.3935188309042
287000	288000	-1.10543455615224	-0.574970030160876	-1.86426581239011
288000	289000	-1.17101430265044	-0.82687665412337	-1.56746678315251
289000	290000	-1.44155707388585	-0.593847409477669	-1.43928229987966
290000	291000	-1.58343028845898	-0.568076122672134	-1.10185532853009
291000	292000	-1.96686545019909	-0.493031277285755	-1.14121426880715
292000	293000	-2.04195896301103	-0.377435918032729	-0.778256624113128
293000	294000	-2.34533259189615	-0.19343609489972	-0.814906099425049
294000	295000	-2.66885755209794	-0.0148444932079561	-0.7314507202126
295000	296000	-2.79404620203679	-0.394633835084014	-0.688808848497745
296000	297000	-3.14212513666947	-0.675355894673033	-0.725915688554512
297000	298000	-2.76922728465408	-0.839691504544002	-0.468963260772937
298000	299000	-2.55633658233397	-0.921214572484752	-0.145138092961337
299000	3e+05	-2.64780319652827	-0.915658943113387	0.229151020607572
3e+05	301000	-2.83793431616589	-0.920046896789285	0.529775124031298
301000	302000	-2.74676883635325	-1.2390991770479	0.652535750773251
302000	303000	-2.85623926192476	-1.28420853601826	1.04791675303523
303000	304000	-2.41549945435398	-1.26399072388987	0.981627415370937
304000	305000	-2.20876534912055	-1.2616359711497	1.33890104642408
305000	306000	-1.91531706721094	-1.11227903103276	1.048966755397
306000	307000	-1.59426310608018	-1.00952699381617	1.29661761272547
307000	308000	-1.48777058180029	-0.968420399036681	0.871108075592238
308000	309000	-1.10759639231966	-0.883914542248636	1.00704789266613
309000	310000	-0.702566221607621	-0.996843099260967	1.16091050078868
310000	311000	-0.479890028443138	-0.645074202279237	1.28777049531981
311000	312000	-0.148613664232778	-0.845653624935151	1.39974261766481
312000	313000	0.451813254334916	-1.1222160554542	1.36792377351245
313000	314000	0.810588635583519	-1.2475880334061	1.08486323088147
314000	315000	1.10787850632131	-1.09276707335085	1.29185918004617
315000	316000	1.36244658399654	-1.24571272753122	1.0820487841153
316000	317000	1.71602879083488	-1.0798457582583	1.16953264019516
317000	318000	2.11477682919342	-1.05834165198745	0.982568373463409
318000	319000	2.81860661052253	-1.16959890839993	1.60629771682621
319000	320000	2.6428057792583	-1.14402462679787	1.08409723783794
320000	321000	2.72730485317909	-1.28428090091105	0.793694485237474
321000	322000	3.00002945579114	-1.42273400679213	0.928409287178687
322000	323000	2.92268263303411	-1.85962976259666	1.05107007219545
323000	324000	2.54699671368344	-1.88322784775229	0.7310666111678
324000	325000	2.44141790650163	-2.20078501166312	0.466098045852565
325000	326000	2.80872796397137	-2.19455964426758	0.322243395364287
326000	327000	2.64602884305235	-2.05563464204621	0.0254474336577987
327000	328000	2.95220361079074	-2.11365480863234	-0.146987241409226
328000	329000	2.94915495301904	-1.76326411872925	-0.212033691148435
329000	330000	3.30935423866985	-1.68224802781013	-0.424110663864549
330000	331000	3.16531061906845	-1.30098150399481	-0.318835957400234
331000	332000	3.48772121336807	-1.08928033548796	-0.411678373170101
332000	333000	3.22602455507269	-0.870746911928442	-0.351511493886625
333000	334000	3.18419542654068	-0.753758215290916	-0.720116774950554
334000	335000	3.14203233560256	-0.403182393968034	-0.491549157951611
335000	336000	2.73411670836463	-0.479165790481127	-0.58970340983196
336000	337000	2.74474428898133	-0.240767442304925	-0.225814251341004
337000	338000	2.57090781334449	-0.653061765095946	-0.111963727201642
338000	339000	2.72205953516031	-0.667967994854262	0.278755964450896
339000	340000	3.04209074920877	-0.480369707306946	0.619595918331942
340000	341000	2.62129143993461	-0.452935770234557	0.854267642689941
341000	342000	2.5492382831595	-0.307119275969043	1.20816378884675
342000	343000	4.47406351357483	0.307514018438214	2.21092532776718
343000	344000	2.27285741884576	-0.0703128043785586	1.59436278443816
344000	345000	2.36524131377879	0.13228439632282	1.89283086212904
345000	346000	2.31546193735042	-0.175666446835601	2.28792655543169
346000	347000	2.0187530777486	-0.192862558256885	2.61248726868412
347000	348000	2.07771587855998	0.0559400838206304	2.96694346311177
348000	349000	1.75297576361342	-0.133848248481355	3.11314815270096
349000	350000	1.70986946087656	0.221478864069934	3.30648774233873
350000	351000	1.46272468091898	0.195277825494467	3.05862249498857
351000	352000	1.49433873449284	0.529622768181726	2.90436031914076
352000	353000	1.50423439417626	0.279866799190877	2.56103164011393
353000	354000	1.46844620121502	0.569529389640498	2.21310231484167
354000	355000	1.60757203931176	0.208799229707562	1.87975473335732
355000	356000	1.39100744606805	0.436163498676993	1.58327518466655
356000	357000	1.42647508164157	0.236076329308054	1.25731892971283
357000	358000	1.73569899786949	0.518400526277159	1.24730086909434
358000	359000	1.86847923019085	0.19234241766008	1.02995502133876
359000	360000	2.31558970238267	0.265932114486926	1.11259809825514
360000	361000	1.93131866435792	-0.242942411120199	1.19472702703297
361000	362000	1.79089552634127	-0.486557525961683	1.51475853996699
362000	363000	1.73299681860807	-0.8198158378102	1.75857978551495
363000	364000	2.07599279108145	-1.04392097098365	1.63470304757897
364000	365000	1.98872911468129	-1.47754425501458	1.70980706846287
365000	366000	2.04054777891373	-1.61454319928272	1.34490139693272
366000	367000	1.76828468652669	-1.85968720060414	1.38944914015864
367000	368000	1.91607144908828	-2.03371937605214	1.08101439248054
368000	369000	1.58255485493937	-2.02885993887166	0.902393219592996
369000	370000	1.54919359596033	-2.42710588095822	0.687380337392535
370000	371000	1.15848500759966	-2.03802362059266	0.534765497237972
371000	372000	1.05054006508507	-1.98575458874044	0.143159586474357
372000	373000	1.06358618581595	-2.48459021770091	-0.12928833969301
373000	374000	1.39349656857033	-1.9676701056865	-0.200341938286573
374000	375000	1.83117113824339	-2.13002659637937	-0.071402268895455
375000	376000	1.78688197191423	-1.75549831700888	0.186761188450324
376000	377000	2.06186830616368	-1.47184874786856	0.306886709695704
377000	378000	1.71922549769592	-1.37426996289339	0.561608845059004
378000	379000	1.31322602043876	-1.10978617744209	0.43098231127321
379000	380000	1.47383473449214	-0.777107168495331	0.706148931942506
380000	381000	1.18979133098378	-0.447870544188852	0.820682755845305
381000	382000	1.48748837354448	-0.265528625231194	0.553418083585186
382000	383000	1.18209408380506	0.032678060592807	0.54444796767494
383000	384000	1.13715215079045	-0.204762781610884	0.246076062133391
384000	385000	0.727655237917353	-0.0937727350314746	0.22330149314636
385000	386000	0.411358656648827	-0.500821389621995	-0.000896030211329377
386000	387000	0.0343156633739751	-0.234583770787347	-0.11277216444531
387000	388000	-0.0953796656875611	-0.490848065135697	-0.385458225730136
388000	389000	-0.489428629475879	-0.326630248642906	-0.324182945283011
389000	390000	-0.700668945367394	-0.665124366949974	-0.479671399893532
390000	391000	-1.11916770683188	-0.741230122496138	-0.319666676344985
391000	392000	-1.11776881258187	-1.07207157205034	-0.077875071607639
392000	393000	-1.27212565698685	-1.30497189457309	0.212746607670137
393000	394000	-1.357731832413	-1.78814846020106	0.300276328660464
394000	395000	-1.3792009866397	-1.77074130159601	0.746907806326542
395000	396000	-1.23337546720075	-2.19970876624203	0.894016607165723
396000	397000	-1.28626559697975	-2.01003584299036	1.31484767784005
397000	398000	-1.26399993636634	-2.01342666352093	1.69527986601017
398000	399000	-1.15877160446463	-2.35440390429472	1.69792520496257
399000	4e+05	-1.31286465629381	-2.40170490759252	2.03287198386515
4e+05	401000	-1.54776850773877	-2.63988714432992	1.73737810412201
401000	402000	-1.80544940748759	-2.3485231711135	1.84233732060297
