0	1000	0.857011756582518	-0.889097842807793	-2.10258789371697
1000	2000	0.782111902221795	-0.710289482091277	-2.44936007599456
2000	3000	0.543568679743186	-0.477574153328323	-2.47112095066804
3000	4000	0.358702111299263	-0.211097087686376	-2.43461778173819
4000	5000	0.0928624609748735	-0.0822780455967648	-2.30053024518233
5000	6000	0.0141725472485854	0.248096686993795	-2.40643919523902
6000	7000	-0.328209113720076	0.330520074685343	-2.31958036503663
7000	8000	-0.230620007157846	0.697812264444548	-2.43766599024983
8000	9000	-0.407706120892701	0.738208996039327	-2.09734011188308
9000	10000	-0.204377703109881	1.05840119758343	-2.06364226514383
10000	11000	-0.53241408917215	1.11294780764044	-2.1271703631964
11000	12000	-0.555828692103493	1.36283750480941	-2.28762868526979
12000	13000	-0.837759403871725	1.18903480195129	-2.26100682916945
13000	14000	-0.79902289209464	1.36925449499932	-1.97282058018677
14000	15000	-1.04677317079308	1.1817204737016	-1.95884922612541
15000	16000	-1.13729214764211	1.37209447970508	-1.79981873469328
16000	17000	-1.22315788220924	1.39398173202344	-2.10432283027308
17000	18000	-1.33685206689503	1.61683709879462	-1.99901950129633
18000	19000	-1.22970102745557	1.90665943225154	-2.14046387833081
19000	20000	-1.26029406707797	1.83878688649579	-1.77721341454163
20000	21000	-0.989515542769822	1.78257104545513	-1.67402088153031
21000	22000	-1.14334749503271	1.75558532587748	-1.40818571639757
22000	23000	-0.802018267232521	1.81446945983154	-1.40444670886947
23000	24000	-0.967384511306388	1.7716134398446	-1.08334346430583
24000	25000	-0.625143079190312	1.79740236942107	-1.04842750995245
25000	26000	-0.59251634310984	1.90500880074575	-0.744881520310091
26000	27000	-0.351132339246793	2.01705412992484	-0.621790057152337
27000	28000	-0.0818683874148934	2.14015279807489	-0.499735192914063
28000	29000	0.24732671468833	2.30621630949389	-0.328768311780564
29000	30000	0.624984330295666	2.46897494622355	-0.08100504484545
30000	31000	0.87004082184812	2.49981140809173	0.140928335085895
31000	32000	1.04774696183013	2.45661474829028	0.41145118227871
32000	33000	1.12271090532014	2.21275619363413	0.583258737151675
33000	34000	1.33417892092641	2.18189074983822	0.753324556795336
34000	35000	1.39540552268296	1.94365178171481	0.90067586644842
35000	36000	1.68882143332307	1.95428778653657	0.918934587902321
36000	37000	1.77554649334273	1.66892617087731	0.984994321886746
37000	38000	2.05558262213065	1.65251699739229	0.849456797149499
38000	39000	2.15416139814513	1.32702665239594	0.873376354873929
39000	40000	2.40380955660959	1.36198779189873	0.693037795024742
40000	41000	2.53918039114501	1.07295017838565	0.699055622645852
41000	42000	2.75760091217531	1.05657534957062	0.494365167152528
42000	43000	2.83493209856777	0.793569520696587	0.447678102176851
43000	44000	2.99273466821271	0.730209824362988	0.224366692014371
44000	45000	3.07710006708267	0.502758455523516	0.212464721574846
45000	46000	3.09292635364253	0.459627553242848	-0.0870921468928081
46000	47000	3.12221325468541	0.186665710587039	-0.0345786685387224
47000	48000	3.16142217322981	0.0992022135017165	-0.272610039055197
48000	49000	3.22708745205524	-0.122533064258707	-0.208612655183956
49000	50000	3.39111356238673	-0.221507794437654	-0.454529004202731
50000	51000	3.27056104643418	-0.476459172766717	-0.405615160787221
51000	52000	3.24036696624383	-0.586856241254294	-0.654147247328381
52000	53000	3.0946146502336	-0.850203039250633	-0.660168551807138
53000	54000	3.00785301381497	-1.04578633031947	-0.888979012683853
54000	55000	2.83775727221848	-1.26333416843545	-0.986767151252004
55000	56000	2.68644188593006	-1.51675250295776	-1.09981731220428
56000	57000	2.39846581766739	-1.59098487248906	-1.17176398628177
57000	58000	2.24924362866843	-1.82638360060942	-1.16970741979363
58000	59000	2.11167731131725	-1.92688167752205	-1.39964512567141
59000	60000	1.92965528926221	-2.10121017660237	-1.28253905452021
60000	61000	1.72486155285273	-2.09467636258442	-1.47144787588421
61000	62000	1.60581804391002	-2.2567292172531	-1.26152558690533
62000	63000	1.41100560041491	-2.13886319823853	-1.40424931832431
63000	64000	1.27990558923786	-2.2558469264341	-1.10322028603401
64000	65000	1.08106543460818	-2.2032473652627	-1.32992384792134
65000	66000	1.01037670056427	-2.42170767510743	-1.18151655086294
66000	67000	0.998150863072827	-2.51290543992941	-1.51621150816679
67000	68000	0.730012877619821	-2.48521781882451	-1.41608627906224
68000	69000	0.676022791032637	-2.36395713498297	-1.66645585181973
69000	70000	0.430295364671633	-2.33514904027883	-1.79950018119793
70000	71000	0.251752719566237	-2.30061407081717	-2.03344130205791
71000	72000	-0.0594065411000463	-2.11125079203933	-2.22577626029939
72000	73000	-0.304534122894774	-1.80364382839047	-2.40832690198115
73000	74000	-0.525920855732614	-1.50195315606494	-2.46873324633837
74000	75000	-0.745092297329803	-1.32010500641242	-2.40464936427602
75000	76000	-0.947996379933213	-1.13856753787301	-2.4869595272949
76000	77000	-1.251711726177	-1.0395947196576	-2.44800373368886
77000	78000	-1.20513744359	-0.764814980153179	-2.33628903149216
78000	79000	-1.35241119135988	-0.632322986070374	-2.09841353536712
79000	80000	-1.29640644776556	-0.352454186152202	-2.14213329948494
80000	81000	-1.51747790212774	-0.221196370999617	-2.07689177591786
81000	82000	-1.47753026759082	0.0334776820008693	-2.06889212887006
82000	83000	-1.80283622735091	0.0769497926410908	-2.12500005857483
83000	84000	-1.63132062369388	0.328239276894554	-1.99941551588313
84000	85000	-1.84130793879106	0.416594579734267	-1.81221780460279
85000	86000	-1.66990981627224	0.52862888329104	-1.6632434529721
86000	87000	-1.90867743771174	0.657440018486255	-1.56832385253227
87000	88000	-1.80363809078234	0.707577674177596	-1.33052302708176
88000	89000	-2.02638108158808	0.963277536628597	-1.29841502438722
89000	90000	-1.9400030794955	1.00431371353948	-1.0210947081214
90000	91000	-1.86726954856978	1.23737387158204	-0.867811550026246
91000	92000	-1.95663823439592	1.32579716987457	-0.614658619957188
92000	93000	-1.79122203006861	1.38595469267681	-0.37885206706033
93000	94000	-1.86120701225395	1.40404109188547	-0.0577176969943332
94000	95000	-1.57018964926372	1.31431789499573	0.108880268577669
95000	96000	-1.63436154851146	1.43780065773319	0.396601969364129
96000	97000	-1.32028148495083	1.30859547305896	0.501811790579527
97000	98000	-1.45601433966048	1.4735270638888	0.839819126595081
98000	99000	-1.18246566149929	1.33551670594128	0.963996610218957
99000	1e+05	-1.07259660434141	1.5674969135659	1.17459731753281
1e+05	101000	-0.794869613754341	1.49892289536559	0.959288029904829
101000	102000	-0.584331948312228	1.60043972273536	1.13227862082562
102000	103000	-0.403588111280718	1.73411614148878	0.940938205251017
103000	104000	-0.284568451203359	1.99015804590336	1.12193020243985
104000	105000	-0.287670854449218	2.17686463084811	0.85645504509595
105000	106000	0.00222981899021483	2.1033583802562	0.79246504691468
106000	107000	0.0893197204535677	1.88872686958171	0.511127972954972
107000	108000	0.271186930604615	1.80895337099629	0.303919097208892
108000	109000	0.447866606168365	1.77805743063328	-0.0604760146459307
109000	110000	0.715455565963249	1.91758991000549	-0.45079490311277
110000	111000	0.898622027582606	1.97576338359784	-0.817144665624848
111000	112000	1.01123196529247	1.98159937698272	-1.14643009345684
112000	113000	1.32579866552666	1.99857436650025	-1.28656895298422
113000	114000	1.33549043780631	1.8220180555251	-1.55709245051445
114000	115000	1.68671090097268	1.75748153590913	-1.50001861893676
115000	116000	1.55059577634938	1.42979814789133	-1.5814264237099
116000	117000	1.85097666903524	1.39025989771983	-1.57772747080405
117000	118000	1.68540412915103	1.27046476504132	-1.83439376958641
118000	119000	1.90908779947554	1.33253870380287	-1.91889870950204
119000	120000	1.79791649395008	1.04109130203038	-2.08397501552944
120000	121000	2.09589641526269	1.02461256126691	-2.00381788080238
121000	122000	1.89350849393459	0.77424534862501	-1.87800641350245
122000	123000	2.14984572262775	0.836195706457407	-1.72271971706243
123000	124000	2.16216010675547	0.584742794345241	-1.93988444776307
124000	125000	2.50605054911106	0.592519123902896	-1.83753937121891
125000	126000	2.32394523263703	0.322283325693498	-1.73347089737327
126000	127000	2.58081818644189	0.417219347455638	-1.52649838479721
127000	128000	2.37048104311936	0.285436700348691	-1.30982669609558
128000	129000	2.70840158938153	0.287087261213686	-1.19588896391799
129000	130000	2.51514051609535	0.0400932061362839	-1.07274760990043
130000	131000	2.79273693747713	-0.0652357546130844	-1.11598143335443
131000	132000	2.62019918800235	-0.222468587007808	-1.31804893534352
132000	133000	2.87076386953001	-0.373489903695285	-1.39567547713726
133000	134000	2.6976311500459	-0.584901647958509	-1.52837181449593
134000	135000	2.58642126543438	-0.621534618393887	-1.21374567418304
135000	136000	2.43579934158137	-0.634505870361932	-0.972272971507858
136000	137000	2.13644772932859	-0.573223524921906	-1.08719307805455
137000	138000	2.14952288317418	-0.897324302671913	-1.20045598181837
138000	139000	2.02102195860055	-0.740688950372837	-1.5371053540355
139000	140000	1.77019984507285	-0.986401398798474	-1.43705611879094
140000	141000	1.55394723016912	-0.738970727495913	-1.35582432665206
141000	142000	1.41265229582119	-0.951406061586881	-1.05965065254028
142000	143000	1.10948206749678	-0.762153610465402	-1.07417043986038
143000	144000	0.854939493570799	-0.735304897891987	-0.829348680092058
144000	145000	0.76104964101499	-0.427538856973127	-1.03049552251394
145000	146000	0.521411271751817	-0.223613865884732	-0.884177258785828
146000	147000	0.654621532198606	0.108882425382634	-1.10265603706718
147000	148000	0.517894981975877	0.335821333044253	-0.776543732399196
148000	149000	0.738072825197317	0.632503865649699	-0.887938495397612
149000	150000	0.746435759230568	0.682423334968656	-0.481757886641549
150000	151000	1.06617953186215	0.878468212531797	-0.557636169951516
151000	152000	1.19515831811746	1.00748068933153	-0.251257264461762
152000	153000	1.44543767155451	1.25947014578771	-0.247743063170795
153000	154000	1.6055233089361	1.55772472519403	-0.293768812259408
154000	155000	1.85962501053714	1.77912698042819	-0.271766269242792
155000	156000	2.11340954877165	1.66276973911519	-0.509771906497701
156000	157000	2.30989817192737	1.4737342457175	-0.312904443261871
157000	158000	2.31344509784394	1.24404159514577	-0.505006482403116
158000	159000	2.30139058617177	0.9937614649848	-0.287278977296213
159000	160000	2.23535442253166	0.694282231474643	-0.340829040861137
160000	161000	2.18631556494344	0.472546586043592	-0.0791556919322835
161000	162000	2.29612016592657	0.172858752693274	-0.0285086105147969
162000	163000	2.29847130324502	-0.0230044074411838	0.270246798483774
163000	164000	2.4702613104588	-0.258992711442954	0.174000479190178
164000	165000	2.47521252601629	-0.444750332560918	0.471979981135698
165000	166000	2.71448078905592	-0.603009452359125	0.256228070701372
166000	167000	2.48089423795542	-0.801917908745789	0.245662339779424
167000	168000	2.63131885986036	-0.928149774309268	0.0372700956952999
168000	169000	2.59359151813428	-1.17935863432475	0.240489858941156
169000	170000	2.72656587097806	-1.38435445028964	0.0163998302383987
170000	171000	2.37279953426187	-1.38837467169278	0.0376360650105415
171000	172000	2.27171507934787	-1.48574984845735	-0.229090696365521
172000	173000	2.03871772243604	-1.26854067770067	-0.248506573162932
173000	174000	1.87224996504537	-1.55313457465692	-0.300286756390268
174000	175000	1.61270243141711	-1.36631572734283	-0.157501209199221
175000	176000	1.50946899203794	-1.67542181529195	0.0105346123420554
176000	177000	1.38706707567872	-1.36482253560659	0.204901119197735
177000	178000	1.42903492279104	-1.54968613419306	0.495893723467131
178000	179000	1.57328131777192	-1.24536047169096	0.689613460964354
179000	180000	1.5446676204655	-1.4437857511154	1.06038265710467
180000	181000	1.54299545841324	-1.10647068072666	1.20625700299132
181000	182000	1.27568679360146	-1.21838625128255	1.47218785747524
182000	183000	1.33933460665493	-0.880929900937513	1.61233967813598
183000	184000	1.29252056236438	-0.96677592067835	1.9422056254386
184000	185000	1.42834256136771	-0.6554627068862	1.97302052935125
185000	186000	1.24935651404399	-0.668357024384401	2.26001240260923
186000	187000	1.32389098979936	-0.388082719882371	2.37836565481154
187000	188000	1.27966713076086	-0.374308263946911	2.68074961322007
188000	189000	1.48646614414019	-0.142100551664817	2.75821942282953
189000	190000	1.18362893881482	-0.00176404990070534	2.83515899136084
190000	191000	1.30160269665391	0.210048943871568	2.71477977159177
191000	192000	1.07037883694006	0.340377163448029	2.91341993506908
192000	193000	1.21554823960729	0.53887057467213	2.72083724046256
193000	194000	0.980050329949687	0.609740596332386	2.61783835126977
194000	195000	1.1300300774613	0.833738956983174	2.72037735359734
195000	196000	0.868016578925234	0.907069190268863	2.64728764564547
196000	197000	0.91410722876969	0.946636885202192	2.9142962839726
197000	198000	0.617615770603105	1.07891889487533	2.85855847816069
198000	199000	0.591239888779672	0.832008294362227	3.04939102656848
199000	2e+05	0.477206511824471	0.712732077294239	2.79461958681419
2e+05	201000	0.382343233491455	0.538337126300719	3.02016243611398
201000	202000	0.319147153229291	0.292256628784025	2.94111672312909
202000	203000	0.329400287530315	0.0118780211454136	3.06180484166844
203000	204000	0.330206937582968	-0.223971348348572	2.8236670926113
204000	205000	0.3179300329064	-0.504946779564029	2.76641531419921
205000	206000	0.383477962814693	-0.734940029470144	2.53041278756404
206000	207000	0.371258143125269	-1.08283595122113	2.56994526947106
207000	208000	0.320480704492644	-1.27988997112309	2.28547077773621
208000	209000	0.149632526988791	-1.54227163982928	2.31842689772811
209000	210000	0.117946116809765	-1.57044764412098	1.97879542529675
210000	211000	-0.144806768512905	-1.7241854930688	2.03898077597126
211000	212000	-0.245755911908558	-1.48696092301922	1.86699562509463
212000	213000	-0.41792056969935	-1.51973824739169	2.14334270062847
213000	214000	-0.360774570288754	-1.26168876437791	2.06579275691222
214000	215000	-0.390065717401807	-1.28217178038138	2.36293086517276
215000	216000	-0.348982604340124	-1.03003546474965	2.19829638014225
216000	217000	-0.360404070649677	-1.00741126401905	2.49968382435247
217000	218000	-0.283571814926853	-0.785125858079127	2.3531213273462
218000	219000	-0.323710752023974	-0.682423137289081	2.58880762416778
219000	220000	-0.35001413594977	-0.427975122755166	2.50079182072754
220000	221000	-0.325552574691597	-0.236135564204127	2.7006249075551
221000	222000	-0.32960326487866	0.0860819588696604	2.69036561374098
222000	223000	-0.290323312165437	0.47572903062333	2.69850268192945
223000	224000	-0.266213501329037	0.817038410663408	2.63099741102642
224000	225000	-0.214808734499909	1.10283729715511	2.49635790819636
225000	226000	-0.197310918251086	1.3267701507263	2.38674038342535
226000	227000	-0.265397595794355	1.54112026129863	2.32113575291397
227000	228000	-0.270431146968962	1.74538358770682	2.18045238564891
228000	229000	-0.38784910117769	1.85738660478282	2.06416314736626
229000	230000	-0.396449532916284	2.00725268782587	1.98249828657659
230000	231000	-0.51016362982641	2.03939644508367	1.84907636552567
231000	232000	-0.513132324440988	2.22998935697241	1.81577933090431
232000	233000	-0.663578309155628	2.28840213479103	1.68043964213483
233000	234000	-0.711200657522414	2.35203149600169	1.49806457628273
234000	235000	-0.845823981803745	2.53515608489458	1.41167778727967
235000	236000	-0.90833177545168	2.46325374849746	1.16586257612811
236000	237000	-1.04866624168501	2.51019755891684	0.968735916808421
237000	238000	-1.11499768002232	2.49501338471387	0.684661988000611
238000	239000	-1.19757578225742	2.39954310463703	0.493711930022547
239000	240000	-1.20927464488625	2.47137428871526	0.311744277807409
240000	241000	-1.36692681538407	2.41125947992675	0.163847815236125
241000	242000	-1.22157496197392	2.50663987238708	-0.0138092421969125
242000	243000	-1.34832341912208	2.38091255307818	-0.203186016374143
243000	244000	-1.2813089024453	2.60442640063023	-0.322932630667106
244000	245000	-1.42203720527888	2.54292374629559	-0.554870155295971
245000	246000	-1.14892334962876	2.65828964938604	-0.645058438048403
246000	247000	-1.18993891665675	2.51715072355483	-0.840944461943365
247000	248000	-0.962499375161843	2.64697941073952	-0.845688040929755
248000	249000	-1.04280040864928	2.61847714018713	-1.07485395731425
249000	250000	-0.837265406306427	2.67853624737298	-1.05400933372203
250000	251000	-0.857365318063216	2.65730405286973	-1.27830586966074
251000	252000	-0.632347841443305	2.55661246843062	-1.25460102886951
252000	253000	-0.648082769015476	2.73491494160881	-1.40672892166757
253000	254000	-0.448953021627804	2.63665811056152	-1.46457528175105
254000	255000	-0.475896411899226	2.89773437254329	-1.55073220613729
255000	256000	-0.16108522655958	2.90461934456162	-1.62221935350797
256000	257000	-0.226787180786745	2.92973240131927	-1.2952205839566
257000	258000	-0.0276793338665521	2.72847141866584	-1.26338966107806
258000	259000	-0.136869215824518	2.80424775801437	-0.981095938254977
259000	260000	0.0957676102948933	2.76669655072874	-0.859793533383834
260000	261000	-0.00948906864504907	2.90428083193008	-0.620648144685963
261000	262000	0.189655351300965	2.95666608241264	-0.391746982475752
262000	263000	0.00850014235375248	2.94715361668835	-0.119880073369607
263000	264000	0.178297373851289	2.8818671402373	0.121219560218703
264000	265000	0.0625935872833759	2.84257814024219	0.422164613906119
265000	266000	0.282538276781426	2.83150219566223	0.636251459095578
266000	267000	0.218265702997038	2.83179860345606	0.894065339547299
267000	268000	0.399748061171403	2.64971330985428	1.00551192108247
268000	269000	0.310133842794577	2.51751950386763	1.22658273657295
269000	270000	0.585035112771824	2.43378992316267	1.2811914515825
270000	271000	0.434874896393757	2.32304205496698	1.5122337331853
271000	272000	0.695104708108088	2.21169417825185	1.5328934236239
272000	273000	0.58794223726971	2.08192371947723	1.76534821494439
273000	274000	0.82930288559247	1.93500772144571	1.71448309033002
274000	275000	0.723168313143198	1.78914009193306	1.90791621922309
275000	276000	1.03195097314883	1.78939542511489	1.93375631238723
276000	277000	0.972502078135124	1.67437874468466	2.24988826776285
277000	278000	1.19662435235839	1.48284473411384	2.10632404090011
278000	279000	1.02555288329083	1.27075687063211	1.9927801927693
279000	280000	1.29980489861492	1.09459038578598	1.932624844019
280000	281000	1.04062512817757	0.912323712298685	1.81767691980441
281000	282000	1.13463120617004	0.628458064790717	1.87295524873112
282000	283000	0.819026440212417	0.583449188883965	1.92518511367651
283000	284000	0.826888312905243	0.294284230366815	1.93136186791773
284000	285000	0.549205882363769	0.380573220727063	2.01679182066984
285000	286000	0.517978095387342	0.0854198941889208	2.11059051325162
286000	287000	0.298806580987352	0.298883449716176	2.29352355612061
287000	288000	0.149649210743456	0.0875185786456641	2.0518002762135
288000	289000	0.0429022190074855	0.419433481553733	2.00826541754602
289000	290000	-0.178735737004243	0.213546541113679	1.89295748484202
290000	291000	-0.388287780612656	0.455813381871142	2.0003822653126
291000	292000	-0.625883293020301	0.26856330889588	1.95720649044193
292000	293000	-0.87765649760968	0.417338159562988	1.94244239301755
293000	294000	-1.08778791098432	0.178639709304178	1.77127780045014
294000	295000	-1.36511981858928	0.273239577328846	1.55778258762008
295000	296000	-1.66996093920947	0.181302178217518	1.31923859761737
296000	297000	-1.8616498812623	0.221989403413016	1.02301410479751
297000	298000	-2.04835528783028	0.205467278561703	0.736622428917527
298000	299000	-1.90977386918078	0.187922418827565	0.358190993845864
299000	3e+05	-2.13245674528539	0.283538367940373	0.142762072344405
3e+05	301000	-2.0178428213961	0.421329960620937	-0.111922663181054
301000	302000	-2.35784245326024	0.538593071526137	-0.163288913305466
302000	303000	-2.2858363378239	0.61862548273531	-0.470796006378001
303000	304000	-2.54260292722853	0.381464560572561	-0.564426425925098
304000	305000	-2.29470524806621	0.227000795508712	-0.667635743488769
305000	306000	-2.44339825317417	-0.0626343341184295	-0.665309264098058
306000	307000	-2.14150714252705	-0.203123834232479	-0.701821697174053
307000	308000	-2.30045416167026	-0.437028815379639	-0.893629580395942
308000	309000	-1.9481426007992	-0.569013975853689	-0.951152180775535
309000	310000	-2.11370811117466	-0.774899586488334	-1.18001769602276
310000	311000	-1.98238002622993	-1.03973838907374	-0.921965089108997
311000	312000	-2.22450405342976	-1.20208349066911	-1.08810324500605
312000	313000	-2.35027450780553	-1.36549965326416	-0.796956101139202
313000	314000	-2.22188614381173	-1.66015734705439	-0.901956127387
314000	315000	-2.06385328082235	-1.6737200835073	-0.597008319935665
315000	316000	-1.93668730156496	-1.93161921467257	-0.670975776006927
316000	317000	-2.0756181792254	-2.10989764860499	-0.451038475762719
317000	318000	-2.10592598398877	-2.34999673351557	-0.639902792890221
318000	319000	-2.22518254919963	-2.63569560322885	-0.491857088423133
319000	320000	-1.85874917479221	-2.54952806077521	-0.422632254276289
320000	321000	-1.83978665312045	-2.3991843265544	-0.165536002831234
321000	322000	-1.97208422072015	-2.55457797490397	-0.101844894019523
322000	323000	-2.12550546315309	-2.72239844325384	0.00316646084017015
323000	324000	-1.91157263278133	-2.83862061703768	-0.16173225144699
324000	325000	-1.90505553091593	-2.82141373692023	0.0700022259628074
325000	326000	-1.71242441005173	-2.74958542757641	-0.0773556499679506
326000	327000	-1.71054296676332	-2.75826632377968	0.1614448104229
327000	328000	-1.52831710211787	-2.8505181831967	-0.0068037732915968
328000	329000	-1.65927454483753	-3.0207139741479	0.100605237985827
329000	330000	-1.40674434891466	-3.10431514174064	0.0718993575341742
330000	331000	-1.48122834234756	-3.01538416992726	0.30302749334117
331000	332000	-1.3597967078883	-2.81893598095908	0.350968200834645
332000	333000	-1.17262515608306	-2.70002500384755	0.247467318628884
333000	334000	-1.11777077535579	-2.96676213358954	0.203707920299307
334000	335000	-0.857989700268973	-2.94266773103225	0.237505557426073
335000	336000	-0.959080299436641	-3.05179849193382	0.482008951572247
336000	337000	-0.770102385336434	-2.80535336089108	0.506184555538018
337000	338000	-0.892590003555713	-2.88855702044215	0.774478181901236
338000	339000	-0.926185417654234	-2.65663561251013	0.890149804588131
339000	340000	-1.15134936914806	-2.82808658905333	1.09857403949426
340000	341000	-1.45951550970884	-2.76715869516355	1.07809400876591
341000	342000	-1.79821936647271	-3.17459734264882	1.32210472184058
342000	343000	-2.49612901004266	-3.90942875276811	1.86700476492522
343000	344000	-2.15833129180918	-2.88189476415202	1.37611354069001
344000	345000	-2.03879125554239	-2.41763428228112	1.12381554988573
345000	346000	-2.16227814364845	-2.14134689563488	1.1372398223329
346000	347000	-2.33577095010655	-2.07196132875543	0.919664915283308
347000	348000	-2.4815048305715	-1.83175967047441	0.918483683328847
348000	349000	-2.61751743571005	-1.86003923931592	0.66166835584474
349000	350000	-2.49465187036891	-1.6246957650854	0.62126992567953
350000	351000	-2.55279389061036	-1.61656914357749	0.350727820215994
351000	352000	-2.7117834611922	-1.46981272917232	0.489457150595837
352000	353000	-2.88537384589448	-1.46491653227331	0.305217764169486
353000	354000	-2.9436416906269	-1.27297602628193	0.468114393874186
354000	355000	-2.87018040779344	-1.11844719859578	0.260467811275926
355000	356000	-2.60600996092767	-1.09476705953204	0.29320406723131
356000	357000	-2.69882354626109	-0.872856305942636	0.39871892917106
357000	358000	-2.57914637673268	-1.00214452349043	0.595597122629471
358000	359000	-2.80137917715134	-0.97647121169193	0.693155418862573
359000	360000	-2.83132694584927	-1.20512448869924	0.918589182424708
360000	361000	-2.75623879251617	-0.943246839818714	0.999390460067567
361000	362000	-2.49961298486497	-1.15714355525402	1.00026032040571
362000	363000	-2.54199591042623	-0.890909932231451	1.13265847391546
363000	364000	-2.34197394247308	-1.051818141306	1.33790597569523
364000	365000	-2.27204285059909	-0.741663501319154	1.24003277370821
365000	366000	-2.02232046195154	-0.832620161736418	1.09263286932677
366000	367000	-2.04051032445063	-0.804825006821952	0.795236763560711
367000	368000	-1.7123370752445	-0.882019052201913	0.791102460056951
368000	369000	-1.81091618164352	-1.16790297381152	0.890752072168915
369000	370000	-1.59763295507233	-1.21493319695165	1.17329964559885
370000	371000	-1.60415950418555	-1.54208890518057	1.02536441124177
371000	372000	-1.28487467135377	-1.51918452238145	0.920757198880639
372000	373000	-1.41196650486083	-1.75030856196437	0.704420297858488
373000	374000	-1.13450279220364	-1.68850335141979	0.517503075540844
374000	375000	-1.36751433853399	-1.60910877538032	0.23034198092947
375000	376000	-1.05542546405202	-1.48672102403429	0.134815713608757
376000	377000	-1.22932461576291	-1.39181195423491	-0.163726698352679
377000	378000	-0.906854056389341	-1.59026583918267	-0.205841473572398
378000	379000	-1.16430925158436	-1.61780467512796	-0.460940122497089
379000	380000	-0.942757439251425	-1.89983753667055	-0.413015702314686
380000	381000	-1.10460178814888	-1.94840708436817	-0.730582681444357
381000	382000	-0.755980945002394	-2.08005242428946	-0.665262262821061
382000	383000	-0.729486099874555	-1.93749141645128	-0.940331863388553
383000	384000	-0.562255710246241	-2.17641865379396	-1.02295443885613
384000	385000	-0.797153950109189	-2.36321564564762	-1.18015157254027
385000	386000	-0.895246976910672	-2.38089968711305	-1.52531630195698
386000	387000	-1.04186219705085	-2.03666829139837	-1.42113519762785
387000	388000	-0.904903065176809	-1.94987578955456	-1.68642719968952
388000	389000	-0.798911670062364	-1.65339146444173	-1.62596690832533
389000	390000	-0.576740990761931	-1.83471308907081	-1.87509947547584
390000	391000	-0.437966820456714	-1.52981877998981	-1.75155278149697
391000	392000	-0.197171570203083	-1.80232142426478	-1.68280007364585
392000	393000	-0.0299356791100674	-1.5239621551484	-1.6260914849898
393000	394000	0.186382195752243	-1.71553121485464	-1.81996965463683
394000	395000	0.179178658287176	-1.45362715470046	-2.06196336084513
395000	396000	0.31290050009378	-1.67495472591846	-2.3783770399302
396000	397000	0.527147225686038	-1.52817296327771	-2.20998958395882
397000	398000	0.706423626734935	-1.67571096357468	-2.09528091544516
398000	399000	0.923597199523165	-1.48776631046078	-2.14968513047503
399000	4e+05	0.958421977172692	-1.421347038805	-2.4242515371071
4e+05	401000	0.77090033393972	-1.18924381523845	-2.41268494744479
401000	402000	0.527957647221777	-1.03214070604909	-2.16219635155748
