0	1000	-1.04234983159475	0.290649685944905	2.55037041312819
1000	2000	-1.47146179697652	0.65145560850427	2.62318720633279
2000	3000	-1.33306117261751	0.355861511037872	2.20366684830718
3000	4000	-1.81413721079807	0.306345796828285	2.25876653635893
4000	5000	-1.56933292750308	0.00509791754861618	1.90741655056394
5000	6000	-1.74313015958158	0.392789599169294	1.63453734827333
6000	7000	-1.14049528559991	0.218205425283744	1.48315086440125
7000	8000	-1.13356247100842	0.826778756579299	1.7139979078966
8000	9000	-0.708818296850385	0.745792025481022	1.21393560861211
9000	10000	-0.506253369830118	1.21609394773994	1.63155693722392
10000	11000	-0.326606142747006	1.34057189957691	1.05544973601315
11000	12000	-0.213070296973873	1.80992972281189	0.768295477143464
12000	13000	-0.205960044113937	2.46643410426129	0.90012215605756
13000	14000	0.125283194100222	2.32161990126928	0.447346630801213
14000	15000	-0.157212891899816	2.72066503063545	0.261054038819299
15000	16000	-0.087926488104613	2.37906125680215	-0.137127946651703
16000	17000	-0.385427169203767	2.75226650411981	-0.275328724081201
17000	18000	-0.304838395231175	2.46167404514249	-0.676078386340561
18000	19000	-0.200992122860383	3.15631159901298	-0.787290945070619
19000	20000	-0.00144899899760164	2.7079926855934	-0.964481407888527
20000	21000	0.0968041065083968	2.76634355153691	-0.613237688461634
21000	22000	0.18906055727166	2.44564092254529	-0.73904524771106
22000	23000	0.496096705817048	2.7142101505864	-0.831352406238114
23000	24000	0.564473559787314	2.38947534430785	-0.432518503706464
24000	25000	1.0512396999751	2.58912629074344	-0.559663547739764
25000	26000	1.08237862036711	2.15487221903221	-0.166856031744998
26000	27000	1.64590073085858	2.32840720443177	-0.237305468953358
27000	28000	1.56876067729673	1.7628252214746	-0.107250254625907
28000	29000	2.06265466888289	1.7470569928614	-0.395371521321566
29000	30000	1.67335436293218	1.30236401202775	-0.565343150005644
30000	31000	1.96383392895107	1.47760294712889	-1.09857749635105
31000	32000	1.44258880172856	1.32107870749611	-1.23713953055957
32000	33000	1.65918447993315	1.12458080881088	-1.70360955667037
33000	34000	1.19371841299527	0.884529113662328	-1.78679779439101
34000	35000	1.60253662622321	0.569330707990811	-2.02912383169841
35000	36000	1.50862597020386	0.0670073883033922	-2.2636739039024
36000	37000	1.9286114714968	-0.133236279474463	-1.95091107857625
37000	38000	1.8753344670319	-0.684052693787589	-1.87791139257648
38000	39000	1.65581358245369	-1.0112247015503	-1.43270444462832
39000	40000	2.2470748602402	-1.23523880621361	-1.49419676821998
40000	41000	2.08643220971323	-1.32582110866878	-0.967328054946798
41000	42000	2.3855548617426	-1.83245942522792	-1.10035385029881
42000	43000	1.90330640478554	-1.81357511311438	-0.940828925188018
43000	44000	1.85877877995368	-2.24202899339963	-1.07441345649354
44000	45000	1.42130645972705	-2.10761302470362	-0.82568021050936
45000	46000	1.79370369273045	-2.2727898684992	-0.518560870298585
46000	47000	1.39712453149191	-2.08795193090846	-0.200710103248442
47000	48000	1.71337372663154	-2.39297006002193	0.0892134573206744
48000	49000	1.43993484310312	-2.09992406085809	0.400988899992598
49000	50000	1.23480249263311	-2.64850792929979	0.619244064166568
50000	51000	1.02276395149078	-1.91599796158401	0.715395123436601
51000	52000	1.1514452266049	-1.64735280851753	1.29947103480662
52000	53000	0.910710844175961	-2.03089963926104	1.65984588779346
53000	54000	0.527274735304145	-1.62088024853189	1.72485090060929
54000	55000	0.482799157312654	-1.53115895549264	1.15809368143044
55000	56000	0.185295277459875	-1.07529089851797	1.41296182837315
56000	57000	-0.131584178312754	-1.43236194027278	1.09808200391401
57000	58000	-0.57520850446085	-1.19979437171298	1.36090175868459
58000	59000	-0.972641258060273	-1.59965391952593	1.25752219476635
59000	60000	-1.03681649511895	-1.61105761952307	1.78401262521835
60000	61000	-1.1739176503353	-2.08500317531583	1.75896472234669
61000	62000	-1.57874032003679	-1.78913582523804	1.81067183755016
62000	63000	-1.79180911078961	-1.69387890653384	1.36245535746438
63000	64000	-1.47176659233128	-1.31418514965053	1.44516687204142
64000	65000	-1.37954657919517	-1.08575955983529	1.00664211056542
65000	66000	-1.70585835457397	-0.993836572092177	0.521182342155125
66000	67000	-1.35302303175196	-0.538503497571443	0.685435636886436
67000	68000	-1.57598339067597	-0.35813134717805	0.136957959502251
68000	69000	-1.39864866892248	0.140020123802053	0.4869301265488
69000	70000	-1.02430608184315	0.421535848048254	0.114222196441587
70000	71000	-0.797524879734276	0.877341104185721	0.460911382303234
71000	72000	-0.871682448157391	1.07330772891822	-0.16731382476111
72000	73000	-1.01920958418626	1.54464407849038	0.23514959676273
73000	74000	-1.30547265976869	2.08659392389602	0.45170473817343
74000	75000	-0.863483952432459	2.30207745728694	0.0252282117606506
75000	76000	-0.494174174386374	2.16854814686115	0.365975520438416
76000	77000	-0.131501483518245	1.70218336996652	0.0569879272434409
77000	78000	0.370965000993693	1.65017633774005	0.37958218954675
78000	79000	0.687189063864851	1.66434330128934	-0.093234740451896
79000	80000	0.615631254596199	1.76246883775259	-0.679953263432455
80000	81000	1.23950739520011	1.97390973642075	-0.771561434190932
81000	82000	1.0230775921057	1.73202063766262	-1.20293036624228
82000	83000	1.44379074181049	2.02840265887895	-1.6488516249162
83000	84000	1.20092092674295	1.49155535927636	-1.7738559195289
84000	85000	1.51796542349707	1.45454294801935	-2.20470059028449
85000	86000	1.07217563075936	1.23442234451522	-2.2353281393067
86000	87000	1.28131086610459	0.893333519072527	-2.38159419224068
87000	88000	0.891214494343197	0.911160237511888	-2.6686274429711
88000	89000	1.07857162661857	0.426988518784616	-2.65738824581447
89000	90000	0.644805508490217	0.712820954940572	-2.16237981631217
90000	91000	0.964896661651047	0.294575455581491	-2.06394016512362
91000	92000	1.19534905580251	0.285143334773093	-1.58258726108419
92000	93000	1.27369671386437	-0.292321169261391	-1.63944691382897
93000	94000	1.61003462308728	-0.157016035250985	-1.17237259628421
94000	95000	1.29396524763474	-0.65542710544442	-0.957462667256342
95000	96000	1.7385699532814	-0.635936420898231	-0.547314384746117
96000	97000	1.38027764125423	-0.709930817515913	-0.0524082080570434
97000	98000	1.14166311811611	-1.26076840127159	0.0899916437641822
98000	99000	1.20135398785874	-1.02994110310879	0.654518756905041
99000	1e+05	1.45772825499033	-0.947385173277267	1.1964761186938
1e+05	101000	1.62204910741133	-0.426680724144884	0.824926474879156
101000	102000	1.81110908030625	-0.489841087145286	1.45636468334817
102000	103000	2.03672704131105	-0.0432311179652835	1.17875797364566
103000	104000	1.94665583624945	0.0720532382221557	1.85088259721574
104000	105000	2.09577007820523	0.677367764294629	1.88184069489448
105000	106000	1.92486663258537	0.88968121054901	1.30865554187915
106000	107000	2.37894808590504	1.45050217688405	1.13413410963806
107000	108000	1.78512030355938	1.45015151169764	1.06370383987646
108000	109000	1.99932120011613	1.91831852601355	0.996276881375162
109000	110000	1.49818943641316	2.08689567598046	1.07780185296348
110000	111000	1.85232097994895	2.20922853812917	1.39842484373499
111000	112000	1.66727299163741	1.79177145671884	1.48965568795653
112000	113000	2.15973584078676	1.84094916697614	1.67632510139146
113000	114000	1.81502324841953	1.68872484719691	1.92791972970836
114000	115000	2.24522808782907	1.48319386268203	2.08448111586366
115000	116000	1.93009912299453	1.28961327907996	1.69484627773655
116000	117000	2.32801999273937	1.15449391049032	1.57225452134825
117000	118000	2.80674331913744	0.984359721508862	1.53164100028119
118000	119000	2.39886542944489	0.595417843785765	1.37333158204308
119000	120000	2.81537182310858	0.389422447595481	1.38156878788796
120000	121000	2.98785272211127	0.035947978286402	1.6878964438663
121000	122000	2.57183514966442	0.284337922856529	1.87491703403895
122000	123000	2.44008722815712	-0.00691110574792024	1.53425811141162
123000	124000	2.4312215575953	-0.396204383472589	1.93862268328858
124000	125000	2.53566610059363	-0.607391437924666	1.40401773563857
125000	126000	2.15887732431029	-1.05021053126732	1.51280103914117
126000	127000	2.31068204894944	-1.02253505267923	0.983686602112497
127000	128000	1.89771629343723	-1.09208274212881	0.645304212203913
128000	129000	1.86732052506358	-1.41909423417955	0.210177066530148
129000	130000	2.14585523172764	-1.89971559496829	0.149843319302831
130000	131000	2.18656903860124	-1.83657614404917	-0.376444833476452
131000	132000	1.66370039455987	-1.64082532583832	-0.44817221319106
132000	133000	1.44128808336624	-1.53451500178112	-0.94900218402285
133000	134000	1.38592758633673	-1.87545701278777	-1.43785474630192
134000	135000	1.89568143424727	-1.70846957485708	-1.55308520757144
135000	136000	1.89200399425697	-1.36983125369728	-1.93981644663187
136000	137000	1.46635891211325	-1.19118155492747	-1.96106591868626
137000	138000	1.70093577499935	-1.043607830541	-2.42570260975454
138000	139000	1.33153268057073	-0.736949812409591	-2.21567857256763
139000	140000	1.473148615062	-0.526462547300838	-2.62443737990456
140000	141000	1.04563955162408	-0.730529976359912	-2.64376334646857
141000	142000	0.990609412416826	-0.299984352988346	-2.65255305522519
142000	143000	1.04099529012988	-0.421511995102682	-3.12871962607528
143000	144000	0.640995760755522	-0.414483248667047	-2.90098363205284
144000	145000	0.490733548384126	-0.580072184654718	-2.54929684799101
145000	146000	0.131197772129019	-0.490741537400383	-2.86390116465771
146000	147000	0.142009163975646	-1.11752188230614	-2.87462831258745
147000	148000	-0.416543653150272	-0.951573728275404	-2.63052195404406
148000	149000	-0.217621099336209	-0.668747233277814	-2.31289439473833
149000	150000	-0.545367486161677	-0.411291830480358	-2.65604471815421
150000	151000	-0.647971597332519	0.0807472414105527	-2.50658660964878
151000	152000	-0.193666046323655	-0.0507862653006971	-2.26907468546566
152000	153000	-0.375906265266337	0.170385228321678	-1.8191188726079
153000	154000	0.0788861754842451	0.57312909938028	-1.64663019661531
154000	155000	0.235124735870845	1.24156529230309	-1.7484957014472
155000	156000	0.583820061686487	0.921532024702844	-1.31688009133382
156000	157000	1.05682313401352	0.885646047933905	-0.996987670635603
157000	158000	1.67891091664786	0.69659860263175	-1.01977508556736
158000	159000	1.37716512345241	0.658811986730309	-0.383733861132765
159000	160000	1.73277855902582	0.149724401902049	-0.467992777520087
160000	161000	1.9797551208336	-0.149598734968198	-0.022390299752996
161000	162000	2.60033226003047	-0.0378395469899912	-0.111625064365176
162000	163000	2.89628738588514	-0.507214330392329	0.165034832840342
163000	164000	2.83988418372708	-0.976417956715565	0.557330374505144
164000	165000	2.40339934758805	-1.23506333247723	0.361911927069166
165000	166000	2.64958517429128	-1.65480685647497	0.53689030223964
166000	167000	2.49709223062893	-1.57191698738758	1.03837980661789
167000	168000	2.03873825080632	-1.59145012341834	0.904123141251343
168000	169000	2.03504032474441	-1.82674074196555	1.37178299715266
169000	170000	1.9711823317101	-2.13557795446222	0.922714318661513
170000	171000	1.51645694861378	-1.98449623258164	0.992334078693805
171000	172000	1.20105780426438	-2.28286066738465	1.17711557421455
172000	173000	0.708407351322413	-2.24525517452485	1.05342608513855
173000	174000	0.384978020330029	-2.20667921130407	1.41988133599388
174000	175000	-6.20001893940775e-05	-2.2079604661542	1.17606250338479
175000	176000	-0.279194014498367	-2.29876751083231	1.59143603574938
176000	177000	-0.340297362389733	-1.83658238978991	1.53472173646523
177000	178000	-0.551438048012851	-1.91500871472671	1.96248983388053
178000	179000	-0.447111443570105	-1.3711172835351	1.88762983743611
179000	180000	0.0254819383631866	-1.39380022953274	2.18993469398718
180000	181000	0.140043476871039	-0.833458269697527	1.96972519369145
181000	182000	0.60716535101834	-0.614945610266674	2.2490081165091
182000	183000	0.70556189727987	-0.454114340379437	1.66583006167489
183000	184000	0.998076949497414	-0.975921488578963	1.7318507161357
184000	185000	0.678522480607462	-0.650707557185124	1.01452123717429
185000	186000	0.460839075573999	-1.07236622375893	0.54887375579255
186000	187000	0.464886107646145	-0.685561144284297	0.0437616787504214
187000	188000	0.337994905446743	-1.0592395924179	-0.546412739040865
188000	189000	0.102791866937343	-0.528346501930719	-0.821068401134168
189000	190000	0.189949495511511	-1.04101466168895	-1.28329153946806
190000	191000	-0.114437216575147	-0.55264601171328	-1.5699044165989
191000	192000	-0.117996476778701	-1.11723989646716	-1.95180876567728
192000	193000	-0.640412163727388	-0.46407785177836	-1.92660410145277
193000	194000	-0.779442634509127	-0.909908592008916	-1.6396565657405
194000	195000	-0.964510184471606	-0.529982746522819	-1.24343341729418
195000	196000	-1.40748390965954	-0.799595253540201	-0.94091140202474
196000	197000	-1.03564171288028	-0.709602381911718	-0.50921340945599
197000	198000	-0.788161623103292	-0.110784051526903	-0.560011202113394
198000	199000	-0.316702662811072	-0.419471935537343	-0.237509934873111
199000	2e+05	-0.0486501219803125	0.164440382163699	-0.342025229429455
2e+05	201000	0.447028316248929	0.239760634873481	0.0649171709479461
201000	202000	0.956335574245915	0.0576705301983341	-0.270967986308254
202000	203000	0.647425780455447	0.467139843832932	-0.662753678846923
203000	204000	0.813451402040138	-0.11356646562265	-0.92316357501743
204000	205000	0.395890371574077	0.0523855950960336	-1.32777182451654
205000	206000	0.644092427447765	-0.387022534009137	-1.70222911749978
206000	207000	0.409461212448772	0.0305368624085986	-2.05214136880261
207000	208000	0.557524131565106	0.160129287904916	-2.56402023050462
208000	209000	0.114303041386374	0.222281154848171	-2.81553439336323
209000	210000	0.270772180354408	0.772910123306176	-2.68612422873262
210000	211000	-0.0275029341713699	0.53840402230717	-2.35891095979908
211000	212000	-0.216479487511442	0.962800928960829	-2.39322244420372
212000	213000	-0.526081353904192	0.670650843779303	-2.12933183594228
213000	214000	-0.578770003223186	1.10281327203208	-1.84382674806295
214000	215000	-0.554438687661305	0.726044056826346	-1.38109906726577
215000	216000	-0.360666390628558	1.25720363549311	-1.21131075685859
216000	217000	-0.0695958441847362	1.17951521087052	-0.646405716505158
217000	218000	-0.139568074406442	1.76228716005079	-0.88799337767158
218000	219000	-0.497691944647255	1.83786690857778	-0.466461259185908
219000	220000	-0.919402089439809	2.16600200415283	-0.598444010326811
220000	221000	-1.23180888824256	1.70175420944836	-0.638576080945283
221000	222000	-1.57388019027181	1.76593888928543	-0.18399741928885
222000	223000	-1.79834403651628	1.31147818467013	-0.507977160185939
223000	224000	-2.12045929038442	1.41428958726017	-0.0258382474886443
224000	225000	-2.35069783669725	1.30106723308843	-0.433281846941152
225000	226000	-2.60715118025513	1.6411884960765	-0.324391166223915
226000	227000	-2.60756460706416	2.11243481664928	-0.366900719704891
227000	228000	-2.40213355958265	1.91509470210008	-0.0292578564678823
228000	229000	-2.104766482167	2.15028629570175	-0.201684683776306
229000	230000	-2.12646242689841	2.15356954391688	-0.686214760283773
230000	231000	-2.15540363371528	1.74601660449397	-0.501699179634351
231000	232000	-2.32918941442128	1.70543226273052	-0.983700491352191
232000	233000	-2.84146277831979	1.65191597641652	-0.833742630028352
233000	234000	-2.55924044189748	1.28137287167773	-0.923165440861801
234000	235000	-3.18094934848231	1.22321661135879	-1.02966885306136
235000	236000	-2.78644040153168	1.02686967399508	-0.644565342872796
236000	237000	-3.10240435954025	1.24866245557864	-0.354562365819625
237000	238000	-2.76133463696235	0.927107810527495	-0.123992445422666
238000	239000	-2.59641835775319	1.24981808455933	0.189134379776469
239000	240000	-2.20375761681562	0.864284198343424	0.141670442507184
240000	241000	-2.27307079421558	0.94519726216937	0.752835207698154
241000	242000	-1.94331128912411	0.438982701963127	0.632576271997204
242000	243000	-2.30790009752131	0.209557063728084	1.01261399465553
243000	244000	-1.8520578036387	-0.159474232649388	1.21476287632426
244000	245000	-2.35668098147888	-0.353568094484132	1.51122143859984
245000	246000	-1.9438656947332	-0.591020681094439	1.76103260915436
246000	247000	-1.56298884189607	-0.714985079600234	1.97439744568139
247000	248000	-1.93174899930565	-0.716690991713174	2.23441941550446
248000	249000	-1.76614632007836	-1.12758817158772	2.14977043608238
249000	250000	-1.81554058726841	-0.984277617326946	2.53115568602342
250000	251000	-1.46638897912929	-0.920717147297919	2.42745821357597
251000	252000	-1.68286496039459	-0.581821722544392	2.63760030265543
252000	253000	-1.30602292428452	-0.489565797796882	2.43536561470716
253000	254000	-1.50553457426475	-0.1364429870454	2.56844501269625
254000	255000	-1.29397954031163	-0.243386075207057	3.00109358190919
255000	256000	-0.830207718205347	-0.6485361863326	3.02607887234302
256000	257000	-0.668244880782351	-0.636050530725866	2.38024894937836
257000	258000	-0.65135111544733	-0.452281176207747	1.84824173225782
258000	259000	-0.121951580588761	-0.241032711477765	2.03601297986251
259000	260000	-0.316555448868749	0.0906855159161871	1.57398916673743
260000	261000	0.057900817203379	0.510816310384439	1.72845102422997
261000	262000	0.514285644710455	0.172551516934374	1.44778521428104
262000	263000	0.864951949360214	0.170416449139263	2.02893565784095
263000	264000	1.27781076761562	0.181909822245416	1.62752016178436
264000	265000	1.40908180521826	0.609643275863976	2.10810406481164
265000	266000	1.03210424539012	1.04042986684466	2.19869196843613
266000	267000	1.50819265927656	1.35487082101896	2.31738076448528
267000	268000	1.17942375074322	1.63748694371074	1.84576719391129
268000	269000	1.31877794717072	1.12473828116163	1.64012400668902
269000	270000	1.0710398191635	1.31633674879547	1.15912956115037
270000	271000	1.26294971591062	0.669700225883063	1.10762227018228
271000	272000	1.32396000542507	0.839258655735157	0.516663985517126
272000	273000	1.49107258103669	0.262621568212706	0.373655581917527
273000	274000	1.97384067298902	0.637618827426923	0.0714830458456695
274000	275000	2.0948664581516	0.405176406366869	0.603165735146369
275000	276000	2.58853889155289	0.587321428123631	0.729619347821748
276000	277000	3.15347546937586	0.274233338335258	0.552382847964685
277000	278000	2.7593295788727	-0.188323186262927	0.837243610117169
278000	279000	2.37768013944358	-0.470640943073788	0.588262642556297
279000	280000	2.36060743175963	-0.735589964116759	0.0670101134148493
280000	281000	2.78995830729372	-1.03435723934545	-0.201017421069329
281000	282000	2.43120711636678	-0.865058389651905	-0.571610814118299
282000	283000	2.67882311273436	-0.884993602824565	-1.09149494681627
283000	284000	2.16117277696017	-0.653008842842086	-1.25032847225563
284000	285000	2.41562512942952	-0.298744230891867	-0.900463902558677
285000	286000	2.17434247020993	0.150408303111853	-1.18568883384983
286000	287000	2.82274246691844	0.306838806978413	-1.04819945015647
287000	288000	2.34279144448857	0.580872687073194	-0.503503170483081
288000	289000	2.34093071127079	1.09534066368212	-0.249846969953187
289000	290000	2.57265101791606	1.03271759239808	0.277687455080771
290000	291000	2.10017857465273	1.07308508427295	0.575320900797742
291000	292000	2.27911874579438	1.61580085539908	0.420748688887402
292000	293000	1.66731367563765	1.5190951690687	0.443461278321076
293000	294000	1.81598286467502	2.06851372476326	0.473011405327787
294000	295000	1.29723382886664	1.95542372197054	0.477970593937851
295000	296000	1.43186794399139	2.41412000970345	0.390218376396142
296000	297000	0.949342060095344	2.61002089633023	0.342108604750651
297000	298000	0.76254582964927	2.10667473304461	0.606412790974713
298000	299000	0.523902765703524	2.46575566936585	0.984518807492026
299000	3e+05	0.292508489150828	1.98219106105589	1.05133547402341
3e+05	301000	-0.152037370508335	2.04295768034213	1.35818166030111
301000	302000	-0.663197846683173	1.94699679796122	1.14762675556449
302000	303000	-0.952419459219183	1.75898031744544	1.62796915475191
303000	304000	-1.12606603148713	1.35949449851665	1.20561547669617
304000	305000	-1.6791999575541	1.17121233969761	1.33150917953273
305000	306000	-1.41733163059106	0.878754581996514	0.783392989942269
306000	307000	-1.69661737917556	1.36802821701298	0.538478776232555
307000	308000	-1.52388175675991	0.966781298067134	0.0740947053312186
308000	309000	-1.47033498609106	0.705885911460001	-0.501122941557963
309000	310000	-1.75155352791821	0.325837497233959	-0.0916155366664055
310000	311000	-1.9358308893383	0.0998219407981432	-0.570280357211375
311000	312000	-2.31812200436079	-0.0730026901530464	-0.267429410880127
312000	313000	-2.87922855092131	-0.285978711803661	-0.494874258574904
313000	314000	-2.55834441704129	-0.615384252683633	-0.219583077399567
314000	315000	-2.24344437560966	-0.643907616668584	-0.613005664379314
315000	316000	-2.13964999405953	-0.993183526980953	-0.233836558605142
316000	317000	-1.9499042678197	-1.27944226077197	-0.615001261346074
317000	318000	-2.17149263669995	-1.09359729039973	-1.05490811822435
318000	319000	-2.29206020716729	-1.5952331636501	-1.41194622920522
319000	320000	-2.06669216813829	-1.0165376644977	-1.63078068688268
320000	321000	-2.17768081687485	-0.890828750962952	-2.03034375799996
321000	322000	-2.42716591961882	-1.14942802784109	-1.9094014987648
322000	323000	-2.63531914769964	-1.00142885515008	-2.27498406802597
323000	324000	-2.78314306094682	-0.951872450683158	-1.82009984843325
324000	325000	-2.66348180285738	-0.618129824747728	-1.98627701481262
325000	326000	-2.59743365883584	-0.638892099640048	-1.56669016270262
326000	327000	-2.77524850106585	-0.299749559565097	-1.66926705461837
327000	328000	-2.66026552353875	-0.297248095628572	-1.25830736096309
328000	329000	-2.6279237914612	0.0848293944503243	-1.46394689923014
329000	330000	-2.18503536240604	-0.0754800171334435	-1.30497600096177
330000	331000	-2.30868373277025	-0.0683093746257893	-1.86583965249845
331000	332000	-2.02105999634654	-0.404119105403209	-1.67645211276204
332000	333000	-1.92382635484726	-0.389349034432248	-2.14080042019495
333000	334000	-1.59901874706959	-0.76665589395211	-2.15384918787756
334000	335000	-1.41480856263955	-0.583113541500361	-2.57416392318117
335000	336000	-1.00312638203867	-0.749692371782026	-2.31243181151652
336000	337000	-1.07910598262592	-1.15474460849388	-2.60502783094439
337000	338000	-0.804570353813497	-1.2493290887288	-2.17326204009749
338000	339000	-1.25685569860955	-1.41839903769888	-2.03117810275824
339000	340000	-0.918571469306348	-1.74467225380519	-1.71161479944593
340000	341000	-1.05183481956824	-1.84250178265879	-1.16183238306753
341000	342000	-0.973351960808103	-1.82435008765126	-0.636678950824663
342000	343000	-1.22026368521016	-4.70510351122586	-1.17173268590041
343000	344000	-0.935766571400973	-1.85387751612133	-0.039222711490987
344000	345000	-1.00391079249638	-2.29843621985615	0.300543656833794
345000	346000	-1.53636714383963	-2.3071022831587	0.246114751989969
346000	347000	-1.38600779373711	-2.01015121744625	0.713822254871067
347000	348000	-1.43660464150702	-2.49975448456022	0.832072907258453
348000	349000	-1.61982151613407	-2.1737412284063	1.14093243276685
349000	350000	-1.36628556673519	-2.49637111165051	1.3644533161394
350000	351000	-1.12991984991158	-2.18476359010682	1.1818051346196
351000	352000	-0.82349551339194	-2.50217041250825	1.33990758146746
352000	353000	-0.688190796729385	-2.07923775062735	1.06812498476062
353000	354000	-0.556944355378025	-2.48852924738564	0.790826547695144
354000	355000	-0.645071091234793	-1.88982876044958	0.511683537360884
355000	356000	-1.05150733765362	-1.53506140964746	0.534077529722717
356000	357000	-1.4809425136251	-1.61670200657527	0.222884715394418
357000	358000	-1.91732708942831	-1.84324505134837	0.486276257678057
358000	359000	-1.72229559230223	-1.51960414843968	0.827421950455798
359000	360000	-2.28979494461737	-1.42221042336689	0.856003141337013
360000	361000	-2.0690158726899	-0.921208177853631	1.08882369971818
361000	362000	-2.33285739098611	-0.696009925470327	0.683289628619451
362000	363000	-2.36195196486361	-0.279909391167359	0.394607380859876
363000	364000	-2.82493200361879	-0.223106255049052	0.188668752625334
364000	365000	-2.66268451278479	0.237307297536753	0.0567277765028178
365000	366000	-2.92481778008887	0.323727903479404	-0.31614871690065
366000	367000	-2.49953701275042	0.478335662572437	-0.455392393109659
367000	368000	-2.83756135510041	0.357249977032292	-0.816104761734868
368000	369000	-2.398506136137	0.487192999267818	-0.964644519337379
369000	370000	-2.77042448686603	0.62501561339058	-1.34813379453297
370000	371000	-2.26252865222534	0.797662812186942	-1.38344123058945
371000	372000	-2.08932907550557	0.406159306561898	-1.59085359976424
372000	373000	-2.11031471678043	0.500175635502246	-2.20690584404603
373000	374000	-1.61419059204068	0.193696077078349	-1.89450690823743
374000	375000	-1.40184689799411	0.130296847596676	-2.4511306049863
375000	376000	-1.17372114368824	-0.22366632160627	-2.08859546623667
376000	377000	-1.38509372388107	-0.375544590659207	-1.6516145680992
377000	378000	-1.39208251788152	-0.914125345137615	-1.6684149453464
378000	379000	-1.51488182583704	-1.44148683139911	-1.40267172261933
379000	380000	-1.021819739408	-1.23989031059288	-1.10913830006378
380000	381000	-0.474027961940279	-1.57454913135146	-1.0927945146943
381000	382000	-0.593218905183456	-1.32188145913312	-0.583045961719061
382000	383000	-0.203306855342663	-1.80294461880135	-0.402194035884257
383000	384000	-0.213572856503063	-1.39742726387995	0.028714491902367
384000	385000	-0.643770226840636	-0.975296569478722	0.0774756294730318
385000	386000	-0.310488643682065	-0.519507198924132	0.525332360626929
386000	387000	-0.446427230280631	0.0738686202548343	0.333414724992746
387000	388000	-0.082530816807848	0.229021051863785	0.801192780249771
388000	389000	0.00334074535191587	0.776465362887583	0.45216277913
389000	390000	0.347098951191801	0.98778897237969	0.899857548454181
390000	391000	0.313908195946388	1.42684154204559	1.48242131898235
391000	392000	0.608359736960722	0.901257607279929	1.51286208862296
392000	393000	0.334181509420176	1.09292030430642	2.05335894736053
393000	394000	0.480982526009306	0.630058512118139	2.5140141735926
394000	395000	-0.0396653330809264	0.349215546568327	2.32293930895002
395000	396000	0.0391220932139271	0.0334502705565524	2.88510055895788
396000	397000	-0.433209401546878	-0.148264036984612	2.62565337342549
397000	398000	-0.487081157362858	0.290214059959336	2.72867014490602
398000	399000	-0.770367744784957	0.046662188134918	2.91391102160063
399000	4e+05	-0.686933863586538	0.386579458533685	3.13150062895138
4e+05	401000	-1.09645026044113	0.338401249638413	3.03716479651493
401000	402000	-0.918234980192676	0.635239019672239	2.75611404273005
