0	1000	2.23497262768606	1.45798232916255	-0.578584204258583
1000	2000	2.09896353493183	2.03088142268294	-0.562288799020055
2000	3000	1.97780813301331	1.65462109853413	-0.241128718533763
3000	4000	2.07669940986967	2.01102027906222	0.0673308245885158
4000	5000	1.92705721670523	1.48329478587978	0.240882075965692
5000	6000	1.53714097935356	1.77618559947712	0.234683065914096
6000	7000	1.40954827837332	1.20546411700928	0.0285071757298034
7000	8000	1.20705053696572	1.75663101234779	-0.329221614993155
8000	9000	0.797681098416611	1.2535755468142	-0.350121117427288
9000	10000	0.716612850532371	1.60225260506245	-0.871356066179612
10000	11000	0.117211038195297	1.40252673084858	-0.881135930984302
11000	12000	-0.28927004587643	1.93378595717735	-0.934870385085491
12000	13000	-0.478425975330228	1.43638974059645	-1.23750886303548
13000	14000	-0.803976709968987	1.7991952405172	-1.54810039551928
14000	15000	-1.16654766056461	1.44864503782545	-1.37141438521771
15000	16000	-1.5578077570157	1.75624166207167	-1.31591980327886
16000	17000	-1.87609412851917	1.89659576369601	-0.958622846282785
17000	18000	-1.9327898070698	1.39782453262876	-0.826902809319498
18000	19000	-2.50502581120674	1.65363541265466	-1.12224861308646
19000	20000	-2.27311668799833	1.16627456686764	-1.14484253264801
20000	21000	-2.08760725778473	1.43310028602714	-1.31467408051095
21000	22000	-1.89085627096584	1.13671249314909	-1.27687327322724
22000	23000	-2.08357378721649	1.13824203006789	-1.66361317956658
23000	24000	-1.84040523761656	0.701031823566322	-1.53373726208643
24000	25000	-1.45574666910871	0.936189169805155	-1.83821069283103
25000	26000	-1.46197057922375	0.483889291766246	-2.11837202383406
26000	27000	-1.1002426388565	0.115407487602898	-1.98405586836515
27000	28000	-1.11187392077682	-0.0688870603633827	-2.51765107463971
28000	29000	-0.821049155025806	-0.444853645348253	-2.07960661718388
29000	30000	-1.26174538757208	-0.833311922781113	-2.21446016272326
30000	31000	-1.30057343005717	-0.65427882735302	-1.65734268980547
31000	32000	-1.68776809554481	-1.03120536704863	-1.52909762371646
32000	33000	-1.64020838237562	-0.987306158009807	-0.957488296366618
33000	34000	-1.9240233305487	-1.45245717454323	-1.0411084201642
34000	35000	-1.73251537998661	-1.47861546519605	-0.570084329127455
35000	36000	-1.73085474867212	-1.99933958560544	-0.514741731030191
36000	37000	-1.33587090967016	-2.36572085487452	-0.553538346953522
37000	38000	-0.87935509383619	-2.25543935598267	-0.283635966794623
38000	39000	-0.67318599628036	-2.80821440816456	-0.37821761283104
39000	40000	-0.22013827161588	-2.51770503691855	-0.218550668886789
40000	41000	0.167732901449638	-2.74883225065633	-0.488883842703085
41000	42000	0.200867716479766	-3.16787515963436	-0.157651041633252
42000	43000	0.318013455931432	-2.7165675341354	-0.00481689739099656
43000	44000	0.283144161131879	-2.87029152780187	0.412295665665513
44000	45000	0.690397976689825	-2.96804224090146	0.182631970396494
45000	46000	0.712166673133791	-2.55226503979412	0.45008916208024
46000	47000	1.10866404104399	-2.56465371651895	0.108072164717836
47000	48000	1.22786516732223	-2.19701394462533	0.439630661071237
48000	49000	1.47030162891709	-2.08020283803394	0.0351630256564491
49000	50000	1.91030575500873	-2.35942523317448	0.469247963142919
50000	51000	1.6201060323204	-1.5329326030842	0.110625681879497
51000	52000	2.07753601373627	-1.36933203769322	-0.32895602420357
52000	53000	2.19219808175979	-1.11495925934547	0.198760627750402
53000	54000	2.29299258562584	-0.608086736144172	0.0471644152162549
54000	55000	1.74199641416841	-0.665006915785488	0.153808501021218
55000	56000	1.47443429541302	-0.642060704969338	0.653403356951264
56000	57000	1.57374795088764	-0.0982619584510538	0.425807383942651
57000	58000	1.55590558726432	-0.00303860664355849	0.981228569092979
58000	59000	2.00734237084992	0.454846888838798	0.986090417311129
59000	60000	2.05582754647658	0.114943647953793	1.41041618360821
60000	61000	2.46295165563223	0.426405451200197	1.32776748636319
61000	62000	2.26886875599601	0.469810603048351	1.77770523483284
62000	63000	1.96693093678506	0.80905581810585	1.6123087733857
63000	64000	1.62428507114274	0.471068931931125	1.43397782879919
64000	65000	1.51962132043452	0.906016165687053	1.20659915639114
65000	66000	0.995711303198566	0.831736356186976	1.45600805693052
66000	67000	0.915421670474199	1.06093664057613	0.925764086922874
67000	68000	0.378273973830635	1.15167165513854	1.15952538615356
68000	69000	0.1859761959782	1.37671886596107	0.668991880746388
69000	70000	0.273745103294237	1.28958470228484	0.101720332381498
70000	71000	-0.307612969053643	1.07834931006726	0.0587157711459452
71000	72000	-0.274721377979926	1.58032899734965	-0.256050196195566
72000	73000	-0.768452942631945	1.81073507031344	-0.336671393849496
73000	74000	-0.802039326865741	2.34944277529484	-0.671811381604513
74000	75000	-0.896162515169385	1.69878943397828	-0.93791190020124
75000	76000	-1.13115907699952	2.21193842634499	-1.30721004155304
76000	77000	-1.25245531340454	1.74212121109338	-2.04704243645958
77000	78000	-0.71927910270717	0.839498606420448	-1.11498155739969
78000	79000	-0.942810417280024	0.407755761408417	-1.41545252885002
79000	80000	-1.48984917909046	0.288060354014941	-1.21460123718234
80000	81000	-1.7283328514146	-0.0578765644854436	-1.71009540649702
81000	82000	-1.83099753470303	-0.40621182782509	-1.25421829863273
82000	83000	-2.40683537811881	-0.681587309621701	-1.39256759546492
83000	84000	-2.1608101913305	-0.888856465647862	-0.889655596365392
84000	85000	-2.49566717418833	-1.30002574812231	-0.901427617343096
85000	86000	-2.42532597597329	-1.08999925603892	-0.462417983758118
86000	87000	-2.26495167533273	-1.43323670753246	-0.293450985121271
87000	88000	-2.64653293358467	-1.48631599585466	-0.0266044546008167
88000	89000	-2.46332677268453	-1.04044508010225	0.108482308565712
89000	90000	-1.97152836539631	-1.13114673851528	0.271607291030336
90000	91000	-1.8307369653558	-1.01559208717055	-0.208323066000593
91000	92000	-1.51591697137856	-1.42353188295612	0.035690667048878
92000	93000	-1.19697411253733	-1.58542119964239	-0.415427991251628
93000	94000	-0.818829747493503	-1.67752338100424	0.0580405698873657
94000	95000	-0.587518713866207	-1.69013434068527	-0.537428614369411
95000	96000	-0.144268636384376	-1.70131768529618	-0.132890642865425
96000	97000	0.23883603736487	-1.63133903962333	-0.597198258203048
97000	98000	0.638232710742835	-1.50346221107539	-0.145641427258048
98000	99000	1.20170917195616	-1.31474940035074	-0.393467648996544
99000	1e+05	0.846730813094704	-1.04430061298372	-0.816464670729765
1e+05	101000	1.40126883757279	-1.05428165585058	-1.10413833804874
101000	102000	1.0443835475488	-1.29632877417463	-1.50168394067011
102000	103000	1.56740960450403	-0.944302662401499	-1.77349653636913
103000	104000	1.06581773040367	-0.804757941851876	-1.97822194175035
104000	105000	1.28222939376672	-0.478932585288803	-2.561037931213
105000	106000	0.725831109367246	-0.412268929229527	-2.36165381235367
106000	107000	0.257649458503622	-0.556806704190193	-2.64144360618676
107000	108000	0.0143233580240699	-0.398898923534842	-3.11318122860886
108000	109000	-0.0554272410330275	-0.0644445118638685	-2.69116796558794
109000	110000	-0.393062446015778	0.0823577413175178	-3.07795829806699
110000	111000	-0.102171702615663	0.431130323201872	-2.80718463398691
111000	112000	0.111703824815595	0.190309769920889	-3.1313162723053
112000	113000	0.466855639339329	0.440270752488482	-2.89881379239691
113000	114000	0.556452156739074	0.0723840688291345	-3.16360224605487
114000	115000	0.972573660805115	0.211198119600201	-2.97343366816779
115000	116000	0.585223125346054	-0.0202049999642603	-2.68644932509521
116000	117000	0.682546136298083	-0.404265145075454	-2.94120645840442
117000	118000	0.604331608777854	-0.92092445722712	-3.11290888677018
118000	119000	0.869007572832542	-0.889822051761426	-2.63280452819811
119000	120000	0.957081639383225	-1.34642630515422	-2.62440495605895
120000	121000	1.40005016022343	-1.47619263642022	-2.80104803255055
121000	122000	1.47076131361836	-1.04140215025764	-2.53465834926203
122000	123000	1.30441239005917	-1.28852994129135	-2.18829662809914
123000	124000	1.73602179998059	-1.59146550996191	-2.24769797898568
124000	125000	1.74214466659116	-1.45246872211598	-1.70298553985834
125000	126000	1.66125963691881	-1.97074261093269	-1.61830237710723
126000	127000	1.54977680429548	-1.70831421292935	-1.12438865627427
127000	128000	1.06764676644309	-1.75310978335417	-0.863614588868834
128000	129000	0.908425661850064	-2.19632753519572	-0.635399964170531
129000	130000	0.869872263973986	-2.73480934229973	-0.450830367270947
130000	131000	0.637470059027992	-2.29782078746025	-0.13107678398325
131000	132000	0.338278494258428	-2.18378311334125	0.291651769570141
132000	133000	-0.125228532874006	-2.41408729482402	0.364935633357299
133000	134000	-0.394169522550936	-2.96900543702066	0.238372709204908
134000	135000	-0.682587552414448	-2.45762197229824	0.287832501908706
135000	136000	-1.10150258833636	-2.67082741852919	0.0817970931943638
136000	137000	-1.22904497268051	-2.26638228953785	0.194051394628718
137000	138000	-1.67000310167561	-2.49569242584914	0.135971908366333
138000	139000	-1.63474005810986	-2.0111945861145	0.114296373515107
139000	140000	-2.09017420769115	-2.06046704096241	0.0871124752124416
140000	141000	-1.94430380542505	-1.80106408809351	0.462779932007572
141000	142000	-2.21790378365244	-1.56140177558076	0.22780075903367
142000	143000	-2.52688733666065	-1.77451532048109	0.539668417336699
143000	144000	-2.41447694328775	-1.31813870192714	0.589314833919017
144000	145000	-2.05480564286057	-1.35797969173238	0.815640556686735
145000	146000	-2.3078688225903	-1.00785409799378	1.02066199488811
146000	147000	-2.13256924680131	-1.28790279531133	1.54601517909031
147000	148000	-1.70754467124166	-0.829341605311709	1.47004577298154
148000	149000	-2.06740246652424	-0.532790995959679	1.60022287586242
149000	150000	-1.76762870312715	-0.323625084086924	1.13414339461614
150000	151000	-2.286425124996	-0.17303353074387	1.07656381976218
151000	152000	-1.91976052624443	0.176563131904169	0.877985639758841
152000	153000	-1.74554881754492	-0.0722087030965745	0.451507551627032
153000	154000	-1.6534009378562	0.0654687102521877	-0.111656416104495
154000	155000	-2.06752776284036	0.0292265100096218	-0.610563856815403
155000	156000	-1.44126827748866	-0.168400682795335	-0.712718099254657
156000	157000	-1.22870720741048	-0.543462831781756	-1.05766057364972
157000	158000	-0.749793196916409	-0.318392649322522	-1.3107383247438
158000	159000	-0.648052124167235	-0.921009440290761	-1.39818708306813
159000	160000	-0.153088541207696	-1.07521149706106	-1.05740310578061
160000	161000	-0.170657320079931	-1.65002855679274	-1.45856991083848
161000	162000	0.395821616292627	-1.43260928219261	-1.42760909690832
162000	163000	0.342779985644916	-2.0510060577561	-1.72895196002545
163000	164000	0.697302418767186	-1.96473635938545	-1.269264984027
164000	165000	1.16746347632636	-2.22164833158053	-1.27020041921905
165000	166000	1.30178077351829	-2.64547217383588	-1.00174330829378
166000	167000	1.73804725450654	-2.31054864575693	-1.05215167306333
167000	168000	1.6140022083029	-2.10721357176076	-0.642013957547734
168000	169000	2.12106815642722	-2.1286058831176	-0.616825717066434
169000	170000	1.83561910471939	-2.3930738813077	-0.252738736318067
170000	171000	1.96831548557785	-1.97239239956885	-0.0450557997549541
171000	172000	2.08518757911872	-1.77957622690537	0.34639148918739
172000	173000	1.81234526242668	-1.60932819280789	0.68285639479447
173000	174000	2.02131352693886	-1.20255698559677	0.803125922967278
174000	175000	2.11802860198611	-0.990348697195732	1.18274183397598
175000	176000	2.31774439577582	-0.628461642805811	1.43279174977995
176000	177000	1.98315649457772	-0.43937398591778	1.17234667475758
177000	178000	2.43496520227235	-0.172322709332712	1.16498377154775
178000	179000	2.09778337424602	-0.113978408608271	0.759025869545124
179000	180000	2.48828606055516	-0.0669727788943733	0.400021432687919
180000	181000	2.02364768777576	0.0380981947248292	-0.00854939562042332
181000	182000	2.23412697315007	-0.136042082187266	-0.519390014616988
182000	183000	1.63295345719671	-0.157429457522069	-0.475261929887065
183000	184000	1.80258742347968	-0.737038409968832	-0.515340065324742
184000	185000	1.1666338293394	-0.586030727530261	-0.192518671761171
185000	186000	1.03358025734243	-0.999886979475955	0.294419340797314
186000	187000	0.455806280428896	-0.827299595375804	0.255831859456009
187000	188000	0.0324710679206468	-1.13066098115959	0.665699012705333
188000	189000	-0.410386382061683	-0.685582617629114	0.669018663689505
189000	190000	-0.567264578496283	-1.18977732061949	1.07815426393092
190000	191000	-1.02275638882722	-0.773951068680396	1.0177488050764
191000	192000	-1.20731445102748	-1.15769190166354	1.5011923564048
192000	193000	-1.25199631839649	-0.447332061156737	1.46277909472726
193000	194000	-0.825374762650211	-0.599739134635354	1.67148758503348
194000	195000	-0.614260521782834	-0.0699791038812734	1.53396399783947
195000	196000	-0.105105426132901	0.0306595494268695	1.82580445018286
196000	197000	0.0543046961094751	-0.068847012259596	1.31556703094827
197000	198000	-0.220973883781544	0.14564358972012	0.812497671289606
198000	199000	0.136845018023902	-0.279318923411781	0.528192331330946
199000	2e+05	-0.189350606686536	-0.124820817929327	0.0310638211753919
2e+05	201000	0.0695242435050922	-0.522906277400911	-0.406942763469564
201000	202000	-0.498776925517067	-0.348488713608913	-0.625839756762428
202000	203000	-0.768769724414671	-0.908067397365965	-0.616520583137594
203000	204000	-0.720437405350881	-0.854232946069333	-0.0194138461104634
204000	205000	-1.17311131227452	-0.478371886740958	0.105245102319325
205000	206000	-1.3683624588821	-0.899069636231019	0.433220254009964
206000	207000	-1.93200280643267	-0.571155760146602	0.146561089552175
207000	208000	-1.97873487881066	-0.686960506215614	0.656824404366516
208000	209000	-2.46777694182768	-0.501178442947612	0.548210507414244
209000	210000	-2.40658747969055	-0.160359705051797	0.125622156884465
210000	211000	-2.35834777254512	0.0691105592612486	0.547921444386254
211000	212000	-2.38811582430659	0.392991894058613	0.242912484768628
212000	213000	-1.96822886317399	0.514849402398235	0.42764260580363
213000	214000	-2.06108620215361	0.867558860983607	0.0679987179017251
214000	215000	-1.49812031123425	0.88324775271931	0.216053161567367
215000	216000	-1.52242533224547	0.793347175980038	-0.364129998059982
216000	217000	-1.01582869836429	1.11363508718879	-0.419790244911306
217000	218000	-1.36618791459416	1.18867915905977	-0.837081547706891
218000	219000	-1.4006899642329	1.76771930660228	-0.739569760948135
219000	220000	-1.57080926079966	1.6745971217844	-0.26592280657835
220000	221000	-1.34707739656076	2.22139523723618	-0.183330174590233
221000	222000	-1.16960636844667	1.9901424222563	0.31653833431491
222000	223000	-0.824467016652535	2.45886944234937	0.406398623274701
223000	224000	-0.830325562996266	2.23709693402723	0.904523928676872
224000	225000	-0.814133124287855	2.72535990512364	0.952860656769992
225000	226000	-1.20560200769617	2.66652538237302	1.09550988708247
226000	227000	-1.22500406038227	3.08608239541002	0.919634111702188
227000	228000	-1.22676453735953	2.79147346054109	0.640200884894035
228000	229000	-1.56932534683391	2.79788344304515	0.821038128349308
229000	230000	-1.57082789141849	2.47848854635925	0.487952399460918
230000	231000	-1.31650200774202	2.33002103786249	0.828483840796896
231000	232000	-1.6729495020153	2.29255145260355	1.18186857298094
232000	233000	-1.4298703240194	2.55142760659609	1.60106957581459
233000	234000	-1.28385114333101	2.11815374913742	1.44762519140414
234000	235000	-1.25347703252881	2.37314419614447	2.10999204369702
235000	236000	-0.893474179752884	2.34031585449355	1.55886195513322
236000	237000	-0.722504464450705	2.62846109210183	1.87978351038001
237000	238000	-0.376506635107177	2.63520626327075	1.5066519961719
238000	239000	-0.340101048210891	2.50736350708999	1.06473351758048
239000	240000	-0.192611939210796	2.09392685644494	0.900004761297758
240000	241000	0.260557521825392	2.45217038503492	0.763231609207125
241000	242000	0.435489875168854	1.90612240588783	0.841934996774522
242000	243000	0.910831005335774	2.12012889584217	0.97984806571164
243000	244000	1.25303260051494	1.69883128509819	0.771196142271626
244000	245000	1.66299951433626	1.87621718445087	1.11560730522472
245000	246000	2.01974406832652	1.82273095833563	0.721578135043675
246000	247000	2.1652145434284	1.40038066226979	0.779096268380376
247000	248000	2.46447583721678	1.70614116745548	0.829500002157494
248000	249000	2.59155426777813	1.29855453538046	0.914624138860997
249000	250000	2.78933566708004	1.54659468676476	0.656506596174025
250000	251000	2.54310085328353	1.34049255199663	0.479326602646044
251000	252000	2.53110398692151	1.76295115235453	0.36182952245104
252000	253000	2.83122349548045	1.57535864998699	0.14928935660839
253000	254000	2.42625114513661	1.50596932747771	-0.0330967684676427
254000	255000	2.64273994370156	1.84473359299475	-0.317476984073946
255000	256000	2.88984994911391	1.0976596480268	-0.278425014933219
256000	257000	2.28853429369474	0.906789891145537	-0.131197456248385
257000	258000	1.86552129802556	0.754496098459594	0.180340813673673
258000	259000	1.7170556501879	0.691059507584354	-0.374876449901216
259000	260000	1.45730432942556	1.13800656425125	-0.730928011497747
260000	261000	1.17479479615097	0.654486914496143	-0.760705855147881
261000	262000	1.16631257503405	0.119024911172521	-0.979953064702271
262000	263000	1.74569152949814	-0.00842283490869639	-1.16108577242645
263000	264000	1.57024855485733	-0.292295888462198	-1.60076642931236
264000	265000	1.77879156056208	0.192873072913707	-1.79117722482027
265000	266000	1.75637336260827	0.736813154656749	-1.87178515394166
266000	267000	1.70865210738144	0.478882110145349	-2.38196158479352
267000	268000	1.17030732530591	0.706909483594863	-2.270959061436
268000	269000	1.19782419485916	0.185759782771548	-2.12817763168155
269000	270000	0.63653755809087	0.361689969216029	-2.03993484954866
270000	271000	0.857660015058849	-0.152690706346665	-1.67645255929701
271000	272000	0.287139349513553	-0.203224982507354	-1.54612624012095
272000	273000	0.106057739013369	-0.759985630217256	-1.53117442950996
273000	274000	-0.0775224108328008	-1.26000045857773	-1.98450691817211
274000	275000	0.404951296907272	-0.868359490025654	-2.04158939249902
275000	276000	0.34914441342332	-1.21558035286967	-2.48295089912881
276000	277000	0.463081417486092	-1.88471419360935	-2.56482740805984
277000	278000	0.760869585374823	-1.59058160514655	-2.02796826555616
278000	279000	1.07605234142321	-1.98614188928084	-1.85919595307431
279000	280000	0.809301175870548	-2.50943582504823	-1.68152107857336
280000	281000	0.511156152357201	-2.58619462743715	-1.19681956336507
281000	282000	0.0855603036768574	-2.33257430542722	-1.01068783159806
282000	283000	-0.265281357754223	-2.79364125794895	-0.935907382686021
283000	284000	-0.406256026005903	-2.29289216396662	-0.695588962876664
284000	285000	-0.804943472486777	-2.43027841906813	-1.04511083329906
285000	286000	-0.800313283527313	-1.82218479772618	-1.11255639257319
286000	287000	-0.992356148962566	-2.13750284884347	-1.6801683537917
287000	288000	-0.769067999071815	-1.41286909509664	-1.80220678974911
288000	289000	-0.652611567432369	-1.21805912821844	-2.35384609040421
289000	290000	-0.264827095766355	-0.755620722791986	-2.22443298924346
290000	291000	-0.319661872459102	-0.747645980790263	-2.75304128744503
291000	292000	-0.150232808928086	-0.189174170857975	-2.15959007871055
292000	293000	-0.58354104043833	-0.155779942268931	-2.5680272174697
293000	294000	-0.418526119383987	0.3403833299847	-2.34434080165924
294000	295000	-0.808581135040279	0.45998448727612	-2.71698538477233
295000	296000	-0.867548172197677	0.55833783807689	-2.22726474882355
296000	297000	-0.960050982941623	1.02019328502296	-2.458347383281
297000	298000	-0.672495105344264	0.959453447345406	-1.84502677031858
298000	299000	-0.526744889586341	1.46541048330769	-2.03127236323487
299000	3e+05	-0.134649627898773	1.4716356364291	-1.66402990071258
3e+05	301000	-0.257982895919714	1.98624963227547	-1.52930012563275
301000	302000	0.191195220469385	1.90589943207975	-1.2594750945357
302000	303000	0.191485003636892	2.35936743344307	-0.855949702752329
303000	304000	0.33882195430864	1.96591012751988	-0.419266044523321
304000	305000	0.362359927325345	2.39155430944278	-0.0371448107150299
305000	306000	0.149730514589151	1.87051557405414	0.222609101007265
306000	307000	-0.3319926648449	2.15941495169843	0.172586292897952
307000	308000	-0.516341402955035	1.64255282509858	0.472894152665058
308000	309000	-0.880191954390487	1.34560275936154	0.793818911074449
309000	310000	-0.367245624255504	1.22438958064722	1.06878903769212
310000	311000	-0.617492869031328	1.34050227579542	1.54741240853454
311000	312000	-0.182893527067156	1.5928944582404	1.63060885561956
312000	313000	-0.0472185279565986	1.74574386855138	2.21837624609855
313000	314000	-0.400616198270385	1.39461024298365	2.14889848412357
314000	315000	-0.101862108075415	1.07547850697404	1.9631441725684
315000	316000	-0.0442372848186314	1.05287754241298	2.40623371729012
316000	317000	-0.0206706786719776	0.600925725266229	2.2526427580925
317000	318000	-0.509742614631628	0.609764929058319	2.38503428379063
318000	319000	-0.510744493169034	0.38427361912084	2.9573696394596
319000	320000	-0.9712923990843	0.313539608118262	2.53389527965676
320000	321000	-1.35455583892366	0.176156466285365	2.66482455242722
321000	322000	-1.18622479595912	0.354364533781423	2.94430325118714
322000	323000	-1.58885472735933	0.31059868196757	3.12045524318147
323000	324000	-1.36843763176244	0.71431768915108	3.0294025030686
324000	325000	-1.66869292526965	0.63698117139897	2.80895465444926
325000	326000	-1.34444788093884	0.796174098294572	2.61762569875784
326000	327000	-1.65873631844317	0.993692845015682	2.56635005392007
327000	328000	-1.34124626428977	1.14264936529559	2.37254132605481
328000	329000	-1.69724615450066	1.14163749871576	2.1655227982787
329000	330000	-1.36536504578692	0.859612150090083	1.9711070658839
330000	331000	-1.84650707783111	0.664953643250743	2.19947892779571
331000	332000	-1.46842643474783	0.422902147640944	2.17104115362713
332000	333000	-1.80834884981338	0.1498611198898	2.32016016926518
333000	334000	-1.4840553680806	-0.162990111078323	2.1729502547794
334000	335000	-1.85459722661501	-0.46521740628428	2.25486550805348
335000	336000	-1.50588337858081	-0.646088990596647	1.97591418715981
336000	337000	-1.38688560686277	-0.995544262292997	2.25942164787315
337000	338000	-1.20851982963682	-0.605911510169604	2.48009967993156
338000	339000	-0.855999980096354	-0.807448928166537	2.23820029023014
339000	340000	-0.58495997834488	-0.748214563172158	2.65228346842848
340000	341000	-0.164037276844149	-0.760849236799464	2.31904688415758
341000	342000	0.268497098590982	-0.621244429704313	2.09310528720404
342000	343000	1.11226459136964	-2.73637784511409	4.0342414116602
343000	344000	0.806636288406578	-0.623510619716956	1.90652773996595
344000	345000	1.28285734279788	-0.593249246805455	2.1577863290563
345000	346000	1.29707221384898	-0.172141814627794	2.48750272325842
346000	347000	1.52695547934386	-0.0397291908910846	2.04615057292162
347000	348000	1.88871291719045	0.166449659286573	2.25712415033178
348000	349000	1.86412660169467	-0.284027530036414	2.29411965743612
349000	350000	2.26816674250494	-0.159111564603332	2.15801844337341
350000	351000	2.02278849497085	-0.203415095494997	1.85838969014925
351000	352000	2.09432935988205	-0.632894491673483	1.94657951030291
352000	353000	1.71292123673148	-0.454361593327159	1.69351705135306
353000	354000	1.64064136183976	-0.924264079477698	1.67152783534696
354000	355000	1.20884781020583	-0.427883769304866	1.56090081319995
355000	356000	0.926911907784539	-0.1195782377506	1.96259958719254
356000	357000	1.12635122518675	0.190580231996341	1.64145285050505
357000	358000	1.09433185698563	0.409239639276481	2.15556570778575
358000	359000	1.51852738154614	0.58444993322507	1.94099023969636
359000	360000	1.28506881297701	1.04338335467338	2.06512870738495
360000	361000	1.42561048607679	1.32972584175214	1.5934357624816
361000	362000	0.924020238472948	1.51032473155301	1.51323829957832
362000	363000	0.507788191082861	1.56524881013914	1.82736264519389
363000	364000	0.305660565073978	1.93992353856277	1.54675612003471
364000	365000	-0.0512645913643312	2.18742230093888	1.84050334713241
365000	366000	-0.338610321131304	2.08089551645645	1.45339205861853
366000	367000	-0.589098106419744	2.04719660581352	1.86367427980002
367000	368000	-0.804454288486347	1.87120150921047	1.39831879837518
368000	369000	-1.05190349132826	1.78061498674003	1.80602839754694
369000	370000	-1.57477061779998	1.78352536784709	1.87324899351919
370000	371000	-1.44565049303651	1.45920011912859	1.45585457601848
371000	372000	-1.69563960633077	1.09098024264105	1.63364581764256
372000	373000	-2.24754814979342	0.906578836970451	1.76817868108111
373000	374000	-1.76208651063916	0.49330312810869	1.57466556227652
374000	375000	-2.16095401758778	0.107116679639156	1.76628863915755
375000	376000	-1.62247566342782	-0.0539656421884063	1.6747630651344
376000	377000	-1.12849231911876	0.128612822518929	1.7481572465017
377000	378000	-0.930322397379536	-0.197745757047976	2.12237927082614
378000	379000	-0.415833271457645	-0.207027165049507	2.3521528946453
379000	380000	-0.305434012649645	-0.510930904772197	1.84906802057551
380000	381000	-0.126509399137494	-1.0710432644005	1.77346415281429
381000	382000	0.0812806694546793	-0.720669149389895	1.38266237434546
382000	383000	0.42264752397194	-1.22010065637449	1.29989732083348
383000	384000	0.671871951112005	-0.792853078610177	1.02500142354988
384000	385000	0.623701875472101	-0.223388777089393	1.03342589184673
385000	386000	0.765902560154943	0.0146065772310818	0.379351830311317
386000	387000	0.342905688619054	0.476225349342465	0.350972383023696
387000	388000	0.500228834926198	0.428607607484471	-0.240719473199063
388000	389000	-0.121550069560238	0.559969424344391	-0.481136004766005
389000	390000	0.289734397329207	0.797795767170632	-0.849720439321311
390000	391000	0.0505781026336943	0.735847424123596	-1.38588068364905
391000	392000	0.517313101692013	1.08802815319398	-1.61285441648311
392000	393000	0.825294451815639	0.566546638449762	-1.45883655616331
393000	394000	1.26266499888262	1.0594917744622	-1.61774083211012
394000	395000	1.61931201585117	0.639837433722848	-1.27954956646002
395000	396000	2.28513558176965	0.576862042348497	-1.42010625893446
396000	397000	2.14501072687534	0.691486698700694	-0.88142826797243
397000	398000	2.10391241184865	1.11805966008809	-1.14883964615086
398000	399000	2.45743141813697	1.10191509695348	-0.888541675238033
399000	4e+05	2.49789099924098	1.38458230432219	-1.19839853185465
4e+05	401000	2.64043422970292	1.51638826493861	-0.827690181962565
401000	402000	2.23172911644561	1.67283791590748	-0.923294104408752
