0	1000	-2.12716203213647	1.02783204407157	-0.194407882283974
1000	2000	-2.55728311917804	0.880637081211651	-0.413509809068012
2000	3000	-2.59012670944844	0.807154446936045	0.0478801812898421
3000	4000	-2.18940831151559	0.649921768040724	0.123630722035531
4000	5000	-2.53328319277771	0.346868696399174	0.375841942797615
5000	6000	-1.94131921877421	0.319354332989599	0.397848940208948
6000	7000	-2.30840151630094	0.136143791801387	-0.126799459730581
7000	8000	-1.65820042491119	0.321656699956607	-0.159879764269882
8000	9000	-1.95933331624827	0.542106550132238	-0.847896855937344
9000	10000	-1.3438187473059	0.231899934739754	-0.769695193034409
10000	11000	-1.45365326662429	0.45888958585064	-1.31300495365429
11000	12000	-1.05328501605778	-0.134330844329292	-1.43089614993389
12000	13000	-1.27758015941849	-0.198320804650991	-2.0594950529795
13000	14000	-0.773904943472221	-0.217170176451782	-2.0072201762288
14000	15000	-0.644988844388544	-0.621826635747495	-1.86166286001151
15000	16000	-0.697592803569947	-1.01803733687262	-2.18780559493955
16000	17000	-0.562720087078991	-1.07245671933185	-1.75718433290991
17000	18000	-0.510930537098545	-1.47067661476495	-1.90126710483783
18000	19000	-0.12038644592995	-1.7070555234405	-2.15391240578123
19000	20000	-0.202315597887531	-1.24884187764418	-2.2254926555841
20000	21000	-0.075962064082005	-1.31415987345293	-1.91680759599693
21000	22000	-0.0750206376665816	-0.988442528095695	-1.9812169812377
22000	23000	0.273983020535591	-1.13627626211418	-2.12875783627287
23000	24000	0.0743095484020024	-0.69337502352834	-2.24868869987977
24000	25000	0.488824028795737	-0.664152088108713	-2.49588816905735
25000	26000	0.300369398118904	-0.194030955273547	-2.18279238443402
26000	27000	0.646449525729525	0.0476077250417403	-2.57371433853967
27000	28000	0.704702675769185	0.292432773715382	-2.02035077963385
28000	29000	1.18489259023732	0.406287048675777	-2.30570669810168
29000	30000	1.4512243887919	0.244495611955356	-1.85474659694347
30000	31000	1.44840692639828	-0.321795368697597	-2.03673033898923
31000	32000	1.81707933895648	-0.363890151561021	-1.63608012818163
32000	33000	1.62348276392274	-0.669028764098655	-1.24152691350542
33000	34000	2.12688540975876	-0.777164380824673	-1.2420080058276
34000	35000	1.92253824940347	-0.773255734190284	-0.724170729286891
35000	36000	2.36678382348009	-0.809173760846823	-0.394561740737032
36000	37000	2.17636247915102	-0.467597449242242	-0.0779449103312924
37000	38000	2.68522358626329	-0.248624467320032	-0.0691587339073835
38000	39000	2.21298085135609	0.0720850695455331	0.2572805798534
39000	40000	2.71261805112539	0.38283960862432	0.310631725090693
40000	41000	2.26621515104852	0.695431623145826	0.380240430723892
41000	42000	2.57580533438091	1.02269323778243	0.624194197894198
42000	43000	2.09614853209766	0.934315012776169	0.764909175363719
43000	44000	2.10411204719121	0.51622271316541	0.872754159929508
44000	45000	1.75926641820293	0.661634182683321	1.12286092211754
45000	46000	1.80971397794638	1.02174505438256	1.44564818483647
46000	47000	1.46819755521033	1.20366594849701	1.14076782452276
47000	48000	1.54707766016259	1.67932041768162	1.32714537555724
48000	49000	1.0558519364252	1.581620652164	1.22416791432312
49000	50000	1.06957120008901	1.78737297167037	1.78158992870146
50000	51000	0.75530097460071	2.10472077424159	1.4566580072403
51000	52000	0.388869899872995	2.42709604806631	0.988090816487152
52000	53000	0.0443755984054319	2.19370791916852	1.43276258999342
53000	54000	-0.139560433138819	2.10085016408051	0.877081913226836
54000	55000	-0.525463377770559	2.03654637323471	1.25377946527539
55000	56000	-0.432994938717334	1.5114156835289	0.855171202877921
56000	57000	-0.46600507983223	1.12799445662299	1.23028543086028
57000	58000	-1.02956717849032	1.06988121620249	1.07518109404991
58000	59000	-1.03512150409163	0.842460474079682	1.53154319564164
59000	60000	-1.46238619430782	1.13902571111874	1.60728762870434
60000	61000	-1.56084840077616	1.19465110115486	2.04848652698215
61000	62000	-1.84097718928557	0.925523370452109	1.80537178644861
62000	63000	-1.71485636273141	0.530930511838138	1.93098486133403
63000	64000	-1.48027530771085	0.603305624474563	1.45935719938888
64000	65000	-1.73862004676163	0.213219608685217	1.45886952405102
65000	66000	-1.25812999394978	0.12517082764971	1.14007648141641
66000	67000	-1.30565687147334	-0.433968004981662	1.40770728978135
67000	68000	-1.05588139727884	-0.563703789234782	0.9180660694378
68000	69000	-1.38257874424962	-0.520881160453187	0.462805369329833
69000	70000	-0.885618869125443	-0.489697878108222	0.0987344897106375
70000	71000	-1.07662424745402	-0.408480712201726	-0.493412302762254
71000	72000	-0.712694383728318	-0.897241893111925	-0.592821162120926
72000	73000	-1.31780010244001	-0.864274163963366	-0.932281353566615
73000	74000	-1.66487214199084	-1.15841907536293	-1.39365859516893
74000	75000	-1.05457120762477	-0.901189101189155	-1.44711764226137
75000	76000	-1.27673644803033	-0.901021859289441	-1.97214705470681
76000	77000	-1.02989008918674	-0.594291255686913	-2.5846546311526
77000	78000	-0.40144630054262	-0.315109265942569	-2.46917229217404
78000	79000	-0.0523688752644616	-0.16934749169809	-1.62933696272367
79000	80000	0.373311842108189	-0.572494145053258	-1.61722230367695
80000	81000	0.813875701231216	-0.417738395779615	-2.01367006682177
81000	82000	0.918641510926857	-0.872636072711756	-1.78730297110985
82000	83000	1.40478569786218	-1.08136277703438	-2.11606899900722
83000	84000	1.43565105363306	-0.987825786702961	-1.58504509676877
84000	85000	1.89911631473901	-1.172450546209	-1.59131514335535
85000	86000	1.67655308059426	-1.28135084067342	-1.20224658351689
86000	87000	2.02179750299183	-1.28162970765501	-1.01075130645197
87000	88000	1.66970971656216	-1.3696134360617	-0.742083830633168
88000	89000	1.98923328074994	-1.31890938813856	-0.457329556012615
89000	90000	2.09711294807644	-1.77314475749061	-0.722435009498182
90000	91000	2.45829076026053	-1.33722376940833	-0.679042883183032
91000	92000	2.59053769280099	-0.808327359636311	-0.838945748402466
92000	93000	2.37195372762865	-0.247695123902222	-0.719827941772315
93000	94000	1.84224152132727	-0.108000732080745	-0.390469284868733
94000	95000	1.75432922912108	0.388925512638536	-0.182129529041502
95000	96000	1.48965163226367	0.474292054463203	0.323537571924045
96000	97000	1.28421674950334	0.971388148245371	0.0417791052218537
97000	98000	1.03138626733745	1.10021158318844	0.589356254398607
98000	99000	0.662134755569123	1.54777738550012	0.457658831398737
99000	1e+05	0.437811543447348	2.09916734423212	0.186583611872111
1e+05	101000	0.621265017568297	1.56112223574559	-0.207304939106634
101000	102000	0.87116194966559	1.84493992865817	-0.578591759547042
102000	103000	0.369501554087527	2.13183743986338	-0.519979340951036
103000	104000	0.123129625721068	2.36001493110815	-0.974727156542384
104000	105000	0.0939030726300585	2.40283720917215	-1.54634057052832
105000	106000	0.30560072379595	1.81253693177115	-1.42149039546401
106000	107000	0.327278171973271	1.48128554383885	-1.82421504646502
107000	108000	0.406578316101625	1.60149417736163	-2.36693738811148
108000	109000	0.203712538784922	1.19549511986078	-2.32522521253425
109000	110000	-0.216671122864604	1.00332977869029	-2.28662991356041
110000	111000	-0.219611442720047	1.37694503620507	-2.5078125765096
111000	112000	-0.16594014078948	1.41967786456259	-2.05923985980415
112000	113000	-0.139894151922451	1.80065237650287	-2.31542967780464
113000	114000	-0.357424288126152	1.80150031521591	-1.96303369356822
114000	115000	-0.177934201707376	2.19519725884023	-2.09317887011302
115000	116000	-0.0316009898166436	1.88854646015008	-1.73365193109175
116000	117000	0.295216129290197	1.9902925124855	-1.96827956723588
117000	118000	0.761478669270098	2.00682517607827	-1.94749876670969
118000	119000	0.60912582029757	2.29875390557016	-1.63667565881794
119000	120000	0.809558830884517	2.1002139564211	-1.31431678120441
120000	121000	0.998887307333884	2.54364045005941	-1.29656943708516
121000	122000	0.548452357243244	2.59041321381187	-1.22791569726184
122000	123000	0.673333852502165	2.2976368964891	-0.910483395153624
123000	124000	0.536127790205069	2.7539850862823	-0.641163140490958
124000	125000	1.02766483776941	2.56206081898164	-0.515294916503187
125000	126000	0.784036068302188	2.57736160004419	-0.0284602169812595
126000	127000	1.10600591071805	2.13966401375148	-0.0712817256980598
127000	128000	1.26977371439389	1.71557779123866	0.215261972843775
128000	129000	1.58723735868293	1.87925510674772	0.658809947581465
129000	130000	1.70393885680945	1.35633055042121	0.547307317147242
130000	131000	2.02520089121537	1.57515698342321	0.87022279892298
131000	132000	2.26018475493998	1.22524580697325	1.14457633208322
132000	133000	2.31041722670388	0.629703327544103	1.30297581484574
133000	134000	2.69648142067658	0.473171663416031	0.912545786093977
134000	135000	2.28782349299661	0.0337349106100428	0.880433999661405
135000	136000	2.68645354989043	-0.111178385548822	0.591217232206847
136000	137000	2.34718129091703	-0.375764282907422	0.517473731920532
137000	138000	2.77634338296391	-0.617291258161499	0.352698769950672
138000	139000	2.37324184939533	-0.814996752802846	0.422493217157998
139000	140000	2.61869223474845	-1.06014852863802	0.121819788999666
140000	141000	2.19847930091111	-1.05695542443293	0.121817389865269
141000	142000	2.25596904122272	-1.38775111043908	-0.0316305298668673
142000	143000	2.49281679150608	-1.62951666750006	0.163000658054455
143000	144000	2.2100076927811	-1.43201960506792	0.357894475301957
144000	145000	1.93821640326994	-1.69613123615104	0.33346004782972
145000	146000	1.93027487777589	-1.35361271648258	0.668096246854407
146000	147000	2.13757714375893	-1.87593809398025	0.860567779969209
147000	148000	1.63938242693015	-1.72977352812637	1.05062030094998
148000	149000	1.37867845834963	-1.57501335406868	0.714396519589377
149000	150000	1.30775316717759	-2.07249777922881	0.794144385890844
150000	151000	1.44563735889888	-2.14807646204093	0.349350349968979
151000	152000	0.971798976464475	-2.01356438300294	0.246180897568554
152000	153000	0.94942885696126	-1.46491070875669	0.12899286026897
153000	154000	0.924541635316077	-1.29786649690658	-0.448889446054237
154000	155000	1.03841079419342	-1.65771506942044	-1.15946756350457
155000	156000	0.943690293944695	-0.97593084197993	-1.02513581806928
156000	157000	1.16217941248724	-0.456625958305504	-0.963274028064411
157000	158000	1.19420867807832	-0.0810879130661124	-1.37729926520732
158000	159000	1.43619121252434	0.337889982429132	-1.06417140064229
159000	160000	1.17060951457824	0.746075514942542	-0.640104617929921
160000	161000	1.75479931371297	1.00116021938448	-0.745353404513573
161000	162000	2.03327606368735	1.49506953073846	-0.96477243081648
162000	163000	1.50520205429112	1.49389102222497	-0.441123651284655
163000	164000	1.80814995614537	1.6372549015336	-0.017089191428672
164000	165000	1.67395992536685	2.11654080058674	-0.0761901536964096
165000	166000	1.91516907029357	2.15929077990521	0.349972153547093
166000	167000	1.46150464573076	2.45269112775122	0.263426100300715
167000	168000	1.14398743772496	2.17261310067431	0.461721123618233
168000	169000	1.03597368912753	2.60109028390563	0.620220031437813
169000	170000	1.23511484880058	2.28433763995627	0.967603501635452
170000	171000	0.844608186420427	2.0508769786361	0.957230351313311
171000	172000	0.475241672146881	1.82265156806053	1.14258889972914
172000	173000	0.329809959842233	1.71898658506726	1.59284347480435
173000	174000	-0.124421444364625	1.56822431726238	1.62087573125187
174000	175000	-0.483618283809422	1.76846610643988	1.87422602514037
175000	176000	-0.735752859165193	1.43142898093499	1.75551491111437
176000	177000	-1.15212228436013	1.61151913890664	1.90671371338419
177000	178000	-1.09520659337609	1.4567368151949	1.45721572524508
178000	179000	-1.49949756719294	1.68987925716293	1.35747394960507
179000	180000	-1.0731558202978	1.77287180575892	0.963943291831455
180000	181000	-1.03450499313803	2.20545214346808	0.587640830799585
181000	182000	-0.80497331790833	1.84028870062069	0.19493512322813
182000	183000	-0.410651703106545	2.35534874218696	0.0815106338036634
183000	184000	-0.148366878425019	1.8204413133045	0.252170204233312
184000	185000	-0.00874155593300496	1.22047732852697	0.254409898986796
185000	186000	0.266036229310734	1.06931194180492	0.848300605631707
186000	187000	0.55121234024853	0.526496722912129	0.602264568780842
187000	188000	1.00706754406621	0.167627296712702	1.11485110046701
188000	189000	0.963800386424148	-0.295005591528691	0.751140681761829
189000	190000	1.4932477975107	-0.556632949940618	1.21859644790263
190000	191000	1.19852096074164	-0.955394323407144	0.746370398269579
191000	192000	1.45845852861941	-1.24159568046172	1.29370760279733
192000	193000	0.846827171981294	-1.57807746197389	0.765082460116875
193000	194000	0.716349400196658	-1.28286187374754	1.17698715884707
194000	195000	0.232070694612028	-1.26138103418871	0.913050468700839
195000	196000	-0.233658085392349	-1.22642055996902	1.20863896413168
196000	197000	-0.27671009161182	-0.686935976857771	1.21438964053395
197000	198000	-0.158616614830048	-0.743444133429849	0.522560099116197
198000	199000	0.213721567511657	-0.250680224081569	0.552217441396517
199000	2e+05	0.0880793263779204	-0.294078526667865	-0.136367511346267
2e+05	201000	0.404486937994239	0.307532498621222	-0.22690835637311
201000	202000	0.568411618508593	0.0344318324712013	-0.838149878850866
202000	203000	1.09076331504239	0.0428468108693985	-0.427552513052806
203000	204000	0.915889978921509	-0.481168775628602	-0.167303001107285
204000	205000	1.44288972794124	-0.504395762666393	0.253312297215223
205000	206000	1.46369756970513	-0.815829061171283	-0.263729457763283
206000	207000	1.60723896572005	-1.13222224257461	0.158887756776418
207000	208000	1.61081969319774	-1.51286573338245	-0.134123809454896
208000	209000	1.87625304279006	-1.94558612951984	-0.139912305652578
209000	210000	1.56556140694361	-1.90684942927257	-0.63818725166967
210000	211000	1.31731502212951	-1.95023678049392	-0.237096417936809
211000	212000	1.00903336338333	-2.04774930020384	-0.580972677277771
212000	213000	0.649718004767491	-1.96585339122169	-0.244990184794945
213000	214000	0.259814302484981	-2.1292632593096	-0.550989792145916
214000	215000	0.209930170458212	-1.47994066826184	-0.347988949025637
215000	216000	0.288468246362274	-1.62578083237724	-0.945996312787727
216000	217000	0.112793018479978	-0.865475276420912	-0.890201083447616
217000	218000	0.123719617562281	-1.25904945818939	-1.35400532653463
218000	219000	-0.432788182155295	-1.12034577227083	-1.23159535274016
219000	220000	-0.55148158080103	-1.68917901520384	-1.28372979592141
220000	221000	-1.08546936944753	-1.5900353605105	-1.20057484972419
221000	222000	-0.873828890299604	-1.84173036750916	-0.696799536845642
222000	223000	-1.29938095851102	-1.46538567202637	-0.544040709044774
223000	224000	-1.28733746160155	-1.76635796646791	-0.0919272070579198
224000	225000	-1.65946986718872	-1.73479451490303	-0.303628263685034
225000	226000	-1.85372561088409	-2.07588412413102	-0.359077443960619
226000	227000	-1.97473586173391	-1.76888024914857	-0.621506957223374
227000	228000	-1.78100785771465	-2.06265180690186	-0.752793319928588
228000	229000	-1.62075604986543	-1.74329660127895	-0.877169445221624
229000	230000	-1.38673175094485	-2.13529695036698	-0.925179526380624
230000	231000	-1.3668796390139	-1.9834298310134	-0.543583122099388
231000	232000	-1.55196675127886	-2.43015517747101	-0.494386654218802
232000	233000	-1.21748096099647	-2.35324567074768	-0.205856994526663
233000	234000	-1.53939597645853	-2.21356148838028	-0.136573858784965
234000	235000	-1.59588128300151	-2.6052591233982	0.0967353550595152
235000	236000	-1.50387630779074	-2.1267182764691	0.201775685627732
236000	237000	-1.92086392059155	-2.21261939188158	0.158735999219903
237000	238000	-1.80708588123309	-1.78411959846533	0.197957022324635
238000	239000	-2.12767634052111	-1.68043836916481	-0.0519558440446944
239000	240000	-1.77728584994933	-1.3028360610983	0.0442945258119994
240000	241000	-2.304599554088	-1.06286447550209	0.0366709377525498
241000	242000	-1.90490075553383	-0.790661312811795	0.369948286923765
242000	243000	-2.36730353627117	-0.640529956816411	0.669186976704169
243000	244000	-2.06158560643785	-0.131767412525959	0.71878317937297
244000	245000	-2.39376012831687	0.00837175479434716	1.1482676134699
245000	246000	-2.44539133168541	0.467524400445766	0.973226328043392
246000	247000	-2.06141983201625	0.633852316265692	0.963335269798637
247000	248000	-2.40665285402755	0.85604535354698	1.1510596866316
248000	249000	-2.0799906065416	0.902292686665751	1.31684449883692
249000	250000	-2.21161630380926	1.21014501885454	1.1739860823741
250000	251000	-2.06282928995375	1.0387630084619	0.939726438607245
251000	252000	-2.42652317004699	1.13968172039993	0.847914622930862
252000	253000	-2.14542840202549	1.18656561186599	0.592236249384503
253000	254000	-2.4123443396425	0.964991548199156	0.483375100277277
254000	255000	-2.60166490051925	1.36382116633566	0.390172330887121
255000	256000	-2.42088078506443	1.77767017409101	0.68661929366301
256000	257000	-1.84686318892545	1.66316107667504	0.712185240076088
257000	258000	-1.46784326088066	1.33445012504704	0.578756233307842
258000	259000	-1.26504948675536	1.0367353838866	0.210426382678324
259000	260000	-1.39965120118965	1.018836479135	-0.379932994933303
260000	261000	-0.84036909811546	1.16430462831971	-0.358765908073342
261000	262000	-0.870750019444649	1.82252315168718	-0.5036294370212
262000	263000	-0.244603721354132	1.63544701154549	-0.580211629009309
263000	264000	-0.468846342208627	2.34185920295128	-0.698370843782915
264000	265000	-0.447094614222697	1.93032140798884	-1.13526019297027
265000	266000	-0.69858416044358	2.2599546329524	-1.44727698543973
266000	267000	-0.882501204111519	1.8520366331256	-1.72093301849089
267000	268000	-0.781020300501556	1.51033403974274	-2.1173939378316
268000	269000	-0.552231384802293	1.21888352328754	-1.71267229042796
269000	270000	-0.268224137342038	1.3942049489679	-1.28798241425377
270000	271000	0.0648222917859388	0.950225503208291	-1.36093412382828
271000	272000	0.385588794878358	1.2131647877603	-0.909231441804445
272000	273000	0.77115371903007	0.783216542089169	-1.18459224662285
273000	274000	1.32423435361898	1.11579401417147	-1.23540645720504
274000	275000	0.894752962521254	1.44311748185354	-1.31664281476388
275000	276000	1.27980719549963	1.75401846608082	-1.56111360388793
276000	277000	1.66645420881927	2.22086005758557	-1.3699769380721
277000	278000	1.35819069927105	1.87835872282813	-0.914575010046649
278000	279000	1.59015122145693	2.25505174321151	-0.634984948850454
279000	280000	2.05814158487204	1.93257237884974	-0.4958419832892
280000	281000	2.3235115565683	1.54894053091185	-0.1955221787411
281000	282000	2.12887328075539	1.07113196501991	-0.150460934317991
282000	283000	2.66367091079082	0.902049343893079	-0.136044530713262
283000	284000	2.3402582648488	0.452349184678821	-0.175643023268374
284000	285000	2.67754787546586	0.415682005047697	-0.579795942241397
285000	286000	2.104201914141	0.41168945435942	-0.820553302282111
286000	287000	2.5196507359825	0.667067747841455	-1.23729027136251
287000	288000	1.82420037087469	0.674332142395558	-1.46740109096499
288000	289000	1.70231547717384	1.13441841870676	-1.80880931995821
289000	290000	1.16627081008792	1.01922249126778	-1.82138415054022
290000	291000	0.993638778871779	1.43483738818568	-2.09377688925396
291000	292000	0.63155304381175	1.01608948463167	-1.8485195270997
292000	293000	0.665496082510925	0.882966901369998	-2.3920189981573
293000	294000	0.188069658291115	0.710761089814807	-2.03285608060641
294000	295000	0.179713036428397	0.660748728914032	-2.60710989165529
295000	296000	0.139927615644154	0.300963332968922	-2.28926785303765
296000	297000	-0.19416854872402	0.247400610847856	-2.67087691457935
297000	298000	-0.334735222178861	0.263124263057097	-2.03501793494988
298000	299000	-0.779124806120162	0.443939284800161	-2.35438543343965
299000	3e+05	-0.875383400247041	0.404673566459562	-1.81982588287483
3e+05	301000	-1.41486082829132	0.350741914432574	-1.88147160030177
301000	302000	-1.64699706931849	-0.107797734274408	-1.52179605887143
302000	303000	-2.12353425946601	-0.0161196623896336	-1.24411180654905
303000	304000	-1.91608146910173	-0.114144796780284	-0.709550678046839
304000	305000	-2.35138474551416	-0.462927939530187	-0.56188175360915
305000	306000	-1.73674413788997	-0.550812037555197	-0.280846823441652
306000	307000	-1.91821044575488	-1.03483392524019	-0.599770176466382
307000	308000	-1.25859554340214	-1.04888690321537	-0.123971747384545
308000	309000	-0.734300964064321	-1.42756517303078	-0.0751393200619609
309000	310000	-0.75437964501361	-1.34948234730182	0.485415612865059
310000	311000	-1.24132836681543	-1.25105980739059	0.649072376543035
311000	312000	-1.33224427453521	-1.51279824084999	1.04700757686761
312000	313000	-1.53834701645778	-1.98185193527594	1.32714600438764
313000	314000	-1.29621291194614	-1.64343240272736	1.56635566869727
314000	315000	-0.881713535006437	-1.462308654552	1.37036969595006
315000	316000	-1.08392188064621	-1.14984804384035	1.75457719331357
316000	317000	-0.58403415536665	-1.20914981108409	1.85931427126474
317000	318000	-0.659216538753432	-1.69744206092748	1.88137289293304
318000	319000	-0.293358529890722	-1.92592633510567	2.188977752954
319000	320000	-0.250540811980369	-1.87760357555856	1.59800665958543
320000	321000	0.014677600549625	-2.16442639868085	1.70760637863548
321000	322000	-0.221509298344367	-2.25783937256269	1.53340063221735
322000	323000	-0.281047585314743	-2.40222058245153	1.8595475735486
323000	324000	-0.382923312330298	-2.52776781242141	1.58326441677478
324000	325000	-0.562528590956223	-2.27436794107635	1.65411033186023
325000	326000	-0.609345284817807	-2.43695326237058	1.37462836536792
326000	327000	-0.69557634447014	-2.11870425887012	1.35266428567647
327000	328000	-0.955346621488298	-2.35552790132207	1.25070354314119
328000	329000	-0.820625592483052	-2.10854798564098	0.972530364011815
329000	330000	-0.683183089032604	-2.55814461963111	0.936077435729516
330000	331000	-0.393376785824633	-2.13807098673579	0.997186052803412
331000	332000	-0.18734254975415	-2.53966082309737	1.12136482603888
332000	333000	0.0198625581669993	-2.1684293827005	1.18101370733432
333000	334000	0.349653198072997	-2.47728597496052	1.31408393745031
334000	335000	0.511611386055004	-2.05718858766748	1.27290916226825
335000	336000	0.90757316659717	-2.26094138387737	1.16623610553241
336000	337000	1.09686300351519	-1.8242625375002	1.32496082996277
337000	338000	0.852925306183311	-2.03167179842499	1.68170127382261
338000	339000	0.726141296785418	-1.58330602533869	1.63651355852796
339000	340000	0.862908599806376	-1.36944413391409	2.0496286244402
340000	341000	0.535112621188984	-0.894230101813749	2.05479647886694
341000	342000	0.124338640739367	-0.455746298227443	2.09890832245641
342000	343000	0.507915877036844	-0.241130941196257	4.96828716270021
343000	344000	-0.123472955910939	0.141835306179376	2.0948777175657
344000	345000	-0.593068612378279	0.0608862639442675	2.36219185568416
345000	346000	-0.717686911991723	0.530511816371356	2.55646996910664
346000	347000	-1.1580807868771	0.212774983193439	2.37802300783824
347000	348000	-1.0130795843726	0.489224287999896	2.09777633668641
348000	349000	-1.36498360007008	0.619838430155635	2.35398038622732
349000	350000	-1.26644628942868	0.801476833932147	2.02273732864596
350000	351000	-1.13516466179383	0.990090469336285	2.30658333629613
351000	352000	-0.868955890889355	1.01583501759332	1.98867941930928
352000	353000	-0.754527707600794	1.20347575617279	2.36529992873495
353000	354000	-0.351676103138825	1.09803835013123	2.06088970857527
354000	355000	-0.427512300594066	0.597921178431804	1.98390848449766
355000	356000	-0.69164947022361	0.276506819029905	1.64641514858867
356000	357000	-0.796837609853963	-0.187354346926229	1.88586093845187
357000	358000	-1.23060846938837	-0.286834929035703	2.17301951846956
358000	359000	-1.33929248397801	0.0806064660587106	1.83144430909508
359000	360000	-1.80594697024483	-0.0593576136169399	2.08666836730805
360000	361000	-1.97030005579996	-0.231096669278874	1.60848448586301
361000	362000	-1.87262322041044	-0.563909986814924	1.24826232051553
362000	363000	-1.77869014155444	-1.04951357923545	1.40164183271809
363000	364000	-1.86487969342992	-1.26641824570502	0.972477831004918
364000	365000	-1.87167046253356	-1.75601280336754	0.949506639762059
365000	366000	-1.58889348714063	-1.69538598461937	0.609617282819926
366000	367000	-1.64448175715988	-2.1361023562813	0.714291141717093
367000	368000	-1.22262520341379	-1.95197710498902	0.676674623970068
368000	369000	-1.2530488360547	-2.40572442730703	0.682619394014463
369000	370000	-0.971321547001884	-2.16924267555289	0.378434483595163
370000	371000	-0.863662831351626	-2.58207981003473	0.3530256951309
371000	372000	-0.496103068954487	-2.24512861928979	0.458501087080974
372000	373000	-0.232447524062465	-2.78783728322866	0.556581504172688
373000	374000	0.0461031523278287	-2.2685294080168	0.524543737013042
374000	375000	0.48944005044755	-2.57830815822937	0.64234957423255
375000	376000	0.524607939046141	-2.06742993303203	0.721538441336329
376000	377000	0.16021619627062	-1.7900120843113	0.871930329118834
377000	378000	0.221349635305711	-1.66938150267171	1.42127825550678
378000	379000	0.221353849344488	-1.54901016585826	2.02930007778402
379000	380000	0.143565190916457	-1.07598765907146	1.68745978272756
380000	381000	0.458955217731932	-0.573302964480368	1.47215748602187
381000	382000	0.772903464793172	-0.241808132432302	1.84610619156542
382000	383000	0.687306674901215	0.413043211951076	1.86539061442759
383000	384000	0.227105285171303	0.45466796852693	1.51378099565282
384000	385000	-0.0893531549550268	0.0710690400755845	1.20506144503543
385000	386000	-0.495502048778633	0.126557681320678	0.659580153139292
386000	387000	-0.45190171456144	0.458075708058877	0.169893860705658
387000	388000	-0.719841924452587	0.182170092806885	-0.297016388265298
388000	389000	-0.306860548971543	0.512711247710601	-0.649627100177523
389000	390000	-0.512551458922037	0.294003881356555	-1.16031469380125
390000	391000	-0.824048228680502	0.841947216618828	-1.16004079319786
391000	392000	-1.23861112052003	1.12358288859313	-1.58665324759724
392000	393000	-1.06433166706525	1.45874006837508	-1.08889888230308
393000	394000	-1.64914932050393	1.65600352809573	-1.07489374250813
394000	395000	-1.50588350245374	1.64239115357187	-0.496498787094163
395000	396000	-1.73874427166014	2.08387619714831	-0.191033306717253
396000	397000	-1.69913186957263	1.59850206183137	0.0574831686749366
397000	398000	-2.13087555090409	1.76821906003773	0.154252102223581
398000	399000	-2.09330949616941	1.39019365057369	0.0502229038085192
399000	4e+05	-2.23733643598999	1.64157639046212	-0.221821770411597
4e+05	401000	-2.4598880571597	1.36874100462949	-0.108130890705374
401000	402000	-2.25227545724268	1.30238908516629	-0.454480260475378
