0	1000	-1.89443495747435	0.699923736541673	2.0667220837841
1000	2000	-2.22506391998378	1.11315421275818	2.15218334338039
2000	3000	-1.99690489885566	1.49125305790853	2.37635103501526
3000	4000	-1.52872174283391	1.39705701428471	2.26049169796668
4000	5000	-1.43210301047635	1.95443165517873	2.23896841279738
5000	6000	-1.0220253413523	1.54032528824544	1.87830323669833
6000	7000	-1.58538589293809	1.64892608431349	1.58853141815379
7000	8000	-1.38483885708849	1.06631799379665	1.28340500573724
8000	9000	-2.04211003277672	1.08399097820826	1.07281231899911
9000	10000	-2.30620427554004	0.642467000045244	0.775604419252365
10000	11000	-2.93777309988841	0.728148559504549	0.451357139627224
11000	12000	-3.1172833791111	0.673624264891501	-0.237396988531573
12000	13000	-2.73257079717058	0.743635802591928	-0.725610405965901
13000	14000	-2.42956842333814	0.495097152456245	-1.08402505738281
14000	15000	-1.99280951855368	0.769560285541386	-1.27696094016569
15000	16000	-2.17073228292077	0.92674377814126	-1.80515336512073
16000	17000	-1.74517523430907	1.23462665537716	-1.72548655822814
17000	18000	-1.91289318118361	1.32265669063223	-2.22130088733041
18000	19000	-1.44341273432367	1.3154316057441	-2.55457672282642
19000	20000	-1.74076905824687	0.877250260327329	-2.54371154155451
20000	21000	-1.53404404668982	0.757800018082153	-2.20481492055869
21000	22000	-1.85041453950705	0.501489219361292	-2.38687422912804
22000	23000	-1.48545345017925	0.222350217596398	-2.36009713327478
23000	24000	-1.92547409257422	-0.0117435051329928	-2.62087238587302
24000	25000	-2.05841434425443	-0.302885532640022	-2.18959685022061
25000	26000	-2.23106005332586	-0.814852586204333	-2.2752529877257
26000	27000	-1.92990638943469	-1.10954498258963	-1.89694586184217
27000	28000	-2.05364079167974	-1.66292899446585	-2.02454920674812
28000	29000	-1.47043321048796	-1.77005627115293	-1.79582724660331
29000	30000	-1.2719340500878	-2.02726780917324	-2.34945783874263
30000	31000	-0.892621365063469	-1.51673643721812	-2.35976310307562
31000	32000	-0.520208674746913	-1.60753667470651	-2.80846241186763
32000	33000	-0.0806141337878944	-1.23694301836517	-2.63883554637222
33000	34000	0.369922836468597	-1.43519652328648	-2.87048212683575
34000	35000	0.881606234670854	-1.37611317485772	-2.93218412605947
35000	36000	1.34874022156927	-1.50296976005215	-2.76682292857358
36000	37000	1.63411117264379	-1.89645449777703	-2.53198319134197
37000	38000	1.59822430972432	-1.90576762260661	-1.95043502792005
38000	39000	1.89114661163049	-2.38460294779892	-1.71791654512693
39000	40000	1.72993594988798	-2.26728293809556	-1.1335748804937
40000	41000	1.8925188597923	-2.82454828203021	-0.992249635543628
41000	42000	1.65190909889039	-2.76998032726495	-0.468112619353989
42000	43000	2.15527910804055	-2.79465944977709	-0.407310661118
43000	44000	2.41822743523395	-2.46046088178997	-0.198698754125426
44000	45000	2.46619015413371	-2.00184894169358	0.0340496582799478
45000	46000	2.28308488907189	-2.17714092680212	0.521822759776658
46000	47000	1.85376665566009	-2.03507338134434	0.849189538968664
47000	48000	1.72307918293357	-2.57944810530894	1.08403901919171
48000	49000	1.61595051959671	-2.22100270310261	1.45748080497741
49000	50000	1.64596781757656	-2.20994144918152	2.0419403996858
50000	51000	1.14805534506945	-1.7706031323754	1.80517706328866
51000	52000	0.471062282120115	-1.99658424877828	2.00599722267007
52000	53000	0.399995674918794	-1.97741341810476	2.61176005434431
53000	54000	0.0284152882686754	-1.60032096814179	2.91732209979503
54000	55000	0.376973334866265	-1.19545910041576	2.62480241930136
55000	56000	0.0474809090436146	-0.816037111256403	2.27644987147851
56000	57000	0.451014905611304	-0.360325192829106	2.16243564048905
57000	58000	0.171145944240026	0.155092367745295	2.37993688796007
58000	59000	0.548323560550784	0.493412447996014	2.67982611856903
59000	60000	0.236521832441681	0.615961137329677	3.13340096917159
60000	61000	0.547905480561248	0.843574157275699	3.47192654467793
61000	62000	0.212791798670492	1.14413426824881	3.19986995731108
62000	63000	0.586303737901367	1.46132356813342	3.03104259687634
63000	64000	0.335783418186753	1.13598173537258	2.5962833336274
64000	65000	0.322673143464627	1.59091941784415	2.30876473407876
65000	66000	0.466135268477394	1.23005260164248	1.8293223343623
66000	67000	0.459215958548032	1.78456823995331	1.53799607159578
67000	68000	0.419564615690924	1.7388269669939	0.925417658213057
68000	69000	-0.194776570375369	1.77776940204348	0.756765533096293
69000	70000	-0.226580380710689	1.42969803232718	0.192280908442797
70000	71000	-0.844019298759837	1.24089306538687	0.0643805938660941
71000	72000	-0.895359390336916	1.42043643527944	-0.563697532534367
72000	73000	-1.52642690681984	1.68326101691937	-0.459011404977285
73000	74000	-1.78527950195929	2.02540675648678	-0.927814943876456
74000	75000	-2.23722913112829	1.65504033100877	-1.03439411085264
75000	76000	-2.59617443191647	1.35976031987351	-1.41550726109778
76000	77000	-2.95364587589142	0.70699507054109	-1.67098341295849
77000	78000	-2.50115861408783	0.0810455454722068	-1.6153592214012
78000	79000	-1.7941320580498	-0.154204153356192	-1.40243729732063
79000	80000	-1.33111801800327	-0.423556989899907	-1.75072636237395
80000	81000	-1.18881109776035	-0.496744328194709	-2.30976065546225
81000	82000	-1.22255574198819	-0.792833552948166	-2.76417255578775
82000	83000	-0.781010617996502	-0.489222247828565	-3.10644291914547
83000	84000	-0.435891365540798	-0.962388046846714	-3.15430056088222
84000	85000	-0.0120417856895186	-0.691894798145081	-3.10720206801451
85000	86000	0.440854324657116	-0.749414696327297	-3.25878177571284
86000	87000	0.777530051685561	-0.736298300239709	-2.98760678621579
87000	88000	1.21102133927551	-0.787941032287491	-3.29339407572136
88000	89000	1.33852603327739	-0.380949302573403	-3.04907584032553
89000	90000	0.848390979811974	-0.230970833572708	-2.76386611783446
90000	91000	0.921688737341362	-0.630190420176912	-2.34672364835002
91000	92000	0.853587584547808	-1.17707370372015	-2.27240416887541
92000	93000	1.19348529869427	-1.35996211854969	-1.83628711927215
93000	94000	0.830196268911187	-1.80613504506392	-1.60895395569983
94000	95000	1.11361928934895	-1.7182770465622	-1.02658662460108
95000	96000	0.721055493661988	-2.01364344704723	-0.598593025333209
96000	97000	0.916391312864729	-1.87393869983354	-0.011152759181055
97000	98000	0.645172979589044	-1.86245319652466	0.523961527980062
98000	99000	0.562240325280075	-1.98497848911141	1.15772268022153
99000	1e+05	-0.0833666888244801	-2.01487472097106	0.96503156148325
1e+05	101000	-0.518775826648764	-2.35961020811168	1.28339140429679
101000	102000	-0.660153913943838	-2.42149742628698	0.548171771407743
102000	103000	-1.10524337409412	-2.49411708032799	0.981457148036811
103000	104000	-1.62467147130914	-2.43130911235442	0.737510505654731
104000	105000	-2.2109461896799	-2.65834969614008	0.764412511520001
105000	106000	-2.58821515846988	-2.85180608070248	0.281341649736527
106000	107000	-2.60950662667189	-2.60156652640603	-0.328594480437384
107000	108000	-2.65867394265093	-2.23130346075937	-0.666365705613076
108000	109000	-2.45524513375152	-1.73842746658475	-0.617962568638158
109000	110000	-3.03823768629152	-1.6649765433196	-0.796945346589398
110000	111000	-2.81926963710442	-1.39720740173825	-0.397998120764024
111000	112000	-3.08202582009222	-1.82650250002525	-0.233150234017867
112000	113000	-2.69493016065415	-1.78467994846613	0.0679132815602603
113000	114000	-3.01536038966022	-2.10174916866845	0.234150002631986
114000	115000	-2.64538548155829	-2.03727851079377	0.574086845003801
115000	116000	-2.50548475891161	-2.29269351080318	0.199495339638308
116000	117000	-2.08177404454906	-2.20537221912005	0.0447115681423143
117000	118000	-2.10748147077109	-2.79485606276802	-0.120665342985124
118000	119000	-1.64450408220334	-2.69908936336791	0.14194273904783
119000	120000	-1.66142698098504	-3.23301279854301	0.140429795649483
120000	121000	-1.88780072167517	-3.21453299750573	0.58509708967556
121000	122000	-1.41112748352872	-3.21796078740462	0.66885019139644
122000	123000	-1.5854326923703	-2.92706872748162	1.1360567027583
123000	124000	-1.08099243404095	-3.26996901956731	1.0812159178899
124000	125000	-0.792833310637707	-3.11152887063171	1.54747201347254
125000	126000	-0.426669097243875	-3.30502385798553	1.0861229272598
126000	127000	-0.0491701293138446	-2.87879397429122	0.991362119986256
127000	128000	0.395359590935702	-2.74939550649038	0.696362218846735
128000	129000	0.971121477394717	-2.79375103720604	0.737804093529821
129000	130000	1.36609799915818	-3.16304975988282	0.512978947541222
130000	131000	1.68755873699715	-2.76231023672284	0.332402648447209
131000	132000	1.66490608263431	-2.27786173774492	0.0720516822787411
132000	133000	1.92022837624928	-1.98883392153244	-0.405808636499097
133000	134000	2.39416120067739	-1.86593730185601	-0.726380068814053
134000	135000	2.48002408003345	-2.1344511643643	-1.24540950361579
135000	136000	2.20447707676207	-1.62867016015036	-1.40613258226499
136000	137000	2.28524777417089	-1.85464038507531	-1.89574190108976
137000	138000	2.16794188310124	-1.36196755676652	-1.89925171986831
138000	139000	2.21802924436229	-1.4423932255209	-2.42110886226478
139000	140000	2.06253675430967	-0.987890940789027	-2.22260770931023
140000	141000	1.90306238659258	-1.06379134438977	-2.67318445936253
141000	142000	1.81948608857723	-0.660435261093564	-2.578230058928
142000	143000	2.2361166445347	-0.687866237226909	-2.84202539243317
143000	144000	2.14059964593093	-0.318430231321808	-2.6323138430972
144000	145000	2.18565864759889	-0.342516250209198	-2.18687659096093
145000	146000	2.52125951734622	-0.0444090806011961	-2.44783328173744
146000	147000	2.78381866279752	-0.187267344591456	-1.92383719665894
147000	148000	2.77577769718042	0.44653836289828	-2.0184015588898
148000	149000	2.36837007980263	0.5242059136164	-1.73245976836715
149000	150000	2.37220851665591	0.979388179309502	-2.12514113509224
150000	151000	1.76051189337653	0.783691895900179	-1.91015760525517
151000	152000	1.80850342491195	1.16275270956552	-2.36993897385355
152000	153000	1.33297858533912	1.0866418122577	-2.63829378564703
153000	154000	0.596940296524865	0.789377481133281	-3.05770071315194
154000	155000	0.0876483958110212	0.339014278441486	-2.83238823924553
155000	156000	-0.07718702931156	-0.170959083351276	-2.32590314397487
156000	157000	-0.214312101924591	-0.731031602702621	-2.01058397512374
157000	158000	-0.319749901281195	-1.36604954475993	-1.862089787797
158000	159000	-0.38845999059447	-1.72560533821659	-1.40500506410792
159000	160000	-0.110732666791883	-2.13724041011962	-1.09791207600949
160000	161000	-0.0836517826472446	-2.68271102541961	-0.939670853006846
161000	162000	-0.214538136054846	-3.29839901986471	-0.842383103276076
162000	163000	-0.0371701664709549	-2.90804855893156	-0.289118155449574
163000	164000	0.310661393094585	-2.93431865063555	0.115920862031717
164000	165000	0.699404709402626	-3.31910580995448	0.28184581733694
165000	166000	0.433725729954671	-3.65688230286736	0.637033674962778
166000	167000	0.592476876149637	-3.37269822260446	1.0370959207034
167000	168000	0.225110740321806	-3.20005245487209	1.37615400911084
168000	169000	0.770427893913933	-3.13531375624527	1.49537367353239
169000	170000	0.539408433292405	-2.83922977997188	1.84669792253142
170000	171000	0.994552896448819	-2.56165640678489	1.86431848430388
171000	172000	0.993061754588986	-2.22456967667975	2.33687147521577
172000	173000	1.14035559504958	-1.61075525342956	2.48657157235561
173000	174000	1.08685437603941	-1.05770130092946	2.62358241335305
174000	175000	0.961975485229556	-0.683976222597929	2.98485038588196
175000	176000	0.66252934170973	-0.279569263130943	3.04086333949229
176000	177000	0.512176731655939	0.0280824447149598	3.4216848426067
177000	178000	0.0865453882431074	0.0871363371440047	3.02788102292581
178000	179000	-0.276735461192142	-0.101989996849508	3.37940396765146
179000	180000	-0.427547298891834	-0.467414599462866	2.88934079945843
180000	181000	-0.818288811147774	-0.937361910573534	2.913162966323
181000	182000	-1.12431749241796	-1.25598313911966	2.4942041556459
182000	183000	-0.944998915828955	-1.82810365008627	2.2266483389779
183000	184000	-0.552282973338645	-1.54798286637292	1.76701756374489
184000	185000	-0.0290751528674199	-1.20588087930055	1.49327847526068
185000	186000	0.499059243609371	-1.00880401719613	1.08589107075926
186000	187000	1.11105255424593	-0.895330395218195	0.660237023307236
187000	188000	1.57985647934079	-0.677593560757853	0.06921753935438
188000	189000	2.27751494563116	-0.670696430359524	-0.151602881095736
189000	190000	2.30387208154401	-0.472774178156189	-0.76333945488416
190000	191000	2.81988409103525	-0.0919638777213766	-0.998583184525712
191000	192000	2.29838539782157	0.211678474933259	-1.19186425172761
192000	193000	2.11396962350606	0.764800722556194	-1.21756275849721
193000	194000	1.80363089001408	0.997979081236784	-0.858461217917097
194000	195000	1.58898968724672	1.41538713727561	-0.482675748412338
195000	196000	1.7199338719533	1.40686300989938	0.150821204456945
196000	197000	1.05827366943399	1.38980886025672	0.1529179065622
197000	198000	1.07218455840854	0.688000726641374	0.215724680342032
198000	199000	0.575464214679629	0.492263087259187	-0.242944990217272
199000	2e+05	0.303541061477967	-0.169843320032348	-0.131489198865331
2e+05	201000	-0.299843811181944	-0.341477102250829	-0.51311428541572
201000	202000	-0.219940503610563	-1.03553405653676	-0.66373488388472
202000	203000	0.0795562121135362	-0.75415921766244	-1.22860734547229
203000	204000	0.772434503235052	-0.807129625469569	-1.04328475251206
204000	205000	0.967516084721288	-0.263159250091339	-1.38772111212976
205000	206000	1.54888280244237	-0.511386751514204	-1.56689393048268
206000	207000	1.37046123541723	-0.174370934788403	-2.08612175779985
207000	208000	1.71311111781326	0.0640573448232224	-2.44381234095064
208000	209000	1.75959274810902	0.074945255590909	-2.98934183350423
209000	210000	1.32709551987652	0.421601167969682	-2.95712468188741
210000	211000	0.975855445850389	0.436892605967189	-2.53871423467694
211000	212000	0.887356745874575	0.868692077596054	-2.18973044136979
212000	213000	0.708740492561935	1.45733965167321	-2.44505713334346
213000	214000	0.518239795231191	1.57716510618452	-1.84395387117675
214000	215000	-0.00689826723428855	1.41058487483635	-2.23977480923807
215000	216000	-0.0320070810121953	0.910584480183621	-1.63849448201124
216000	217000	-0.53518543366687	0.708866883144994	-2.13458911433627
217000	218000	-0.931351706403315	0.689617471088713	-1.51033342433087
218000	219000	-0.99758114103076	1.26741604239501	-1.9036466832616
219000	220000	-1.17867149176098	1.69311097169687	-1.5164858309329
220000	221000	-0.850861834246182	2.14073102898404	-1.71992900087735
221000	222000	-1.04060608312194	2.68046255782129	-1.61242985460082
222000	223000	-0.811467411767101	3.26871222237955	-1.30557142517178
223000	224000	-0.796075530765857	3.5244102816638	-0.705001026630524
224000	225000	-0.552963833596999	3.16140680049554	-0.536714857238333
225000	226000	-0.621431912704825	2.71625928102661	-0.581587643541652
226000	227000	-1.00534241393901	3.01623036367477	-0.698560780434456
227000	228000	-1.17120630570892	2.64660813453666	-0.603336480175226
228000	229000	-1.30021360755757	2.81369851974831	-1.01366455208644
229000	230000	-0.928235142542082	2.41152276082423	-0.980333854432943
230000	231000	-0.664750499542111	2.76485369921056	-1.13282586536071
231000	232000	-0.226698351777713	2.68171926926237	-1.00611137238458
232000	233000	-0.265237882566603	3.1932707727568	-1.0756212336222
233000	234000	0.0523411034718612	3.07289685215136	-0.865766568272188
234000	235000	0.0326183397110806	3.60019000133975	-0.853286071280511
235000	236000	0.00945657021372037	3.35516047955047	-0.471821224082502
236000	237000	-0.0382361188206473	2.94923974144658	-0.411522716173769
237000	238000	-0.325181438061393	3.24499179157302	-0.0681584868534807
238000	239000	-0.37564286164692	2.62953803488508	-0.0683941596740766
239000	240000	-0.734465480861715	2.87055477274716	0.24844957037261
240000	241000	-0.75279112688353	2.4085203763151	0.62570124554128
241000	242000	-0.728821535034055	2.78813209044883	1.13817393005374
242000	243000	-0.519107856538755	2.30246468734975	1.43198554852185
243000	244000	-0.639363522861691	2.48779853644007	2.02953143610366
244000	245000	-0.458336851090558	1.98009909338848	2.2379755281727
245000	246000	-0.667720309112919	1.91317110409008	2.77172248671777
246000	247000	-0.659865486607466	1.42616875055322	2.60035021094327
247000	248000	-0.617415773389714	1.4944542802999	3.08868794934246
248000	249000	-0.387014849258273	1.13756933921559	2.89384772015524
249000	250000	-0.602509457412791	1.09958712123186	3.2630403998076
250000	251000	-0.774618723087343	0.954226231142261	2.96805429428939
251000	252000	-1.0810999494204	1.22323954867062	3.09308624834126
252000	253000	-1.12790418045714	0.980733404341162	2.70782404455229
253000	254000	-1.46982788588542	1.20508270388111	2.80187505037979
254000	255000	-1.72586823352525	0.887322235263673	3.00158463847386
255000	256000	-1.51911662360712	0.61886167335945	3.46663157370042
256000	257000	-1.07954083680011	0.292098648897384	3.09815754906445
257000	258000	-0.883383503219759	0.155822133137459	2.55472803271042
258000	259000	-1.05026272393792	0.140175326137904	2.00116486450907
259000	260000	-1.28909670923374	-0.0116035482849808	1.47110584053487
260000	261000	-1.72244119780882	-0.449382474299951	1.50680274323818
261000	262000	-1.41127185784268	-0.99008681992768	1.29159455727987
262000	263000	-1.60604963900356	-1.53260369332283	1.69222705997506
263000	264000	-1.72132475752541	-1.84926278400875	1.19176642510579
264000	265000	-2.29398257482532	-1.9653272979135	1.48537013511705
265000	266000	-2.5516573633479	-1.58014678704849	1.14444872852192
266000	267000	-3.07771314138527	-1.56130875501158	0.890290655197765
267000	268000	-3.11749151129239	-1.21745503788379	0.403944798237709
268000	269000	-2.57184714609056	-1.17007794972927	0.295027380668195
269000	270000	-2.07856278236867	-1.27161125597922	0.0556209309814871
270000	271000	-1.5713285273538	-1.53287235871248	0.23394812508009
271000	272000	-1.3274474634764	-1.50387902983832	-0.379826125539053
272000	273000	-0.802927923862634	-1.87870275869236	-0.321508700896321
273000	274000	-0.988558821084005	-2.22054558102043	-0.820876840223164
274000	275000	-1.11330195550302	-2.74893019860527	-0.546632414451981
275000	276000	-1.45920338855145	-3.18601959214733	-0.563156902677016
276000	277000	-1.11967248046266	-3.64823027130392	-0.317336360578426
277000	278000	-0.797633569960828	-3.47251344805785	0.201789589305037
278000	279000	-0.283813061150872	-3.4126870315036	0.116530129998563
279000	280000	0.186400853628681	-3.70855851054982	-0.177426915953641
280000	281000	0.608119778768035	-3.33860274248212	-0.46062809810868
281000	282000	0.973617720835892	-3.20351957934411	-0.808537768726854
282000	283000	1.07042511961483	-2.74029871383043	-1.07430258303657
283000	284000	1.26360848552492	-2.85775932532773	-1.59840676304331
284000	285000	0.833770789943528	-2.44163665938276	-1.78190395084554
285000	286000	0.513662999516302	-2.87425470109002	-2.02021499128638
286000	287000	-0.0590488971880005	-2.65160322871542	-2.06640348021894
287000	288000	-0.597627862293595	-2.87438438073719	-1.75036109993021
288000	289000	-1.0816729515246	-2.58328553885323	-1.53934192395729
289000	290000	-1.6079621870547	-2.83680078785868	-1.26625693529476
290000	291000	-1.71923550197345	-2.36634122034943	-0.882376943608657
291000	292000	-2.23187883986883	-2.329486934354	-1.19068567097421
292000	293000	-1.97111539235464	-1.67464428720922	-1.0614397378253
293000	294000	-2.57620603079232	-1.68236871820042	-1.32869866812167
294000	295000	-2.33901814849276	-1.16317182101724	-1.18246837004009
295000	296000	-2.7880702100353	-1.10809617608463	-1.56609580130563
296000	297000	-2.46454155507269	-0.625339164654099	-1.39790213284524
297000	298000	-3.00539886453476	-0.537459944575635	-1.13527545571341
298000	299000	-2.73738525960011	-0.437466923516223	-0.641174252233756
299000	3e+05	-2.84904702413557	-0.0234897717938527	-0.307159070755434
3e+05	301000	-2.37918539272908	0.393146959608139	-0.156368538086983
301000	302000	-2.33818276978742	1.02963955107132	-0.0241740566826748
302000	303000	-2.44867133439745	1.5089510238503	0.370887208376594
303000	304000	-2.32795681379926	1.9040054156522	0.81266770583993
304000	305000	-1.7588289892694	1.99127778996838	0.924974776525573
305000	306000	-1.44093471633451	2.09857110102553	0.44104929284531
306000	307000	-1.52937819244789	2.55422279810125	0.0545986597820626
307000	308000	-1.35011866622613	3.1758190831805	0.181766693459834
308000	309000	-0.710506432907956	3.51185019232663	0.497058530710189
309000	310000	-0.008151218066818	3.70543105243225	0.5056369422677
310000	311000	0.554311520053627	3.49176143156183	0.712233634326506
311000	312000	1.02583593570051	3.5299861895244	0.341389624521271
312000	313000	0.9758207102124	2.96638014911426	0.5167160936019
313000	314000	1.48737649006914	2.97376901317136	0.408192037857886
314000	315000	1.25245080923063	2.42080352828715	0.510638582816032
315000	316000	1.6176827413511	2.57046440531361	0.998504516476089
316000	317000	1.83339709202239	2.09966249118428	0.651674671233548
317000	318000	2.13022217355809	2.57468188169742	0.531327764188914
318000	319000	2.60691673947901	2.53604887314031	0.223995386617878
319000	320000	2.27019615245749	2.50259437358449	-0.138594699160589
320000	321000	2.10252809944707	2.30918726865474	-0.437033284674551
321000	322000	2.21043890716112	2.60292720649306	-0.602880109591364
322000	323000	2.33904197040989	2.88066122212842	-0.444266299566818
323000	324000	2.01732112962567	2.8964008667145	-0.56635626290716
324000	325000	1.9903856384221	2.85642327173086	-0.258776235959127
325000	326000	1.7327799477605	2.7240993066313	-0.422510059639548
326000	327000	1.69573197171683	3.09037230802385	-0.358092869974001
327000	328000	1.36739059277612	2.83366149138528	-0.26943523310024
328000	329000	1.33589042806236	3.19031345971309	-0.558016872930105
329000	330000	1.24914506390989	2.66410673902673	-0.713644786294176
330000	331000	1.66647161698227	2.99055378146556	-0.949810686209787
331000	332000	1.69424911587778	2.43533503282338	-0.859433243758499
332000	333000	2.11217551999248	2.62219078299648	-1.0868618288272
333000	334000	2.30531155913594	2.16997514523215	-1.03268791549081
334000	335000	2.52316553588845	2.015666799016	-1.40772260254542
335000	336000	2.3327658957888	1.50385159938981	-1.44190784484598
336000	337000	2.88019147897202	1.3833916135453	-1.45625523365381
337000	338000	2.6676360408266	1.13548123320176	-1.01256187287403
338000	339000	2.99115938551229	1.36697059056481	-0.667184888404844
339000	340000	2.95718124373186	0.979314157649738	-0.209797478018569
340000	341000	2.93878792904987	0.916953576197692	0.467506945564179
341000	342000	3.32135730120607	0.882573296897163	1.23234387366297
342000	343000	4.32269301588826	0.812192542753247	2.37795465976265
343000	344000	2.77544383730582	0.773746143544779	2.21145115487561
344000	345000	2.10465457827212	0.648319357733573	2.19620431750073
345000	346000	1.84892578599386	1.0934618093329	2.38727161462031
346000	347000	1.62610880768052	1.24022872551825	2.82418281113695
347000	348000	1.17691295301349	1.23705882175694	2.6029884281463
348000	349000	1.16181988026988	1.1304737823186	3.10782745449938
349000	350000	1.06480429395759	0.784969330089121	2.81587640866298
350000	351000	0.992379352652202	0.610916659625014	3.20123466796898
351000	352000	1.36987922335293	0.445942194867908	3.04391619321073
352000	353000	1.26764515382432	-0.0260278401391314	3.05840317327078
353000	354000	1.58896626839799	-0.0222952274255402	2.58847827095998
354000	355000	1.28449568949317	0.281661591812185	2.1670488366224
355000	356000	1.44022434730124	0.776557016373631	1.8816149239185
356000	357000	1.46398933179733	1.32814034401439	1.72217130656866
357000	358000	1.49030649125304	1.79807808611672	2.0008709420073
358000	359000	1.14943829256976	1.91090468611292	2.37690908026785
359000	360000	0.721514285497348	2.03621801887949	2.68195064684008
360000	361000	0.421973301701727	2.31044069781423	2.29706409064704
361000	362000	0.362324465268282	2.53696746870167	1.82274395785455
362000	363000	0.561037294693151	2.68653212038981	1.33870249231368
363000	364000	0.35075348163648	2.92470851048746	0.93718786338681
364000	365000	0.407729888336579	2.75898600184185	0.404082234922371
365000	366000	0.318060514561786	3.18315058695632	0.108993729998894
366000	367000	0.513976579015752	2.78572872906934	-0.125091754612661
367000	368000	0.682846139094273	3.36133060160381	-0.280193035307284
368000	369000	0.689623417079391	2.91067053739489	-0.549123612970476
369000	370000	0.759196156650336	3.36055265782593	-0.870206761889135
370000	371000	0.605799299799504	2.75935310102398	-1.07237805395137
371000	372000	1.0520632982949	3.03474026778218	-1.24750035018306
372000	373000	1.1741701643305	2.55290471918812	-1.47203294224492
373000	374000	1.69404663410895	2.55414490260639	-1.65931073862567
374000	375000	1.59420127137357	2.00415210849567	-1.8482153245359
375000	376000	1.71505700056615	1.71923023007271	-1.39869898595534
376000	377000	1.87726322619888	1.7800057521443	-0.885892721429579
377000	378000	2.38852153866195	1.76276787247164	-0.55814626354737
378000	379000	2.64573146901946	1.73655651442259	0.0188217343403378
379000	380000	2.34857416828538	1.26727248186059	0.326754984054936
380000	381000	2.29138137446361	0.585652601828891	0.421312848604897
381000	382000	2.44759597956619	0.00992641540794848	0.634582035227925
382000	383000	2.33496908570215	-0.462769516824269	1.1585724626254
383000	384000	1.77856698945077	-0.19616406653092	1.30578693313466
384000	385000	1.17840670285827	0.0832371908615835	1.14805626334307
385000	386000	0.471521976586266	0.313555117582297	0.934152809510509
386000	387000	-0.216828056425822	0.211494857881927	0.812562243057178
387000	388000	-0.758089708888835	0.290454505784211	0.423894734118097
388000	389000	-1.13090550929706	-0.159434019404943	0.11614353553053
389000	390000	-1.7135770410873	-0.112458869298231	-0.108678194543085
390000	391000	-2.03921986497827	-0.461469776719068	0.363159764027993
391000	392000	-2.57927959674738	-0.311877550369649	0.676631554121318
392000	393000	-2.65308492173981	-0.689547571264506	1.16337671911023
393000	394000	-2.73562514361694	-0.482691718004056	1.74497428433999
394000	395000	-2.18284136321779	-0.613963763780552	2.07462469254292
395000	396000	-2.13062004175066	-0.472688739413371	2.65699703619272
396000	397000	-1.59642855756307	-0.21937923535533	2.59067820425797
397000	398000	-1.78390926754168	0.189239087486004	2.86539573202635
398000	399000	-1.87034302558492	0.300238336541288	2.41625217460396
399000	4e+05	-2.13585283821562	0.557861901796164	2.76278907110806
4e+05	401000	-2.32135347697849	0.414280888929901	2.42855453057831
401000	402000	-2.41903199109814	0.593857766914026	2.04415297569377
