0	1000	2.43254197501617	2.66848350601947	-0.295053402372018
1000	2000	2.175730739026	2.49202381392399	-0.7445342542424
2000	3000	1.82009924025778	2.69333926782363	-0.373839074158044
3000	4000	1.42273510193008	2.95330039095106	-0.370583875816987
4000	5000	1.39022339188978	2.52995934462331	-0.659185429314703
5000	6000	0.945824478493269	2.50870043536519	-0.505105547787722
6000	7000	1.00703027938903	2.01098401260902	-0.330824019368187
7000	8000	0.943030443016559	2.21324241238949	0.198394220018257
8000	9000	0.596200231185217	1.72993620431827	0.158580646027843
9000	10000	0.175176455648612	1.62237052362508	0.444124163552996
10000	11000	0.342581132445258	1.64007840187682	0.98488466031141
11000	12000	-0.30359318194585	1.75876171661198	1.03501937785958
12000	13000	-0.480219887806267	2.18178470877568	1.5267859450427
13000	14000	-0.781903425524852	1.72586315400655	1.53801876601676
14000	15000	-1.25930944862059	1.80286990131809	1.69292560708629
15000	16000	-1.72003293141766	1.89207981721841	1.4989632828714
16000	17000	-1.68133431727496	1.39877926903002	1.5163540035371
17000	18000	-2.19807918455423	1.4267842035681	1.64836061340591
18000	19000	-2.49273008183598	0.842450660339516	1.49287056192435
19000	20000	-2.39893213002468	1.35296881842023	2.26235796090002
20000	21000	-2.65772495409592	1.08747045925727	2.03464319256838
21000	22000	-2.41123659446731	0.829406594036313	2.28478825276578
22000	23000	-1.94362032882111	0.885391054317255	2.20437932191607
23000	24000	-1.70104602299943	0.393229879812222	2.20987485233656
24000	25000	-1.2310319196667	0.234528319109589	1.87139965560196
25000	26000	-0.677364950606906	0.180108395471734	2.10378835064586
26000	27000	-0.331248225393361	0.0541823194080305	2.55181997464958
27000	28000	-0.118113361626815	-0.255185849054772	2.10392694986663
28000	29000	-0.294111966309469	-0.610427545926062	1.74368706541103
29000	30000	-0.488370803953612	-0.98024462798195	2.15177034774318
30000	31000	-0.960463775425993	-0.725083738265279	1.87902745693537
31000	32000	-1.21343091132222	-1.05107497306304	2.21682020451495
32000	33000	-1.63616668589134	-0.971394667738484	1.94018875489695
33000	34000	-1.75946305441072	-1.4406092410145	2.08994315676418
34000	35000	-1.87342713046227	-1.54979333721903	1.61362177187531
35000	36000	-1.58275345288308	-1.98845558564072	1.52182012843393
36000	37000	-1.28764623563394	-2.39050897456749	1.2207101282112
37000	38000	-0.894252827606499	-2.60558844207378	1.57249960906091
38000	39000	-0.639466204234799	-3.0883325234451	1.70164886691118
39000	40000	-0.301260260739029	-2.79999589259413	2.02611831026987
40000	41000	0.155071165991473	-2.93396275360643	2.26280087166271
41000	42000	0.265758133978945	-3.2753487569515	2.70039774083993
42000	43000	0.413065661792213	-2.80039097107781	2.86253976815101
43000	44000	0.544338205250728	-2.36824918711299	3.09101577916792
44000	45000	0.969883014727837	-2.65611059993399	3.07703412475609
45000	46000	1.10530554017097	-2.20919791283104	2.83044845766041
46000	47000	1.56112877099496	-2.04786431463722	2.648082405192
47000	48000	2.06504363467104	-1.95530025415871	2.60141256686076
48000	49000	2.29691266614828	-1.71956240406251	2.2470263400859
49000	50000	2.83931782926242	-1.4463823691514	2.44387286965583
50000	51000	2.66590210803735	-1.27777314677828	1.82021420197988
51000	52000	2.8778677972447	-0.707726772559672	1.72070305821054
52000	53000	3.26403446643229	-0.509329620782804	1.26735182919566
53000	54000	2.77052981506551	-0.298651373366951	1.12259031152724
54000	55000	3.04301313261182	0.0375985639799959	0.768269531472967
55000	56000	2.56228070660101	-0.242739634918621	0.472905453981657
56000	57000	2.69655065142522	0.214211264421286	0.29431715235525
57000	58000	2.51300723223348	0.35924682951457	-0.168963829129453
58000	59000	2.26886096057375	0.520992445138527	-0.837270284666441
59000	60000	2.79488837462181	0.590855653023006	-1.10907869413085
60000	61000	2.51303037474055	1.05055809496214	-1.12062106853185
61000	62000	2.67662065895057	1.01299431050943	-1.61193592718539
62000	63000	2.16473728162397	1.16249213700607	-1.63837608100142
63000	64000	1.77915819714395	0.93094218051674	-1.38386456584894
64000	65000	1.42254597411278	1.26278274140685	-1.54555226463715
65000	66000	0.919501955422166	1.1357321977201	-1.58229353695863
66000	67000	0.522366995777046	1.32080006922495	-1.27808766405776
67000	68000	-0.0315884092870059	1.18302979166811	-1.26777964056869
68000	69000	-0.208498613951117	1.5010715998613	-0.865057918734017
69000	70000	-0.527470030945675	1.28977683474765	-0.509838507322812
70000	71000	-0.33844998334719	1.36029021455419	-0.00743318508843048
71000	72000	-0.885655314854429	1.44956413016898	-0.0532137239929226
72000	73000	-0.949877385464986	1.86623781215765	0.262857198834405
73000	74000	-1.03821549497008	2.37428172075843	0.509407212446108
74000	75000	-1.11904452301913	1.90351839440548	0.968068207996732
75000	76000	-1.15182789151683	2.36067538115433	1.32015194111379
76000	77000	-0.869594199092468	2.14198732474478	2.24962251282032
77000	78000	-0.78783750283741	1.36822558003267	2.21974913152045
78000	79000	-0.864052720646369	0.875958964993209	2.0164728594367
79000	80000	-1.04483273528375	0.623173694684849	2.48022813767752
80000	81000	-1.09876687248459	-0.0202863988484171	2.53549576327295
81000	82000	-1.32576432095753	-0.416906386227677	2.29510285203441
82000	83000	-1.44624704853379	-0.685349152697068	2.92119799850886
83000	84000	-1.88331814261229	-0.82480203543207	2.44343024548731
84000	85000	-2.40066854184914	-0.818636106980723	2.6617084182019
85000	86000	-2.40144379426125	-1.35365807647498	2.38201521919337
86000	87000	-2.54441072503635	-1.16093536932053	2.00155964050918
87000	88000	-2.66090039100963	-1.64252009549831	1.77402221410791
88000	89000	-2.64717579766514	-1.19577391645619	1.38202630466965
89000	90000	-2.35105897767981	-1.61832666768649	1.12358416135302
90000	91000	-1.97226067831836	-1.17553147269376	1.14400097945518
91000	92000	-1.5871144092275	-1.56542338023605	1.04343006579637
92000	93000	-1.17276991080819	-1.85775629128578	0.728339775345123
93000	94000	-0.723124264493108	-1.93679749306434	1.07294391548661
94000	95000	-0.290963471549063	-1.9610819433875	1.37911595228655
95000	96000	0.297396718120084	-1.98679012903809	1.4604895394085
96000	97000	0.842376410948355	-1.83988885580747	1.46474758387046
97000	98000	1.30961976475182	-1.60302353254746	1.44944200262196
98000	99000	1.61203045797954	-1.20465409537799	1.68037167600058
99000	1e+05	1.90518241364473	-1.36450815515477	1.22993405038776
1e+05	101000	1.69246958178848	-1.73250843985576	0.896520418182119
101000	102000	2.20679071322264	-1.69893572586806	0.784859927304006
102000	103000	2.07211177453162	-2.02125368552276	0.39026845929115
103000	104000	2.45340874025345	-1.66171530209118	0.0715723411936515
104000	105000	1.79887823608426	-1.52944876573752	-0.0372851727744213
105000	106000	1.96181339689572	-1.04575825267244	-0.386436894358885
106000	107000	1.3726026543562	-1.04619272151769	-0.272961721642515
107000	108000	1.01180045269779	-0.9474914095065	0.140068997291193
108000	109000	0.663902070429088	-1.00173662048909	-0.247615631235712
109000	110000	0.264378119510677	-1.30925747365702	-0.418844351784648
110000	111000	0.739637447582079	-1.50128910793518	-0.55491050428745
111000	112000	0.741374273938624	-1.1097107575073	-0.883788622322171
112000	113000	0.990601204331483	-1.42941061896056	-1.28450254728009
113000	114000	1.1876228267959	-0.954716298906642	-1.23472820400583
114000	115000	1.5982322562355	-1.25764833368342	-1.47296574846204
115000	116000	1.60221468920062	-1.07635844923017	-0.913572804283788
116000	117000	1.63279794635268	-1.43990115986331	-0.644994377251063
117000	118000	2.17544854454319	-1.55654226827938	-0.816575202464068
118000	119000	1.88867590959711	-1.96807562582348	-0.50657068114899
119000	120000	2.08921451723035	-2.26784576184856	-0.840841968412895
120000	121000	2.02127868417767	-2.70949056573314	-0.491247746842083
121000	122000	2.54351490039678	-2.38982164282245	-0.50260823153843
122000	123000	2.33783556861122	-2.31317256121594	-0.0936834309847095
123000	124000	2.82102443188816	-2.37618972452065	0.136234587286633
124000	125000	2.32812336497453	-2.6369372135513	0.419381344208187
125000	126000	2.56612141030811	-2.32635442258441	0.805643781034151
126000	127000	2.12445797214821	-2.3573604261326	1.1525850319938
127000	128000	1.66128004908226	-2.30362049807738	1.37234956173684
128000	129000	1.83099626787396	-2.55847084598623	1.7940018500962
129000	130000	1.34926290179545	-2.4311656718509	2.00889241892453
130000	131000	1.47144754491278	-2.61237354816013	2.46317321716519
131000	132000	0.970768907398493	-2.79967023683603	2.47710042449799
132000	133000	0.603620819630758	-2.38933956259921	2.48554547731174
133000	134000	0.0175696337662532	-2.3268919654202	2.62242354510177
134000	135000	-0.344275878033667	-2.85670580008163	2.68102886436212
135000	136000	-0.757240994051433	-3.08228847968324	2.39475471270652
136000	137000	-1.09919469219066	-2.8739604878586	2.17714477245454
137000	138000	-1.36652299658495	-3.29861828507229	1.99463414614149
138000	139000	-1.57083425312463	-2.8539021360498	1.78473212092267
139000	140000	-1.78416369425836	-3.08454149336147	1.41249773344213
140000	141000	-2.17222115646263	-2.76182421895666	1.41104638836171
141000	142000	-2.21615005480891	-2.71864243620135	0.953297478742356
142000	143000	-2.72901601359598	-2.81888728742306	0.86978462183945
143000	144000	-2.39100360275385	-2.56616743708066	0.493492811684168
144000	145000	-2.67469979973962	-2.40314902271499	0.196499343068871
145000	146000	-2.55347533619139	-2.07418174466338	-0.18810850047894
146000	147000	-3.07923680251913	-2.00217235877867	-0.68341117357393
147000	148000	-2.59342477931707	-1.63068885346274	-0.757661806809769
148000	149000	-2.72956901416268	-1.27202141207411	-1.02799118529612
149000	150000	-2.43539967707604	-1.12484222358425	-0.574293565230007
150000	151000	-2.73065512709176	-0.697974755478716	-0.507737065561714
151000	152000	-2.64185015859844	-0.939642312517996	-0.0298265856003398
152000	153000	-2.28266482411384	-0.55722405610371	-0.0787024451452825
153000	154000	-1.95460254626394	-0.493580974763628	0.414046838675493
154000	155000	-1.97373760950792	-0.27388548475363	1.01072903292196
155000	156000	-1.50006147958265	-0.611091947432987	0.949268165955817
156000	157000	-1.24482578317649	-0.885326972931206	1.27965677857535
157000	158000	-0.803692083771291	-1.20373493813365	1.29198178596956
158000	159000	-0.356529115285979	-1.13188629321325	0.909335919326337
159000	160000	-0.147072667987807	-1.5862866219751	0.725821243737545
160000	161000	0.293786143084079	-1.84819521003876	0.867136546283769
161000	162000	0.564574562633561	-2.32965044962477	0.707252626831041
162000	163000	1.0131953520412	-2.46223632919707	1.05159537544928
163000	164000	1.27585171887862	-2.82575474173555	1.35999719424256
164000	165000	1.76210946798141	-2.89400608610929	1.18470062977298
165000	166000	1.95131614010925	-3.18837270171654	1.58997919622136
166000	167000	2.44867238866335	-3.0164284335739	1.32428163766825
167000	168000	2.56542367683984	-2.60148660535721	1.51883749753343
168000	169000	3.08819393459196	-2.67246775555372	1.49545432179202
169000	170000	2.88816033607936	-2.21773823441346	1.84649350592671
170000	171000	3.02392524676647	-1.73532540135324	1.58632653551045
171000	172000	3.22242335082422	-1.26869401880526	1.55602110344271
172000	173000	3.10047336939641	-1.12409707217933	1.07634216226137
173000	174000	3.21981339853963	-0.84298515953184	0.686513708031187
174000	175000	3.29960537470969	-0.650440236408831	0.243076746071768
175000	176000	3.16229253121081	-0.359130392411292	-0.178019057586602
176000	177000	3.42481414821433	-0.0057408205468798	-0.446626293344993
177000	178000	2.97745239314375	0.213325850023576	-0.528529930909659
178000	179000	3.06146593104226	0.490646154502547	-0.122108877712384
179000	180000	2.92532097826651	0.735406626395186	0.400082341761495
180000	181000	2.61233593590516	0.544871012695452	0.987677535269831
181000	182000	2.18726853028244	0.468850479020406	0.705251570976059
182000	183000	2.0859511367076	0.138081183533875	1.06104033783845
183000	184000	2.09260683991441	-0.442228078286911	0.911112325209647
184000	185000	1.85414234524668	-0.533065312760499	1.40847112209999
185000	186000	1.54795304129077	-0.809983030195065	1.03089211404064
186000	187000	0.0839494487234037	-0.414035044461314	-0.326720165437713
187000	188000	-0.527523064654413	-0.599273611504405	-0.431915978104007
188000	189000	-0.646021703467	-1.28972382018768	-0.619131054772603
189000	190000	-1.14092553816393	-0.911402026010469	-0.354922425988186
190000	191000	-1.68775130340947	-0.948147781768069	-0.485534506684679
191000	192000	-1.85112339868651	-1.40752404243477	-0.8944624313652
192000	193000	-2.11400206681303	-0.87259072377403	-0.987267272838357
193000	194000	-1.7283974903541	-0.784921605395878	-1.31187066361853
194000	195000	-1.23850264487379	-0.986844353479638	-1.58975133768839
195000	196000	-1.13474635830799	-0.48647267889006	-1.37103072045989
196000	197000	-0.887219374119416	-0.158758982709194	-1.10862883334041
197000	198000	-0.74933892137941	0.39824088809033	-0.921550733978487
198000	199000	-0.814297109693619	0.0964155594441333	-0.399468263763976
199000	2e+05	-0.409125322218595	0.0123960196878629	-0.0480376622183107
2e+05	201000	-0.644964554925025	-0.129402330904946	0.398484606731866
201000	202000	-0.438432725662536	-0.683900916379911	0.375116042378978
202000	203000	-0.817191362881358	-0.65092811955939	0.759759537332835
203000	204000	-0.893893375669542	-1.09378053990103	0.424501582959639
204000	205000	-1.38138231341361	-0.95740856007275	0.30492647580612
205000	206000	-1.55801323524113	-1.46003033953847	0.358334292014717
206000	207000	-2.08028663882132	-1.26696211389684	0.532419289824329
207000	208000	-2.55455526588884	-1.60405460049229	0.478777666823596
208000	209000	-2.669099162585	-1.0518131201211	0.68336968071124
209000	210000	-3.2201251913296	-1.04020430994478	0.692615368524113
210000	211000	-3.03027608203417	-0.549653138126465	0.753826393029971
211000	212000	-3.1604002940558	-0.403163343935139	0.311142268022995
212000	213000	-2.71700176397229	-0.223551443847266	0.402814022790004
213000	214000	-2.573573650306	0.138204058456155	0.119156164717484
214000	215000	-2.23423659114683	0.137977861685275	0.491947319618093
215000	216000	-1.97149443605142	0.553596110107521	0.344153545267766
216000	217000	-1.60200282573944	0.598447466316349	0.739775886258356
217000	218000	-1.83308895040726	1.04326949029133	0.684858072038964
218000	219000	-1.41691980129151	1.28719545209888	0.833955200673463
219000	220000	-1.72932954329387	1.61268099470687	0.609536422263874
220000	221000	-1.66764120470027	2.03705454306465	0.365677469812573
221000	222000	-1.71588944429122	2.07187981061067	-0.17247358183076
222000	223000	-1.42597847547686	2.44944714993839	-0.417089636294242
223000	224000	-1.66238052510839	2.42285746492784	-0.930614079786711
224000	225000	-1.56109431245301	2.93190516961503	-0.811800889611294
225000	226000	-1.9762875005756	3.16172760422473	-0.889922446104118
226000	227000	-1.70984992601395	3.64067561286065	-0.702725822156607
227000	228000	-2.18529494935241	3.55684055257348	-0.543960241947792
228000	229000	-1.89182376076477	3.34579667757097	-0.231651809391518
229000	230000	-2.38263997562328	3.02900939488428	-0.187448958298852
230000	231000	-2.05540461723253	2.81601011188696	-0.473513006339268
231000	232000	-2.52344787326498	2.65647291572939	-0.850191284014002
232000	233000	-2.65477013762596	2.34614173212463	-1.42957520838261
233000	234000	-2.45595034357887	2.84050666241969	-1.46632107328465
234000	235000	-2.58587516885545	2.86274527520164	-2.12960000072895
235000	236000	-2.00693379496538	2.68427507211776	-1.80636065319523
236000	237000	-1.7040425176401	3.08919649943855	-2.02502593384766
237000	238000	-1.29090283718251	3.04731628654791	-1.51891827614465
238000	239000	-1.1838623027366	2.63270698487827	-1.22849986678796
239000	240000	-0.820597986520054	2.57905367177379	-0.925436462805283
240000	241000	-0.297312921471737	2.64054641151226	-0.710734569557314
241000	242000	-0.12541256100571	2.16037736896216	-0.874604085129509
242000	243000	0.210713454005466	2.33870765354763	-1.22176010012085
243000	244000	0.781463990494608	2.29840829094693	-1.15160746668495
244000	245000	0.901457657483464	2.62911459857414	-1.65815737076742
245000	246000	1.46413402902028	2.79109072417298	-1.49345946816127
246000	247000	1.49097628741668	3.27933563169	-1.61271182948197
247000	248000	1.95937787777	3.18944074844352	-1.4933901782877
248000	249000	1.98748480759609	3.50582048615161	-1.89080632793349
249000	250000	2.3498935095474	3.53834387079361	-1.56223165925134
250000	251000	2.01828110262402	3.78908301618619	-1.40138222437291
251000	252000	2.29284920709924	3.5876033176503	-0.984475533384831
252000	253000	1.97255550617788	3.77634162439715	-0.660132252423565
253000	254000	2.18832743251489	3.37831412480835	-0.467404175303309
254000	255000	2.18501416179913	3.26463170762325	0.098598622071967
255000	256000	2.14506687817965	2.55649104558741	0.668195784671494
256000	257000	2.2631796857344	1.79322120144561	0.819560573224812
257000	258000	2.51137743407175	1.29764854985878	0.774211296702484
258000	259000	1.9960103473157	1.20764344117449	0.849165925719115
259000	260000	1.54277023327997	1.42597512843688	0.69034170655738
260000	261000	1.46320339880621	0.942233312205385	0.600097429332919
261000	262000	1.42517692744309	0.645441758069426	1.0546957325705
262000	263000	1.51797383697217	0.286970933137305	0.62085694952307
263000	264000	1.71276346786375	-0.107796523786739	0.367502047631249
264000	265000	1.61160021947174	0.241591088576498	-0.0682528471265602
265000	266000	1.26695733555889	0.266222366755097	-0.484734106818315
266000	267000	1.62054436958233	-0.247001361076264	-0.614654249506515
267000	268000	1.04505979830878	-0.343205196505871	-0.601953331501647
268000	269000	1.16012070114492	-0.268758038215199	-0.0719327148825072
269000	270000	0.749279876449019	0.0743660669212512	0.0979552757618197
270000	271000	0.858402039142805	-0.152888663839138	0.601111220886223
271000	272000	0.471467658852771	-0.583571876405991	0.560094569275033
272000	273000	0.266150953363973	-1.14277160955192	0.459854664599733
273000	274000	0.340701169627658	-1.22241212000645	0.965582534111337
274000	275000	0.889900791081683	-1.14595677588433	0.890380747353297
275000	276000	0.916598654526407	-1.58064360877732	0.587194438471541
276000	277000	0.921041804505819	-2.17828829230685	0.0274613742552608
277000	278000	1.33425233469138	-2.29041502366496	0.527761178860376
278000	279000	1.3337712025533	-2.81242225463186	0.627400824886024
279000	280000	1.2091711761731	-3.28575449061111	0.925179260885516
280000	281000	0.754449760797547	-3.07136526361028	1.12594450597575
281000	282000	0.284325577942615	-3.10510799028313	1.00438595567537
282000	283000	0.0710430300173604	-3.22233077795625	1.4759664405342
283000	284000	-0.277380340549003	-2.99524092244197	1.19347002070515
284000	285000	-0.0662447889676878	-2.57696209831166	1.36028002187909
285000	286000	-0.252184706304325	-2.38510243457388	0.877311912218687
286000	287000	-0.332632200284257	-2.40032219252745	0.249488174052802
287000	288000	0.0201606485497565	-1.31058789628756	1.50584099343848
288000	289000	0.290915697804489	-1.10708667845666	1.89726447821734
289000	290000	0.623732833449534	-1.07059174752289	1.4885507886334
290000	291000	0.747215362322508	-0.673303228862834	1.24505659315824
291000	292000	0.245541708352219	-0.493787413513599	1.22715966742301
292000	293000	0.427099353554739	-0.274902890513014	1.68799879137058
293000	294000	0.123551018520829	0.122047069117227	1.61469712317401
294000	295000	0.331488521024916	0.284718154473227	2.08326684288888
295000	296000	-0.111856351761647	0.4873990109307	1.93023856536896
296000	297000	0.0545226872764402	0.754139822212328	2.42717734907367
297000	298000	-0.154670389944794	1.14857497195616	2.00667098229541
298000	299000	-0.240579002799852	1.34361221962095	1.52035227414073
299000	3e+05	-0.126983450088392	1.79108641689731	1.73483874898209
3e+05	301000	0.112005235370012	2.05555289712838	1.41924230535853
301000	302000	-0.0392172087783209	2.29229894715349	1.02695843056922
302000	303000	0.468092370414133	2.46005838606961	0.906442364542408
303000	304000	0.239442209927559	2.30013125470904	0.408813806173831
304000	305000	0.247003706585633	2.3810833487175	-0.110345095911785
305000	306000	-0.16383639492571	1.97617210556322	-0.208436428236045
306000	307000	-0.68513165020897	2.11823685462148	-0.329996833495689
307000	308000	-1.06823935405877	1.75787236764259	-0.502647274400267
308000	309000	-0.795331240316361	1.81320481412307	-0.944377940800161
309000	310000	-0.902107420206977	1.33922985952005	-1.23047941863174
310000	311000	-0.675474534050848	1.6876062716321	-1.59966484311673
311000	312000	-0.871397949666031	1.65086835983181	-2.06536016007673
312000	313000	-0.744741104329846	1.88268923461952	-2.69854387785949
313000	314000	-0.423691329435643	1.44765383788164	-2.49210078105509
314000	315000	-0.569355743146608	1.2956500629836	-2.92704381437959
315000	316000	-0.499474286059071	0.907163476191267	-2.71498336700901
316000	317000	-0.429212240974376	0.809254796405559	-3.17270990015921
317000	318000	-0.917424716129327	0.578250878622406	-3.09961851227614
318000	319000	-0.896337279610612	0.297391843239965	-3.74418691868814
319000	320000	-1.50958722863369	0.163870477390256	-3.47615319161847
320000	321000	-1.7938211640219	0.364964803769925	-3.71467274106313
321000	322000	-1.9503849469487	0.0044009916592945	-3.898197029018
322000	323000	-2.06957470421134	0.39389280392302	-4.30584737942633
323000	324000	-2.47290775791931	0.315313259843246	-3.87910470045634
324000	325000	-2.77972246639604	0.631597588024245	-4.10782515409493
325000	326000	-2.83899690740719	0.907522853133109	-3.67080987965318
326000	327000	-3.05116651098044	0.888809864835062	-3.25151447285504
327000	328000	-2.71348981766089	1.18838574803731	-3.14027928978748
328000	329000	-2.88743378348075	1.02776447699705	-2.7285676649752
329000	330000	-2.47403109831242	0.691283968515181	-2.8387743695805
330000	331000	-2.82344019156847	0.470228061069812	-2.46857067400125
331000	332000	-2.76831516767741	0.0414413570381775	-2.72363929923127
332000	333000	-2.75403060575762	-0.178331472729297	-2.30266505782197
333000	334000	-2.71919076838284	-0.185151475469811	-1.80512985255515
334000	335000	-2.90842813606944	-0.688767085220841	-1.75080794378357
335000	336000	-2.74750174308088	-0.557517022027107	-1.24844254684831
336000	337000	-2.37787676067261	-0.193457949737763	-1.03929665881687
337000	338000	-1.95489924409633	0.0209798465252841	-1.28516931908267
338000	339000	-1.55723117848624	0.125939967889681	-1.64306481414365
339000	340000	-1.04798444328273	0.150651696937435	-2.10146320867481
340000	341000	-0.504437089522366	-0.150335294089231	-2.29507365998474
341000	342000	-0.022690027946321	-0.178013215558225	-2.15676721022888
342000	343000	0.461700464346024	-2.05138003959706	-4.03590464711028
343000	344000	0.58734108640095	-0.0923475214130069	-2.02274337751705
344000	345000	0.896141126832277	0.109634426051748	-2.41384559884934
345000	346000	1.42001990603997	-0.134741372290614	-2.30495150823201
346000	347000	1.76117074662761	0.414638637235	-2.40775941125683
347000	348000	2.18830714823513	0.0771884256424702	-2.42581831807565
348000	349000	2.38163784608717	0.555964575224407	-2.28338010307307
349000	350000	2.81102523110775	0.232572127610584	-2.22026494255447
350000	351000	2.55896662836873	0.201878194196944	-1.82360471112191
351000	352000	2.8785301262932	-0.10097524999757	-1.59783901799494
352000	353000	2.37745390009398	-0.198982038698288	-1.45560531212066
353000	354000	1.82652289049635	-0.0247998149762371	-1.49384407794556
354000	355000	1.11757647534306	-0.0757602889305654	-1.73404343304613
355000	356000	0.853015461041366	0.377538122802731	-1.85767634683482
356000	357000	1.32793304269139	0.488958769983424	-1.94219269277994
357000	358000	1.22216180596555	0.822981043189273	-2.31719064798161
358000	359000	1.60210086211886	1.04059662505939	-2.05813987504999
359000	360000	1.55105685440127	1.58019669615817	-2.22855531769787
360000	361000	1.0722457475338	1.78270722577534	-1.90088114505711
361000	362000	0.605419420104043	1.94320152547263	-1.9831559594947
362000	363000	0.218832341763644	1.96276813415146	-2.30342323857202
363000	364000	-0.230873513569856	2.20362312291149	-2.24633893309275
364000	365000	-0.732368197576238	2.38813898483943	-2.10883279509209
365000	366000	-1.16358689833946	2.36986271981268	-2.31629600189048
366000	367000	-1.35631099433692	2.12573083573915	-1.96874572148244
367000	368000	-1.64747193945472	2.07260179932836	-2.37086395416837
368000	369000	-1.88902927171095	1.74087375740722	-2.09725687199836
369000	370000	-2.32717241291507	1.65488520575168	-2.47254323908286
370000	371000	-2.40149307160317	1.27921666952506	-1.99113763006177
371000	372000	-2.25645171192248	0.84611443068986	-2.22261643140022
372000	373000	-1.91189733128367	0.338333039579576	-2.50408710303178
373000	374000	-2.20792718010375	-0.381304801200232	-2.58150390348618
374000	375000	-2.43304543144753	-0.956359735221813	-2.30372674832851
375000	376000	-2.30131669581139	-0.86824334964567	-1.73736146332358
376000	377000	-2.1337293845234	-0.374691185522479	-1.8484718418362
377000	378000	-1.67389877206774	-0.644660397771855	-1.85608145606076
378000	379000	-1.1697276681166	-0.67967493909005	-2.21263277875884
379000	380000	-0.799764925229492	-0.466597013563832	-1.8222373884352
380000	381000	-0.421915224092348	-0.0738962620297483	-1.65548348778854
381000	382000	-0.147646595505951	-0.550300712506833	-1.68180821458506
382000	383000	0.220393501005846	-0.193385909974304	-1.46133750242109
383000	384000	0.0185270295390066	-0.476041819547014	-1.12008623618646
384000	385000	-0.0926999776905395	0.0166197379332757	-0.938251235614605
385000	386000	-0.00379166848054519	0.441011016643407	-0.461172165106325
386000	387000	-0.460906300610679	0.603814252708454	-0.170162150868056
387000	388000	-0.254240371716595	0.573023777735443	0.283709031084051
388000	389000	0.221135070711431	0.832104674212079	0.236250969831186
389000	390000	0.277424622051687	0.765383631870603	0.76415253129922
390000	391000	0.744454218237936	1.06346880736383	0.658926115636785
391000	392000	0.852805554789188	0.557095243670763	0.59061512509911
392000	393000	1.11085600401596	0.689859510618602	0.170962795416735
393000	394000	1.47787651423286	1.06068140890992	-0.117006641232491
394000	395000	1.94973398880531	1.14729787099684	0.21267359483904
395000	396000	2.28290250152543	1.46976712461266	-0.175844525685487
396000	397000	2.51666574220884	1.77491535809135	0.195286978114711
397000	398000	2.94391758170676	1.7948347503108	-0.00897681337134367
398000	399000	2.90740529907571	2.20801367645339	0.170258221070044
399000	4e+05	3.21643369032485	2.31793408664381	-0.177946380997162
4e+05	401000	2.99995624939039	2.77010084952814	0.000237200565268067
401000	402000	2.81176891537634	2.70729539504862	-0.504954445331557
