0	1000	1.67547361193664	0.0191685603973821	-1.50690060666653
1000	2000	1.74060767635023	0.171180030870878	-1.19016205001352
2000	3000	1.42116464538411	0.285834541312144	-1.32214035582121
3000	4000	1.19880795833252	0.322451656320755	-1.1348372983058
4000	5000	1.11731507766504	0.564817913368411	-1.28970414866205
5000	6000	0.887095873596369	0.590260730693996	-1.38020934282241
6000	7000	0.669509653076856	0.70397825628117	-1.2558291683709
7000	8000	0.458678872298801	0.442222416807597	-1.17718856765846
8000	9000	0.229833900893324	0.472193792244456	-1.41949148505107
9000	10000	0.174166616056907	0.212458402626942	-1.54393711412298
10000	11000	-0.0422540517898258	0.2144475021967	-1.74339815447833
11000	12000	-0.0585121723167504	-0.0343894779036396	-1.97303768645388
12000	13000	-0.273791634136678	0.103212791742356	-2.21183724557553
13000	14000	-0.494278751906748	-0.0831680445184249	-2.29480618804659
14000	15000	-0.589154113800991	-0.0634341395653472	-2.56598352095664
15000	16000	-0.743526682360441	-0.328372041693985	-2.59765231123882
16000	17000	-0.695163485284776	-0.338398833922699	-2.8992678158274
17000	18000	-0.749611464575995	-0.634647552081419	-2.90265066293118
18000	19000	-0.471169886693625	-0.86548520798601	-3.32108730315196
19000	20000	-0.870507921354521	-0.969711383654084	-3.08592045822221
20000	21000	-1.07634863381918	-0.898171997878977	-3.21542795887155
21000	22000	-1.29658283402384	-0.971067065727284	-3.19270870387159
22000	23000	-1.37320187192239	-0.971276384180394	-3.47138761722158
23000	24000	-1.57256036344263	-0.730150666221358	-3.41328561502542
24000	25000	-1.68398012367052	-0.539022072993543	-3.71336378805301
25000	26000	-1.59361578625952	-0.345157188515722	-3.43217020481892
26000	27000	-1.51608280121921	-0.0676231452342303	-3.59656133113838
27000	28000	-1.5431255697302	0.0454548440227126	-3.242827755915
28000	29000	-1.65400208991788	0.319938912745128	-3.22565413522036
29000	30000	-1.42125055497075	0.398066291492804	-3.00638880386973
30000	31000	-1.60298700542337	0.496914844704165	-2.72946910660452
31000	32000	-1.4259467177896	0.341482833623356	-2.50562534322781
32000	33000	-1.56495985025133	0.190216225315728	-2.3587666340708
33000	34000	-1.48129538825202	0.00472340750723104	-2.20144266365709
34000	35000	-1.7332643732117	-0.0855751376450686	-2.13852271754407
35000	36000	-1.99990342660054	-0.070171482601955	-2.04098454983702
36000	37000	-2.27960193238721	-0.158227761795952	-1.89007649939612
37000	38000	-2.39473629793038	-0.185465402713099	-2.1833203745643
38000	39000	-2.67375662548422	-0.247566564028645	-2.20175852054599
39000	40000	-2.64021544764176	-0.146705481185628	-2.46173171252166
40000	41000	-2.55111907395132	-0.364288208420397	-2.56656135829781
41000	42000	-2.41730599312649	-0.233709444509056	-2.8269073083799
42000	43000	-2.20101249242532	-0.436186327651711	-2.69491905136533
43000	44000	-1.94240215220042	-0.379555781666619	-2.74343270002445
44000	45000	-1.80887838452852	-0.657263111163043	-2.765178436627
45000	46000	-1.60572677239199	-0.649231759185555	-2.53732743576626
46000	47000	-1.69307695344901	-0.897433608388144	-2.407657024152
47000	48000	-1.79096341749832	-0.921970237693795	-2.11458888371826
48000	49000	-1.78574401840425	-1.18334541781316	-2.04448114456281
49000	50000	-1.9327742439958	-1.29330503105138	-1.50351757514347
50000	51000	-1.87964093847992	-1.49126067865857	-1.87013377439105
51000	52000	-1.89468926810163	-1.82001584943583	-1.74534528658366
52000	53000	-2.22226184271332	-1.82060242184793	-1.93394965336582
53000	54000	-2.37335478067387	-1.70164662256336	-2.17751125618609
54000	55000	-2.6774933899477	-1.63650768701325	-2.22085682590418
55000	56000	-2.8821580289044	-1.36969569573936	-2.13343486494596
56000	57000	-2.75959285669376	-1.21413551589456	-2.3197758611448
57000	58000	-2.87516398540399	-1.04479930798194	-2.41449337016255
58000	59000	-3.17776325368538	-1.01618265058364	-2.58471669258311
59000	60000	-2.9265372114925	-0.894435977314846	-2.82568936289485
60000	61000	-2.88631387566887	-1.03059816929429	-3.07985058292432
61000	62000	-2.63821897998546	-0.96263693181365	-3.20617760563643
62000	63000	-2.49544922344308	-1.1666515747743	-3.09924140658569
63000	64000	-2.28399190931999	-1.24919528933786	-3.23300525906902
64000	65000	-2.16394629618481	-1.30295795823486	-3.01111607065652
65000	66000	-2.07268349409949	-1.55709771600093	-2.99541434259853
66000	67000	-1.8367378236392	-1.46615216351897	-2.84902649311111
67000	68000	-1.5984103464772	-1.66331337089365	-2.75260423248925
68000	69000	-1.48066791765983	-1.43817082837435	-2.59409117984113
69000	70000	-1.29616352277672	-1.38773023947792	-2.447196666835
70000	71000	-1.06447353785806	-1.47090817244313	-2.26036841184695
71000	72000	-1.06142121424171	-1.18697333489416	-2.16381212071754
72000	73000	-1.07729148991775	-1.05457911620558	-1.97291191720544
73000	74000	-0.9448217269509	-1.05479043136139	-1.67214616880698
74000	75000	-1.15933053011955	-0.818542150125182	-1.73898151740625
75000	76000	-1.22474361379058	-0.639980645006423	-1.48898002017822
76000	77000	-1.39688596834642	-0.314150929313459	-1.10870397895706
77000	78000	-1.37636852465268	0.0391248391291991	-1.48622106341646
78000	79000	-1.39937085237917	0.304284763940992	-1.58969872479658
79000	80000	-1.51634198545847	0.566913845509304	-1.60281592014466
80000	81000	-1.26120709475674	0.764537428947926	-1.51521654881273
81000	82000	-1.29459111100938	0.935336821279783	-1.7009639453646
82000	83000	-1.52241455482472	1.27288650682663	-1.77523334056698
83000	84000	-1.07315561014271	1.22116808913195	-1.76617934389437
84000	85000	-0.955997672727358	1.54438012621472	-1.72726953076924
85000	86000	-0.658332637349569	1.59042800323894	-1.88317749120032
86000	87000	-0.491923494363937	1.77505353119001	-1.89031486223894
87000	88000	-0.405418939426377	1.98374355253914	-2.07209302179929
88000	89000	-0.273695604476025	2.22319647647671	-1.8753330131033
89000	90000	-0.0722694360302437	2.46547870267317	-2.01014936281867
90000	91000	0.14957276059146	2.44839882814814	-1.80151968860568
91000	92000	0.291973430402133	2.67974087994586	-1.72573310970699
92000	93000	0.422679322825508	2.68594189870937	-1.42792321381993
93000	94000	0.658014899655129	2.4899645755628	-1.54197114097503
94000	95000	0.882656645717889	2.58554512412522	-1.40941798599424
95000	96000	1.01138588873377	2.34289510067609	-1.49469285198402
96000	97000	1.1954569440312	2.35773577590827	-1.30828110785283
97000	98000	1.42564385592067	2.32022406938228	-1.21680646760259
98000	99000	1.46901735385094	2.52729372768743	-0.962474044501006
99000	1e+05	1.743035099288	2.3492452603157	-0.929535304804758
1e+05	101000	1.89908879276856	2.57779510743891	-0.912094727866726
101000	102000	2.13575265381096	2.450694098247	-0.870164097941831
102000	103000	2.23921987720656	2.45654245514239	-1.10821455329778
103000	104000	2.57855839365799	2.38465161843627	-1.07876466675966
104000	105000	2.47526585268635	2.41609026295665	-1.43928317135959
105000	106000	2.43286170438491	2.11618415777314	-1.59934279192573
106000	107000	2.48808403194721	2.11642896794795	-1.95103800445572
107000	108000	2.2650300809375	2.07923680412432	-2.17489408264632
108000	109000	2.14828808585025	2.31072387628621	-2.24990396621021
109000	110000	2.27885600912717	2.55336985050572	-2.34127749755658
110000	111000	2.00524419083664	2.63655470293981	-2.44202480020237
111000	112000	1.81617900292781	2.55249814198837	-2.61076251840746
112000	113000	1.8079262477344	2.69498705446355	-2.86515949205335
113000	114000	1.85764115353417	2.41073489544656	-2.95650934064323
114000	115000	2.01986799125082	2.3786783221824	-3.26197553405139
115000	116000	1.97615257207644	2.12940072223194	-3.07360987155128
116000	117000	1.94610419992343	1.92408550555752	-3.06524573160888
117000	118000	2.02578518392873	1.67771236501959	-3.25553753684053
118000	119000	1.84571299745686	1.60999695028441	-2.98186643241363
119000	120000	1.65423703779732	1.44315734203222	-2.97223985917523
120000	121000	1.77051243177614	1.21388841109691	-2.73754462014407
121000	122000	1.52575411186451	1.39793025337661	-2.54115835131635
122000	123000	1.56970326168759	1.49710806662555	-2.30109575613027
123000	124000	1.36691375368165	1.75584642314797	-2.30650465893355
124000	125000	1.5862917921601	1.88651586501882	-1.97909473653553
125000	126000	1.46093388597302	2.20445768946187	-1.86040822238821
126000	127000	1.63391283676975	2.46340166874212	-1.85345489461427
127000	128000	1.52226084710544	2.66189384620328	-1.68305794588862
128000	129000	1.54644876154658	2.93936075292352	-1.75047409531167
129000	130000	1.29123309358081	3.00964679951821	-1.64867181266587
130000	131000	1.17760860336831	2.97783527729288	-1.86876200152283
131000	132000	0.920775825762359	3.03056665821896	-1.93334088739284
132000	133000	0.916561074196064	2.7536224782609	-2.04562201982438
133000	134000	0.753539391664395	2.6590833915623	-2.35475005369107
134000	135000	0.765617800854822	2.26738328909304	-2.24595370187447
135000	136000	0.710326894145755	2.00840033417549	-2.13651044556907
136000	137000	0.68057919162676	1.77429053639149	-2.07386343243576
137000	138000	0.430456683264803	1.58993416295732	-2.02853057961634
138000	139000	0.611884164853255	1.33775594110764	-2.06790115281097
139000	140000	0.51094362217115	1.0861563167978	-2.14666681224771
140000	141000	0.606215692013545	0.821020396906954	-2.2331841304798
141000	142000	0.762289313033067	0.612771637277709	-2.16681068334136
142000	143000	0.877754809836984	0.354161865717681	-2.39804787595488
143000	144000	1.13624282010883	0.461776911116955	-2.16150542700902
144000	145000	1.39540827408099	0.445491306325743	-2.18308007110183
145000	146000	1.66750872128499	0.554561847860499	-2.18698621457585
146000	147000	2.17324578617406	0.607206978692565	-2.2659309320186
147000	148000	1.87001030864398	0.785307251735162	-1.98404359667777
148000	149000	1.97864504574649	0.902068007323443	-1.78635678368445
149000	150000	1.72620201403422	1.01543919293063	-1.70321348078922
150000	151000	1.68612950584143	1.11917631835852	-1.44094008681691
151000	152000	1.42387048025819	1.28968231055352	-1.44670361864038
152000	153000	1.22410478779791	1.35898366348952	-1.23820859238792
153000	154000	1.04436546519272	1.51709174075388	-1.05346848669246
154000	155000	0.845463666124738	1.47467788575665	-0.716876735229514
155000	156000	0.902041720126629	1.81900230206395	-0.797538459055606
156000	157000	0.963951155391925	1.94379321552219	-0.590563292241678
157000	158000	0.766157302912686	2.1451303376221	-0.470474547517332
158000	159000	0.988866740256753	2.10552354770661	-0.241484171527105
159000	160000	0.94100520468676	2.27084874831671	-0.0722589698928102
160000	161000	0.92606812502567	2.21622434312639	0.146726484026524
161000	162000	0.977698498299966	2.41452577830161	0.344383723605407
162000	163000	0.807159014421485	2.24292093735903	0.505428319188019
163000	164000	0.784528112142785	2.30675190590021	0.748571388452034
164000	165000	0.608597747027831	2.17761873680586	0.82071350124926
165000	166000	0.488893496188093	2.31103373815479	1.00602349227643
166000	167000	0.389587691686652	2.01181145876852	1.07016974635207
167000	168000	0.176410287809647	2.04724141480871	1.13654869150214
168000	169000	-0.0756872894501318	2.11280209263012	1.26607530868275
169000	170000	-0.272535770660765	1.86566427304983	1.45931136207398
170000	171000	-0.539231113733199	1.7802167839455	1.61977853416105
171000	172000	-0.717179401195337	1.67481307091146	1.84178687008006
172000	173000	-0.933807267759087	1.48364563567527	1.882617930677
173000	174000	-1.01779036555408	1.4718621449588	2.13681498573415
174000	175000	-1.21583777671044	1.28780344459484	2.18925809841049
175000	176000	-1.28724450197761	1.31527313055562	2.46571624452699
176000	177000	-1.44198107901293	1.14472688073814	2.66074259041736
177000	178000	-1.66628657372462	1.24774300872572	2.80275364958168
178000	179000	-1.85206991042475	1.19933690762289	2.96126816380259
179000	180000	-1.90667041156407	1.09784220362667	3.24245393123831
180000	181000	-2.22102034723807	1.07229474163969	3.13043888960999
181000	182000	-2.26646180782184	1.25607805983999	3.32460717303564
182000	183000	-2.42632351547787	1.38683571448362	3.20533473753347
183000	184000	-2.6397731989519	1.44555096770474	3.3936230532344
184000	185000	-2.59911909668477	1.75908376356917	3.2843332333165
185000	186000	-2.42838147627043	1.90690134198741	3.44761596742706
186000	187000	-2.46265352475997	2.15458762672869	3.35201277025815
187000	188000	-2.16714301242983	2.23403745610664	3.45884507170401
188000	189000	-2.04517317427246	2.73440241989834	3.65243892396443
189000	190000	-1.78388078199788	2.60853595560384	3.24077001312352
190000	191000	-1.62177570682293	2.77243983494762	3.02914702973145
191000	192000	-1.25806965207143	2.86881287757956	2.93073429059126
192000	193000	-1.39619321218016	2.73537662492337	2.66471982405837
193000	194000	-1.29596328378767	2.78889481741296	2.47473658357203
194000	195000	-1.4238488687725	3.05014812435898	2.36573805044478
195000	196000	-1.36399674761255	2.90071790104556	2.13225013061304
196000	197000	-1.54036274260961	2.90544075263859	1.98410339026468
197000	198000	-1.51644755396584	3.04744237124677	1.70057257767409
198000	199000	-1.63510618440846	2.70392111408394	1.60315849207283
199000	2e+05	-1.64762960966733	2.45655875150353	1.71077466121308
2e+05	201000	-1.77126229454231	2.25535859130434	1.59985101724329
201000	202000	-1.65563620008755	2.12599810142052	1.8513092639444
202000	203000	-1.78063723947145	1.85419306864611	1.91519409744578
203000	204000	-1.64668490343872	1.87339884400649	2.19013559528799
204000	205000	-1.65164243530848	1.7221442053268	2.42180975163772
205000	206000	-1.39403445550884	1.88641291908676	2.58716130760662
206000	207000	-1.60880346421871	1.82680919743649	2.80435318557099
207000	208000	-1.65671581476874	2.12961324450397	2.97239117963367
208000	209000	-1.92308135099177	2.19655202372421	2.68382218940014
209000	210000	-2.19214628259922	2.43054481684427	2.61849789244023
210000	211000	-2.26669157847768	2.19913730030484	2.45656660331141
211000	212000	-2.49759517411352	2.22168638749492	2.32582609370445
212000	213000	-2.46641657974861	1.97708805026164	2.28045179815382
213000	214000	-2.60375452667186	1.84294240571846	2.11576950985021
214000	215000	-2.52679821469007	1.58017867162812	2.16815536407724
215000	216000	-2.45225167091836	1.38586656745671	1.9877798026295
216000	217000	-2.54966064597449	1.15217236670231	2.12142528120125
217000	218000	-2.33209516448587	0.982324849798334	2.14584289206952
218000	219000	-2.44620986154277	0.748663633963592	2.24715131850871
219000	220000	-2.18420777703555	0.63682340519802	2.29715235468667
220000	221000	-2.18092426880902	0.373354948886889	2.41249831687554
221000	222000	-1.88957511578426	0.257868625258036	2.42236041716422
222000	223000	-1.65400039056208	0.376610013996937	2.27117333287055
223000	224000	-1.59935699146535	0.507419307269423	1.97681969930135
224000	225000	-1.30690849882029	0.532150032488842	2.06801458192224
225000	226000	-1.18788839529279	0.564279815815061	1.82963167948484
226000	227000	-1.01895253029005	0.521925343266779	1.55855953998585
227000	228000	-0.834787637418239	0.441381140174913	1.81092134600847
228000	229000	-0.564354761337616	0.40878615969266	1.90712977563788
229000	230000	-0.347502928101434	0.649087866012691	1.91599322485033
230000	231000	-0.33659137432516	0.595408876019477	2.24935789443789
231000	232000	-0.0262166245789402	0.694900976986407	2.36145758050178
232000	233000	-0.188443966976434	0.934315366413026	2.67995070170205
233000	234000	-0.374227890966261	1.2699574708276	2.81138835696848
234000	235000	-0.131315287369081	1.70672562727297	3.008551279401
235000	236000	-0.646393497106493	1.70473377098088	2.9762497419081
236000	237000	-0.708639881645211	1.99449289289485	3.1657143733596
237000	238000	-0.871494812979927	1.75188998660052	3.40812154507388
238000	239000	-1.01099001829782	1.51022051915577	3.3471694600746
239000	240000	-1.01231448454008	1.27751755283352	3.42263301829089
240000	241000	-0.951864567914823	1.16765331373315	3.69971905608618
241000	242000	-0.993769830012986	0.913928356111011	3.57324806416243
242000	243000	-0.97621083939422	0.681629131621112	3.73024952731998
243000	244000	-0.952176987240191	0.363628471635909	3.73283684639019
244000	245000	-0.867292937862185	0.0684897815124973	3.95669685890236
245000	246000	-0.885741367613514	-0.148896169122047	3.71363739893741
246000	247000	-0.786015134880264	-0.385209511756821	3.7657867463933
247000	248000	-0.806148584017371	-0.561572936804388	3.59042154278485
248000	249000	-0.703003526325037	-0.815792134164944	3.59518466038261
249000	250000	-0.754692421234898	-0.894222876370815	3.3565690675959
250000	251000	-0.677228836383288	-1.1113044300807	3.29299448735452
251000	252000	-0.712684444870596	-1.10394502098049	3.02462622941126
252000	253000	-0.524990652842128	-1.30573332800978	2.91657550276023
253000	254000	-0.502703030646719	-1.20770093076501	2.64214675007998
254000	255000	-0.14442677310448	-1.20734305798083	2.57327890736142
255000	256000	0.357249277074386	-1.15471238008374	2.31974600845192
256000	257000	-0.125019086757404	-1.07406551413319	2.04868993201412
257000	258000	-0.184912849929764	-0.937553096476878	1.76414996627571
258000	259000	-0.325794132859445	-0.722204834499666	1.91976070303986
259000	260000	-0.263045658314705	-0.480590925141724	1.81774371446429
260000	261000	-0.256791839331885	-0.334096789838694	2.0452623899523
261000	262000	-0.0310077988595105	-0.126103376027425	2.10178236678985
262000	263000	-0.273156139903986	-0.0628092854037529	2.27228270032437
263000	264000	-0.213870113556726	-0.0041255168461394	2.54643288545265
264000	265000	-0.533579288479947	0.0480011858016872	2.53533500428956
265000	266000	-0.840840961982906	0.140587664298632	2.54834250525343
266000	267000	-1.10018566137197	-0.155772806490065	2.54382385617739
267000	268000	-1.12609554302005	-0.127856823556568	2.16183134896857
268000	269000	-1.26293789030085	-0.180131981916758	1.88413484123979
269000	270000	-1.48482694140459	-0.139049900175291	1.62560893435261
270000	271000	-1.72546261498162	-0.162189742000968	1.85300746918439
271000	272000	-2.03101935452007	-0.163824917087175	1.8276784387094
272000	273000	-2.18520561103782	-0.335568257355209	2.05182311821588
273000	274000	-2.10677390096076	-0.485305722429086	2.27324148959323
274000	275000	-2.31539529771573	-0.587187257296808	2.4668602568647
275000	276000	-2.16606113429677	-0.84475705997782	2.50300262195057
276000	277000	-2.47300830190266	-1.16205162353183	2.79984719152313
277000	278000	-2.08112151333336	-1.4838104598217	2.78531674525715
278000	279000	-1.94726219926392	-1.74341932227439	2.84342804632345
279000	280000	-1.83405010709435	-1.93172948258431	3.08325421755798
280000	281000	-1.57723217324779	-1.98490627199192	2.93746811928021
281000	282000	-1.34872337759573	-1.89025695582296	2.9988083089538
282000	283000	-1.13972203461217	-2.07670890348345	3.01103516693721
283000	284000	-1.06653913266853	-1.89063104289661	2.8093121377543
284000	285000	-1.10754041708642	-1.84414383828385	2.52637993929121
285000	286000	-1.06571149211822	-1.52395531866565	2.43868365781014
286000	287000	-1.37744133679114	-1.1407274899926	2.60349384842161
287000	288000	-1.35924687967685	-1.23680805274004	2.13873556221983
288000	289000	-1.52666507779888	-1.08905969170457	1.92075188600014
289000	290000	-1.77174120536943	-1.23940208768229	1.98533000988838
290000	291000	-1.838210944408	-1.41430762209109	1.80400121583655
291000	292000	-2.10344900699399	-1.52297933260527	1.82057495098688
292000	293000	-2.00957415832376	-1.74817017850806	1.70822420777909
293000	294000	-2.0334967906007	-1.97212991911454	1.75648747228147
294000	295000	-2.06664404836861	-2.15126375718938	1.57255684087526
295000	296000	-1.81606034626308	-2.23417095095121	1.65215858141828
296000	297000	-1.62327718228738	-2.38179602240602	1.421469757244
297000	298000	-1.42972143579204	-2.12105049255543	1.61146592218456
298000	299000	-1.23833107333206	-1.95402450618145	1.47596618053225
299000	3e+05	-1.13433392561932	-1.82985121768059	1.70302807260436
3e+05	301000	-0.922021315126772	-1.75414293176658	1.59850273256131
301000	302000	-0.819804936249217	-1.63090481878256	1.78193691199893
302000	303000	-0.530738063706315	-1.73205263684358	1.70046945933881
303000	304000	-0.610831797204915	-1.83961065839597	2.00605328324639
304000	305000	-0.435017300099679	-1.9716416807442	2.23406394037388
305000	306000	-0.653661219361596	-2.18896456017678	2.22157837203031
306000	307000	-0.713018370684566	-2.48200031962453	2.14767470350502
307000	308000	-0.860665515720451	-2.45549577448981	2.41605405377587
308000	309000	-1.05734871587763	-2.65000233788435	2.51045713841983
309000	310000	-1.1265929553307	-2.912829602758	2.68407113740801
310000	311000	-1.08403224577136	-2.76442794268459	2.92942172979549
311000	312000	-1.01362291820594	-2.84832279883046	3.16815656592219
312000	313000	-0.870446765936326	-2.8283370375566	3.50057787813967
313000	314000	-0.641213164869583	-2.69180999815239	3.30267784015928
314000	315000	-0.553633795498158	-2.46831937374658	3.26164967898292
315000	316000	-0.425386427134665	-2.51152509641029	3.07801956482294
316000	317000	-0.230132677497173	-2.37438456875024	3.0012138427095
317000	318000	-0.0525695921789668	-2.47919198214683	2.76367805500461
318000	319000	0.342052772442824	-2.66155511329235	2.54939603377648
319000	320000	0.0395674082685117	-2.42753777560497	2.21946581049021
320000	321000	0.0364248182421981	-2.39862776755015	1.99568745465146
321000	322000	0.171572255980107	-2.42852531915006	1.80180610321902
322000	323000	0.315209526280428	-2.59818581152009	1.53240861801213
323000	324000	0.533007706230308	-2.48428687137827	1.27199017649925
324000	325000	0.607277464218854	-2.4414309948612	0.990985747031081
325000	326000	0.836534002676909	-2.54179880055046	0.938330153038893
326000	327000	0.882057378553773	-2.4007768480518	0.756010066991895
327000	328000	1.06311342021204	-2.45623356996568	0.62325532454053
328000	329000	1.23731981672182	-2.34417649934877	0.485794044249697
329000	330000	1.46681558405515	-2.4189164535921	0.33749544782075
330000	331000	1.68580334362026	-2.24394371904923	0.22903799898248
331000	332000	1.94901696624107	-2.24320465250016	0.157521958906168
332000	333000	2.18024855079844	-2.23048240369265	0.0556312485094208
333000	334000	2.35423426574238	-2.43824024823749	0.0550205949881583
334000	335000	2.64353017854645	-2.33143774965375	0.103518087387102
335000	336000	2.90556978471374	-2.2667073776368	-0.0262082423028382
336000	337000	3.19022444190544	-2.1856437890329	0.109485848312053
337000	338000	3.30131890255713	-2.01698345807806	-0.132772872281225
338000	339000	3.54882998446339	-1.89131962484541	-0.180196497102958
339000	340000	3.86597317691082	-1.76337085659349	-0.260233859714811
340000	341000	3.62636433616939	-1.64519195500117	-0.498880312584768
341000	342000	3.52450803977757	-1.52778957528456	-0.705506113103779
342000	343000	4.78202522049385	-0.583520051931282	-0.774704761529829
343000	344000	3.47925033253549	-1.57667854018803	-1.00755085119007
344000	345000	3.62700453864408	-1.53170394812424	-1.21841828404089
345000	346000	3.83916357162894	-1.80609444954631	-1.3563677793561
346000	347000	3.53258197911944	-1.954891102171	-1.25747913952528
347000	348000	3.48557414347752	-2.25015946899604	-1.30356805539682
348000	349000	3.5238692174008	-2.33592069552482	-0.987035508915453
349000	350000	3.27348560890953	-2.32906259708026	-0.830733465435356
350000	351000	3.30988905247491	-2.5196959078422	-0.655147575637042
351000	352000	3.2125796062299	-2.696922369416	-0.491587493001835
352000	353000	3.1651598554024	-2.84589870169027	-0.743308660267062
353000	354000	2.84243546842942	-2.89273144148302	-0.739106146417991
354000	355000	2.84081242440998	-2.75333923850652	-1.0506464593758
355000	356000	2.65104073476383	-2.56822300820241	-0.976780217330784
356000	357000	2.47621663442612	-2.44713299623464	-1.09433330132333
357000	358000	2.25056756493346	-2.50788749549747	-1.21910367621617
358000	359000	2.0795750542852	-2.44460751049288	-1.02622471599029
359000	360000	1.78424880885279	-2.63104381648757	-1.00082289345764
360000	361000	1.79224131478987	-2.34765819666048	-0.767822208975033
361000	362000	1.99635205773757	-2.34233358400709	-0.590488756523164
362000	363000	2.05631916382555	-2.07494759504236	-0.543778408402886
363000	364000	2.37220435388678	-2.15657306026812	-0.532902504152032
364000	365000	2.52638594156915	-1.8878031592831	-0.616602287372004
365000	366000	2.80586591406347	-1.8448124385978	-0.732097938185847
366000	367000	2.80614453402666	-1.56914382807571	-0.830168026418782
367000	368000	2.85398888428776	-1.53843354667359	-1.11919299589426
368000	369000	2.77953997773507	-1.49596458767499	-1.40073624173378
369000	370000	2.84407730934107	-1.65521203975283	-1.74317340656847
370000	371000	2.6211449566712	-1.4465865716925	-1.96590994575084
371000	372000	2.84425206761803	-1.35242382137642	-2.10759514774957
372000	373000	3.0185928609993	-1.33028091326339	-2.51866631333021
373000	374000	3.08947386598597	-1.05659965271929	-2.09557889335032
374000	375000	3.2704381283831	-0.76405362384603	-1.97144559406948
375000	376000	3.14524539793947	-0.827568047438463	-1.66904780040813
376000	377000	3.32258742973627	-0.726370694402671	-1.48065804314716
377000	378000	3.08924476956765	-0.74499731899167	-1.2982243464917
378000	379000	3.10325978256731	-0.446682862573569	-1.10338226572516
379000	380000	2.9951152524019	-0.703073124124794	-0.92188314609481
380000	381000	2.90365554596963	-0.574684590223924	-0.678566505326619
381000	382000	3.03861326841349	-0.827823893080959	-0.557999328294965
382000	383000	3.00557481473465	-0.859433927236655	-0.285731321753534
383000	384000	3.0207485268124	-1.08572039344147	-0.153216299183671
384000	385000	3.10037991796194	-1.08149621122244	0.123815854850831
385000	386000	2.99407512019277	-1.25871102116701	0.452178263936258
386000	387000	2.80597969473581	-1.39030395186804	0.196946746271373
387000	388000	2.61383610116838	-1.54459054446038	0.188685459904912
388000	389000	2.3910547264163	-1.40358596064845	0.164927600893338
389000	390000	2.34398218670099	-1.46691591035414	-0.0984922208366714
390000	391000	2.16493228944239	-1.23489187662357	-0.171990017019533
391000	392000	2.22754010800107	-1.30166301270666	-0.434534881412157
392000	393000	2.15470418602203	-1.24238279892709	-0.66280199327073
393000	394000	1.87135689560277	-1.046972200708	-0.746269113444885
394000	395000	2.00892987429224	-1.21574776346074	-1.01307490805468
395000	396000	1.76906653517888	-1.3485375247935	-1.23376650371508
396000	397000	1.97285355085547	-1.10303071209747	-1.36093722503602
397000	398000	1.96705119961472	-1.09547392688251	-1.61765227100884
398000	399000	1.92848410210875	-0.83781426211392	-1.6060813071149
399000	4e+05	1.73858881395194	-0.705917971160488	-1.77855999191623
4e+05	401000	1.89894998606762	-0.432739995975552	-1.72165225074468
401000	402000	1.73854895922445	-0.167060346318786	-1.68239126192993
