0	1000	0.953095951510781	2.17768752620259	0.415362706741045
1000	2000	1.13747243981083	2.03343865991755	0.55932363430145
2000	3000	1.25244360019952	1.84095892367701	0.661512802786277
3000	4000	1.46328162745474	1.62036542291925	0.817675642722068
4000	5000	1.57833211827211	1.42514752266462	0.926069718092633
5000	6000	1.73092383901583	1.28817104587384	1.06316110292123
6000	7000	1.84592257127832	1.1728942225233	1.150814436876
7000	8000	1.99975738249421	1.11061173454235	1.26598302594438
8000	9000	2.08157763542787	0.943605604969407	1.38273190241927
9000	10000	2.26476674039395	0.963216489953394	1.48166579951368
10000	11000	2.27623285406128	0.885883535841656	1.65070297552872
11000	12000	2.41786475490013	1.06071209805731	1.7317139188536
12000	13000	2.41732622844138	0.955440765559087	1.92927469861412
13000	14000	2.62355127280225	1.0742306968744	1.94142413884606
14000	15000	2.61941793475255	0.970785179787754	2.11241463734175
15000	16000	2.81178613238809	1.08890325519178	2.09395871410933
16000	17000	2.79233753572709	0.937174568347797	2.24072370833272
17000	18000	2.96665753934773	0.991153449668652	2.24803116240906
18000	19000	3.06318562796496	1.01291685030291	2.46575753226395
19000	20000	3.06755135009606	0.797449631693149	2.32705467795432
20000	21000	3.06145767904615	0.807109063507242	2.16783537240873
21000	22000	3.15669164819562	0.702026747679844	2.20941844182723
22000	23000	3.27883071027674	0.860964154559852	2.22144940089259
23000	24000	3.35568659328758	0.676658579433379	2.21224180936512
24000	25000	3.49208604349495	0.799621847105116	2.17748523514088
25000	26000	3.37811365710118	0.66376966748966	2.0417977267724
26000	27000	3.55107994278182	0.753263174627315	1.98373006388983
27000	28000	3.4260252508521	0.609427632486074	1.89021461837665
28000	29000	3.51912168903333	0.739780548887871	1.77678926487626
29000	30000	3.55016702246409	0.568719428482858	1.7133743563554
30000	31000	3.50184528890897	0.713020843220341	1.55947987030782
31000	32000	3.41146027058583	0.536079589257151	1.54365344165024
32000	33000	3.30876195155238	0.67169906149549	1.43961707061713
33000	34000	3.27340675881668	0.463651004326346	1.44287828429154
34000	35000	3.16735630440892	0.553925616629358	1.33860122127446
35000	36000	3.16029092699545	0.338258902436405	1.38446082906591
36000	37000	2.97298135736221	0.445384669950716	1.27633796067451
37000	38000	2.97881223407245	0.308761879794534	1.453187427096
38000	39000	2.80828538898545	0.391524413065783	1.39949417772758
39000	40000	2.83522453678176	0.256546444873439	1.55721687930295
40000	41000	2.76851618876402	0.37640069828581	1.6122090961795
41000	42000	2.85466626176152	0.275564943758916	1.76374143327526
42000	43000	2.96234564727107	0.452391092117023	1.71888857074178
43000	44000	3.03319051154769	0.480414109027822	1.92674866332334
44000	45000	3.15088455304407	0.608515380387713	1.78681298451446
45000	46000	3.03941990610419	0.726028103603565	1.94396513344151
46000	47000	3.180206703901	0.83959034734121	1.84589273334368
47000	48000	3.09978249642114	1.00368318459585	1.91092611370543
48000	49000	3.23870797525534	1.05534156626445	1.90787196017177
49000	50000	3.43286266660866	1.29891550043124	1.99752549605143
50000	51000	3.22281494400655	1.23611317351865	1.86359921528415
51000	52000	3.37620180720677	1.25535770583942	1.68968705716617
52000	53000	3.12440116612727	1.29269948737115	1.68576085629881
53000	54000	3.20886011670707	1.13218199898191	1.61364264553985
54000	55000	3.01881249260577	1.18206198776214	1.5238529178119
55000	56000	3.11327465733646	1.02221744599852	1.4653739811973
56000	57000	2.96880246350242	1.00932025990727	1.6483111418195
57000	58000	2.9857488893899	0.868908211398193	1.57372203475771
58000	59000	2.79367405961125	0.897933268272194	1.50868096315849
59000	60000	2.86992632981482	0.750791303390092	1.63477308225858
60000	61000	2.70335998766133	0.695782107692861	1.68641397837539
61000	62000	2.77164276194585	0.701812172983334	1.83108352007917
62000	63000	2.64088082033634	0.526628739149135	1.8650187706285
63000	64000	2.7020432231255	0.615073588249529	2.01617862554048
64000	65000	2.66240152463773	0.443533268937169	2.03633780858417
65000	66000	2.66141009004059	0.560566094926688	2.21525328106244
66000	67000	2.69160601625894	0.374915192428928	2.25266582362703
67000	68000	2.83256516688754	0.467565442216942	2.36660230617022
68000	69000	2.8728403711831	0.351844564952073	2.20614476720538
69000	70000	3.01139615950743	0.423626967218907	2.28502741959288
70000	71000	3.03733983301318	0.206501029701358	2.28023695213966
71000	72000	3.21029670073937	0.364883956720226	2.18934441316778
72000	73000	3.13164426822765	0.237816736187469	2.08349349815821
73000	74000	3.37342563789519	0.224094606614172	2.1496585174598
74000	75000	3.23486168131222	0.199743546915009	1.91773570980671
75000	76000	3.37878728968481	0.108777998702884	1.93018720612761
76000	77000	3.35908828705632	-0.12829818155251	1.88885372996061
77000	78000	3.11567861727418	-0.0285116488445263	1.90597383053481
78000	79000	2.96371389869047	-0.0644735384294413	1.80311459930798
79000	80000	2.85274272541913	-0.230122365378111	1.79585503323538
80000	81000	2.75718694760673	-0.336310738104235	1.71577874354963
81000	82000	2.61487010848779	-0.457312277267775	1.64589851135735
82000	83000	2.49072772929013	-0.720515521295503	1.59219382328616
83000	84000	2.3277677511008	-0.89419724195085	1.56336060665951
84000	85000	2.22819045318212	-1.08805558893569	1.5107007127312
85000	86000	2.1016134834712	-1.30358168773182	1.47401281878622
86000	87000	1.9842271617321	-1.4278760952564	1.43002020751796
87000	88000	1.92445975173026	-1.59846118751405	1.43666089968618
88000	89000	1.88235937980325	-1.74526163330739	1.3963960420699
89000	90000	1.75158905846016	-1.88678658838973	1.44197511835561
90000	91000	1.75427923604829	-2.0138458670866	1.29184891197967
91000	92000	1.59350021281571	-2.12114584291476	1.36668167819424
92000	93000	1.64410420117791	-2.18337036386597	1.19210145957294
93000	94000	1.45846201335865	-2.27402446258774	1.26749485288131
94000	95000	1.50372879902002	-2.30959636195822	1.0599414736573
95000	96000	1.35406816985381	-2.40020318746733	1.1470580065075
96000	97000	1.41147592256845	-2.43504992802214	0.963257910974591
97000	98000	1.26117057134705	-2.55668390350727	1.00890036189206
98000	99000	1.31743585347214	-2.57573985787638	0.769253038333837
99000	1e+05	1.19317856835169	-2.69225027088596	0.831975485527402
1e+05	101000	1.3223923275152	-2.81658547285392	0.787481599686083
101000	102000	1.16085260853002	-2.87689399524132	0.848616758423309
102000	103000	1.29934517361762	-2.99042661123708	0.899834546941796
103000	104000	1.15701976044637	-3.08718730146771	0.76715122944702
104000	105000	1.17791059015217	-3.16593216262117	0.94601224181254
105000	106000	0.970612293511167	-3.0838348266454	0.937784493518457
106000	107000	1.07795423249547	-3.10177986400109	1.10607428192599
107000	108000	0.911386252903436	-2.96717166605854	1.07030129571827
108000	109000	0.996674380909819	-2.91583698295783	1.19431412571335
109000	110000	0.817140151924327	-3.01818018150403	1.27287830086349
110000	111000	0.951572677554187	-2.91321814554207	1.41185714054178
111000	112000	0.966984559222683	-3.09889570150827	1.37368703865623
112000	113000	0.97991715385491	-3.00467621267573	1.58346234532581
113000	114000	1.00419785318351	-3.19416529645627	1.55357274020266
114000	115000	1.09637728253293	-3.20112439977608	1.74609305061879
115000	116000	1.16291703533544	-3.22062984780441	1.5017040910159
116000	117000	1.23369684382436	-3.1029023980297	1.60950270459118
117000	118000	1.30705166989047	-3.34596347222411	1.53412104617977
118000	119000	1.417732534991	-3.13891893334845	1.58027828392338
119000	120000	1.41845497296034	-3.2258375881842	1.4258387651314
120000	121000	1.60146149202305	-3.14580436758472	1.48478356452699
121000	122000	1.44284311546346	-3.037570490072	1.34931058354854
122000	123000	1.4383009332529	-2.89519745468694	1.42991717155374
123000	124000	1.26249393204205	-2.84854048831315	1.39632971526163
124000	125000	1.37584037689331	-2.6673314885553	1.36973388172653
125000	126000	1.32781897393789	-2.74431630103532	1.18821970654758
126000	127000	1.51437584025526	-2.68109671366965	1.1702084921642
127000	128000	1.58065212687128	-2.88224753366178	1.04568735644365
128000	129000	1.64960856788312	-2.74637646361626	0.94405353529868
129000	130000	1.69885805083777	-2.84853192227133	0.80182161524483
130000	131000	1.67334228099991	-2.61155929511438	0.776575623799809
131000	132000	1.86277732664764	-2.74610829119756	0.728087394480489
132000	133000	1.8697490123119	-2.56809258133288	0.808691684207566
133000	134000	2.0710038728695	-2.71300479490205	0.855950696839028
134000	135000	1.99754073393787	-2.52966742679813	0.98162147093319
135000	136000	1.92981714729024	-2.69896750008796	1.07049766884582
136000	137000	1.86138179990492	-2.55637293350766	1.14987020302202
137000	138000	2.02869113396872	-2.727335113504	1.23759762948365
138000	139000	1.87518620373357	-2.55143918299707	1.3322144593122
139000	140000	1.97266342236252	-2.67149384361271	1.44504342551071
140000	141000	1.764207003493	-2.70310930719194	1.43689995771663
141000	142000	1.80021470816209	-2.64442636375129	1.59688126247893
142000	143000	1.79454207928733	-2.77583245683259	1.7604373064468
143000	144000	1.6222541941194	-2.51778329966252	1.64056282948088
144000	145000	1.50806668121317	-2.69233436108603	1.73179680395651
145000	146000	1.54172769769478	-2.56779083571678	1.86593251651266
146000	147000	1.40344964983615	-2.67320455086112	2.05794704826427
147000	148000	1.36945600970336	-2.48572127940973	1.81881438465812
148000	149000	1.21286106906836	-2.59286253854102	1.80474517002133
149000	150000	1.21665773782719	-2.3712092024699	1.70476880331669
150000	151000	1.05909961484922	-2.49722504576618	1.68036262900503
151000	152000	1.18077392554507	-2.39891441297135	1.53404907488461
152000	153000	1.01880294538551	-2.54987612784691	1.46191147375278
153000	154000	1.02172685334724	-2.31560890415193	1.41620683932714
154000	155000	0.813355510054507	-2.46329988777656	1.40970784754129
155000	156000	0.97072921031681	-2.4104044835226	1.21832744906369
156000	157000	0.842879291662454	-2.56179538038302	1.13391698425067
157000	158000	0.827436486079774	-2.39029057295442	1.01494400323843
158000	159000	0.736010804898035	-2.52448612365492	0.919517399369829
159000	160000	0.731856554555738	-2.36855942281397	0.759964989487402
160000	161000	0.552758307407929	-2.42120652527559	0.692135472292207
161000	162000	0.469815972671178	-2.34538257540777	0.508731322916683
162000	163000	0.278360704948228	-2.31911646311272	0.423399890025683
163000	164000	0.105947438872481	-2.28838563098266	0.268823813716082
164000	165000	-0.166203482239683	-2.27174843766976	0.102759953611055
165000	166000	-0.379712601511166	-2.27665729319088	-0.113090477104491
166000	167000	-0.665616825021697	-2.27750190287714	-0.335479185481101
167000	168000	-0.93845886414345	-2.30355611208729	-0.522374607429871
168000	169000	-1.10975410275005	-2.35388451388808	-0.696189411267851
169000	170000	-1.32906690606347	-2.35608340997659	-0.792561665771894
170000	171000	-1.41644316470365	-2.41092801024889	-0.978357359072534
171000	172000	-1.6075370792728	-2.42771315626204	-0.887719338150277
172000	173000	-1.60637032523278	-2.51206089209726	-1.10263600809947
173000	174000	-1.78418003718906	-2.56075743316494	-0.944646196247694
174000	175000	-1.85677299058266	-2.58899107536149	-1.11716640828415
175000	176000	-1.91327910047714	-2.75616329145353	-1.04122558455943
176000	177000	-1.96948223581647	-2.72719885543412	-1.17153504868301
177000	178000	-1.83684295525209	-2.858505014994	-1.18591652790336
178000	179000	-1.95169028439085	-2.83744971149611	-1.3249850531126
179000	180000	-1.70704410627371	-2.88924487449693	-1.36657260618889
180000	181000	-1.86798550338957	-2.9300822759774	-1.46731616265972
181000	182000	-1.77714909552017	-2.71710949196549	-1.50451128074799
182000	183000	-1.883292729859	-2.79841295582235	-1.5789221864961
183000	184000	-1.73926019610493	-2.71104353456578	-1.70371867117244
184000	185000	-1.88766271916048	-2.86791139969488	-1.77612877287362
185000	186000	-1.88618639028217	-2.66544956378796	-1.83489078572408
186000	187000	-2.05086633906149	-2.76331976497211	-1.90170879802063
187000	188000	-2.20659535195315	-2.69967966821158	-1.9923358206143
188000	189000	-2.39982768086669	-2.66762868119034	-2.13692948556052
189000	190000	-2.47192064622061	-2.52798131177745	-1.91084466930723
190000	191000	-2.46805018783972	-2.35291769525817	-1.91796628419206
191000	192000	-2.63771334045948	-2.31296851847577	-1.82318714389022
192000	193000	-2.47301531023447	-2.23686134480711	-1.70091160062033
193000	194000	-2.52537826012264	-2.339964849417	-1.63120180212374
194000	195000	-2.61997898783965	-2.17707349498534	-1.58940758735536
195000	196000	-2.67993274087278	-2.35109592993766	-1.57130742237493
196000	197000	-2.67963682440334	-2.25756935626321	-1.44682191509836
197000	198000	-2.84398036392498	-2.34793165208445	-1.48499467298858
198000	199000	-2.77265340960531	-2.33059556399976	-1.30021103705614
199000	2e+05	-2.68161519259108	-2.43920262519321	-1.37877395117546
2e+05	201000	-2.63842709570028	-2.43544732627468	-1.24219642691769
201000	202000	-2.59143704938778	-2.58628536787307	-1.36374434263022
202000	203000	-2.42857951973612	-2.54527907727616	-1.25927193418614
203000	204000	-2.34699540496798	-2.44084330179548	-1.40973104125368
204000	205000	-2.1787599891677	-2.56969840101586	-1.34391733643793
205000	206000	-2.16216548253761	-2.3403039840123	-1.44905274601511
206000	207000	-1.99334231306018	-2.44450365133088	-1.39439112503877
207000	208000	-1.92904983370054	-2.25242145484359	-1.44195990342729
208000	209000	-1.88601336034814	-2.27290228140914	-1.25681484336311
209000	210000	-1.92988802294102	-2.03632806335565	-1.27531508603046
210000	211000	-1.91308044150803	-2.14606128599673	-1.08135003444894
211000	212000	-2.07626494103423	-2.0313564576758	-1.13277296045235
212000	213000	-2.09694735360053	-2.10504353867709	-0.989307827382578
213000	214000	-2.2520000374787	-2.07841370543233	-1.10847584680671
214000	215000	-2.23794607151934	-2.17296490187252	-0.9100852997791
215000	216000	-2.37900483298316	-2.2002984840968	-1.00776827044459
216000	217000	-2.2653481868685	-2.35522539383176	-0.910839858725639
217000	218000	-2.41340942742747	-2.40565139348895	-0.994975847821654
218000	219000	-2.29368675147748	-2.54275478491737	-0.914305628624902
219000	220000	-2.46160437256968	-2.60768933040392	-0.975256651862073
220000	221000	-2.33315427770072	-2.76581061434919	-0.99129674003211
221000	222000	-2.51776515960276	-2.79969394237742	-1.06396828351041
222000	223000	-2.37508088592787	-2.93792518636817	-1.14342141366557
223000	224000	-2.53760793315338	-2.94047667109465	-1.27706907728139
224000	225000	-2.32908933334846	-2.90915967771671	-1.35397293473531
225000	226000	-2.4709462133064	-2.83397230572741	-1.46681918090514
226000	227000	-2.33783826476954	-2.90747147497819	-1.60818417798864
227000	228000	-2.42002504858163	-2.74435072035435	-1.63905156429747
228000	229000	-2.25432205686992	-2.63324273769878	-1.64735515690694
229000	230000	-2.18968119097373	-2.5136840608307	-1.74961431341774
230000	231000	-2.13275655931654	-2.3196830665142	-1.76734544704687
231000	232000	-1.95118059761176	-2.344900739245	-1.870063051555
232000	233000	-2.08999633734234	-2.24753939116192	-2.01139922168209
233000	234000	-1.95203113001887	-2.13442955751193	-1.82433262091938
234000	235000	-2.0987287981665	-1.9782884723747	-1.98330913032954
235000	236000	-2.01658811319969	-1.99481795328847	-1.7163289449897
236000	237000	-2.23951403309244	-1.99175182397053	-1.72210449976191
237000	238000	-2.11851320039465	-1.86921081797217	-1.54936160257282
238000	239000	-2.33783643286261	-1.81587903770869	-1.59345916860459
239000	240000	-2.2016701580898	-1.67165104344846	-1.5809471135548
240000	241000	-2.3816180287715	-1.54406844612291	-1.65362606982509
241000	242000	-2.27884234317182	-1.38682247974451	-1.59077522394118
242000	243000	-2.35101982622542	-1.21754141379318	-1.65814152821421
243000	244000	-2.36455183415652	-0.985423885872392	-1.67163260914629
244000	245000	-2.42245634188921	-0.793347409054355	-1.71336453077893
245000	246000	-2.45121006112864	-0.573010312331493	-1.73723443123087
246000	247000	-2.48032578350757	-0.398072404827652	-1.74264909998697
247000	248000	-2.52714589669092	-0.212998181345912	-1.78653007081232
248000	249000	-2.56313576406144	-0.024967389246496	-1.83807534970676
249000	250000	-2.59825515838921	0.158434492488758	-1.84131727646312
250000	251000	-2.64577801356327	0.272214025742706	-1.92155977745957
251000	252000	-2.73252497117108	0.416326701197145	-1.88997169243937
252000	253000	-2.83518480664789	0.53028106669656	-1.94347453080832
253000	254000	-2.91912177926549	0.687205755915247	-1.8353288795329
254000	255000	-3.08249860793591	0.737689965429877	-2.00037840809169
255000	256000	-3.31668393824125	0.781649235904441	-1.90116387791595
256000	257000	-3.17941912507412	1.01302165899171	-1.94275685076827
257000	258000	-3.13895386997069	1.0288407092513	-1.75357754940983
258000	259000	-3.1910341583659	1.24786778783051	-1.79106155142262
259000	260000	-3.19815977282383	1.13637745636805	-1.58925222795522
260000	261000	-3.17482824740111	1.34567833656503	-1.55721034864604
261000	262000	-3.26121592733746	1.27522716558564	-1.40998102684061
262000	263000	-3.04225208140702	1.34268358544992	-1.36992820444707
263000	264000	-3.0872522480879	1.15494598883011	-1.32208813452855
264000	265000	-2.91341577408908	1.21410908530437	-1.26285627214293
265000	266000	-2.97822355549236	0.991511176938584	-1.2299727995425
266000	267000	-2.78745327279503	1.01671339616484	-1.11755874255977
267000	268000	-2.77156504033683	0.908182658461873	-1.33111264308429
268000	269000	-2.5941415434795	1.0085533833311	-1.26570184477081
269000	270000	-2.61950661948623	0.864394524923084	-1.46125063132937
270000	271000	-2.45141136970788	0.88272230595291	-1.33505271666571
271000	272000	-2.47708863247237	0.739945237148222	-1.50220025334312
272000	273000	-2.31087512988603	0.816299316417244	-1.44654897774631
273000	274000	-2.34438418575983	0.829000599620063	-1.67390078218591
274000	275000	-2.24762194060595	0.960306410044595	-1.56042931426882
275000	276000	-2.14287704899103	0.930765507929827	-1.70418343529733
276000	277000	-1.96212926885393	1.00292144719469	-1.50391582824976
277000	278000	-2.08773066049021	1.13194865992562	-1.71214350406533
278000	279000	-2.17953353117829	1.2328206800245	-1.53098566535789
279000	280000	-2.08903626832763	1.30991982535145	-1.72015023068866
280000	281000	-2.28259180358127	1.37530846070695	-1.62832906368041
281000	282000	-2.28610009057963	1.27326036425692	-1.78785771402315
282000	283000	-2.45829734705713	1.39646092494193	-1.79021023176841
283000	284000	-2.47761171614609	1.18309184660039	-1.82214043370126
284000	285000	-2.6158356846194	1.27579770200136	-1.89497177669192
285000	286000	-2.68467368675853	1.09511147044282	-1.77247251854234
286000	287000	-2.85819249704013	1.30048221290957	-1.73765238407585
287000	288000	-2.68220939981298	1.28822350826482	-1.57884916441535
288000	289000	-2.61221707143251	1.48540286689924	-1.53389103113022
289000	290000	-2.58928190802174	1.45726964529915	-1.34087590898363
290000	291000	-2.542118721239	1.66251635070145	-1.37906431295639
291000	292000	-2.74566375884261	1.72295634594663	-1.31070254818757
292000	293000	-2.65822862201755	1.81110434591226	-1.49603197874317
293000	294000	-2.86217943885186	1.75393171547721	-1.52436899899993
294000	295000	-2.76607550599414	1.83723584158905	-1.67647004636136
295000	296000	-2.94721188106337	1.72772098953173	-1.7307832458594
296000	297000	-2.91722334756283	1.82088513787172	-1.93811298871935
297000	298000	-2.9646798511785	1.59491951405808	-1.8746348961764
298000	299000	-2.92222061239299	1.60103057103372	-2.069115501706
299000	3e+05	-2.8399663953399	1.47432785898775	-1.96342244658383
3e+05	301000	-2.96260960469716	1.37157937608783	-2.04216555484009
301000	302000	-2.79080126854095	1.37510017423054	-2.12285837098817
302000	303000	-2.92614517958494	1.3105329368227	-2.24112425224626
303000	304000	-2.73768345310071	1.28726044973675	-2.27228817242278
304000	305000	-2.81245562528973	1.12273514172255	-2.294026729399
305000	306000	-2.6451347275652	1.1488068592747	-2.1711998188526
306000	307000	-2.66202335755991	0.9678795121521	-2.2666327675156
307000	308000	-2.54600286261715	0.97115371669768	-2.08985728242488
308000	309000	-2.46773390794985	0.921774870384926	-2.24896251308846
309000	310000	-2.32845849472671	0.925925997460351	-2.09415632675676
310000	311000	-2.35454562526914	1.06907106651778	-2.24964891338382
311000	312000	-2.20635609247735	1.12736309071576	-2.14294537440843
312000	313000	-2.25527248942593	1.26055272740576	-2.36822402377914
313000	314000	-2.19780425552727	1.33040992105794	-2.16601285553801
314000	315000	-2.35716857911367	1.42537649288359	-2.15009244873373
315000	316000	-2.21785717030081	1.47827097666627	-2.03987105971848
316000	317000	-2.3754583838201	1.60714753222761	-2.06389044950323
317000	318000	-2.20092703296146	1.71016898392575	-2.00112131330303
318000	319000	-2.19739832445386	1.92552664983968	-1.94384019427564
319000	320000	-2.08231508954595	1.73513990457926	-1.78588404347674
320000	321000	-2.03789294977567	1.76572785097487	-1.61204136964241
321000	322000	-1.87466469948674	1.82600138873001	-1.54347803144221
322000	323000	-1.72537998532294	1.94461327332055	-1.37882394847877
323000	324000	-1.54093773875995	2.00455717636803	-1.22701441908745
324000	325000	-1.34134399811565	2.12549650520798	-1.07452259312373
325000	326000	-1.11055254131897	2.27337883057294	-0.953019441911842
326000	327000	-0.897914942064626	2.35817052002207	-0.772938234606677
327000	328000	-0.685517106961409	2.50526603680488	-0.66095689173526
328000	329000	-0.524934607169551	2.60003912228611	-0.539165364966201
329000	330000	-0.362704578497987	2.71432300429073	-0.480824011730867
330000	331000	-0.236333778977374	2.82665743008828	-0.382045792703222
331000	332000	-0.0923334658880971	2.92422076730733	-0.370399020168176
332000	333000	-0.0263939706525685	3.05002421044135	-0.251816306151419
333000	334000	0.0822523619141227	3.11517654150535	-0.387767757765658
334000	335000	0.0769528088754808	3.23087122017904	-0.253355919727406
335000	336000	0.218758291355911	3.30675439714371	-0.348740415395853
336000	337000	0.133682743843887	3.47337784824649	-0.288914759669733
337000	338000	0.31027289083872	3.47154795348755	-0.300666881353618
338000	339000	0.228639613658823	3.58475230198394	-0.188178294497893
339000	340000	0.319587673232453	3.72512749490805	-0.311021021823838
340000	341000	0.321867504085233	3.70547682267342	-0.0887696491170105
341000	342000	0.392737911949213	3.83331137764479	-0.151508866285134
342000	343000	0.519378182791521	4.96780262856093	-0.226237368494511
343000	344000	0.547779710125311	3.83987984914484	-0.0242056387715565
344000	345000	0.482703480073842	3.77375067031847	0.108620911795978
345000	346000	0.675371084041581	3.86690279012078	0.19485959085394
346000	347000	0.456455398534545	3.7698063612786	0.304328612106479
347000	348000	0.601435634355098	3.74505883100822	0.41721632714789
348000	349000	0.421086894971458	3.72231787046558	0.501318483999209
349000	350000	0.550335939819704	3.54414084580346	0.522794526271371
350000	351000	0.346090948125024	3.52128024603702	0.552958850088869
351000	352000	0.366342844523245	3.33956809361626	0.543420664036125
352000	353000	0.427048028299844	3.36623838468393	0.753695595931162
353000	354000	0.383082858294229	3.14470952545809	0.689970275030373
354000	355000	0.570498137551556	3.19459960484588	0.715264738272901
355000	356000	0.528920323747493	3.02672156255569	0.553489299357931
356000	357000	0.636275518046787	3.20218962717692	0.52026734173546
357000	358000	0.734742914397049	3.01785731460426	0.536509625962564
358000	359000	0.802215429339255	3.17405579156482	0.558957448168031
359000	360000	0.9676076272728	3.04092007341515	0.543640561894134
360000	361000	0.998296483199747	3.26404171713295	0.508826588547067
361000	362000	0.9211408527064	3.15745655836029	0.325934678164284
362000	363000	0.902626513961416	3.41200444698627	0.330141888342968
363000	364000	0.712633010654061	3.30262248385945	0.258335096759136
364000	365000	0.547675934596446	3.443475343692	0.19410163628345
365000	366000	0.474593785876891	3.30654548491312	0.0812691846236576
366000	367000	0.350531875245072	3.43812507280477	0.0704072126519009
367000	368000	0.221842478520548	3.30407501512724	0.0659871671048014
368000	369000	0.153725260840227	3.4913204088981	0.167283987974106
369000	370000	-0.0381826259462693	3.53430290272143	0.0423810368331734
370000	371000	-0.065629979179781	3.54972296203547	0.236112837359343
371000	372000	-0.16009618623104	3.41913786563131	0.163699083230741
372000	373000	-0.3054021282585	3.50364442450383	0.3744034082984
373000	374000	-0.266254858671326	3.26205215924091	0.192156593071524
374000	375000	-0.165579124332027	3.24737618676836	0.388378298678834
375000	376000	-0.0829665731908242	3.18143746442396	0.164416324988542
376000	377000	0.0474041667358767	3.16820602893265	0.35131842076021
377000	378000	0.0670531024184429	3.07452780475485	0.156786205159156
378000	379000	0.10416830253118	2.94008352416452	0.314394582012565
379000	380000	0.206386479555173	2.99299355646697	0.0832065144128033
380000	381000	0.332090251333194	2.95746501468957	0.250988446937744
381000	382000	0.458530936078076	3.04004768471651	0.0959522466428089
382000	383000	0.632528795433969	3.05046623209501	0.12014737743816
383000	384000	0.697059575436273	3.15929120105373	0.012350241894498
384000	385000	0.885452439795667	3.17124291096166	-0.0348838114669591
385000	386000	1.02643100770175	3.3604936059687	-0.069128865197881
386000	387000	0.81333636782043	3.36474348598819	-0.0109957744244357
387000	388000	0.840552111799918	3.5589447149265	-0.0536053572258989
388000	389000	0.69462951463488	3.5013464242066	-0.124209085458242
389000	390000	0.816449871647385	3.45722740671007	-0.281635975706673
390000	391000	0.636101873443035	3.43821077225562	-0.338960137894038
391000	392000	0.707666889652981	3.27472809664913	-0.259248757536812
392000	393000	0.516938404450449	3.25047291287106	-0.272457233649852
393000	394000	0.61493518431299	3.15448836994567	-0.454189947733322
394000	395000	0.480059250729857	3.06538481662392	-0.270105627914502
395000	396000	0.62509881993982	2.87366929276537	-0.328176746167607
396000	397000	0.497648555460336	2.83595051548627	-0.157317722355906
397000	398000	0.650107274166392	2.76424942147635	-0.0731636241033253
398000	399000	0.587595215737179	2.67754909819739	0.0869851312122189
399000	4e+05	0.709661861788662	2.56008942824875	0.133054432832985
4e+05	401000	0.828389684394504	2.47641069221955	0.289649942710653
401000	402000	1.00219897506501	2.39041831377971	0.378169871219768
