0	1000	-2.4539454558831	1.04200994336848	-0.454279056438448
1000	2000	-2.83963727127101	0.899949401237422	-0.530858768770694
2000	3000	-2.42907821278906	0.707294168509172	-0.692497819980917
3000	4000	-2.54180356760588	0.406153077940766	-0.359258968312407
4000	5000	-2.40193403660723	0.152267804718351	-0.772483384605524
5000	6000	-2.18963612763485	-0.400472844079509	-0.548281631584915
6000	7000	-1.80995580410637	-0.956480953838291	-0.509411952632134
7000	8000	-1.61010966510812	-1.51418302875496	-0.588354789445331
8000	9000	-1.27783169618829	-1.51033731028337	-0.103711853083106
9000	10000	-1.34789323313849	-2.04126616647741	0.104271628664423
10000	11000	-0.949171521602127	-1.77732105814616	0.481676174959163
11000	12000	-0.899693598297913	-2.16948571534653	0.987133271955076
12000	13000	-0.172722086914714	-1.82185496017976	1.07752286882036
13000	14000	-0.207481741411668	-2.2875603308463	1.55833495025789
14000	15000	0.231867532382292	-2.37843617677068	1.21062493816344
15000	16000	-0.257189945906664	-2.36430261695508	0.94566588375501
16000	17000	0.0372902073540957	-2.06236147963612	0.596371738447567
17000	18000	-0.303396918967792	-1.73529691370331	0.324205404957357
18000	19000	0.0720625228826646	-1.45765029659325	-0.0878702598622873
19000	20000	-0.587260574986024	-1.45615838520718	-0.212806552654193
20000	21000	-0.409534376997227	-1.24567128113844	-0.77838150011267
21000	22000	-0.938897980848273	-1.13063461385589	-1.08136892785263
22000	23000	-0.428437617092194	-0.73565466576704	-1.26382611236501
23000	24000	-0.210206321275704	-0.44515006636163	-1.71068534852753
24000	25000	0.347971200997278	-0.595662351762784	-1.79587473132418
25000	26000	0.453301778844717	-0.800846223990714	-1.12496511887152
26000	27000	0.854069613048977	-1.18916960057517	-1.4711386772307
27000	28000	1.17357113542574	-1.14163110202042	-0.893921314676387
28000	29000	1.41634980136205	-1.69435035158434	-1.14000340400151
29000	30000	1.0854324986364	-1.70731717151911	-0.643019084882543
30000	31000	1.31512608984022	-2.21461536373282	-0.505448528729939
31000	32000	1.27397297314524	-2.11929039540598	0.0113113152465847
32000	33000	1.72650094397413	-2.21911697276557	0.230572540462522
33000	34000	1.44175153818197	-2.01037336384816	0.514291066822101
34000	35000	1.46874389480267	-2.40315976194467	0.69325694738872
35000	36000	1.17267324701377	-2.18317375918865	0.826142262773223
36000	37000	1.16579827962895	-2.56613210744736	1.03428024971677
37000	38000	0.827374810986298	-2.39513475891889	0.846033390616313
38000	39000	0.976753212547977	-2.73972866831939	0.654617705863646
39000	40000	0.575199684447942	-2.66567639907291	0.637876417564027
40000	41000	0.844401940151745	-2.55641217813316	0.234419346233027
41000	42000	0.526294989549892	-2.18436499169794	0.418479433977983
42000	43000	0.396042974400937	-2.2047836800331	-0.0464667740131224
43000	44000	-0.120344813361746	-2.13376703461579	-0.0331052338807826
44000	45000	0.0958193460265352	-1.98201492966694	-0.478912914574057
45000	46000	-0.716611924916614	-2.09597485119906	-0.255827291328217
46000	47000	-0.491820737226421	-1.93846999411047	-0.596682088402352
47000	48000	-1.01255461261583	-2.26063183289787	-0.772867902293333
48000	49000	-0.89519375275975	-1.82925065997858	-0.883065515033067
49000	50000	-1.14452013781903	-2.07203855711102	-1.34034678257382
50000	51000	-0.6956961344018	-1.79970576608588	-1.29005822881466
51000	52000	-0.500780108164901	-2.11229029434316	-1.22210539899699
52000	53000	-0.575581707240188	-2.45218192281171	-1.21390485598721
53000	54000	-0.51867347234244	-2.3031543749015	-0.838151024442954
54000	55000	-0.619208042621128	-2.69209029028991	-0.848462893671298
55000	56000	-0.700967340507325	-2.5213929262315	-0.483817311692126
56000	57000	-0.40366073731917	-2.75349882614687	-0.292837507579395
57000	58000	-0.439478075773582	-2.46840380156329	0.0479696209468337
58000	59000	-0.856672175838155	-2.7675258390842	0.171472277063744
59000	60000	-0.613576916022729	-2.44646613684727	0.538510229075035
60000	61000	-0.452304961568709	-2.90827451852385	0.582869558986111
61000	62000	-0.103752540204637	-2.82956708453953	0.813234485465291
62000	63000	0.067058581141805	-2.96446847015926	0.502819475005236
63000	64000	-0.107950937380471	-2.61923383114233	0.435325583934783
64000	65000	-0.117794906750506	-2.90327166883095	0.108202909095851
65000	66000	0.200168670549488	-2.57536134557818	0.171375208851678
66000	67000	0.393541825294631	-2.92893322472759	0.0673817884943815
67000	68000	0.474256015882886	-2.66330448530471	-0.312118265388543
68000	69000	0.0694502056046129	-2.76580308337229	-0.331603340772957
69000	70000	-0.0601503992637724	-2.44219004799436	-0.496491295720401
70000	71000	-0.159151139982444	-2.74363691080627	-0.770471590443712
71000	72000	-0.152586651629605	-2.43686750804096	-1.01915688051379
72000	73000	-0.156919248008427	-2.06354743671936	-0.974312092378666
73000	74000	-0.0549300721621188	-2.08626413274331	-1.48080656283461
74000	75000	-0.0858798371335004	-1.61726250534728	-1.20957390496578
75000	76000	0.140697309699843	-1.46297915958451	-1.63949732869037
76000	77000	-0.197714198441023	-1.14294877365026	-2.09908036938987
77000	78000	-0.447108875877586	-1.38089566372869	-1.7009595159398
78000	79000	-0.744488628635324	-1.04590936631879	-1.68215166889389
79000	80000	-0.95787004309755	-0.632512172669726	-1.84741657308775
80000	81000	-1.27649333218101	-0.264485918247025	-1.89929233155312
81000	82000	-1.50039675772845	0.231712904293432	-1.69340155837594
82000	83000	-2.04214504176397	0.626139226799373	-1.93322243120052
83000	84000	-2.03385188995612	1.05077485270429	-1.54901549774714
84000	85000	-1.8061182213218	1.38067400217046	-1.88851245900937
85000	86000	-1.30182023798422	1.39969646049735	-2.14179271659294
86000	87000	-1.0067419966172	1.31670987687427	-1.75993926609154
87000	88000	-0.816028005606124	1.16772671238594	-1.30252437246051
88000	89000	-0.651550567001572	1.04101979032622	-0.832297759713544
89000	90000	-0.946284533571175	1.32301283467651	-0.423838533372687
90000	91000	-1.15770699743242	1.71458071260474	0.018990166626221
91000	92000	-1.41253649332493	2.04348156459068	0.41782481934209
92000	93000	-1.66521718949678	1.68633211743447	0.936143924796794
93000	94000	-1.55815296676467	1.1358116455929	1.02429188061525
94000	95000	-1.65565644076459	0.649420448216538	0.792774860008941
95000	96000	-1.90471997288104	0.300858440377005	0.471040117911196
96000	97000	-2.41303515092808	0.132060787036876	0.185146488158077
97000	98000	-1.91445555363067	0.0759257340849012	-0.219719645014593
98000	99000	-1.85452147436012	-0.00508891612064941	-0.85497963183507
99000	1e+05	-1.83375459083958	-0.351220303316271	-1.29875731642276
1e+05	101000	-1.23596257388667	-0.29697535203446	-1.20263774478836
101000	102000	-0.732671722484821	-0.0119044425437922	-1.38519529065499
102000	103000	-0.593630386032401	0.174311664423333	-1.95535701950302
103000	104000	-0.0247133117981512	0.41065757710713	-2.10064179870004
104000	105000	0.0534272701699427	0.432880179941202	-1.41578095582566
105000	106000	0.612015994181256	0.592638354918602	-1.28853375343821
106000	107000	1.06138158315909	0.96000887052154	-1.30527965062852
107000	108000	1.21403077767193	1.41254032666318	-1.61781631424605
108000	109000	0.718010199191163	1.58727158717097	-1.29795721337691
109000	110000	0.894284179877036	1.91128810570144	-1.70407110294269
110000	111000	0.795815456948662	2.44283502813131	-1.82956233732231
111000	112000	0.290692178664225	2.60707668745384	-2.04612078562984
112000	113000	-0.198112256724302	2.70541832553656	-2.07379861813786
113000	114000	-0.482725213969433	2.2940205107767	-2.20718837620136
114000	115000	-0.708562187465464	1.95475490042815	-1.97356739458039
115000	116000	-0.482828624072473	1.98723854900572	-1.59878532557656
116000	117000	-0.400972620971075	2.32374895030233	-1.77332794373122
117000	118000	-0.592166715036139	2.70974881850984	-1.74688968388358
118000	119000	-0.525631267039678	2.42111870597694	-1.39934176208575
119000	120000	-0.629830265242558	2.76852333485386	-1.29464302367095
120000	121000	-1.10185205070752	2.75750583137377	-1.38330404237306
121000	122000	-0.973611720599478	2.36705727939392	-1.14265221719565
122000	123000	-0.962249733057003	2.17004752487429	-1.53134326517211
123000	124000	-1.12511267810977	2.51986108737648	-1.90882307149183
124000	125000	-1.01560208592569	2.0254789023473	-2.33370342670321
125000	126000	-0.626743509515913	1.45687841072249	-2.49848016974442
126000	127000	-0.0446361501768811	1.26569657746411	-2.25399028064778
127000	128000	0.208649402459484	1.30462550395556	-1.67322115932357
128000	129000	0.528851457376647	1.25148306543243	-2.07622510104191
129000	130000	0.572524589288559	1.67643153114015	-2.22624901318937
130000	131000	0.251984907518399	1.68525013127122	-2.02001217617228
131000	132000	0.231282275793351	1.97413062077007	-2.27502576119643
132000	133000	-0.0739705880506189	1.951791607948	-2.02168080848893
133000	134000	-0.229215187796501	1.92551696020158	-2.44983691284258
134000	135000	-0.234942650425558	1.63440663838581	-1.69262338125315
135000	136000	-0.476670645526069	1.51016117988029	-2.04112663031742
136000	137000	-0.397770017807618	1.04555489487476	-1.75235465898623
137000	138000	-0.78318031793699	0.829798068177859	-2.21507874794281
138000	139000	-0.958405577641189	0.616738243667798	-1.55337891285496
139000	140000	-1.45187900787324	0.817658755890609	-1.76132165605705
140000	141000	-1.65548431745757	0.90709842330343	-1.22524372799658
141000	142000	-1.57163209679898	1.35290825668119	-1.00534321507041
142000	143000	-1.7190546472074	1.79717204909288	-0.816207916099615
143000	144000	-1.8639170696583	2.16835890221619	-0.555368222148583
144000	145000	-1.59873623697702	2.37109997718343	-0.946656507882787
145000	146000	-1.23625408781936	2.51202109336466	-0.640567211665105
146000	147000	-0.84418277708601	2.94449210789616	-0.723277900107583
147000	148000	-0.457073283698803	2.27060461337186	-0.846067769473484
148000	149000	-0.190163960710497	2.67444449557467	-0.661593910750077
149000	150000	0.102024093988295	2.30554185545182	-0.298822035209811
150000	151000	0.378675589454705	2.6363981164647	-0.580494662652143
151000	152000	0.261374743495722	2.18978088848994	-0.787906963302757
152000	153000	0.35256654742388	2.63966530525885	-1.10542337886657
153000	154000	0.289983604780094	2.24025799035589	-1.19060664496385
154000	155000	0.262281612996184	2.7592694626832	-1.53064009922923
155000	156000	-0.00512002226379888	2.44170236394185	-1.40243669591689
156000	157000	0.0824485190789888	2.38520568192359	-1.73113219149886
157000	158000	0.125435121741551	2.05112672965072	-1.57996625190572
158000	159000	0.426293684856187	2.18872245411115	-1.81304608896157
159000	160000	0.507249415159306	2.07008468665401	-1.46763641375266
160000	161000	0.592056969317658	2.43434087204417	-1.41460662641914
161000	162000	0.91629321866428	2.24404114608465	-1.27888525997976
162000	163000	0.740309654722709	2.43786649218856	-1.00748516114977
163000	164000	0.787796793861276	2.0759730197731	-0.872342623448139
164000	165000	0.858448594544992	2.26736997605067	-0.540235678539024
165000	166000	1.18843591371544	2.02697598490034	-0.641793592915078
166000	167000	1.16594147947011	1.91693512846796	-0.187393568375934
167000	168000	1.36696644381372	1.50208821102366	-0.158420639489234
168000	169000	1.7866374954051	1.29233798516802	0.16170783102376
169000	170000	2.06030909802356	0.793455528713085	0.0281040800009384
170000	171000	2.2921624671259	0.779716356655386	-0.45664626387429
171000	172000	2.16698599626839	0.306626446916317	-0.554163987699755
172000	173000	2.66206413150291	0.265066735952971	-0.766432805555499
173000	174000	2.34214178900248	-0.0285418737896829	-0.967173949162703
174000	175000	2.7975989689273	-0.129007506732818	-1.18437723617778
175000	176000	2.46692268518039	-0.339487818159421	-1.27748004578514
176000	177000	2.745366014627	-0.548725969789468	-1.55085167676073
177000	178000	2.13903916440733	-0.578158009853717	-1.30355196443482
178000	179000	2.01670285495164	-0.892264070984672	-1.42049482726506
179000	180000	1.98988572689453	-0.635317723602996	-1.75849525649836
180000	181000	2.2808175386304	-0.763507697881059	-1.96369340278568
181000	182000	2.36187751551982	-0.588347263121992	-1.72479112687758
182000	183000	2.32924687959746	-0.833280569744967	-1.60493497687261
183000	184000	2.52911618379194	-0.97214550366776	-1.78173922871543
184000	185000	2.1566855883747	-1.08703683352975	-1.77947861861569
185000	186000	2.18363616618357	-1.3171178855368	-1.48632181563561
186000	187000	1.70154867517554	-1.17458578912697	-1.56857980430594
187000	188000	1.42404466574004	-0.716572961329306	-1.34798315295421
188000	189000	1.2757601372302	-0.671515712764209	-1.94959808681279
189000	190000	1.19464863688072	-0.16193112980196	-1.18435680052283
190000	191000	1.19875160973808	0.103993834634151	-1.71524715109777
191000	192000	1.6019797105083	0.485746920262987	-1.56633272599173
192000	193000	1.84098380471805	0.0234686056918077	-1.78963654251231
193000	194000	2.00722209552093	-0.0137047101044139	-1.39236253466864
194000	195000	2.33171299836112	0.228091935126965	-1.66033301129242
195000	196000	2.2900411730692	0.457458053398365	-1.25478133961537
196000	197000	1.87813981253056	0.545876247619777	-1.02265830088657
197000	198000	2.1362697102074	1.03225511762576	-1.03114820781651
198000	199000	1.64658516269407	1.3051758916557	-0.906066027910605
199000	2e+05	1.65630848394283	1.00508616519783	-0.460389744648684
2e+05	201000	1.25557059743295	0.639347500568367	-0.482532545283934
201000	202000	1.49570753943988	0.392513464869618	0.0555249416204788
202000	203000	1.22890511260727	-0.18212302187401	-0.356769793203433
203000	204000	1.76441753414023	-0.204601470748547	-0.131893386926381
204000	205000	1.79200343845721	-0.459546896502267	-0.585107733859514
205000	206000	2.20807729558846	-0.692437899356155	-0.247031250513488
206000	207000	2.64090563261972	-0.841652994077164	-0.246988201497733
207000	208000	2.8430729777959	-0.51649273467571	0.0730054367939884
208000	209000	3.06371733610015	-0.718167863323127	-0.309207658586188
209000	210000	3.07502560276365	-0.314445630858209	-0.248360760907869
210000	211000	2.80479841870651	-0.462382486015954	-0.450730461904447
211000	212000	2.92437401126983	-0.166187450120098	-0.611898479923055
212000	213000	2.94473710409368	-0.439644035986432	-0.8209914859214
213000	214000	2.85663110519817	-0.796666923922068	-0.812626939445816
214000	215000	2.92084069334564	-0.640507430513582	-1.17845052817582
215000	216000	2.54780727289759	-0.717674353150024	-1.13333112929786
216000	217000	2.73457820486165	-0.977860149956535	-1.37324800753101
217000	218000	2.38158639678458	-1.02486909853279	-1.21499003605423
218000	219000	2.66109511342694	-1.30692994948171	-1.14429527124109
219000	220000	2.27621352308683	-1.37111709939625	-0.95276906922866
220000	221000	2.64227243175366	-1.45672193514266	-0.632504567505827
221000	222000	2.33973426385669	-1.35080967113481	-0.29188584779549
222000	223000	2.18091357462065	-1.42230089985571	0.109739301976987
223000	224000	1.70449365461904	-1.05864860232147	-0.0360973331501642
224000	225000	1.83746515993497	-0.944151994989623	0.496355669402275
225000	226000	1.65077819973553	-0.397819482472752	0.423982745012988
226000	227000	1.87570608114825	0.0559682197545699	0.826665182681764
227000	228000	1.11927781450238	-0.00739076898987436	0.779643158989429
228000	229000	0.705601023820435	-0.400926109465904	1.20444643040136
229000	230000	0.980544518562093	-0.858813120799049	1.50781213309209
230000	231000	0.970703140751067	-1.21591602038549	0.997962465742886
231000	232000	0.800952898644577	-1.27296270667856	0.453545409095619
232000	233000	1.22552565363043	-1.48322862208518	0.20188489796656
233000	234000	1.68225851207458	-1.73859557134549	-0.0199611948305171
234000	235000	2.21493280472115	-1.96855309466426	-0.433294066865855
235000	236000	1.91837819775697	-1.43078125078211	-0.617382112320205
236000	237000	1.92803542611072	-1.01163476796477	-0.856897962316174
237000	238000	2.45932965057292	-1.00870474745813	-0.707624569457264
238000	239000	2.23179382060597	-0.635335942311935	-0.789449615921579
239000	240000	2.50060136803161	-0.346549167696555	-0.721616456386781
240000	241000	2.29949668154359	-0.209188678060361	-0.364481292506719
241000	242000	2.62259183841189	0.0509836526322134	-0.151307202586328
242000	243000	2.3896319360338	-0.213752348552623	0.21231664617772
243000	244000	2.36968511154226	-0.713014780154576	0.325327150034567
244000	245000	2.54343205763229	-1.14653728190874	0.540081451912226
245000	246000	1.93136586720544	-1.47989194492011	0.741576380418187
246000	247000	1.79985755854653	-1.89381137661632	0.953692523456709
247000	248000	1.35811435629533	-1.78026920739832	1.08421576877805
248000	249000	1.37413293704956	-2.15341288461186	1.32735440287802
249000	250000	0.941727809265235	-2.05191264089102	1.24578359688478
250000	251000	0.826329715492373	-2.17536941273387	1.62209358992737
251000	252000	0.599641155658427	-1.99021079248146	1.97141377272842
252000	253000	0.464171871202449	-1.53590465519892	2.2660380288574
253000	254000	0.133481357778889	-1.20807774231203	2.43430182055417
254000	255000	-0.247577616397227	-1.33970756088537	2.72951667226937
255000	256000	-0.726657450764537	-1.2150668535895	2.96889415600786
256000	257000	-0.76428610921812	-1.06360977428772	2.46925668747424
257000	258000	-1.01692448574374	-1.39445546608009	2.27788971751128
258000	259000	-0.712071242031561	-1.73410116916186	2.04070180654862
259000	260000	-1.10203676039224	-1.6450573092034	1.63214376046548
260000	261000	-0.604870864343188	-1.64077733830035	1.422061974418
261000	262000	-0.712882760742854	-1.28789592884903	0.960166673402579
262000	263000	-0.0816846000009395	-1.18582333292462	0.903159557115568
263000	264000	0.109127103762833	-0.661396515251515	0.754014045828638
264000	265000	0.616017235074862	-0.589975229398714	0.446888517002006
265000	266000	1.20567084618669	-0.655851310508049	0.802091235870221
266000	267000	1.73808594698246	-0.978139241627009	1.34038162926954
267000	268000	1.61724620258203	-0.394823155674447	1.42662173423024
268000	269000	1.43750180733385	0.209978768180675	1.40670552471938
269000	270000	0.883511818055826	0.432221050258411	1.27211232906395
270000	271000	0.424057819743919	0.350313892285153	1.70464119782171
271000	272000	0.0672884252507984	-0.0517654644660917	1.65008611693283
272000	273000	-0.423868831722266	-0.216606200864357	1.43352156929914
273000	274000	-0.929309027542326	-0.453050973277797	1.58260902631503
274000	275000	-1.21197102064394	-1.00013904541701	1.74632352829979
275000	276000	-0.666989031555049	-0.994054234360662	1.86148672982305
276000	277000	-0.215548003626803	-0.932054992231712	1.58732413191888
277000	278000	0.270309275286076	-1.15880114095541	1.70413974312166
278000	279000	0.439174827509059	-1.54331572153987	1.25798864786626
279000	280000	0.898767685062148	-1.55754676103146	1.75017426635533
280000	281000	0.215556689984431	-1.77637313812339	1.71620757982458
281000	282000	-0.0604274629070958	-1.8384181729345	2.16705765522346
282000	283000	-0.321448621327338	-1.37468701630958	2.17422933511058
283000	284000	-0.250312812399204	-0.841751593543673	2.29663919414935
284000	285000	-0.386945934903903	-0.661047759894655	2.77168219697409
285000	286000	-0.382024531144627	-0.287192196234007	2.23041994333843
286000	287000	0.279505869273104	0.488314841806839	2.66623082901576
287000	288000	-0.157231752099906	0.394123352006283	2.0556437504228
288000	289000	-0.243077626356639	0.819371260281704	1.73766347367365
289000	290000	-0.418868578512717	1.21202221786895	1.44029633372646
290000	291000	0.0485136469897067	1.6002337733206	1.25604671801828
291000	292000	-0.302113064051659	1.83813387396984	1.60340879799522
292000	293000	0.0673737943472796	1.52719558837398	1.79946934203416
293000	294000	-0.29242820601765	1.36609182701225	2.04009335159662
294000	295000	0.00270376133355373	1.22852412241104	2.32152044181304
295000	296000	0.295191618705049	1.00844318247634	2.03837788003438
296000	297000	0.756528565443206	1.23356019743561	1.95814264808934
297000	298000	0.879889053555311	0.721696987372281	1.89726447518309
298000	299000	1.21717114995692	0.314422314518917	1.99188348854931
299000	3e+05	0.84550298376288	-0.0817150048239435	1.93729293081475
3e+05	301000	1.06899220453211	-0.548055285778803	2.09850824812941
301000	302000	0.516642716028484	-0.684554587192216	1.99753475432457
302000	303000	0.570434409323634	-0.782907482357793	2.56630526950823
303000	304000	0.221784285811225	-0.285263126837856	2.39696644079804
304000	305000	0.0201441143614895	-0.145540525753551	2.9073521447648
305000	306000	-0.287794662086356	0.121704515609817	2.59222594112029
306000	307000	-0.585650752925366	-0.0583119361374132	2.94764677709263
307000	308000	-0.650104842320128	0.352359496204536	2.87040945292776
308000	309000	-0.942391140757527	0.204103263001677	3.01270352913871
309000	310000	-1.00112435401343	0.541890638186267	3.0024536096111
310000	311000	-1.07254320957493	0.356686556437787	2.72387245116453
311000	312000	-1.27682193127376	0.36083012226969	2.91435951432213
312000	313000	-1.50947384012871	0.37018628739842	2.70641441903921
313000	314000	-1.36650588674402	0.643212411094822	2.76785659860846
314000	315000	-1.26091814572306	0.509082472620351	2.49612422862999
315000	316000	-1.06995657937825	0.752247332110784	2.68902275580754
316000	317000	-0.928061026318435	0.705039284159485	2.35175206289202
317000	318000	-0.738651648869031	1.03264550945013	2.5749067875945
318000	319000	-0.449287428586107	0.851930675620286	3.01353918906314
319000	320000	-0.492134302715959	0.586616907798966	2.52357030856101
320000	321000	-0.760565677724086	0.245411416830367	2.40072869677135
321000	322000	-0.99112373590566	-0.0295751171181393	2.56827160111862
322000	323000	-1.14792839377126	-0.240131819415652	2.97303464626062
323000	324000	-1.43564742523095	-0.257450658872311	2.55980997790157
324000	325000	-1.06946053556433	-0.518784731303788	2.35287117266473
325000	326000	-1.4731630966212	-0.759022185311775	2.35723929333791
326000	327000	-1.61937490867984	-0.575855965468856	1.92984851114865
327000	328000	-1.89257180731748	-0.578930433680695	1.52553013637821
328000	329000	-1.88663797326359	-0.31645920254961	1.07848274407773
329000	330000	-2.37995663674546	-0.36298514986658	0.851336534100412
330000	331000	-2.1257136006192	-0.477290147958687	0.30833091348073
331000	332000	-1.82349155327304	-0.978059694344655	0.5244002830737
332000	333000	-1.48151430500525	-0.443938832046031	0.393656419290735
333000	334000	-1.03519955305041	-0.610699407690167	0.683967083506588
334000	335000	-0.816668876798686	-0.0614743450649651	0.385342254007066
335000	336000	-0.216835182749648	0.119072600701329	0.233208392831528
336000	337000	0.324361053323653	0.358949017977137	0.36878548644191
337000	338000	0.850945943953995	0.745456592119025	0.303451303413808
338000	339000	0.971986462691911	1.33234998206968	0.430480852422844
339000	340000	0.67373817644215	1.92450285761355	0.489568639010216
340000	341000	0.0674424975417366	1.7560711968571	0.351131330748038
341000	342000	-0.492128521692866	1.99682502317874	0.608465446298651
342000	343000	-1.11228751519165	4.41668170886385	2.0629442954516
343000	344000	-0.878321769954767	1.66329617306801	1.14348803919696
344000	345000	-1.12624774025541	1.45514044245888	1.61251839573538
345000	346000	-1.17752078452556	1.39812873039954	2.22630237904879
346000	347000	-1.13228407309924	0.982608999412753	2.00787183065517
347000	348000	-1.53129172626076	0.934504124159825	2.38663698719122
348000	349000	-1.50619138639279	0.627379968531991	2.02230517744082
349000	350000	-1.8852427929734	0.898430331879959	1.95123258126872
350000	351000	-1.82331863157312	0.832408078418932	1.46579132030727
351000	352000	-2.24833778341893	0.948988676731614	1.15685773813877
352000	353000	-2.27711471763029	0.447632497072215	1.08326976661306
353000	354000	-1.89520419100015	0.200092890574819	1.50131848033644
354000	355000	-1.98119164361676	0.152780958654215	2.03191573819818
355000	356000	-1.42128277760796	0.0259900487077423	1.94222463159231
356000	357000	-0.934784315177201	0.176257742597234	1.79211133397495
357000	358000	-1.00246312658522	0.3968901927699	1.31231518191844
358000	359000	-0.401966445231084	0.413103463974195	1.17666804022731
359000	360000	0.196181726907644	0.69189280996188	1.12614888760505
360000	361000	0.692081288553649	1.18286536705937	1.16128022837098
361000	362000	0.260257118883283	1.11778710121979	0.578909870543202
362000	363000	-0.317842013676725	1.19945134667244	0.636915774107274
363000	364000	-0.617709646362435	0.663009321345985	0.421819499905551
364000	365000	-0.953915991077204	1.16950441717808	0.389733713703388
365000	366000	-1.25919652496391	0.736101047334447	0.013336797704459
366000	367000	-1.62583532216427	1.19150337546515	0.300840856200291
367000	368000	-1.98161254893864	0.751835913450447	0.0411485997024205
368000	369000	-2.17266206330267	1.19087271272402	0.135563225106757
369000	370000	-2.58932694998049	0.81828404082335	0.104938414245185
370000	371000	-2.76994660065246	1.19610075327703	0.0994997985914449
371000	372000	-2.47860874209384	1.07181912340365	0.473267002261758
372000	373000	-2.69024646096413	1.40054937693803	0.741050114646383
373000	374000	-2.53929043950436	1.5539967391195	0.270402064056958
374000	375000	-2.12488725850017	1.7393133695127	0.33471932060519
375000	376000	-2.24140008202833	1.71330004354132	-0.2120411754243
376000	377000	-1.82065608312191	1.4554454425138	-0.316296933578241
377000	378000	-1.79003743947933	0.972577312834047	-0.572503775073532
378000	379000	-1.53934007911626	0.515254153500888	-0.76148943365878
379000	380000	-0.988430813797629	0.373919691042966	-0.680388288741198
380000	381000	-1.19019842535683	-0.122719428244874	-0.360311852944855
381000	382000	-1.06367868395685	-0.667051171816171	-0.437395112871069
382000	383000	-0.405837316333534	-0.578029883534152	-0.240568857521002
383000	384000	-0.00515085786384498	-0.361211833975053	-0.715616267218644
384000	385000	0.365287518676316	0.155836589285712	-0.62988304614994
385000	386000	-0.160310906652432	0.457805444484933	-0.620098600928788
386000	387000	0.245694218586538	0.978373097066714	-0.460670116980173
387000	388000	0.00527304139564701	1.48314637087557	-0.530039839107654
388000	389000	-0.370380325378698	1.80123349852661	-0.231164752173342
389000	390000	-0.762278884428051	2.35360462989413	-0.136732100342966
390000	391000	-1.10515272910618	1.97454977407322	-0.505478222014172
391000	392000	-0.883540574579319	1.74553113628805	-0.950596665021024
392000	393000	-1.16355725398154	1.66464819575721	-1.38326862252267
393000	394000	-1.45373759364052	1.97303117399848	-1.90188065475378
394000	395000	-1.43927875117167	2.09074106036681	-1.40618299806406
395000	396000	-1.95547615848348	2.11528657050038	-1.52876802700102
396000	397000	-1.85985811239319	1.67988420733778	-1.33327556130667
397000	398000	-2.24117834934902	1.75638444456363	-1.10627165244745
398000	399000	-2.17356828984689	1.42023280133727	-0.866279056614104
399000	4e+05	-2.48011640132535	1.65739870432314	-0.726515740623642
4e+05	401000	-2.62864228445918	1.37719526242377	-0.464106940248842
401000	402000	-2.54612212904233	1.18535611745287	-0.790148646447824
