0	1000	-1.15834634840247	2.51216219345177	0.715199629007426
1000	2000	-1.39688103661309	2.78380001976615	0.490832370096027
2000	3000	-1.05946157033276	2.44508560202537	0.286237553886843
3000	4000	-1.49752559975878	2.30292901982282	0.102890516451315
4000	5000	-1.17354149117209	2.30690004918578	-0.333191705336417
5000	6000	-1.29655327458751	1.86369883777421	-0.816456595193277
6000	7000	-1.28998123185736	1.52327805183502	-1.33276024919103
7000	8000	-1.23221249499661	1.01991216151867	-1.45771410910954
8000	9000	-1.64249699113183	0.777096771530304	-1.78569418772536
9000	10000	-1.34515451243005	0.347373701774635	-1.45092561562196
10000	11000	-1.76215376318054	-0.0698181786014364	-1.70051414868071
11000	12000	-1.36234222324843	-0.43349607471941	-1.29721299338727
12000	13000	-1.8848189363061	-0.738625096795876	-1.36739928534917
13000	14000	-1.3258352216834	-1.2481334807049	-1.29367063112503
14000	15000	-1.72805782054608	-1.18342054618444	-1.64561822357644
15000	16000	-1.42709367010653	-1.06018970889529	-2.02367833352127
16000	17000	-1.09287377691361	-0.779851740342544	-1.7728261627722
17000	18000	-1.06169329623371	-0.249709452235132	-1.73926862521366
18000	19000	-1.8028191339733	0.141256981124634	-2.4370438115089
19000	20000	-1.31727636452824	0.410579985741354	-2.11197333349161
20000	21000	-0.849371711476363	0.56550128611804	-1.7901662312264
21000	22000	-0.592608755848244	0.960091414243235	-1.84759093198813
22000	23000	-0.797809974857717	1.42430539788247	-2.00907192140896
23000	24000	-0.306405384531493	1.61462208930907	-1.98078881549217
24000	25000	-0.221792314452117	1.28041816966753	-1.53726152971009
25000	26000	0.0350237345062835	0.753515555104281	-1.58978697689011
26000	27000	0.686596121934286	0.646764283569597	-1.68067425377199
27000	28000	0.460450471204312	0.248882512682461	-2.00904976000191
28000	29000	0.505261056043394	0.00342778290146849	-2.50691425765389
29000	30000	0.350309026282335	-0.317564734632637	-1.996448427888
30000	31000	0.410837581553788	-0.771628236406148	-2.38084742345295
31000	32000	0.374193957726464	-1.08088636978032	-1.81466579811965
32000	33000	0.681644927206166	-1.51850977858496	-1.96651638950038
33000	34000	0.612806364841897	-1.60319759935751	-1.44770678725527
34000	35000	0.43783298686241	-2.04261068912435	-1.71528519818496
35000	36000	0.0898359435706879	-1.85691834180062	-1.37122865859221
36000	37000	-0.191616464004488	-2.08799950528977	-1.75304517431409
37000	38000	-0.219418704032444	-1.58967285085526	-1.69197935805382
38000	39000	-0.147432939120691	-1.66181207874514	-2.14539376186378
39000	40000	-0.517598218143583	-1.40847226090115	-2.07631896328773
40000	41000	-0.124737253169456	-1.16341306483836	-2.28434186730642
41000	42000	-0.41787092757727	-0.93395457606677	-1.83198533567733
42000	43000	-0.299009025797185	-0.571879466459723	-2.11621801903277
43000	44000	-0.599017027153799	-0.186478803588925	-1.94474498710711
44000	45000	-0.202393831302613	-0.0224403699136108	-2.17292483973937
45000	46000	-0.445406645202944	0.365313357990862	-2.08526018105032
46000	47000	-0.849136083911068	0.471974318097262	-2.3023725215175
47000	48000	-0.978289150680926	0.782404902132546	-2.63098459454258
48000	49000	-0.653751815294679	0.877915128227255	-2.33621397675176
49000	50000	-0.642610456078123	1.25219410599546	-2.76654728750401
50000	51000	-0.294732549868723	1.07581893279774	-2.45531199183277
51000	52000	-0.268962220541739	0.745842502790921	-2.57465251878938
52000	53000	-0.464551424007504	0.76786939959007	-2.86737906977772
53000	54000	-0.539026672889308	0.470540378999419	-2.62756429634918
54000	55000	-0.630907579640217	0.410916315990582	-2.98676112182621
55000	56000	-0.936254266182754	0.316171647630931	-2.76445777334428
56000	57000	-0.76916455913738	0.0488144339907361	-2.4246050622896
57000	58000	-1.08087785088145	-0.125019099140273	-2.74183452757318
58000	59000	-1.2520299854198	-0.0716302105187041	-2.24115282112267
59000	60000	-1.52567606740518	-0.372017146296574	-2.51950100173686
60000	61000	-1.35546774941273	-0.551918474320897	-2.17690909943663
61000	62000	-1.35488068347008	-0.828839696742917	-2.50191480390392
62000	63000	-1.02192090360855	-0.810588485511601	-2.33452518448594
63000	64000	-1.10615114186919	-0.586392700702071	-2.63315959811774
64000	65000	-0.847456590467358	-0.460964187800821	-2.38201624576516
65000	66000	-0.774229304946947	-0.694160634619092	-2.80664031241057
66000	67000	-0.529542415268894	-0.746775714599229	-2.4817603833872
67000	68000	-0.337421020757578	-0.506861508297305	-2.83684083605572
68000	69000	-0.453297942762934	-0.241208997572866	-2.55083701360637
69000	70000	-0.579188289470253	-0.0566185843649417	-2.86760921922946
70000	71000	-0.233188513044536	0.0751079966445313	-2.74055611415968
71000	72000	-0.18438888609368	0.427774904156837	-2.86053717674245
72000	73000	-0.0813953404512069	0.413287598196874	-2.48043067671475
73000	74000	0.238126649430191	0.752004611173737	-2.67042096080348
74000	75000	0.144142515409841	0.731790821498494	-2.16669845662197
75000	76000	0.636596241097011	0.892356707525316	-2.26727933347326
76000	77000	0.833476896700556	1.39966828956735	-2.0550954517396
77000	78000	0.266569042833314	1.37663873290756	-2.18613992286151
78000	79000	0.346224331025327	1.33467156036505	-1.71430975949833
79000	80000	0.272815118212085	1.86006401253387	-1.72454752496387
80000	81000	0.327307396929193	2.08398170131815	-1.30584190314395
81000	82000	0.125510369799061	2.28113218174526	-0.806221921602958
82000	83000	0.0249348605935497	2.94677549317259	-0.619609319259867
83000	84000	0.14876181555064	2.78264590454152	-0.109296246728596
84000	85000	0.52490698566937	3.03420458765938	0.193095455551389
85000	86000	1.07174446445765	2.86980252483905	0.299875535283139
86000	87000	1.03892885392584	2.39841750391415	0.173433104321292
87000	88000	0.752249190818209	1.99255571472621	0.26221798329527
88000	89000	0.659169825384271	1.42243127287225	0.312065438356923
89000	90000	0.370276963808307	1.45939271508659	0.839521930373562
90000	91000	-0.0141084331434985	1.41373917212407	1.29760245510013
91000	92000	-0.371498398114163	1.44317862499816	1.81035058231813
92000	93000	-0.962075756102666	1.19613783113973	1.84132307847173
93000	94000	-1.12523839222608	0.840654308854327	1.3515679267598
94000	95000	-1.30844693921567	0.935563050233311	0.82459287754301
95000	96000	-1.39107959506381	1.1814350253572	0.290420534047465
96000	97000	-1.60261415439387	1.64356864641752	-0.0511508710023203
97000	98000	-1.02292703406301	1.60664852226135	-0.290876703714927
98000	99000	-0.697132571960259	2.14003251313186	-0.697630133702768
99000	1e+05	-0.463166897669797	2.04705499238803	-1.20834579956812
1e+05	101000	-0.0165694411568914	1.62797154870217	-1.00891841745515
101000	102000	0.538204187306439	1.39871224359548	-1.01478420564964
102000	103000	0.979090189259402	1.79408849138395	-1.06782297230365
103000	104000	1.3801044381081	1.53368643226201	-0.702686833144681
104000	105000	1.56269110875084	0.953556754125096	-0.609095214587548
105000	106000	1.57859846468613	0.441120887324629	-0.165131711459023
106000	107000	2.21239700985659	0.409097094934419	0.00386652303995655
107000	108000	2.02481269035426	0.338018070290432	0.652356521927681
108000	109000	2.33480373025855	0.812127568494441	0.66242586476777
109000	110000	2.50020895264498	1.0374415147829	1.12452545343676
110000	111000	1.91096197584453	1.15753068653551	0.947572323121225
111000	112000	1.59691701162167	1.51495088664194	1.16221572523475
112000	113000	1.65251704180123	1.87256780138762	0.911324349327552
113000	114000	1.57607591481152	2.36428664295139	0.781973907678334
114000	115000	1.82180362240031	2.7739536617342	0.866516916841345
115000	116000	2.0459545568597	2.38425774938127	1.01713692394404
116000	117000	1.74219170586991	2.2645688016941	1.21932513139338
117000	118000	1.9376730465655	2.62036435637739	1.45589439904591
118000	119000	1.72355795325202	2.31270749739462	1.60936004435498
119000	120000	1.41409063556601	2.19232904199096	1.77655148540881
120000	121000	1.43491747550473	2.69893206271878	1.78051989847735
121000	122000	1.06002442276979	2.49495977864803	1.55983208340822
122000	123000	1.28760435774215	2.54512390755712	1.18434953295584
123000	124000	1.16342205128852	2.01649218690346	1.29773951697276
124000	125000	1.14829723120312	1.88031673827059	0.790606390812313
125000	126000	1.35757773277493	1.40209764664929	0.55303211284679
126000	127000	1.69896677805401	1.68685319627027	0.297263595681009
127000	128000	1.99907854504642	1.27336228768588	0.294043375955303
128000	129000	2.21860136438678	1.61738593350836	-0.0255757918097235
129000	130000	2.49622840756141	1.49928804510684	0.38421797364276
130000	131000	2.45094413499093	1.91246945915356	0.323277986280914
131000	132000	2.21122374826992	1.77465580750927	0.548930312932357
132000	133000	2.30523204705285	2.0972911277779	0.708972576572412
133000	134000	2.24579658243197	2.46141852468329	0.464305345803685
134000	135000	1.88228628608247	2.13484295963603	0.464048875054726
135000	136000	1.70989592482036	2.3896358423229	0.15675563696107
136000	137000	1.41493810152856	1.89636939477236	-0.0764364987931237
137000	138000	1.32628108293454	2.32754071909758	-0.456050021881168
138000	139000	0.712664272411064	1.81505404982745	-0.402972550281199
139000	140000	0.591873150568028	2.41606705634968	-0.462349886965937
140000	141000	0.184089630757729	2.24744751071111	0.0170435273490679
141000	142000	-0.274037350594772	2.73329845137683	0.263638560602781
142000	143000	0.127887951193973	2.64723661297452	0.611404898398436
143000	144000	0.0160377778039864	2.35939155382047	1.10104333977231
144000	145000	-0.0175757930164784	2.60695040422966	1.59308789508437
145000	146000	0.46247560780191	2.52159457147547	1.66268701808472
146000	147000	0.752814630935793	2.49508040597507	2.19153637117607
147000	148000	0.918390040591964	1.96354032811365	1.90941501808296
148000	149000	0.99195835808363	1.50993587551034	1.67330891821344
149000	150000	1.02311839423561	1.24145404826701	2.19965477149302
150000	151000	1.28607694147173	1.02698230659119	1.81659598764986
151000	152000	1.61679206691905	1.45658184803654	2.11503111158699
152000	153000	1.6974954332819	1.3827102351708	1.64582806677796
153000	154000	2.15146568729481	1.58745619522548	1.85656208020228
154000	155000	1.85850988749881	1.82180109697947	1.64588484682285
155000	156000	2.18492687991262	2.0775079311698	1.50616148167054
156000	157000	2.02772236090831	1.8738644940428	1.18584009634739
157000	158000	2.48582371988898	1.94278978925996	1.15449457259378
158000	159000	2.28127300106858	1.54562433842123	1.01865354439538
159000	160000	2.38971849925713	1.57714391044605	1.42527658645115
160000	161000	2.08421552553812	1.31865941991775	1.40348196765286
161000	162000	2.28252727312514	1.11721148353131	1.75401420163835
162000	163000	1.90405735923247	0.929280335520492	1.56554756802275
163000	164000	1.80314133045347	0.833961573755813	1.9931382273732
164000	165000	1.62573742771643	0.476198854548061	1.65098005099824
165000	166000	1.41464258866864	0.245808324595772	2.04603569102705
166000	167000	1.29835251075925	-0.418286762577836	1.85482762532444
167000	168000	0.962649249167832	-0.888400165081943	1.64952448914401
168000	169000	1.12490251404813	-1.44142007101781	1.52105654079987
169000	170000	1.39165932897196	-1.58937338779292	1.02749879294128
170000	171000	1.86451359395536	-1.50248901125823	0.77674587488262
171000	172000	2.17541824963498	-1.71220424810025	0.408608445490096
172000	173000	2.34403481031028	-2.04523272048994	0.0749452106125417
173000	174000	2.3352666151874	-1.65415130637151	-0.188845070076956
174000	175000	2.57112078426775	-1.94385664057455	-0.531270446534454
175000	176000	2.30786740955619	-1.62318225818043	-0.678077551029422
176000	177000	2.56186338739081	-1.75723355064346	-1.06805667234529
177000	178000	2.15566915011832	-1.44221874931251	-1.0183605993454
178000	179000	1.91140057281833	-1.21975791328413	-1.25843375052099
179000	180000	2.23798953593309	-1.14749779058943	-1.71616938200192
180000	181000	2.33363793861123	-1.04741950078002	-1.32422915762084
181000	182000	2.53181502503718	-1.33292386319718	-1.36474473423384
182000	183000	2.22981161077844	-1.42262701536201	-1.42733402154406
183000	184000	2.46833672360975	-1.59303103500942	-1.60778021569401
184000	185000	2.09964223353585	-1.61267914997706	-1.75670155053447
185000	186000	1.7421247051847	-1.48139255471003	-1.61966828174534
186000	187000	1.62447121211291	-1.08127462437039	-1.77819043638333
187000	188000	1.40339540259619	-0.758665755281338	-1.33096227934544
188000	189000	1.87372018189514	-0.337186055437566	-1.46800127303137
189000	190000	1.4661930504263	-0.463331051836065	-0.703678993020198
190000	191000	2.06258314162634	-0.203903697528067	-0.652901911334083
191000	192000	2.24882295447735	-0.564539249177463	-0.22755055551535
192000	193000	2.2069599660199	-0.855062391316631	-0.693775435997497
193000	194000	2.59414217618368	-1.13488443745726	-0.780206400879355
194000	195000	2.8109259895127	-1.38022824968991	-0.430369700749123
195000	196000	2.41645735356979	-1.14766624325711	-0.231301878136544
196000	197000	2.28717586473312	-1.14885430021557	0.236210907640481
197000	198000	2.48543293306449	-0.661636794716503	0.42279991316182
198000	199000	2.1182901358469	-0.758641214232564	0.964426390572387
199000	2e+05	1.76906723949424	-0.398899095403385	0.608541660921532
2e+05	201000	1.44069425038455	-0.922951365892288	0.645955284443685
201000	202000	1.34942926533675	-0.645046193990814	0.0528718403733637
202000	203000	0.960366035574256	-1.04264877644236	-0.17470978682299
203000	204000	1.03073301343979	-1.26732066276521	-0.695466588436281
204000	205000	1.27819908847985	-1.63923339075623	-0.357050311734153
205000	206000	1.36659031727496	-2.11210547263979	-0.517079294256466
206000	207000	1.64133002911062	-2.50544093933466	-0.672763628424736
207000	208000	1.55644800823556	-2.88054171138656	-0.364753419408775
208000	209000	1.43965247567189	-2.43662145109429	-0.15369208335533
209000	210000	1.73498916664439	-2.6768600327041	0.0907605484430331
210000	211000	1.85473011613189	-2.32401681118471	-0.0832990986042084
211000	212000	2.1085277670215	-2.52477344522639	-0.275412405672244
212000	213000	2.0072111918764	-2.1668841493037	-0.410711913480121
213000	214000	2.25092131147295	-2.35015204125928	-0.692344831498094
214000	215000	2.03038222762419	-1.99766544922363	-0.795707246260543
215000	216000	2.31594172205493	-2.13903271750627	-1.09229625240454
216000	217000	2.01229997073001	-1.80936364546121	-1.16179102910795
217000	218000	2.13161688236948	-2.00719443475181	-1.45270644979472
218000	219000	1.68562391860391	-1.94522595970379	-1.45972304556141
219000	220000	1.79020706251381	-2.30885628158147	-1.24965122830355
220000	221000	1.37124719332135	-2.3655461860701	-1.16747424055221
221000	222000	1.02179585379757	-2.07749414911484	-0.99683837072197
222000	223000	0.880861543819718	-2.54704411085715	-0.807792460999155
223000	224000	0.577730651346553	-1.96640127419581	-0.585130414668596
224000	225000	0.575424739287884	-2.19845644044466	-0.0831171750920063
225000	226000	0.631166572184375	-1.61554905041823	0.144603675612542
226000	227000	0.678404414344585	-1.79485463335591	0.728498102071171
227000	228000	0.196965184161453	-1.30806613121713	0.66355682395359
228000	229000	-0.389984885105466	-1.45265395900265	0.543939868068679
229000	230000	-0.77392911408732	-1.5386985488204	0.155129651526802
230000	231000	-0.612563136762286	-1.84175687075483	-0.398552091486108
231000	232000	-0.187015804297941	-1.72982003472384	-0.730810494592712
232000	233000	-0.214446279330398	-2.40349496251252	-1.04646629261932
233000	234000	0.396847704705218	-2.30183820078351	-1.12846942068994
234000	235000	0.988536509515351	-2.52997519333207	-1.60377876286048
235000	236000	1.18508649120197	-1.87774756422595	-1.51915404773685
236000	237000	1.35077305030814	-1.42538385734938	-1.20309708367206
237000	238000	1.56641089778236	-1.7592553620151	-0.919919578434276
238000	239000	1.7846433143203	-1.36048477727266	-0.665750961979408
239000	240000	1.87938836105133	-1.71873203280323	-0.350379821328676
240000	241000	1.73283990070215	-1.40299067241643	-0.0376671420436982
241000	242000	1.70787394237044	-1.91479150287546	0.240049185887534
242000	243000	1.24343810192048	-1.95289933637684	0.166818178218281
243000	244000	1.09877250801643	-2.46611828130356	0.265672556846438
244000	245000	0.926667688650977	-2.8061311196613	-0.204809378339421
245000	246000	0.38514744372977	-2.69270121256466	-0.36352954074487
246000	247000	-0.0826408131046288	-2.57799047239882	-0.468960756474539
247000	248000	-0.476464129999767	-2.63290128946482	-0.171533252880706
248000	249000	-0.779599320250026	-2.53870860663113	-0.506780553114553
249000	250000	-1.06597154757788	-2.54785933688572	-0.152099120883442
250000	251000	-1.30915099501921	-2.235430930258	0.0192907338575651
251000	252000	-1.69368583312852	-2.45898541040538	0.164817973709526
252000	253000	-1.67689723436311	-2.02309025176404	0.44326458794295
253000	254000	-2.04768666400247	-2.10300360235071	0.689210246913152
254000	255000	-2.46258992580357	-1.88555640200636	0.77660388536271
255000	256000	-2.93930622048716	-1.74284562888473	0.752400874841615
256000	257000	-2.50744303902872	-1.37170940173627	0.586858589098299
257000	258000	-2.8138975663782	-1.3631544423927	0.240521120542904
258000	259000	-2.429603471371	-1.09318091965945	0.0297515156626897
259000	260000	-2.41873844902515	-1.18509392063604	-0.485698287149086
260000	261000	-2.03484512336065	-0.721872617624347	-0.551191709521775
261000	262000	-1.56711189211471	-1.16367610865938	-0.709571323968336
262000	263000	-1.18683569149293	-0.816296087275036	-0.341037491293173
263000	264000	-0.638257039404512	-1.04627873606735	-0.443218106715605
264000	265000	-0.118448550782693	-1.01790401522113	-0.149795126232779
265000	266000	-0.000714166999346926	-1.6507912429366	-0.0379473189597778
266000	267000	-0.048812242718006	-2.27307135328853	0.206429231548916
267000	268000	0.206721683780656	-2.43128700208531	0.6999177127392
268000	269000	0.268366714636922	-1.98155238489564	1.21771188008902
269000	270000	0.0342910775358932	-1.35348578796737	1.40728905141402
270000	271000	-0.600052705513767	-1.28442711027359	1.17848824295286
271000	272000	-0.991777954759219	-0.881057293164423	0.998150467117951
272000	273000	-1.1492316843156	-0.771547755432752	0.461749788948859
273000	274000	-1.67337059108522	-0.561669691764411	0.643750362162822
274000	275000	-2.0619107131559	-0.56758485830282	0.128455782686815
275000	276000	-1.87466097904744	-1.05978368253698	0.251167197422872
276000	277000	-1.886617150812	-1.40260597546461	-0.23642304057491
277000	278000	-1.39902292070897	-1.54194513225175	0.157666679294273
278000	279000	-1.30717090479412	-1.84610713450418	-0.461326405844458
279000	280000	-1.59090521043812	-2.3659579365359	-0.505134837421495
280000	281000	-1.8436590786782	-1.95586555832972	-0.257145617645966
281000	282000	-2.21530524376394	-2.08889922868935	0.0593710041498913
282000	283000	-2.46435869711396	-1.66843651433827	-0.0102339130510329
283000	284000	-2.14799313181537	-1.58919173255932	0.400685959032513
284000	285000	-1.84533768409151	-1.43707433612429	0.734863116846563
285000	286000	-2.16322328271499	-2.10661017083656	1.26141681771146
286000	287000	-1.58088259485585	-2.01345951671509	1.93925588984307
287000	288000	-1.3007500318238	-1.22844271772998	1.40704243330053
288000	289000	-1.2372146723446	-0.729963160150435	1.70358725087616
289000	290000	-0.674432837602131	-0.846467302146584	1.72387087279981
290000	291000	-0.802432164754072	-0.476557528730705	2.14039540672683
291000	292000	-0.52237533707608	-0.879734813879899	2.30655047488745
292000	293000	-1.01855083696187	-0.925539492080313	2.26939866745344
293000	294000	-0.806107512205544	-1.24391434031674	2.13839035176479
294000	295000	-1.17289595782012	-1.36049429637891	2.09362046617597
295000	296000	-0.850015410345131	-1.60456721153247	1.84029539797146
296000	297000	-0.355039201280841	-1.6511967519729	1.98497795975686
297000	298000	-0.483123176016661	-2.02767565718129	1.6680898037064
298000	299000	-0.312154101465319	-1.93082352945288	1.22923148313052
299000	3e+05	-0.383500346024703	-2.42713150757907	1.08191892306453
3e+05	301000	-0.513206936019978	-2.12345635163563	0.640607003086663
301000	302000	-0.853024078084933	-2.59137852033802	0.535082940109824
302000	303000	-1.09343092996915	-2.10364894538885	0.612004938686831
303000	304000	-1.3597712701846	-2.2680260126151	1.08783039115641
304000	305000	-1.3534681742112	-1.72167806560739	1.06518361943
305000	306000	-1.70759421250674	-1.79260646249418	1.40239614232596
306000	307000	-2.05957037474708	-1.61708497917048	1.17360734672183
307000	308000	-2.24816165587766	-1.58714980078654	1.55604265489506
308000	309000	-2.5185071523912	-1.48778507496733	1.28832086536718
309000	310000	-2.59680963456198	-1.33907928710522	1.62059637692343
310000	311000	-2.43500645008185	-1.12405167266116	1.35326898324185
311000	312000	-2.74605904364185	-1.04623339359921	1.38865071346266
312000	313000	-2.67353911446589	-0.688953567874197	1.49479230582094
313000	314000	-2.55861421687613	-0.913321751690467	1.74106507143606
314000	315000	-2.31515036199196	-0.809391888134562	1.52220520888923
315000	316000	-2.25278548537245	-1.10061809951982	1.73391520264452
316000	317000	-2.03467784616198	-0.782540822459258	1.78376115324711
317000	318000	-1.80845070972926	-1.03749766321654	2.01459498634637
318000	319000	-2.02918315873311	-1.50558188933805	2.15659565150793
319000	320000	-1.79843376313372	-1.34817052088756	1.63910447374219
320000	321000	-1.90269029812035	-1.06660762906347	1.29958005004229
321000	322000	-2.23064939974384	-1.17801978915127	1.0092021231139
322000	323000	-2.3009216031138	-0.719532155765301	1.01294394996521
323000	324000	-2.81585103794211	-1.1044267221951	0.884978315939476
324000	325000	-2.73963035090708	-0.637143976220943	0.786564396952595
325000	326000	-2.73521394323415	-0.789463569876437	0.357122233656473
326000	327000	-2.60108055617222	-0.316158593221506	0.31613163176105
327000	328000	-2.48237540571678	0.0367799930832336	-0.034015905631201
328000	329000	-2.18374130439297	0.499073038193333	0.0372976817625936
329000	330000	-2.2943087806524	0.926620082844104	-0.267854437838383
330000	331000	-1.84063551535712	1.13684055629736	-0.63819861056416
331000	332000	-1.94541080705717	0.544178573097446	-0.853565408113373
332000	333000	-1.40314033751269	0.662927013688149	-0.467120286647155
333000	334000	-1.4080045974232	0.0539930133587353	-0.532706710709225
334000	335000	-0.876761732154882	0.307867066986252	-0.132456109748198
335000	336000	-0.327117357646391	0.00104136344500201	-0.140189732582933
336000	337000	0.186954174747501	-0.2659023422763	0.0913720727508866
337000	338000	0.609121244131672	-0.553656951651719	0.458766042410424
338000	339000	0.93323274302158	-0.579735576394128	0.993253031447479
339000	340000	1.00861362215318	-0.0775418111685123	1.32124776867759
340000	341000	0.508744209740647	0.10883169635115	1.68846695078006
341000	342000	0.146641123889662	0.533531506059645	2.03102348215518
342000	343000	-0.30823790451158	0.872143095572523	4.91369065113663
343000	344000	-0.539200558695568	0.469764969090747	2.02260050795764
344000	345000	-1.0796577224691	0.335859878162462	1.89350450956952
345000	346000	-1.59070809578353	0.229468789853004	2.14746148390373
346000	347000	-1.7483672261048	-0.129450037024468	1.85135228427429
347000	348000	-2.23941787523755	0.0125425363750463	1.665535035091
348000	349000	-1.97386983367562	0.498440059789924	1.59270030176786
349000	350000	-1.86704340280283	0.991814195332534	1.48950218947009
350000	351000	-1.6953533260171	1.48536271630744	1.47648100271204
351000	352000	-1.58583617192547	1.49204224983484	0.978270559314596
352000	353000	-1.95119337519371	1.77571511010092	0.75655321324615
353000	354000	-2.12123723290406	1.17563297679928	0.690741486954476
354000	355000	-2.15071159415959	0.721501846603264	0.942722841259778
355000	356000	-2.35111454126887	0.171105206606573	0.883025049235233
356000	357000	-1.788300063977	0.0187088390997003	1.05024874247944
357000	358000	-1.44212726921041	0.128755507937951	0.575142708823216
358000	359000	-0.948904599431084	-0.0684702213324487	1.04171355250971
359000	360000	-0.403575997808331	-0.43431153621089	0.797468753090893
360000	361000	0.00793966739467037	-0.582989733851027	1.42518024426441
361000	362000	0.225644874309893	-0.107325142920436	0.967293206197931
362000	363000	-0.192327052741202	0.344520545903003	1.28679254016216
363000	364000	-0.320730543259319	0.518619432440301	0.661401367326591
364000	365000	-0.465225043639725	1.02005979885562	0.328002742171156
365000	366000	-0.539563088019364	1.2641119461943	0.909846799726229
366000	367000	-0.850968018170813	1.66315675847361	0.42128833838642
367000	368000	-0.944120779458258	1.7690414950555	0.999880921299278
368000	369000	-1.28418866703442	2.01580236317531	0.667764906405015
369000	370000	-1.35135515448911	2.46409190268803	1.20964854962999
370000	371000	-1.6880366264333	2.32921732218015	0.874665189433138
371000	372000	-1.53354061551046	2.00901774798657	1.13731858788565
372000	373000	-1.76201964105254	2.21883351637332	1.55562817701391
373000	374000	-1.19439103824379	1.96575808427194	1.49433191097413
374000	375000	-1.04295082982559	2.46255820942239	1.65060327438915
375000	376000	-0.613634315741816	2.21332934691732	1.39909844998655
376000	377000	-0.504635137826532	2.17435540671116	0.858860953895979
377000	378000	-0.174267044788477	1.99220323541724	0.531809505009116
378000	379000	-0.414281805184953	2.0847123210223	-0.061185005100195
379000	380000	-0.0544442885304623	1.48145196191745	-0.0568107511426763
380000	381000	-0.479910416679221	1.35588667713806	-0.594477224713234
381000	382000	-0.335539154405514	0.800118210602221	-0.588366825495828
382000	383000	0.0876045352695831	0.373603266251575	-0.793213959320353
383000	384000	0.753757399986258	0.555483403017204	-0.801806967931746
384000	385000	0.92272022988337	0.602555561318662	-0.199605196867311
385000	386000	0.562424570629009	0.529373920619833	0.281671523254164
386000	387000	1.11713829768806	0.490235042496033	0.67259045404271
387000	388000	0.901171838799695	0.836190484554548	1.12587459194753
388000	389000	0.572852022532775	0.991121276997195	1.58707018532879
389000	390000	0.376960212632974	1.46266582378219	1.9972354322934
390000	391000	0.207120654071641	1.95364277105269	1.74597250560766
391000	392000	0.54958205530671	1.99688739837388	1.20144098224974
392000	393000	0.799922205086793	2.37950578290236	0.81546339064592
393000	394000	1.00942216828089	3.02258305206609	0.999244117176536
394000	395000	0.580815976277552	2.7140193255304	1.14984583798802
395000	396000	0.322236958366627	3.16399577900196	0.925195115562985
396000	397000	-0.0375513925653382	2.89419389840884	1.13511823713225
397000	398000	-0.385740990575473	2.90853600067607	0.846856828195146
398000	399000	-0.580859177716815	2.84428124077956	1.22574951358683
399000	4e+05	-0.752582301780554	2.56645273223787	1.00367019523813
4e+05	401000	-1.0910738137973	2.84110747287402	1.00792306409008
401000	402000	-0.914508969063844	2.79717457721323	0.656061488403074
