0	1000	1.75336306550118	-0.0534360646560807	-1.72830977705483
1000	2000	1.64884519626226	-0.0158706476173779	-2.1162344264274
2000	3000	1.30184709795846	-0.10528786617188	-1.98181246225628
3000	4000	0.945004519973019	-0.158709610946421	-2.02580334288229
4000	5000	0.656877180243044	-0.350429825272223	-2.00686396796499
5000	6000	0.400643741464676	-0.555916869363185	-1.90658282717724
6000	7000	0.0857958955102358	-0.741867126009432	-1.8985906971564
7000	8000	-0.0526183967587775	-1.03490115377283	-1.72995845568369
8000	9000	-0.404283569249982	-1.20285013593327	-1.71496116920105
9000	10000	-0.441878686224974	-1.25708085282255	-1.34128116771732
10000	11000	-0.773201396535962	-1.47822698443167	-1.25830466240861
11000	12000	-0.873680290290465	-1.43532106385544	-0.904849746262585
12000	13000	-1.13232937411713	-1.531043196909	-0.640692351008034
13000	14000	-1.21561729213882	-1.23526851776918	-0.423772523633904
14000	15000	-1.46577831266038	-0.945804564701391	-0.344289057812452
15000	16000	-1.22151929890722	-0.800930006829293	-0.594256725595386
16000	17000	-1.02999924018048	-0.519254187070497	-0.742376101773905
17000	18000	-0.781390199522421	-0.858026258070994	-0.897835820667534
18000	19000	-0.625175735944282	-0.473510720785361	-1.13388914285315
19000	20000	-0.721360222450717	-0.800300716341853	-1.41304460724521
20000	21000	-0.539801296392906	-0.470547111408978	-1.63381340105597
21000	22000	-0.8033759258471	-0.691716348997911	-1.89002712019233
22000	23000	-0.911303439194143	-0.309566665719497	-1.75518276053677
23000	24000	-1.16905295326975	-0.505430478095631	-2.01795887269098
24000	25000	-1.30399103197476	-0.205847245877202	-1.78493720552269
25000	26000	-1.57975391791662	-0.445671224937113	-1.94670621097673
26000	27000	-1.58098447893213	-0.472200707745201	-1.63893522997433
27000	28000	-1.79764919323075	-0.691864329125245	-1.72002422104783
28000	29000	-1.99332322329089	-0.84225435287188	-1.59149544691573
29000	30000	-2.28512139205489	-0.740936627592858	-1.58238785454883
30000	31000	-2.47039150220889	-0.747253821354117	-1.29517005656739
31000	32000	-2.49453741627439	-0.623417571476075	-0.960498769586349
32000	33000	-2.42383586910074	-0.577418466138012	-0.628640946969352
33000	34000	-2.18816256915426	-0.43931525557839	-0.415147484709277
34000	35000	-2.01141210405199	-0.384764984713045	-0.710130940088745
35000	36000	-2.31594663661455	-0.265198381948007	-0.793307336851437
36000	37000	-2.32689154925961	-0.197771099057544	-1.1207733064926
37000	38000	-2.20031511506607	0.0475125614147826	-0.883623756908005
38000	39000	-2.03680359496162	0.0695440538730659	-1.13319686912155
39000	40000	-1.86451160527201	0.0322126405512013	-0.801035824486906
40000	41000	-1.65598793046566	0.0283422073729112	-1.05409417634843
41000	42000	-1.58166360830251	-0.25145107722829	-0.736350380352525
42000	43000	-1.37252397366936	-0.257772944621273	-1.10314186708239
43000	44000	-1.55226835674967	-0.566528666642758	-1.02513487722456
44000	45000	-1.30956252219389	-0.654506511477158	-1.2777579834803
45000	46000	-1.57050769838057	-0.893760841667515	-1.33649345895552
46000	47000	-1.31836286601202	-1.12688530071998	-1.24085414851024
47000	48000	-1.32209842153057	-1.00838327229375	-1.64353301083102
48000	49000	-1.09361045934952	-1.28778011222247	-1.57002340626614
49000	50000	-1.37332006717501	-1.32411934998445	-2.01501991692348
50000	51000	-1.46559648160565	-1.43995964841277	-1.58812287856282
51000	52000	-1.79920087309547	-1.27798429970067	-1.68899052708054
52000	53000	-1.78754805010041	-1.46794425006176	-1.41927569626067
53000	54000	-1.93584804619483	-1.21554037324774	-1.34012433745409
54000	55000	-2.03112966833698	-1.42833114468447	-1.1986990809781
55000	56000	-2.22186141283443	-1.2623257241516	-1.11026942056028
56000	57000	-1.96864164328758	-1.20037717673714	-0.948304133906253
57000	58000	-1.7264344503179	-1.11136552013699	-0.978315676978825
58000	59000	-1.49416484809506	-1.33880149872806	-0.95200804507211
59000	60000	-1.71412473850239	-1.5869410370113	-1.00309996425138
60000	61000	-1.60500578622952	-1.52930978301944	-0.699520162809917
61000	62000	-1.90296659416722	-1.60359079263417	-0.717748526397384
62000	63000	-1.73197902936662	-1.40085731029647	-0.452547782160028
63000	64000	-2.01214313344192	-1.41535178166085	-0.501260121804831
64000	65000	-1.8468339837407	-1.19561069962669	-0.624598349639508
65000	66000	-2.18553380163305	-1.28484022777301	-0.690513249626355
66000	67000	-2.04120246891805	-1.06390598558995	-0.437170350933612
67000	68000	-2.33963488429985	-1.0368815045531	-0.574332348980175
68000	69000	-2.00632595680393	-0.834259675214775	-0.630040283341744
69000	70000	-2.24021856833423	-0.913280743289868	-0.856454166264541
70000	71000	-1.98943602067745	-0.799739861451212	-0.931214537578933
71000	72000	-2.11207923461485	-0.880684917383506	-1.18522178435651
72000	73000	-1.93034141100905	-0.68476113090205	-1.19933031879937
73000	74000	-2.12020103764824	-0.456501718635392	-1.39478824990243
74000	75000	-1.8372276664372	-0.361324749285775	-1.34226454630002
75000	76000	-1.99674186047832	-0.163985329992123	-1.63824239765312
76000	77000	-1.90160522776082	0.147470377230433	-1.8367826257336
77000	78000	-1.62250497652636	0.235025470498621	-1.56080025091149
78000	79000	-1.31329448305279	0.281912529752079	-1.48396464762456
79000	80000	-1.12520553263136	0.46557385236811	-1.68629625406764
80000	81000	-0.838638446073108	0.407681725372512	-1.76277893595264
81000	82000	-0.476508937437506	0.478289727184644	-1.79823168340289
82000	83000	-0.0989393599274728	0.648105884741508	-2.04454159466819
83000	84000	0.320635914647866	0.668940251522798	-1.91432267734779
84000	85000	0.685734063572243	0.810444937475328	-2.01700529922258
85000	86000	1.10729988961169	0.930718950612991	-1.94258219879697
86000	87000	1.32867611564787	1.0505050435187	-1.69986966254802
87000	88000	1.64248156007744	1.10337757337613	-1.67118374929881
88000	89000	1.99690648432996	1.18461277489898	-1.70448878149052
89000	90000	2.00836376115053	0.913557756135683	-1.48702178283944
90000	91000	1.81452458134866	0.731196172833168	-1.23637655962011
91000	92000	1.91861408951991	0.50050457661279	-0.980430109601093
92000	93000	2.17902272758389	0.371238927754023	-0.73955176955849
93000	94000	2.12069526111882	0.249839062400862	-0.381460331547991
94000	95000	1.80446690681712	0.148257343452478	-0.646368655344744
95000	96000	1.51292280634057	0.0380328125589096	-0.826628166426556
96000	97000	1.43342139476697	-0.148097157817502	-1.13676673807796
97000	98000	1.2229678414859	-0.479609020411323	-1.06060035507738
98000	99000	0.907542547352273	-0.476235755818698	-1.34519461916268
99000	1e+05	0.730873724175187	-0.315133258285573	-0.869530975959503
1e+05	101000	0.55636343452547	0.00726449899091647	-1.1127433563524
101000	102000	0.3097140843112	0.217515744409905	-0.832434300365266
102000	103000	0.169080213119608	0.593883887359633	-1.06357816939254
103000	104000	0.244081930277603	0.857679875456418	-0.748875476166939
104000	105000	0.481018332115356	0.777088444066662	-0.400147360849725
105000	106000	0.72966503916382	0.691094431759961	-0.0727450606931083
106000	107000	1.00501123574302	0.872037994598405	0.187241883170939
107000	108000	1.39783695258476	0.96582779502351	0.307579504437319
108000	109000	1.58867986570681	1.01923056321754	-0.0371834212138915
109000	110000	1.60266978942055	1.22176285589014	-0.347786913709211
110000	111000	1.68720006853124	1.50528112745631	-0.580263173654444
111000	112000	1.3965945336791	1.52411877761915	-0.850733663354689
112000	113000	1.52026724391145	1.829024559679	-1.0796528737658
113000	114000	1.45175072712677	1.4282186567648	-1.26199863347563
114000	115000	1.74389326904414	1.6183410356651	-1.4352107821888
115000	116000	1.69576365476176	1.32048576120193	-1.12292524403855
116000	117000	1.84319638956168	1.53342444134395	-1.11656817087759
117000	118000	2.01311513012696	1.63777234742296	-0.920491645828157
118000	119000	2.07476179272868	1.35115766608891	-1.0905371131191
119000	120000	2.18316718659088	1.41323059226871	-0.873001740664842
120000	121000	2.40065036668415	1.33146007363378	-1.12363545572267
121000	122000	2.40203210114126	1.22336961213308	-0.808981145630865
122000	123000	2.15728889004912	1.02534473896738	-1.00886781093343
123000	124000	2.11095287444592	1.08823694550229	-0.614809816180337
124000	125000	1.79133718441899	0.96894604701393	-0.779580299347704
125000	126000	1.43016574579998	0.875248615848852	-0.67616186489262
126000	127000	1.16238893360739	1.14907725066874	-0.826215972232891
127000	128000	0.919637178293678	1.31240682392561	-0.525825119463735
128000	129000	0.646347923728814	1.64289221039179	-0.41946067754646
129000	130000	0.311869020955745	1.61455079474283	-0.163802713130964
130000	131000	0.0153794152455161	1.77968447937821	-0.482895971205382
131000	132000	0.0825074626221729	1.52592956168643	-0.82237293301625
132000	133000	0.444726639742251	1.61834565794742	-0.99610867871199
133000	134000	0.575661889156133	1.62953207325478	-1.36403709280691
134000	135000	0.858872577199283	1.38880740818713	-1.46960231709261
135000	136000	0.884531646781556	1.01062422560173	-1.37404084717423
136000	137000	1.01235695218571	0.634138122662072	-1.30341601345347
137000	138000	1.1718569402776	0.504321240475859	-1.71774234742703
138000	139000	1.35366219716991	0.20383415186439	-1.49620549027065
139000	140000	1.69459302768648	0.372348147709566	-1.67498037165256
140000	141000	1.91684730752839	0.187341912684866	-1.38443315630389
141000	142000	2.18130303164867	0.41808363601088	-1.52730859127532
142000	143000	2.56081460602493	0.496939931883632	-1.6203148603004
143000	144000	2.42691023195772	0.544657069020629	-1.32754780812688
144000	145000	2.47252790304247	0.552735143119882	-1.07011306839843
145000	146000	2.494409579481	0.821107885563589	-1.18448718983581
146000	147000	2.79661140116519	0.894453371653515	-1.01779967769591
147000	148000	2.43181298013822	0.818368567557186	-0.878100861071197
148000	149000	2.55217767992823	0.809021926235548	-0.628525830309014
149000	150000	2.36326153615988	0.772431435313593	-0.355479319039124
150000	151000	2.47818502383518	1.09122720349559	-0.288818819133302
151000	152000	2.15197038448916	1.03038655803304	-0.0526258405452473
152000	153000	2.10383998732425	1.41325191150308	-0.136241001349342
153000	154000	1.77872905705935	1.47344092750583	0.200994222306821
154000	155000	1.7630697403195	1.8717265072539	-0.0194606121471993
155000	156000	1.44599106022181	1.61462214970858	-0.167483849814832
156000	157000	1.50270370200707	1.88331134027466	-0.463985411509773
157000	158000	1.14737040863732	1.87684047054745	-0.435181396514795
158000	159000	1.2230535102999	1.96383035436298	-0.0794452339427962
159000	160000	1.01151963186759	1.7615722426847	0.0393510613200861
160000	161000	1.15246363638308	1.70678508914286	0.345491329825403
161000	162000	0.828317183213641	1.86129055786677	0.475136568452878
162000	163000	0.799269579814299	1.62569351087145	0.771868409042408
163000	164000	0.489600038602886	1.63146753705967	0.948382255246897
164000	165000	0.358672788188192	1.46445093547629	1.22678559778602
165000	166000	0.12385473929034	1.67776881058735	1.28703333440989
166000	167000	-0.12656082448342	1.52486744363897	1.4637631275237
167000	168000	-0.442759432838131	1.60414047235722	1.41249310162174
168000	169000	-0.73204898150388	1.67479977529488	1.56755523775065
169000	170000	-1.08958112265505	1.77317413571326	1.53937886911873
170000	171000	-1.22354780268652	1.60667535661973	1.28324207172893
171000	172000	-1.51846769268002	1.82674136159119	1.29287978046222
172000	173000	-1.55705472303673	1.5939060478636	1.06167245500808
173000	174000	-1.8085726539667	1.80932446436633	1.00089474744356
174000	175000	-1.84299375247168	1.59018162113227	0.801773191825599
175000	176000	-2.06578320326792	1.74790309901227	0.694296233838635
176000	177000	-2.01041412381476	1.55947886139758	0.45239233149798
177000	178000	-2.14327792148298	1.43242219935775	0.192784275010587
178000	179000	-1.90423505170001	1.17841670757824	0.0475229907656672
179000	180000	-2.16974050658146	1.27331140862022	-0.26853001941425
180000	181000	-2.135687294218	0.805046655412569	-0.180508196472601
181000	182000	-1.97729289625864	0.896503075840925	-0.510338111844278
182000	183000	-1.66173002349676	0.730290586542014	-0.228724236568237
183000	184000	-1.49566631817452	1.09740954484546	-0.579205036502233
184000	185000	-1.14849317189436	0.891396915149817	-0.24003740020819
185000	186000	-0.948748063677144	1.05253401550018	-0.584335598941599
186000	187000	-0.670912095838132	1.36780550308433	-0.416205573249129
187000	188000	-0.845001432702788	1.61586430237676	-0.789741434276085
188000	189000	-1.05973100966562	1.96105351840691	-0.487875010968922
189000	190000	-1.41533109983877	1.63052596595957	-0.328314215148383
190000	191000	-1.36257577953702	1.90261298848006	0.0423722903546448
191000	192000	-1.71512734625248	1.71772506061948	0.0822958320574843
192000	193000	-1.71428423870859	1.912710228392	0.395480963017905
193000	194000	-1.552114069404	1.69065488938115	0.552953320057951
194000	195000	-1.61793456675507	2.02688583563073	0.734169306297201
195000	196000	-1.33985231457978	1.77365425531621	0.779997718598996
196000	197000	-1.34723067324522	2.05844622319469	0.894924189045954
197000	198000	-1.03542294664655	2.00902397182896	0.994190803826467
198000	199000	-0.856269493476546	2.13966373992014	0.70324394630036
199000	2e+05	-0.607693751770344	1.74836878145397	0.804523941345528
2e+05	201000	-0.64934405727691	1.84341110147463	0.360045197386217
201000	202000	-0.742465406750158	1.40638823512097	0.524354296000497
202000	203000	-1.09577947104755	1.37638025666206	0.248730942183973
203000	204000	-1.25252344172139	1.10442121277017	0.601929734577596
204000	205000	-1.59488752464494	1.20670970420829	0.501830091062837
205000	206000	-2.08828044373955	1.26293523723891	0.723803473946504
206000	207000	-2.41674174789559	1.39668485507016	0.780407754348985
207000	208000	-2.42136476219324	1.44807886355608	1.1232388754023
208000	209000	-2.30222622499597	1.243993562845	1.35371123776239
209000	210000	-2.19177772920591	1.0317336746785	1.23310093080605
210000	211000	-2.44977796162435	1.08416605348068	1.157743006715
211000	212000	-2.26362165713114	1.03402168678056	0.987422130670109
212000	213000	-2.47174011050379	0.984339451324185	0.894724047519272
213000	214000	-2.32280853541421	0.765127515342348	1.00553947053284
214000	215000	-2.62214443967111	0.788833989142617	0.989948946088378
215000	216000	-2.52535346489227	0.667258872943939	1.26472273952864
216000	217000	-2.58238474439821	0.47300834644889	0.978264327030939
217000	218000	-2.432194221829	0.353677672811709	1.25035242445432
218000	219000	-2.2918497450804	0.298512920685591	0.953043156631213
219000	220000	-2.10177110951437	0.335633362315495	1.30099493171671
220000	221000	-2.01411983820332	0.526223861328125	0.962057248060959
221000	222000	-2.14850282107317	0.6987035121208	1.47071536324239
222000	223000	-1.81279066905046	0.747457875653969	1.16830396921149
223000	224000	-1.6245550880204	0.921806139248287	1.37169133635294
224000	225000	-1.31080331993964	0.996493576593921	1.20022361625996
225000	226000	-1.24284849961669	1.19430669997202	1.609260573475
226000	227000	-0.910945251714006	1.11537456848337	1.71313148543138
227000	228000	-0.527190228685418	0.989609845362451	1.69157917720864
228000	229000	-0.326818263675136	0.744692490000639	1.39951864897917
229000	230000	-0.291810458272881	0.356349450199331	1.27337743740419
230000	231000	-0.624711293041213	0.0022307981625682	1.20610266180704
231000	232000	-1.02068588660453	-0.268136833491899	1.10322515002632
232000	233000	-1.47170335338042	-0.330023294251462	1.03614241666214
233000	234000	-1.83140636522069	-0.241950829042786	0.836312693154695
234000	235000	-2.17033914233537	-0.141629011118685	0.56959620749548
235000	236000	-2.12593496171698	0.270731295250607	0.347192886449455
236000	237000	-2.46544769916065	0.535474269865759	0.255694041867181
237000	238000	-2.54513463645251	0.932995955560489	0.35404452345718
238000	239000	-2.15831336797334	0.943865038074774	0.426787226687877
239000	240000	-1.87835126840935	0.953250734992125	0.635093629426843
240000	241000	-1.77259635819158	1.18675301002555	0.92267966721956
241000	242000	-1.83415960579511	1.36219524043731	1.15781200216376
242000	243000	-2.0559301813377	1.61985772443866	1.25209687106659
243000	244000	-1.79072221709092	1.58274549761282	1.42080533960121
244000	245000	-1.99395172414109	1.45985434890011	1.64391691629295
245000	246000	-1.69272188273823	1.27007565347988	1.59853090102407
246000	247000	-1.93024709599539	1.07682393397502	1.70694709836759
247000	248000	-1.63657820241757	0.911257969473801	1.81254199049577
248000	249000	-1.85391534460877	0.657345624520343	1.82672467705719
249000	250000	-1.61149785070889	0.473248126641414	1.86202504596576
250000	251000	-1.63766624325422	0.141955055794648	1.90773596918874
251000	252000	-1.35929398096239	-0.0167769425928146	2.03714106188537
252000	253000	-1.17737331247224	-0.289411957871794	2.1219288771989
253000	254000	-1.08812323619262	-0.587241755213523	1.93605015378719
254000	255000	-1.25014367755981	-0.926817605738999	1.7606441120163
255000	256000	-1.18062342371011	-1.33430896663464	1.49929100251265
256000	257000	-0.829101612867531	-1.37431917413255	1.16016734680793
257000	258000	-0.538261260058986	-1.50312669794274	0.880293919421596
258000	259000	-0.424175993032394	-1.39355724306698	0.487696959282707
259000	260000	-0.217287417006172	-1.0305024892053	0.377373852294342
260000	261000	-0.394503555944485	-0.641343512718559	0.329361273939267
261000	262000	-0.266711481636745	-0.191107100853701	0.395970802507568
262000	263000	-0.576272447908536	0.123603420590276	0.390917559132433
263000	264000	-0.746427031150118	0.396863769879702	0.671995996855831
264000	265000	-1.15926791764279	0.336231447097337	0.919692800262983
265000	266000	-1.17220859242045	0.379349391207597	1.36329674614873
266000	267000	-1.1155347894443	0.373068403685438	1.76468419987762
267000	268000	-1.05712127055009	0.636533731926068	2.11815275311991
268000	269000	-0.762674882561046	0.318481059014331	2.21098270425345
269000	270000	-0.438185703772938	0.613567165644906	2.27700823417437
270000	271000	-0.182113499727944	0.382566163146892	2.03877101997318
271000	272000	0.227325320290397	0.518154295448788	1.9473808629745
272000	273000	0.377601083232732	0.27957096649877	1.59095928304617
273000	274000	0.745179288600354	0.164650780347711	1.46021949713755
274000	275000	0.894008153987188	-0.20441484021437	1.41043347515871
275000	276000	0.997696148801997	-0.570326968736315	1.42699524454167
276000	277000	0.978079456079212	-1.00444090387495	1.35267304662525
277000	278000	0.478168804688088	-0.905362945404553	1.30632231798341
278000	279000	0.0770027610418089	-0.80444423733083	1.29696717694424
279000	280000	-0.211383955324407	-1.06009980213597	1.29533770604569
280000	281000	-0.428477203035798	-1.29450293361627	1.45558809835721
281000	282000	-0.605640784944935	-1.49598312062219	1.69660206751137
282000	283000	-0.856625055367114	-1.32281964576548	1.93814015210899
283000	284000	-0.807465262392367	-0.941595814878338	2.00848993148137
284000	285000	-0.556936061484405	-0.787224372331339	1.7314753321886
285000	286000	-0.443583471292675	-0.446274750586165	1.97891086351533
286000	287000	-0.0164874016445792	-0.469411895453978	1.76379909782156
287000	288000	0.0654297975340432	-0.169029733522325	1.98883516184556
288000	289000	0.471422265087978	-0.35993602329834	1.86745343013658
289000	290000	0.534406667992271	-0.0514000515187868	2.07195101837191
290000	291000	0.739781350965284	-0.240201610300038	2.312086723608
291000	292000	0.435349235190233	0.0444901461175607	2.44561398195124
292000	293000	0.422697601067102	-0.276792531899289	2.58944815391481
293000	294000	0.176098864734798	-0.237069587023363	2.43206530185464
294000	295000	0.162058861929745	-0.472695326078409	2.62232217173884
295000	296000	-0.0647429756232988	-0.423156853104986	2.4219396420183
296000	297000	-0.158867414055187	-0.483902527872558	2.74038950681839
297000	298000	-0.362591410859337	-0.442467380082308	2.46010215226085
298000	299000	-0.341905651536239	-0.726127960895818	2.60588710097143
299000	3e+05	-0.277509592578119	-0.729384759552986	2.27688708166304
3e+05	301000	-0.475770648174766	-0.914638711003343	2.40199075951044
301000	302000	-0.390112520229603	-0.983612194551446	2.12287459063303
302000	303000	-0.454890812923493	-1.23509949984656	2.35693401412778
303000	304000	-0.246152836239917	-1.23049795921425	2.12247615774589
304000	305000	-0.134309924176949	-1.21755000289407	2.40189548995268
305000	306000	0.0137743116982296	-1.28304212975795	2.17666886384863
306000	307000	0.19920197040554	-1.18200573162657	2.38440886581022
307000	308000	0.293295468716237	-1.36914931183196	2.24690784510394
308000	309000	0.400667776515904	-1.1551881094483	2.0986901590881
309000	310000	0.563957479173587	-1.42684003747718	2.09070842488275
310000	311000	0.616624966235539	-1.2068874190813	1.83010876303801
311000	312000	0.83865088907078	-1.26048850538663	2.06062755740419
312000	313000	0.970257838687013	-0.961174678982022	1.98502283298244
313000	314000	0.800298611656888	-0.926680262618161	2.29360706334642
314000	315000	0.595970058157384	-0.743417066757317	2.05790207076678
315000	316000	0.531939694374618	-0.701558612178602	2.37952214075115
316000	317000	0.255227459003979	-0.684845484602613	2.25891664687613
317000	318000	0.273484121903579	-0.851905699803057	2.56603885842686
318000	319000	0.053831195286667	-1.09129960666079	2.74059064201168
319000	320000	0.0423100533790994	-0.939413655892931	2.25554372788707
320000	321000	0.0805887846214729	-1.02518766999331	1.96237646450493
321000	322000	0.0971832063943464	-1.31051710588061	1.83773617402432
322000	323000	0.265665723441901	-1.66811973829431	1.97383728451314
323000	324000	0.132232680040612	-1.63637426533054	1.65467307380228
324000	325000	0.405805959588953	-1.63523253294284	1.44007277843038
325000	326000	0.184299599923296	-1.76326577968432	1.22514104198809
326000	327000	0.35708116373156	-1.77588131028629	0.938928172988518
327000	328000	0.338084089493039	-1.80313335198755	0.593636075961413
328000	329000	0.58688991093924	-1.90330845569339	0.354915254708637
329000	330000	0.357395859920179	-1.9271043999608	0.0279691117640186
330000	331000	0.646167606851485	-1.9457290334551	-0.230873486977774
331000	332000	0.463358373676137	-1.53447219708772	-0.285032496285885
332000	333000	0.807417877006977	-1.52067697891343	-0.0218347850411756
333000	334000	0.855214339953751	-1.2178783376075	0.180903943092972
334000	335000	1.1973549732646	-1.31653636524337	0.405920357087346
335000	336000	1.53869690382479	-1.09854605459074	0.401832411947361
336000	337000	1.95872153124009	-1.24208242378204	0.312904233289642
337000	338000	2.24630218051479	-1.10027641529046	0.0623307296118266
338000	339000	2.54789341555239	-0.914885791574044	-0.0299764210568715
339000	340000	2.77860786399898	-0.830037498503069	-0.329578813834089
340000	341000	2.53583437232501	-1.03985172264994	-0.535724598347045
341000	342000	2.64488823135309	-1.35480045074658	-0.574552952400288
342000	343000	4.06949111524412	-2.68960803888086	-1.09783908663181
343000	344000	2.38082257817497	-1.50109125308119	-0.900709981854112
344000	345000	2.10506615933207	-1.35320930308953	-1.01963470985285
345000	346000	1.92492286851274	-1.58510766513001	-1.2839997699626
346000	347000	1.70341160194552	-1.21843855163442	-1.37608062706938
347000	348000	1.4686164701529	-1.54917197500684	-1.34533838688426
348000	349000	1.27076692180529	-1.21359228110627	-1.23319278539896
349000	350000	1.19539619537501	-1.6545366008567	-1.0813645193461
350000	351000	0.901695775616835	-1.3658190678605	-1.01053868146648
351000	352000	0.887287460843355	-1.77925912745838	-0.79386629230984
352000	353000	0.87178200932744	-1.3690306361553	-0.622341919504361
353000	354000	1.15691612885588	-1.49602791934536	-0.430559382254761
354000	355000	1.264121996858	-1.12010755515072	-0.663279069157903
355000	356000	1.58151158286429	-1.28460030997102	-0.650361103162663
356000	357000	1.64142147981317	-1.58309334693466	-0.815757148663072
357000	358000	1.67554254302691	-1.80332990687372	-0.517697258020989
358000	359000	1.32325541749477	-1.87134004993853	-0.385267453631105
359000	360000	1.35010422404306	-2.09955665000933	-0.0310261119956053
360000	361000	1.16937792347566	-1.85572337860862	0.334355491160359
361000	362000	1.56975677402089	-1.73799951585791	0.300232133674351
362000	363000	1.63358891983004	-1.49051608528705	-0.0333843055597658
363000	364000	1.9756888392602	-1.52858302122307	-0.238862734565396
364000	365000	1.79617892639076	-1.06230441754023	-0.300594262932953
365000	366000	2.09785990565766	-0.973114012090401	-0.557907915229531
366000	367000	1.78901916579395	-0.727982935818872	-0.722170832821816
367000	368000	2.14961878920716	-0.824352262382355	-0.985066212600384
368000	369000	1.77663565563595	-0.725939617606675	-1.20753054604004
369000	370000	2.09705623302147	-0.878954116643852	-1.5342268775381
370000	371000	1.73746987979952	-0.606138056578111	-1.60605456523043
371000	372000	2.0502405535182	-0.560661230762511	-1.76873707692298
372000	373000	2.43643445653013	-0.468436640053605	-1.93106338425837
373000	374000	2.40102792445307	-0.5425189612818	-1.55000622855525
374000	375000	2.6482320515347	-0.533782634243823	-1.29695488914296
375000	376000	2.19667788337753	-0.393480903871004	-1.26383100906454
376000	377000	2.45070543184557	-0.360275865256214	-1.01416666500648
377000	378000	2.09113594787951	-0.226131883658514	-0.937256243262162
378000	379000	2.11648652360273	-0.319998336549805	-0.525396762386146
379000	380000	1.78459516308278	-0.386063810248065	-0.315523750230415
380000	381000	1.50676713020276	-0.31566664869613	-0.0560936324738969
381000	382000	1.28996877704224	-0.549536774254317	0.170631582983859
382000	383000	1.51442201820222	-0.217604604229201	0.41786651646049
383000	384000	1.60395813022609	-0.520752458160673	0.641936121708756
384000	385000	1.9956953522233	-0.304304260717539	0.687571503567742
385000	386000	1.91004685292272	-0.784777911816051	0.902844358744999
386000	387000	2.17622919314695	-0.741031365520296	0.647495026404632
387000	388000	1.95927766431135	-0.702173335271749	0.318247806064497
388000	389000	2.29223928238765	-0.51438190102588	0.266892891504405
389000	390000	2.27100377280806	-0.47852142747754	-0.0786244600737721
390000	391000	2.59556874546193	-0.410195153636611	-0.236789470220351
391000	392000	2.50807932545197	-0.184710324330996	-0.478308137936672
392000	393000	2.70268217945586	-0.240052941544252	-0.744277965016772
393000	394000	2.81862676754273	0.0967959985018158	-0.730105811573746
394000	395000	2.60951590257652	0.0157589743229172	-0.983207281391074
395000	396000	2.84176163825608	0.20471067331978	-1.13983119218908
396000	397000	2.4061458536371	0.180357179801648	-1.12525174581442
397000	398000	2.6091934333126	0.086148182726209	-1.39053998999181
398000	399000	2.24841044492652	0.020523909088064	-1.37123066288336
399000	4e+05	2.4368599758977	0.111011444527756	-1.6784777473837
4e+05	401000	2.13420675225533	0.0313888989576489	-1.81662845573429
401000	402000	2.01592790472196	0.328447453544464	-1.91416505660913
