0	1000	-1.46652258765752	-2.02131558363899	-1.87136085495799
1000	2000	-1.87150365633729	-2.10202861365561	-1.99423165462264
2000	3000	-1.80459778542444	-2.28062465666741	-1.56164470657459
3000	4000	-1.78116834795049	-1.92750642511449	-1.29348086493306
4000	5000	-1.62421863100977	-2.00958856700974	-0.851546176447864
5000	6000	-1.86705730589879	-1.64534398358248	-0.165629325139974
6000	7000	-1.926752045473	-1.48832711657586	0.47161334640612
7000	8000	-2.01616804620892	-1.2928941680072	1.04212370354199
8000	9000	-1.96152444762076	-0.754530581027304	1.22698414660032
9000	10000	-2.25714320069199	-0.407095216169888	1.50875299423512
10000	11000	-2.08274128301291	0.152379317676209	1.35484083358089
11000	12000	-2.29663621057552	0.608948719475104	1.68602359162224
12000	13000	-2.06478466991349	1.1972496195657	1.67007569071898
13000	14000	-1.95743206794177	1.67499608411565	1.95832315281853
14000	15000	-1.44854935264104	1.53872069815763	2.07636229403208
15000	16000	-1.21504144915374	1.09461377129477	2.08888009982129
16000	17000	-1.42232113623411	0.669219093607827	1.86699787924135
17000	18000	-0.914525393391862	0.34576683139716	1.80636231155809
18000	19000	-1.32417293304169	-0.0810583628039065	1.5555317103762
19000	20000	-0.880829723267661	-0.47341701701414	1.58394998712615
20000	21000	-1.18332600605039	-1.0104543868908	1.4505803218427
21000	22000	-0.921479430782213	-1.47085163840756	1.38133962154906
22000	23000	-0.567093127815493	-1.70016954479806	1.02877621524398
23000	24000	0.0324687511987204	-1.82720658389005	1.02854087904075
24000	25000	0.54705042051551	-1.67287969274336	1.19811196303715
25000	26000	0.680472135908142	-1.43703456948993	1.71521359457114
26000	27000	0.683298129140934	-0.837212796127203	1.82281577492416
27000	28000	0.88778619353446	-0.717450144106565	2.44647222685271
28000	29000	0.675248769946004	-0.186809241335545	2.34748326269359
29000	30000	0.589770034768235	-0.128977106067338	2.94687375934751
30000	31000	0.279985838473966	0.342153091636021	2.74723083673314
31000	32000	0.513693680993747	0.71564290925504	3.12294527730502
32000	33000	0.649601836930957	1.05734004891401	2.80780745946595
33000	34000	0.618958074034062	1.49238762269925	2.97179590630661
34000	35000	0.289415992123448	1.53331811105997	2.62681645673212
35000	36000	0.00480767759990074	1.75335193361121	2.86743236922819
36000	37000	-0.273472012490974	1.67559479539016	2.53912610347305
37000	38000	-0.593271092945783	1.61881144409776	2.82265186828059
38000	39000	-0.648157077462485	1.27940694645256	2.53373251841569
39000	40000	-0.614423305761486	1.19847888318591	2.94153243565825
40000	41000	-0.30645918042046	0.855943455939561	2.71772130841535
41000	42000	-0.672041791321403	0.831160146870289	3.22364172536607
42000	43000	-0.517014152260498	0.332048560322304	3.10619679706396
43000	44000	-1.1426076928897	0.148118381691375	3.31810650648085
44000	45000	-1.00613559353385	-0.395070153595966	3.27443933766872
45000	46000	-1.54474142979508	-0.604067147908544	3.07087402529874
46000	47000	-1.75284965099679	-0.822565104123125	2.55060183839344
47000	48000	-1.64266768710523	-0.796167375269373	2.10228614519741
48000	49000	-1.37349720700838	-1.1467971342816	2.03191430885231
49000	50000	-1.46808133940668	-1.61516652725369	2.2629954396671
50000	51000	-0.993399333585916	-1.32833656995421	2.27562980611461
51000	52000	-1.15300102797107	-1.20054131850552	2.71303488531554
52000	53000	-1.11553021707185	-0.94515376657436	2.41113165297178
53000	54000	-1.25962583069733	-0.786038234946875	2.70099678672459
54000	55000	-1.2608254005395	-0.56813425491246	2.3532052343862
55000	56000	-1.54163671474363	-0.384318658845448	2.63172609774295
56000	57000	-1.34534815576514	-0.0722572378016241	2.33451118835177
57000	58000	-1.70705156438827	0.0909705638697261	2.74915165092325
58000	59000	-1.88906758420981	0.163296479701059	2.19558857477672
59000	60000	-2.13002577674659	0.537689657052351	2.51861091124142
60000	61000	-1.84207185616118	0.864259665719517	2.28171934724171
61000	62000	-1.72932671020631	1.06564437111648	2.70526582672855
62000	63000	-1.33547446862081	0.956365734042668	2.59392221969136
63000	64000	-1.54946904800037	0.659756589190869	2.84134276613832
64000	65000	-1.2842525053407	0.467490245252301	2.52548462512284
65000	66000	-1.11677250867206	0.60914899337386	2.95007769572977
66000	67000	-0.792643888272046	0.490543810649447	2.58552649952131
67000	68000	-0.880424377714997	0.15976475823316	2.91174703788859
68000	69000	-0.86815282081166	-0.0156433179623095	2.54901997179931
69000	70000	-1.11864878472596	-0.232184578523651	2.81399696372115
70000	71000	-0.843113706566555	-0.443941068214605	2.59155261830782
71000	72000	-0.869752591774303	-0.78814054539009	2.82492805646662
72000	73000	-0.736880166269572	-0.809774916698861	2.37317750972355
73000	74000	-0.506274663854122	-1.20583134529177	2.65411661920263
74000	75000	-0.319493377269542	-1.10079837767912	2.12476920809578
75000	76000	-0.130750030871769	-1.61186783530563	2.35566032033984
76000	77000	0.0246671456261541	-1.91434175718832	1.92803977961638
77000	78000	-0.430457795327981	-2.11076695939031	1.72564920566722
78000	79000	-0.417491306221586	-2.24966102106635	1.2366910892072
79000	80000	-0.499193239108546	-2.52379968537253	0.74919885256359
80000	81000	-0.462913120094407	-2.71945876887458	0.207180261644278
81000	82000	-0.573456223625447	-2.79163953125122	-0.414300538512452
82000	83000	-0.767660366051639	-3.01274146761534	-0.992956993399823
83000	84000	-0.540877824264007	-2.97587573126345	-1.45923150956897
84000	85000	-0.0847548753401178	-2.84312500578683	-1.5257322762691
85000	86000	0.33560618747617	-2.63628887100288	-1.2418414915418
86000	87000	0.649910222740566	-3.01946814390719	-1.3422408295412
87000	88000	0.441598338337722	-3.20770331412796	-1.89316565029547
88000	89000	0.218150114797379	-2.60193317789892	-2.90212099426559
89000	90000	-0.122458391220382	-1.52572953250686	-3.19993167495183
90000	91000	-0.154629046132519	-0.927344443891087	-2.87605570126445
91000	92000	-0.474406253370872	-0.502161964564812	-2.74007824618609
92000	93000	-0.880595934253079	-0.111000352867635	-2.603011332484
93000	94000	-1.29050491126323	0.0736741244134815	-2.22811570104784
94000	95000	-1.47839219073812	-0.0612295704195345	-1.6676104215675
95000	96000	-1.6973829177026	-0.480408051836044	-1.27149211675395
96000	97000	-1.89154679358238	-0.991964690901928	-1.01597256182863
97000	98000	-2.10720515664654	-1.52925211364826	-0.801327622135511
98000	99000	-1.88341544941057	-2.2307501811667	-0.381205075774938
99000	1e+05	-1.29569856879665	-2.28325328701199	-0.119145184772843
1e+05	101000	-0.774180441749999	-2.07990320036354	0.0891284823401512
101000	102000	-0.126902331848538	-2.03099943117942	0.161679151972852
102000	103000	0.404726391109241	-2.28855780761818	0.197934207395527
103000	104000	1.00143346238514	-2.32086358632021	0.258633421485033
104000	105000	1.2738635895943	-1.7409931074928	0.263155277563927
105000	106000	1.74337746179136	-1.3578138344729	0.275215130892292
106000	107000	2.02639043094065	-0.914954864834947	-0.0486820282034748
107000	108000	2.50225129575656	-1.08271787417503	-0.3895901265842
108000	109000	2.18931933027643	-1.04500722025834	-0.913284081404204
109000	110000	2.4637060178059	-1.37047493331492	-1.20443729220944
110000	111000	2.44690433370678	-1.80681243989742	-1.42263453790587
111000	112000	2.38134590934494	-2.19038608660759	-1.82493387845355
112000	113000	2.07235530813742	-2.53304462942713	-2.05336551445459
113000	114000	1.61774432813718	-2.63531286065166	-1.92683112285943
114000	115000	1.16660616034002	-2.60289753808573	-1.7413008693149
115000	116000	1.15979265483345	-2.14681598637515	-1.76470332417805
116000	117000	1.48266730250879	-2.20911099896992	-1.94326717248259
117000	118000	1.60101553967511	-2.35139918580718	-2.38150233365065
118000	119000	1.34434283569432	-2.00663349032919	-2.24803040507
119000	120000	1.41110144474672	-2.00410496024522	-2.64162798211441
120000	121000	0.98375001756784	-1.80059670599949	-2.35767908122851
121000	122000	0.906357471710199	-2.186528079871	-2.66518554499548
122000	123000	0.904169648917861	-2.3514412181642	-2.25817639163579
123000	124000	1.14417616210158	-2.81149818044504	-2.42085951636471
124000	125000	1.30307868108564	-3.12659459047107	-1.82466756935667
125000	126000	1.48477157001539	-3.02433313388629	-1.13752190647328
126000	127000	1.65130364355166	-2.61720320825076	-0.719307732722342
127000	128000	1.5789643914005	-2.06791675195212	-0.611204445446378
128000	129000	2.09715654127183	-1.95710076644768	-0.480855386138796
129000	130000	1.95005463862491	-1.85655692608766	-0.945615707469917
130000	131000	2.11264469979299	-2.21710440663005	-0.991308179551061
131000	132000	2.00262307132428	-2.41296158427392	-1.28314393002967
132000	133000	1.75697417653557	-2.14664409535827	-1.42577675525071
133000	134000	1.56070809715137	-2.52623008923673	-1.39688771009774
134000	135000	1.28816587751097	-2.03289499428153	-1.29323152067028
135000	136000	1.10057119652969	-2.50749942875002	-1.10126699686059
136000	137000	0.871552095570024	-2.07813667963033	-0.80021130801426
137000	138000	0.685730008501976	-2.68324110984018	-0.525387451695933
138000	139000	0.217321687912551	-2.19709851066009	-0.608224084986105
139000	140000	-0.182289404351562	-2.58669057947902	-0.790865546448316
140000	141000	-0.387026559795356	-2.24177257371649	-1.15898023268398
141000	142000	-0.450291381100833	-2.19861094055791	-1.62419574131074
142000	143000	-0.361037275846218	-1.90903945096857	-2.03391785392103
143000	144000	-0.508942600323222	-1.92450257344872	-2.54093698038587
144000	145000	-0.0896729344345222	-2.03368339210893	-2.68354475756826
145000	146000	0.334703262607938	-1.77495269902166	-2.78460905705562
146000	147000	0.760501357955923	-1.71616200270978	-3.22828843688288
147000	148000	0.942986264013686	-1.44374554900121	-2.72412489843005
148000	149000	1.15676695076888	-1.01585483228713	-2.78280110933527
149000	150000	1.13465542760414	-0.54644560698093	-2.47807209434997
150000	151000	1.68117200694321	-0.701638769487793	-2.64717147400613
151000	152000	1.59000261313582	-0.951198042712088	-2.14436349361513
152000	153000	2.01197066547586	-1.23911710870644	-2.45247930812309
153000	154000	1.83200976054257	-1.36082764422919	-2.0879032617413
154000	155000	2.11856208763878	-1.75620480801198	-2.38501802797591
155000	156000	1.70113117324473	-1.73176526667456	-2.15599291402212
156000	157000	1.91982030294095	-1.99280863184259	-2.04318795576424
157000	158000	1.78882329549887	-1.78182706726796	-1.72431967193366
158000	159000	2.18014861355599	-1.76423635102662	-1.82487705206979
159000	160000	1.99623894108428	-1.43575335649236	-1.68195234366086
160000	161000	2.34457164373957	-1.40720618332134	-1.99261464551214
161000	162000	2.24097664030083	-1.06142545977381	-1.72579114035092
162000	163000	2.28425204596248	-0.914778891868848	-2.13602675686653
163000	164000	2.06477686848892	-0.599966952442048	-1.84783717142937
164000	165000	2.04928535532645	-0.220448229882635	-2.08848005936558
165000	166000	2.07338149863515	0.183522907116275	-1.82663483064441
166000	167000	1.96538063627386	0.740286075182706	-1.61273777522065
167000	168000	1.82975725927831	1.12613319283111	-1.14569487180395
168000	169000	1.94510244528599	1.43227851164229	-0.610504679543241
169000	170000	2.23161993220422	1.40908996779012	-0.0641337944364004
170000	171000	2.40649825469257	1.13025229084284	0.414546777595962
171000	172000	2.69492633895533	0.982634035637428	0.842503001829313
172000	173000	2.3333561665086	0.71572692818174	1.17598329109965
173000	174000	2.76429091446571	0.69847430271059	1.45513620008567
174000	175000	2.58860971398151	0.538152415102548	1.76596417984656
175000	176000	2.82391562237364	0.360528732154479	2.08942543875282
176000	177000	2.36753206205455	0.248299798608751	1.95223179333628
177000	178000	1.95383330336623	0.248489817043126	2.06015546643082
178000	179000	2.08666154180742	-0.115408460979402	2.07111177797062
179000	180000	2.2870089993172	-0.41195655493719	2.35167069175533
180000	181000	2.61059479582586	-0.20515519430579	2.18152452570535
181000	182000	2.34174705678879	-0.0839466865190168	2.33263158988753
182000	183000	2.52333016926266	0.0982457364246885	2.32325540953969
183000	184000	2.52954611934903	-0.00233399752138102	2.60892270116626
184000	185000	2.18528281087718	-0.038548173914865	2.69654376294282
185000	186000	1.80958195837114	0.0265090661305051	2.55535962184407
186000	187000	1.69463684669122	-0.377476873572303	2.54808130235707
187000	188000	1.55807385062944	-0.4764151210514	2.00509359152591
188000	189000	1.85970923566157	-1.03264120261333	1.89001019035436
189000	190000	1.6653277406259	-0.680132093630983	1.26360714468701
190000	191000	2.21699093567689	-1.01365440135318	1.02915635279447
191000	192000	2.34072110925674	-0.43886199420074	0.882041780267649
192000	193000	2.66834855659046	-0.543759761070797	1.40332779472115
193000	194000	2.47318588650597	-0.164812868075705	1.58504153751157
194000	195000	2.99004407899626	-0.0331875799283463	1.54452550099319
195000	196000	2.60883165934663	0.116114492375015	1.17733323559105
196000	197000	2.94544850312171	0.284632298732508	0.876701564222716
197000	198000	2.75028700594045	0.0901342403614634	0.406895813945107
198000	199000	2.80987297329962	0.347631495987881	-0.112093876848581
199000	2e+05	2.24586655381734	0.200644202241175	-0.188123898286206
2e+05	201000	1.9463315080855	0.678926445897257	-0.0182653276560434
201000	202000	1.52761123628572	0.415696645319642	0.351850410476365
202000	203000	1.33792290081419	0.79011035561473	0.764923079658733
203000	204000	1.29122695313587	0.441468256350115	1.31298370890717
204000	205000	1.66266795516217	0.840481472328644	1.43621030725609
205000	206000	1.62758004523258	1.03027781468093	1.87858942675948
206000	207000	1.88818040547203	1.33370144283455	2.05235139821705
207000	208000	1.93138210611407	1.7669978087421	2.25232129483996
208000	209000	2.36918522552569	1.7436460342847	2.19633821126373
209000	210000	2.26677267531859	1.63406238053672	1.80348809655643
210000	211000	2.47079934276099	1.36452793177043	2.0563127801544
211000	212000	2.31720137183503	1.12362653432431	1.77679891033897
212000	213000	2.40474839039277	1.01864814198602	2.14144244861924
213000	214000	2.22365656983478	0.760389562329406	1.95492732187121
214000	215000	2.6115314591575	0.66006079653439	2.29540763237049
215000	216000	2.26714806184337	0.535203103536359	2.25645856343287
216000	217000	2.42514359790421	0.459763404598221	2.61851243478647
217000	218000	2.08602236251094	0.354803338657253	2.48859401307897
218000	219000	1.96799343282424	0.65838384517213	2.60741443302503
219000	220000	1.66103893928717	0.687011984164294	2.3468033212055
220000	221000	1.75211907781532	1.10517468609973	2.59957965701497
221000	222000	1.45763528259505	1.3201905890489	2.87453017811559
222000	223000	1.26317916915288	1.55310247521682	2.49986123321683
223000	224000	1.03902828278253	1.53428055391868	2.03023878975111
224000	225000	1.01761968927344	1.50425092304824	1.51106516549159
225000	226000	1.25405172236993	1.64885177748289	0.971799639247398
226000	227000	1.42868244776811	2.10853181326448	0.571890507956265
227000	228000	0.976272356144059	2.66340949687312	0.589458557973675
228000	229000	0.204918079124825	2.72242837125705	0.768328076682782
229000	230000	-0.275024856751489	2.36905623993031	0.974031173883323
230000	231000	-0.344005070137584	1.75741359813697	1.25039628786809
231000	232000	-0.0622007941994199	1.55158438602882	1.65859838345478
232000	233000	0.102273349064636	1.14779894250062	1.9712102145279
233000	234000	0.523394948920867	1.12061352256343	2.26967929943871
234000	235000	0.98427784327188	0.776904197841412	2.42985535554996
235000	236000	1.33005124654319	0.612993227957174	2.76716174311031
236000	237000	1.80213056621147	0.604818006399635	3.06451292099302
237000	238000	2.21875980853028	0.915655771021515	2.90204991241819
238000	239000	2.4997624400249	1.04286851196935	2.55317466280605
239000	240000	2.89470627732836	1.00198153219567	2.07907378877868
240000	241000	2.79134554642723	1.24421387821733	1.58147910031187
241000	242000	2.34466551962348	1.37980929914826	1.26547738688716
242000	243000	1.9221353314959	1.61081669300163	1.30174695541895
243000	244000	1.7732322469095	1.98613977480866	1.66437267660353
244000	245000	1.41681262853826	2.18111658555968	2.01733705725211
245000	246000	0.863682206663473	2.20154805175033	2.15085515277456
246000	247000	0.393249806282919	2.13844330667748	2.2445660572561
247000	248000	-0.00831038647222138	2.28344658302003	2.07853331579997
248000	249000	-0.418123353861017	2.24831880891996	2.23281902371236
249000	250000	-0.710259935629906	2.25681192473967	1.92052787661892
250000	251000	-0.924821873711134	2.49924157183597	1.58104938244413
251000	252000	-1.1791556434732	2.64414991900024	1.16266735358481
252000	253000	-1.42756766511896	2.69963918874763	0.650898659509192
253000	254000	-1.63937163322439	2.71478142533669	0.178969243892583
254000	255000	-2.02914304214578	2.79181867831614	-0.10361952937501
255000	256000	-2.43928018349104	2.6658042279129	-0.368571048707037
256000	257000	-2.49915563135105	2.16646759250861	-0.235515160417862
257000	258000	-2.48319903138219	2.08034028490839	0.232396901497165
258000	259000	-2.53823793020254	1.70552150329783	0.527981804479731
259000	260000	-2.29247128249043	1.62946959074857	0.9740609967603
260000	261000	-2.17634583507695	1.05139315294655	0.838001888038984
261000	262000	-1.60537317056056	1.1217757579922	1.03585460291137
262000	263000	-1.13937845015882	0.894385907286092	0.83747902277768
263000	264000	-0.556470644979994	1.01010020829076	0.729900774557623
264000	265000	0.0173329103958898	1.03901157122552	0.693640227730212
265000	266000	0.389607826966965	1.48268704260476	0.934844475478802
266000	267000	0.528148986994251	2.15933265465684	1.10994802653952
267000	268000	0.669063970921075	2.07746447553897	0.471665747460543
268000	269000	0.634794739132698	1.75553908699292	-0.0259611668445544
269000	270000	0.37160825089674	1.78449318969416	-0.543042958659146
270000	271000	-0.181900937765971	1.89292420467657	-0.710488640795657
271000	272000	-0.703476392332842	1.62206148582869	-0.634019395510575
272000	273000	-1.18779820263458	1.28941477860904	-0.527870025893285
273000	274000	-1.77056864932056	1.13797319548395	-0.467542708979156
274000	275000	-2.37078835602034	1.26838592096332	-0.23263372879337
275000	276000	-2.05032260982333	1.5286843206998	0.10865040826229
276000	277000	-1.54355014246677	1.7341475094824	0.266062134110095
277000	278000	-1.25464273998867	1.81778170828234	0.728603183582898
278000	279000	-1.16380074693422	1.8837172000822	1.2902085535072
279000	280000	-1.46468076432167	2.19852506774376	1.73885234680083
280000	281000	-1.74545389604551	2.37590562622438	1.28161175685079
281000	282000	-1.95382464153534	2.33988774209216	0.835647619127533
282000	283000	-1.97568923843397	2.28284614228553	0.341272465853457
283000	284000	-1.90695327161602	2.22708396943475	-0.176564402685548
284000	285000	-1.6393331559316	2.21861989033544	-0.514318405008948
285000	286000	-1.22059046410181	2.23959133681497	-0.799401032443925
286000	287000	-0.730200555943177	2.49906457401071	-1.23368684430807
287000	288000	-0.643314955751036	2.07589314235875	-1.60214576075013
288000	289000	-0.552990112067149	1.51516267476309	-1.77854038504088
289000	290000	-0.302159331425998	1.07014664957826	-2.08464424826306
290000	291000	0.113570722734866	0.725489731325739	-2.39288534477454
291000	292000	0.71308150021139	0.810297826316967	-2.46108991106315
292000	293000	0.556624876727592	1.32783087103838	-2.37101224698054
293000	294000	0.12556268945363	1.60411392120035	-2.30665736917367
294000	295000	-0.0460816801584657	1.98560618480783	-2.05546775897922
295000	296000	0.284252313866838	2.14697345246603	-1.66642924725858
296000	297000	0.741473101529556	2.17010059501035	-1.33969952444404
297000	298000	0.944279607563037	2.27130241422775	-0.80270232507781
298000	299000	0.639925106323613	2.57474257938162	-0.398202287256221
299000	3e+05	0.14952563363619	2.4964673901038	-0.100969937198125
3e+05	301000	-0.25081293113895	2.73724928300638	0.201483433948376
301000	302000	-0.692072587854348	2.36388926522015	0.362841988074471
302000	303000	-0.956498290171506	2.91312063563901	0.185438058784071
303000	304000	-0.953348481199934	2.67738788608071	-0.387370869500256
304000	305000	-1.33009226388425	2.95416917509774	-0.765240778818928
305000	306000	-1.40310875667835	2.67193559735593	-1.24311366323175
306000	307000	-1.91604685969032	2.63839180588721	-1.14783414883977
307000	308000	-1.73513594890283	2.3556896663983	-1.4198255845232
308000	309000	-2.07260324069708	2.46217080821548	-1.59524376320901
309000	310000	-1.88997332353423	2.2802112076692	-1.8074826372332
310000	311000	-2.06748785834533	2.07916566774577	-1.57533703083895
311000	312000	-2.18316285720901	2.15167083300176	-1.80197961400583
312000	313000	-2.33589969820363	1.91635836683192	-1.84191404604024
313000	314000	-2.06540419768427	1.94301630980476	-2.01755493565458
314000	315000	-2.06065629654228	1.74088662981977	-1.76639466486462
315000	316000	-1.78792117970077	1.89911632842035	-1.80554023755989
316000	317000	-1.53027682288661	1.80343608494203	-2.03968223856004
317000	318000	-1.55994710087312	2.17189468605489	-2.25192160747867
318000	319000	-1.29978201652585	2.58355145244287	-2.02470282670652
319000	320000	-1.32663448272156	2.17055908661907	-1.64184274455354
320000	321000	-1.57603221720869	1.90144261011068	-1.33449753996646
321000	322000	-2.00131484043084	1.86396980696519	-1.21930844545282
322000	323000	-2.30486923352074	2.28358204044916	-1.09958199949681
323000	324000	-2.63875889944857	1.97108928592497	-1.29276538434502
324000	325000	-2.41055600645867	1.77368070066974	-0.811720630377505
325000	326000	-2.69631958665778	1.44380747556011	-1.00693609415533
326000	327000	-2.63445301655669	1.01932178919115	-0.751557801272881
327000	328000	-2.65896320662643	0.496450948973241	-0.84672999583173
328000	329000	-2.5785352978467	-0.038762221551842	-0.998198935144664
329000	330000	-2.62227848033822	-0.593633511742894	-1.04450639556123
330000	331000	-2.54402063702533	-0.845387852956726	-0.529649405162379
331000	332000	-2.404355625177	-0.568507276734692	-0.0353288729777014
332000	333000	-1.9777873588358	-0.188536034551891	0.000457099518973539
333000	334000	-1.45478535521092	-0.0422749703153157	-0.217680279094665
334000	335000	-0.817031437435871	-0.0200291108115088	-0.321490023214729
335000	336000	-0.121521968039426	0.0911148971372459	-0.350120519959295
336000	337000	0.517334065565571	0.359372955666543	-0.384365097426981
337000	338000	1.15091545265219	0.46095591128259	-0.591706986758377
338000	339000	1.51400767527794	0.385111718746095	-1.10617524003007
339000	340000	1.31069340348013	0.234816980520153	-1.74009923187057
340000	341000	0.916300396576755	0.12685165131194	-2.32860415851757
341000	342000	0.58141398016529	0.142283282249946	-3.37170085881074
342000	343000	0.260142570852679	0.569813143751894	-4.96060871507094
343000	344000	-0.387580035824295	0.542771096036093	-3.41481110970532
344000	345000	-0.808011770526513	0.698467929647978	-2.76662268961814
345000	346000	-1.22141798605044	1.06826693160809	-2.52267478075265
346000	347000	-1.58477040022086	1.3869721849362	-2.51148823437666
347000	348000	-1.79016008928052	1.31710383221456	-2.04691146002924
348000	349000	-2.19155009356524	1.1555085201354	-2.26953485247254
349000	350000	-1.89750273148982	0.686934194043195	-2.19241384889921
350000	351000	-2.00275419405924	0.220162292167438	-2.42425100201016
351000	352000	-1.99401253026884	-0.291024428989252	-2.24276969270704
352000	353000	-2.4010004519672	-0.28781414018139	-1.87768416711125
353000	354000	-2.49487585433306	0.276745251263144	-1.72206219195075
354000	355000	-2.53227404244639	0.788733247664068	-1.63721610076492
355000	356000	-2.15227078376706	1.06341702252058	-1.37546986349825
356000	357000	-1.64003033114085	0.950495066122696	-1.27588870144891
357000	358000	-1.12260050338422	0.836600614590596	-1.23428069415584
358000	359000	-0.521338190209785	0.907185489877303	-1.15969620898709
359000	360000	0.124490320974251	1.1511068418702	-1.13575973989421
360000	361000	0.732999004280948	1.1811464396537	-1.39264336835413
361000	362000	0.652369098144571	0.50727232292145	-1.4313532786167
362000	363000	0.135206901635708	0.182717823915334	-1.5833179189494
363000	364000	-0.199583718752784	-0.183060689209179	-1.18690400694493
364000	365000	-0.409391500535062	-0.472452979181545	-1.68858771822958
365000	366000	-0.6840486933632	-0.922704408005791	-1.35789477933381
366000	367000	-0.990938079575292	-0.879919113572774	-1.9774681006488
367000	368000	-1.47400049924979	-1.11559907496067	-1.63732880227279
368000	369000	-1.6023520718431	-1.29162817444692	-2.12073312811334
369000	370000	-2.04667301238041	-1.55889052921164	-1.88140524601866
370000	371000	-2.16392377864245	-1.36719822397347	-2.28405351583376
371000	372000	-2.10559990395624	-0.921734744117874	-2.21633478440865
372000	373000	-1.8994211540343	-0.835841734903965	-2.68478560115491
373000	374000	-1.81717959907985	-1.35655807157857	-2.72147493114526
374000	375000	-1.33324766088439	-1.33045207767547	-2.73826453470252
375000	376000	-1.22580531986833	-1.70297195890664	-2.42135660323772
376000	377000	-0.968197561162029	-1.62289756509174	-1.96536511707057
377000	378000	-1.05009079825071	-1.83950300763582	-1.432668331106
378000	379000	-0.816621741212754	-1.74174106142957	-0.957718346590209
379000	380000	-0.847051448666514	-1.51668599142812	-0.505780150303901
380000	381000	-0.98064851944965	-1.13286775300486	-0.140992117499169
381000	382000	-0.956146064080718	-0.922874620024674	0.380420554990477
382000	383000	-0.412786197958047	-0.595722449350107	0.576889134857647
383000	384000	0.182247197457553	-0.827064591772631	0.563605962948156
384000	385000	0.707453031327577	-0.78073124878389	0.239648185508333
385000	386000	0.752928880359144	-0.934377718103467	-0.30862445093193
386000	387000	1.00717977512859	-0.699154387854574	-0.830615517920124
387000	388000	0.874652509967524	-0.89092035158125	-1.37256601204754
388000	389000	0.754662446816687	-0.796074837833469	-1.88994024925502
389000	390000	0.35765006569544	-0.880201177734477	-2.30262928672652
390000	391000	0.155201383270769	-1.37600245786521	-2.29323129770402
391000	392000	0.340335659572891	-1.69488936430386	-1.89498731822394
392000	393000	0.537605536039657	-2.04485827969664	-1.63546193489062
393000	394000	0.525559169053793	-2.45255405759229	-1.91188688482595
394000	395000	0.357563990668199	-2.66952627757708	-2.27478550436831
395000	396000	-0.0396617148700245	-2.44879438420955	-2.14561210209138
396000	397000	-0.376310442164189	-2.71894624827152	-2.22103631421687
397000	398000	-0.637665149740767	-2.41075073867479	-2.05985181388947
398000	399000	-0.94256120990315	-2.51503013382606	-2.26324605714256
399000	4e+05	-1.04508681714007	-2.1609879091288	-2.32621431576266
4e+05	401000	-1.44972599498432	-2.28726950834497	-2.23327467477628
401000	402000	-1.29532127982255	-2.36548404502992	-1.87645165383259
