0	1000	0.285406075081607	-3.49351908758756	-1.07457426559196
1000	2000	0.700460389212001	-3.7227121289549	-0.957709169629812
2000	3000	0.623027717084117	-3.19819726803287	-0.883919703084578
3000	4000	0.890096670197477	-2.89015516028103	-1.12983790296545
4000	5000	1.10320098879396	-2.86326612595433	-0.738378437962458
5000	6000	1.30202378750045	-2.50845839700696	-0.764036773644486
6000	7000	1.66818614303541	-2.30291344190467	-0.527066716108187
7000	8000	2.00399743879953	-2.10850848869231	-0.206441588724267
8000	9000	2.40521357043267	-1.93038507387534	0.0757785298541309
9000	10000	2.18176213305653	-1.59330525024922	0.313706785933192
10000	11000	2.45550711845767	-1.37491081146136	0.706321479673174
11000	12000	2.37013978633265	-0.915586555678203	0.994520444626825
12000	13000	2.49778571788056	-0.708953284719186	1.46942073744164
13000	14000	2.64260443107434	-0.302096148755068	1.29119151284938
14000	15000	2.97266879947904	-0.509485998061156	1.53998759144999
15000	16000	3.12436983230507	-0.461949322311082	1.07620555333916
16000	17000	2.96294708425737	-0.90615308425318	1.05350376214055
17000	18000	2.8051646938144	-0.748097481007281	0.56718424559615
18000	19000	2.39110003064938	-0.619454119201523	0.156878556693862
19000	20000	2.5941935095234	-1.20575168046157	0.123345621206541
20000	21000	2.337039904766	-1.42462747201634	-0.310253401566502
21000	22000	2.13489033692782	-1.52988460958031	-0.679906887301229
22000	23000	1.99706674079966	-1.67995109180049	-1.13053047063084
23000	24000	1.63312067839019	-1.3434437689879	-1.04439188396837
24000	25000	1.85059040904685	-1.17963000792762	-1.52955121615568
25000	26000	2.07348437729587	-0.937703077242229	-1.07670763688985
26000	27000	2.13263198223085	-0.417242474714454	-1.09916644872002
27000	28000	2.68372380942501	-0.442546884838277	-0.892164561366588
28000	29000	2.99435709494382	-0.073351423857887	-0.909001806552717
29000	30000	3.02614801864757	0.0421622125038783	-0.386594544265379
30000	31000	3.06826504597757	0.52074804967476	0.00396492781944295
31000	32000	3.25041409664459	0.914717292262505	0.392305584312067
32000	33000	3.19366650836665	0.986973344576098	0.836112808612125
33000	34000	3.17097969803006	1.43413789052233	0.888545323624555
34000	35000	3.16962835286116	1.24823376004113	1.3296655528699
35000	36000	3.42826045702995	1.63061180376334	1.39670784360112
36000	37000	3.66018749887534	1.23537398377275	1.62644477374151
37000	38000	3.76725859949903	1.2501829226362	1.15850420547625
38000	39000	3.97509701784961	0.847874835841827	1.19921157593139
39000	40000	3.88148617541367	0.933674818152224	0.745694728293223
40000	41000	3.60349901424396	0.576078865386999	0.729248111289129
41000	42000	3.68444466935249	0.527357740158086	0.211898047972952
42000	43000	3.43610541117007	0.0513451928348818	0.300169441544911
43000	44000	3.24154569608982	-0.375329855512299	0.170457896285211
44000	45000	3.28032023028134	-0.666253561422372	-0.212919208979706
45000	46000	2.97890469138144	-0.988378450369452	-0.469874717021552
46000	47000	3.09848915340157	-1.42421544878934	-0.61225282064506
47000	48000	2.87744560246596	-1.81500573683387	-0.825301091633423
48000	49000	2.70753560890054	-1.46554875396021	-1.08979905609737
49000	50000	2.6867477896781	-1.8200232407114	-1.66475853671319
50000	51000	2.82899516377042	-1.23904797156967	-1.50359730526495
51000	52000	3.33524609123482	-1.19519308746979	-1.73473214699621
52000	53000	3.34016818042523	-1.52265470353575	-1.32417572427331
53000	54000	3.7183147698024	-1.3062420413919	-1.07569983302618
54000	55000	3.71625458640856	-1.70003991605822	-0.762967471067479
55000	56000	3.70793030604664	-1.25394010328995	-0.453586892530913
56000	57000	3.31485492565604	-1.25213244432356	-0.12712757268759
57000	58000	3.3020247296933	-1.0861742335092	0.316438709431001
58000	59000	3.16325838734886	-1.54096818781863	0.587678854992659
59000	60000	3.47935424568209	-1.23515431322139	0.98478783381543
60000	61000	3.45074098215014	-1.11110668339149	1.46172702795651
61000	62000	3.89905973320992	-1.02362362281422	1.56604571068081
62000	63000	3.71807340229109	-0.64763107396835	1.43362025759839
63000	64000	4.06382790847611	-0.721754925067129	1.18585157711068
64000	65000	3.84250091530823	-0.382794881231864	0.963519094149219
65000	66000	4.10634979337013	-0.395101955886418	0.587653464347472
66000	67000	4.00068808960728	0.0755069438371865	0.606682175434363
67000	68000	4.35878537538878	0.225908706197571	0.274778502837028
68000	69000	4.02698471114085	-0.00977430738906504	0.0323446405339579
69000	70000	4.1038874780794	-0.208158400767133	-0.30344809134412
70000	71000	3.92398181582107	-0.232792874368995	-0.748196770476755
71000	72000	3.75640941190285	-0.532804027386527	-1.1076247323294
72000	73000	3.41807563491169	-0.591267962908633	-1.28875363188673
73000	74000	3.20705342286253	-0.41457544022001	-1.77448707890539
74000	75000	2.84155681450952	-0.609876552178266	-1.53954299318667
75000	76000	2.41874667701079	-0.600093354170362	-1.90050545860011
76000	77000	1.89166980507161	-0.180500269610243	-2.25777622975696
77000	78000	1.64142165828421	-0.743354866241796	-2.27374964697418
78000	79000	1.24590973017608	-0.562433898801778	-2.14736527578834
79000	80000	1.10363919404844	-0.983925447522539	-1.93283678905379
80000	81000	0.852490839597029	-0.623176987976736	-1.71084923818586
81000	82000	0.528604934085844	-0.999196963158143	-1.68910084083785
82000	83000	0.586760646139726	-1.20725739464924	-1.15916146816857
83000	84000	0.104983758448366	-1.3443340696314	-1.55864510564552
84000	85000	-0.450836125338982	-1.39802239383762	-1.73727990511986
85000	86000	-0.810270179251768	-1.36528128131794	-2.16673719705602
86000	87000	-0.990446931739136	-0.905931184130196	-2.14888673509885
87000	88000	-1.13383377851209	-1.02809967759135	-1.6720132773978
88000	89000	-0.887842028278235	-1.06567290019084	-1.16745545776964
89000	90000	-1.14768613819022	-1.25032307820552	-0.717751796824827
90000	91000	-0.952123652066948	-1.59154330487814	-0.361172314060553
91000	92000	-1.02737416566559	-1.83725658825859	0.0907998900176003
92000	93000	-0.572540996795698	-1.54140142955358	0.257216824655131
93000	94000	-0.142837523734439	-1.6171208309828	0.581712615395739
94000	95000	-0.0549055976947492	-1.98170044097879	0.257105473582041
95000	96000	0.270429640902839	-1.78731738429459	-0.0981148796061243
96000	97000	0.435836945512346	-2.02948525281726	-0.502236151174413
97000	98000	0.57382609665999	-2.10906349052734	-0.963173693737271
98000	99000	0.698134877116851	-1.98340610119959	-1.49234052237572
99000	1e+05	0.680253216292704	-1.58523690852581	-1.92074322008406
1e+05	101000	0.616806613881592	-1.16129274746546	-2.24812885466988
101000	102000	0.522152958380039	-0.648927771889469	-2.28695658655853
102000	103000	0.223205282565325	-0.385255902719706	-2.0386373804599
103000	104000	-0.0915495323783001	0.0261454248591045	-1.99198997216217
104000	105000	-0.265380738754229	0.119200539489949	-1.29198225166804
105000	106000	-0.556365674309696	0.406983745923083	-0.838428677955119
106000	107000	-0.862372465898606	0.707358940151718	-0.443275639619456
107000	108000	-1.37664909061931	0.837231698825468	-0.314180861884509
108000	109000	-1.57572503982078	0.958337192462033	-0.740947453303678
109000	110000	-1.66119979219939	0.995314370866597	-1.23221024014509
110000	111000	-2.00465326523782	0.726520591159311	-1.52311211163595
111000	112000	-2.05380483693311	0.30954125206409	-1.85136603906676
112000	113000	-2.06912228706716	-0.198356896519576	-1.76195197056952
113000	114000	-2.10004440199954	-0.50698928248196	-2.22094912287292
114000	115000	-1.98502171481084	-0.299177184789594	-2.7118299284985
115000	116000	-2.41441232202944	-0.584859639906255	-2.62747493432418
116000	117000	-2.72168378060686	-0.710923813785243	-2.41865590176446
117000	118000	-3.07944053072031	-1.00586432864255	-2.63727950648883
118000	119000	-2.90762642012436	-1.19095864107622	-2.18841129726097
119000	120000	-3.19718487886699	-1.35767222725547	-1.94413443962555
120000	121000	-2.88382222650558	-1.78998951896092	-2.01365163888185
121000	122000	-2.77789168837999	-1.44732598762138	-1.57050101760744
122000	123000	-2.38733875791348	-1.54701804612081	-1.73932673914184
123000	124000	-2.1022911291538	-1.25032946639615	-1.43325786874641
124000	125000	-1.77845713370884	-1.08258957170076	-1.92301435574417
125000	126000	-1.5094556134676	-0.579380563368553	-1.9980326854481
126000	127000	-1.48162872369388	-0.0811017641843939	-1.95604777848921
127000	128000	-1.56706368927805	0.210379151954026	-1.50340767575389
128000	129000	-1.81440814432687	0.376331167790383	-1.0309798265806
129000	130000	-2.06170066356988	0.526546687525416	-0.635053993480709
130000	131000	-2.40807797348477	0.328417669829236	-0.742560236414625
131000	132000	-2.21610488050261	0.0437444579488062	-0.463701368347707
132000	133000	-2.05760320162987	-0.121716450151528	-0.875350181772461
133000	134000	-1.62653456219736	-0.389543910346023	-1.08231428335081
134000	135000	-1.16665611309421	-0.278411838375048	-1.38923809249548
135000	136000	-0.935090481007911	-0.317645179765254	-1.80082081027803
136000	137000	-0.55800136392425	-0.542333784781985	-2.01289854808587
137000	138000	-0.267970353665252	-0.651203441244332	-1.62367926601019
138000	139000	-0.082036055642506	-0.965543818502934	-2.06450767752779
139000	140000	0.0264725834015228	-1.48871146061974	-2.17221428265976
140000	141000	-0.0390608580597354	-1.90774133176347	-1.80656962269419
141000	142000	-0.495707090674888	-2.00925131243383	-1.61507260703808
142000	143000	-0.477086194291303	-2.4451874854696	-1.31646211157523
143000	144000	-1.07014646781578	-2.33774767266555	-1.27326971012489
144000	145000	-1.54533062511053	-2.40832534216126	-1.26478712589688
145000	146000	-1.90850007673688	-2.05939554180653	-1.18504229874868
146000	147000	-2.38950091834403	-2.19610420261319	-0.774498072084486
147000	148000	-2.11974405651373	-1.5896533895533	-0.731617385560863
148000	149000	-2.39235219322338	-1.50999972638385	-0.351594434397872
149000	150000	-2.3698815433528	-1.05949732896479	-0.395938466156681
150000	151000	-2.7877746930491	-1.14249575856163	-0.410090528017174
151000	152000	-2.80065219017443	-0.82038162782854	-0.755326318668765
152000	153000	-3.02279894074952	-0.545242962737386	-1.08596930374225
153000	154000	-2.98940219411722	-0.136248692587033	-1.25421358771823
154000	155000	-3.30427291277479	-0.237295145857497	-1.70679840313509
155000	156000	-2.79921254596083	-0.357651957195713	-1.88533393816702
156000	157000	-2.58172428109077	-0.182867253996574	-2.23266058331973
157000	158000	-2.96594671104094	0.111863856673187	-2.35466645064521
158000	159000	-2.52931843404976	0.353560395299428	-2.22501412097202
159000	160000	-2.72589073172422	0.272523936416464	-1.83304231640387
160000	161000	-2.62324464382596	0.683731434692285	-1.74348028113644
161000	162000	-2.93115575909582	0.981780589660286	-1.54608551194967
162000	163000	-2.52011807652771	1.22353212647297	-1.52985817785228
163000	164000	-2.3283101353373	1.63709245711524	-1.49073032857355
164000	165000	-2.03659690820226	1.75537767378537	-1.21969402390681
165000	166000	-1.89549833917709	2.09929496515897	-1.4221942340704
166000	167000	-1.57005018458177	2.06912567603028	-0.990630530848044
167000	168000	-1.26906761261584	2.07932083101436	-0.715133349873899
168000	169000	-1.23931316725055	2.42575620417943	-0.38749802812175
169000	170000	-1.11984065585682	1.91130941240481	-0.111426501893317
170000	171000	-1.16772615819905	0.924383815966174	1.11947674136965
171000	172000	-1.46674375918456	0.797580015843946	1.49072614330781
172000	173000	-1.77545721169486	0.815627207824973	1.87227391799154
173000	174000	-2.23159357244656	0.957062233807539	1.78154067374579
174000	175000	-2.69237786569966	0.952591963884993	1.92605210929223
175000	176000	-2.8168848392294	1.42267949272815	1.74922507764666
176000	177000	-3.29763214886298	1.38701847840299	1.57177805401657
177000	178000	-3.18053566937009	1.81702438807609	1.31979924586795
178000	179000	-3.53831779169098	1.83449609653379	1.03606848495033
179000	180000	-3.95039812805802	2.08864996829818	1.18945316159101
180000	181000	-4.13465887404078	1.72131921288472	0.854307308404993
181000	182000	-4.48394612770973	2.00293464759972	0.939404024497174
182000	183000	-4.32989778271977	2.03350661954982	0.582469129213605
183000	184000	-4.22687269281802	2.43952013492842	0.758197267622265
184000	185000	-3.78142136818483	2.19545908628226	0.551958077991576
185000	186000	-3.4092634292395	2.35717322127264	0.809586109142581
186000	187000	-3.11369983985666	2.06444700535343	0.533628028020561
187000	188000	-2.6800029053758	1.80147112754503	0.208631343515418
188000	189000	-2.62268574660214	1.47686395102152	-0.332056601628626
189000	190000	-2.06385213467416	1.55752867644442	0.116857297849575
190000	191000	-1.99686974629286	1.04702615852174	0.105353659145138
191000	192000	-2.53341775183021	0.900174569712825	0.351833028330477
192000	193000	-2.47579290914629	0.922733413617435	0.887424318430382
193000	194000	-2.70295527795511	0.802534419350101	1.26938127573834
194000	195000	-2.5620777406599	0.35056590133268	1.06552215211102
195000	196000	-2.15221391527457	0.593037406006972	1.24605169895271
196000	197000	-1.85529772672031	0.685144222761931	0.892299712422306
197000	198000	-1.49779122203875	0.665779991017161	0.48170730156556
198000	199000	-0.947079512610223	0.847168919223179	0.434929776921399
199000	2e+05	-1.22619913761535	1.24001090008407	0.383238627313563
2e+05	201000	-0.978535636916977	1.52316371255265	0.690857855263261
201000	202000	-1.45253800210693	1.80583732719765	0.677094417504898
202000	203000	-1.57453306468399	2.29338341813032	0.891684139276485
203000	204000	-1.95546161488854	2.02851106560028	1.04408366737847
204000	205000	-2.04487462529665	1.8752707456322	1.50485135738992
205000	206000	-2.21583659415915	1.78587989981064	1.97893769788999
206000	207000	-2.14783346331103	1.42310093562713	2.30237487133916
207000	208000	-2.21517606002157	1.81938471848234	2.80439216650565
208000	209000	-1.98480337338066	1.35290646893065	2.91623720634838
209000	210000	-2.16470392574747	1.33042472837739	3.3616494620736
210000	211000	-2.35400942430655	0.999380581358811	3.02066137848955
211000	212000	-2.7249442057337	1.20908888950016	3.02580307729887
212000	213000	-2.64666038370255	1.1374203620075	2.60690626102711
213000	214000	-3.06715191954437	1.2205793625282	2.46628251068698
214000	215000	-3.10431579395276	1.6436191446007	2.24444630122869
215000	216000	-3.53153351746473	1.75547056922424	2.05444897388913
216000	217000	-3.44373546925966	2.20509571992548	2.21684843823224
217000	218000	-3.31241408396603	2.14283098447523	1.80432088127815
218000	219000	-3.13326972045764	2.57509638382277	1.82245315640448
219000	220000	-2.80706580370062	2.28268668619776	1.94427788011482
220000	221000	-2.46830675173559	2.55796756084226	2.06976181901616
221000	222000	-2.01191180412499	2.40870680550807	2.20326659345516
222000	223000	-1.57929454382035	2.3496590309593	1.95206784008565
223000	224000	-1.14361232953164	2.13908262786987	2.14710650334817
224000	225000	-0.883399608105001	2.19415227194634	1.73099011955847
225000	226000	-0.729832798585847	1.83414021370986	1.42675842422779
226000	227000	-0.793767727924579	2.164950361017	1.03848872707697
227000	228000	-0.256060520303566	1.93739612686996	1.0409943790349
228000	229000	0.202156252533554	2.2257058080617	1.04280156918954
229000	230000	0.581811021704273	2.56167745877619	1.19706451180432
230000	231000	0.350774441255204	2.29582430689797	1.61478079764096
231000	232000	0.149202637728288	2.31692553749945	2.1143767482383
232000	233000	-0.476595311054354	2.58847204484811	2.2143564878454
233000	234000	-1.01741256139183	2.75512720737541	1.98644918366964
234000	235000	-1.66977223104313	3.03688472807423	1.55887240180039
235000	236000	-2.0941513129569	2.56587683457229	1.30821385218227
236000	237000	-2.37819757465811	2.52409408311126	0.743771183913932
237000	238000	-2.66244806759262	2.34873120818633	1.18393095516062
238000	239000	-2.57650454433645	1.85964274628685	1.01059324962059
239000	240000	-2.45609031829842	1.42789672451785	1.22858655372662
240000	241000	-1.95495970993619	1.38767636157186	0.971022881091823
241000	242000	-1.88726087244279	1.31792598102021	1.47694873664981
242000	243000	-1.4485165149145	1.55525278539464	1.48560726447953
243000	244000	-1.53302412421194	1.5908131468999	2.03241990027837
244000	245000	-1.01821948572996	1.39187649576619	2.05521868480137
245000	246000	-0.575552283168023	1.57495852393466	2.43936922059273
246000	247000	-0.401405965336039	1.26952746973735	2.72789351626147
247000	248000	-0.0107348382114895	1.31781385651179	2.54800896925842
248000	249000	0.0687988410265315	0.90184506329077	2.65521781679157
249000	250000	0.290530282848582	1.00198896732034	2.29277078762412
250000	251000	0.361673364688263	0.639940379985895	2.13014604911345
251000	252000	0.508422305480448	0.886481802759857	1.79684837587537
252000	253000	0.440873072859132	0.851488367332563	1.30785310858327
253000	254000	0.703078316464404	0.866010781970774	0.905310550391746
254000	255000	0.822206806204429	0.327829866934871	0.918952812499193
255000	256000	1.05340122765297	-0.0847698800690807	1.58464062103294
256000	257000	1.44048541753852	0.179095249238922	1.17691291045186
257000	258000	1.81934900607784	0.30973102819007	0.869072983281515
258000	259000	2.03271969084002	0.261462778839557	1.27930534799653
259000	260000	2.19799152759019	0.655398918681039	1.09354463702732
260000	261000	2.06951026945535	1.12348967312513	1.24221001593715
261000	262000	1.85597676791248	1.66351893740696	1.4352791445939
262000	263000	1.39257860543005	1.90823021906159	1.38049005123082
263000	264000	0.88284024115935	2.09932272522177	1.47124624127482
264000	265000	0.356868573708025	1.83028244358751	1.42632341752947
265000	266000	-0.165892244111698	2.02556071527231	1.60396450037676
266000	267000	-0.153503433065022	2.66203683035714	1.53552294255863
267000	268000	-0.341192176367308	2.54210341241326	1.04377262925768
268000	269000	-0.350112912128368	2.2815624755393	0.575308066062494
269000	270000	-0.0915086265309576	2.74817803054439	0.50396364785647
270000	271000	0.31563408621193	2.43877169571972	0.415469908180369
271000	272000	0.761044644837684	2.24089690891067	0.392926660537506
272000	273000	1.22119984453193	2.27511058309816	0.615771162396852
273000	274000	1.41917216642316	1.81387873280943	0.67372994672039
274000	275000	1.89096672631661	1.55653855106297	0.760229741887805
275000	276000	1.54010273374863	1.26686253712202	1.02542017914328
276000	277000	0.950316223641443	1.50873734629759	0.944446010310569
277000	278000	1.02525891054245	1.30920185501831	1.47681250345609
278000	279000	0.947136004126954	1.484270702445	1.96542110712415
279000	280000	1.04530280001344	1.08916962466463	2.30633953653401
280000	281000	1.39363717509146	1.11336698004187	1.94841080418091
281000	282000	1.23539052102264	0.718377947333764	1.74743213828871
282000	283000	1.71267740915739	0.676172007033578	1.63253263339567
283000	284000	1.42179834238555	0.756876565935592	1.22195103767364
284000	285000	1.35461839850911	0.77498617376138	0.743896011026834
285000	286000	1.43912183407367	1.21315731748212	0.383834941716281
286000	287000	1.84870934185668	2.10386349516805	0.0225074833663166
287000	288000	1.26919886851328	1.88082295871309	0.0171505716914657
288000	289000	1.02114552427676	2.23308111209703	-0.285457659124931
289000	290000	1.28548373242687	2.37630780049125	-0.635159008154298
290000	291000	1.00568528017029	2.46713001248501	-0.988651436187141
291000	292000	1.252951871673	2.79432920431544	-1.19543298938265
292000	293000	0.921903932287719	2.62826188499742	-1.44601719559172
293000	294000	0.728759185129824	2.93871339317586	-1.26661519142103
294000	295000	0.391397330088596	2.80036488426576	-1.4918418388045
295000	296000	0.207610607089224	2.8417783531463	-1.06676395956251
296000	297000	-0.30788980523657	2.80338964302905	-1.04380134569146
297000	298000	-0.14209827949239	2.63425103836755	-0.590474422957012
298000	299000	-0.352603931258608	2.25171026280401	-0.478782870686676
299000	3e+05	-0.0772175691588351	2.26431598137987	-0.128659568545534
3e+05	301000	-0.140512302868844	1.87122992494383	0.00834471069001253
301000	302000	0.109303258575027	1.77821224576987	0.349740464835431
302000	303000	0.0837067261561333	1.29410859523538	0.436876820883109
303000	304000	0.365977945644542	1.46428359199784	-0.00222384602446525
304000	305000	0.754996787763989	1.30788388056769	0.257295879349951
305000	306000	0.923143746317951	1.28305297205181	-0.201737290949744
306000	307000	0.963020441461914	0.806809319754601	-0.0487146530641009
307000	308000	1.12055746939584	0.796520247739807	-0.534939587338115
308000	309000	1.37880224688607	0.428127052127247	-0.407392431003365
309000	310000	1.63332484521655	0.53070846162939	-0.824476338687023
310000	311000	2.0160510503081	0.57352104006566	-0.535553122284633
311000	312000	2.20630366949189	0.813204480372561	-0.856342726572625
312000	313000	2.61548413298277	1.14903211897434	-1.20185460957524
313000	314000	2.15332836483269	1.09879504897944	-1.40345439441838
314000	315000	2.14174877189177	1.46947630694233	-1.21712985459203
315000	316000	1.80802276270459	1.52867273319949	-1.41714995321526
316000	317000	1.75056683461055	1.92878466689851	-1.27732937717844
317000	318000	1.28032305427584	1.81176078031815	-1.27209784779015
318000	319000	0.702381307358502	1.55342496558378	-1.13063735407574
319000	320000	1.0994176881042	1.65544147834169	-0.648211854888025
320000	321000	1.40373677502049	1.52325979065487	-0.374658167345568
321000	322000	1.58476419242722	1.12525384616084	-0.329632184968844
322000	323000	2.0908054595665	1.14403348739694	-0.150083698090254
323000	324000	1.83722994328854	0.651893440592913	0.0526107784254803
324000	325000	1.80091339854898	0.167593451031683	0.139032096825058
325000	326000	1.60658288250545	-0.233103498610253	0.368752694824524
326000	327000	1.52901840282011	-0.636457099979355	0.550529150936978
327000	328000	1.49977679502087	-0.965559210519395	0.813768093407661
328000	329000	1.35678504210756	-1.34182652279183	0.649201405585971
329000	330000	1.46591330087286	-1.79673878293024	0.737522005527074
330000	331000	1.33294670546097	-1.86229840939318	0.243664348421015
331000	332000	1.45844393848008	-1.50971098069162	-0.0559597054668428
332000	333000	0.996387551358136	-1.44108994903041	-0.0227766085275377
333000	334000	0.978106457423465	-0.988530811532427	-0.115834100413949
334000	335000	0.502716340813327	-0.755393556383465	-0.00957327705872864
335000	336000	0.168077372700981	-0.381256332927462	0.135468165296943
336000	337000	-0.33657063186142	-0.464027434287499	0.134221113190527
337000	338000	-0.695328326393698	-0.0969150525267866	0.386360635583579
338000	339000	-1.18267305361437	-0.196026205512244	0.511316412617586
339000	340000	-1.08440114316536	-0.289987924629043	1.05120446228088
340000	341000	-0.967467597559523	-0.689053565719767	0.679016034614438
341000	342000	-0.904565704436534	-1.16763255322298	0.710287323689206
342000	343000	-1.75734749908218	-1.93974344178703	3.23602996277205
343000	344000	-0.754586646935191	-1.82723352116232	0.738376164401781
344000	345000	-0.826670850144673	-2.25593206295746	0.861407288026178
345000	346000	-0.433819226998511	-2.38396822967566	1.38098204333495
346000	347000	-0.211290968597252	-2.56568075115683	0.968460548995081
347000	348000	0.222547839315448	-2.75646379352053	1.17003955690938
348000	349000	0.282244423687748	-3.07151017202324	0.786157077960211
349000	350000	0.127210331808663	-2.8109004740202	0.427969993614506
350000	351000	0.492102231484949	-2.96261985262938	0.178958261094447
351000	352000	0.480764855293201	-2.67409310115727	-0.212300317323835
352000	353000	0.939318403115988	-2.81162494283587	-0.0781379416992401
353000	354000	0.846067819891412	-2.36428260193407	0.224687684177801
354000	355000	0.743264097131683	-2.64540956444414	0.673661416726081
355000	356000	0.420998824007849	-2.30537415280937	0.780141443828525
356000	357000	0.204690969917923	-2.01896511173638	1.02573383607067
357000	358000	0.433233193606071	-1.61020087011383	0.936318597264743
358000	359000	0.159947531656425	-1.19111989648732	1.01587157469442
359000	360000	0.289276619237424	-0.615382947590712	1.04803377549072
360000	361000	-0.237204758320759	-0.53623784164854	1.23672976191439
361000	362000	-0.257779689930267	-0.367963449728175	0.776740052669812
362000	363000	-0.33609875321023	-0.858395034093592	0.710096723157916
363000	364000	0.0863883815979451	-0.977402665769134	0.422290557932463
364000	365000	-0.0860948961867516	-1.17440622408305	-0.0537656122542573
365000	366000	-0.263433281102373	-1.56453178559886	-0.301010488661491
366000	367000	-0.353606715052036	-2.0558625509647	-0.253196820085774
367000	368000	-0.125667444946666	-2.32058235470731	-0.638749358978383
368000	369000	-0.270531756240917	-2.78768572141742	-0.447194161297769
369000	370000	-0.554155152183578	-3.30552233577246	-0.674626456185628
370000	371000	-0.113655031931783	-3.67587217670885	-0.583814170982845
371000	372000	-0.0992196694606279	-3.40182099975248	-0.215239063292
372000	373000	-0.39468789279311	-3.85119273665316	0.119101569453596
373000	374000	-0.598925797548401	-3.21295552974805	0.0334248768440046
374000	375000	-1.006491555398	-2.85615617347812	-0.092498905982433
375000	376000	-1.03242442653074	-2.67623733843276	-0.641059221648066
376000	377000	-0.841512439922485	-2.22336540890934	-0.713980666530838
377000	378000	-0.731299695336515	-1.79344525741267	-1.00786669131617
378000	379000	-0.22812124723178	-1.49917645961149	-0.952566813570557
379000	380000	-0.343994066463782	-0.984546136900529	-0.767126266844154
380000	381000	0.109792266859094	-0.619152754292258	-0.723970828562688
381000	382000	-0.310680596514175	-0.383194144374305	-0.597403751558068
382000	383000	-0.16375112158597	0.00450459415431346	-0.339043526744839
383000	384000	-0.641719863943267	0.0459838923861607	-0.27754276477913
384000	385000	-1.11358888068051	-0.0639994565381597	-0.187922777000938
385000	386000	-0.957294354134836	-0.568856400964636	-0.147965505039049
386000	387000	-1.34805649017728	-0.811931118638807	0.175968502471705
387000	388000	-1.59864562814746	-1.24054838435951	0.218103903302716
388000	389000	-1.68396568819133	-1.3161179075438	-0.240992296297784
389000	390000	-1.72115768722685	-1.81327950600147	-0.203330303761205
390000	391000	-1.47900384869373	-2.03965891561178	-0.585475345608128
391000	392000	-1.38917887861034	-1.76966268989454	-1.02468897546329
392000	393000	-1.30674963153588	-1.67196656393861	-1.51597967458736
393000	394000	-1.53516077721171	-1.91494449384575	-1.99923083357298
394000	395000	-1.06718609289436	-2.13033151189787	-1.80967366242065
395000	396000	-0.808951951469902	-2.33912011836322	-2.2516455090717
396000	397000	-0.855456717383285	-2.67625334064391	-1.8333887157071
397000	398000	-0.609054739548354	-3.02483559953167	-1.96259532938725
398000	399000	-0.57420373431108	-3.19673126858973	-1.58275798299913
399000	4e+05	-0.230243033531252	-3.4063349179593	-1.73903379916869
4e+05	401000	-0.117111229267988	-3.65128158464649	-1.28719519760065
401000	402000	0.293076862853846	-3.63084863874983	-1.46130066897909
