0	1000	1.12112664297968	0.891028165171371	-2.20969373278961
1000	2000	1.41981022829593	0.975136160694598	-2.35327030806755
2000	3000	1.33261510073061	0.5697809415422	-2.24374550245286
3000	4000	1.48572187479165	0.652882611207927	-1.90406298353315
4000	5000	1.77152086542352	0.535167932511755	-1.6240928460432
5000	6000	1.79771455659784	0.421228881050528	-1.12487503438472
6000	7000	2.03364775302765	0.446036829489089	-0.639336778007582
7000	8000	2.21036055351378	0.339761322983233	-0.140661981561456
8000	9000	2.28247971912931	0.301083651273779	0.357391942720524
9000	10000	1.97334835744474	0.592347935279968	0.571727763988588
10000	11000	2.00028626497291	0.768658353936815	1.02597282094372
11000	12000	1.58616749918049	0.562962115625051	1.14786981570269
12000	13000	1.73426131409393	0.772864113500257	1.61622541808493
13000	14000	1.32660463470376	0.508313061592836	1.53954543438492
14000	15000	1.45346397775167	0.411402586965511	1.85390822751508
15000	16000	1.61962446328853	0.179947046194645	2.09988540188508
16000	17000	1.95852259579795	0.374247781635172	1.91458851432348
17000	18000	2.16644708119713	0.492987547430441	1.51700951706435
18000	19000	2.49351770424345	0.375227422647407	1.06298645603836
19000	20000	1.78578840269309	0.184874105344864	0.767168755413156
20000	21000	1.60105754510179	0.0572719526370837	0.304249600340955
21000	22000	1.74081264406436	-0.104211217129779	-0.120136715016259
22000	23000	2.00195518756101	-0.245319888247626	-0.562474087384345
23000	24000	1.69094569600296	-0.486294377807139	-0.854147528752321
24000	25000	1.46900399653681	-0.830943202245451	-0.537897567488576
25000	26000	1.15548763041963	-0.533859329548301	-0.0892856503704364
26000	27000	0.950962573823444	-1.00485934257256	0.132092955873393
27000	28000	0.994117377492294	-0.896140738436011	0.669510500799943
28000	29000	1.16536630157783	-1.4800191800103	0.936214906185604
29000	30000	1.03175603484984	-1.03455224047111	1.20697970593751
30000	31000	1.10438346562972	-1.37345461571937	1.65655445535692
31000	32000	0.695905870242611	-0.837627207042829	1.62395248790468
32000	33000	0.642116644983276	-1.15090247438576	2.03587180190774
33000	34000	0.228400582349932	-1.13771988617385	2.17844112301388
34000	35000	0.0811255387698987	-0.748230540987768	2.16150757291896
35000	36000	0.316558471158865	-0.661745983629756	2.51229782285859
36000	37000	0.472590730429358	-0.491634191549138	2.19585854151596
37000	38000	0.770674093283358	-0.639126809946669	2.36066218145902
38000	39000	0.852446082025888	-0.454452171683592	2.01258337997341
39000	40000	1.1431574524383	-0.455347927420993	2.20906184725124
40000	41000	1.0620754944044	-0.851657057339911	1.97880254549267
41000	42000	1.41835936409229	-0.788879620115639	2.31353010717249
42000	43000	1.86889602222944	-0.677656514396842	2.03009987487881
43000	44000	2.13092304997122	-0.706538006619688	1.60289553861642
44000	45000	1.4379045695284	-0.413234558312447	1.11460649811566
45000	46000	1.64005535803124	-0.481537387716207	0.744793795002678
46000	47000	2.04383829927489	-0.353646918183692	0.70294265903462
47000	48000	2.35870252007757	-0.464077520605291	0.473464743003654
48000	49000	2.01864959671306	-0.511367906024836	0.176296550603886
49000	50000	2.29352184586341	-0.886991884234033	-0.0931123608501017
50000	51000	1.81583106827906	-0.942572244693393	0.144137387807522
51000	52000	2.1938985660243	-1.08493656918505	0.486708217048485
52000	53000	1.92387443195444	-0.840909921905423	0.589463892236262
53000	54000	2.08649494484704	-0.894243979841197	0.884029622033898
54000	55000	2.26975557875354	-0.65930706402843	0.966000398733903
55000	56000	1.95418502195905	-0.636188156135498	1.13767468606123
56000	57000	2.17730954228584	-0.372260337484677	1.21884441581967
57000	58000	1.86455572034538	-0.171111101805549	1.15517079596706
58000	59000	2.37378779303042	-0.0656663106141501	1.40992322488843
59000	60000	1.91292871418765	0.151945202429591	1.33504258738228
60000	61000	2.0412886101602	0.010059761639813	1.62798423541317
61000	62000	1.70802237345374	0.0608410396696639	1.59974042014215
62000	63000	1.80766545823778	-0.0515618733700802	1.84365861486739
63000	64000	1.90877930299735	-0.285208230859225	1.7173673004585
64000	65000	1.63976782428251	-0.299586237840523	1.57190887787102
65000	66000	1.6103524128537	-0.330350725632534	1.97372681813692
66000	67000	1.31221786390791	-0.367621609575885	1.74358223034247
67000	68000	1.49557309384036	-0.738695239539753	1.86524198239896
68000	69000	1.44378195675844	-0.691735562224837	1.53697594907407
69000	70000	1.72484998438853	-0.912951687962192	1.57879273607153
70000	71000	1.60908780870612	-0.926450977813093	1.24922907727766
71000	72000	1.87085507096035	-1.16567427082419	1.15667221683205
72000	73000	1.63922862080612	-1.09377254622397	0.857031830668698
73000	74000	1.78478176784978	-1.49226209806004	0.635062216848189
74000	75000	1.43057551127111	-1.28662553142359	0.378958405590193
75000	76000	1.42767460383728	-1.5167348788633	-0.0781271416218515
76000	77000	1.06117294820584	-1.88384661733101	-0.327088606674056
77000	78000	0.934724469858432	-1.48373902332499	-0.63211167582197
78000	79000	1.17607145503605	-1.28241784920148	-0.953375247552938
79000	80000	1.21793139202902	-1.22711802077277	-1.46772172984329
80000	81000	1.00399772123266	-1.04146722983453	-1.80844143446378
81000	82000	0.829056502039298	-0.711801383048509	-2.15498152171183
82000	83000	0.958658319200456	-0.531316615322855	-2.67067564962127
83000	84000	0.592954237161879	-0.248143841765694	-2.59171876136418
84000	85000	0.312232708042413	-0.52742459599435	-2.76455774446022
85000	86000	-0.146898073679019	-0.697927337398229	-2.75052876518744
86000	87000	-0.0685782048604955	-0.555794508319995	-2.32403103489524
87000	88000	-0.140514196340996	-0.338456614182213	-1.92987798555829
88000	89000	-0.416648824520943	-0.0197609268122627	-1.60689738357983
89000	90000	-0.507896977442514	0.478655180408826	-1.57749112005785
90000	91000	-0.340447586427062	0.938549690869861	-1.65926232122518
91000	92000	-0.304709017091412	1.41654929303781	-1.75403579577881
92000	93000	-0.155761797378269	1.63321082163693	-1.20631576490985
93000	94000	0.287800695221641	1.83644427743308	-0.938725018294676
94000	95000	0.625549029510307	1.37838306388362	-1.04543838586513
95000	96000	0.970323717710335	0.98766517364989	-0.961595850082349
96000	97000	1.12313635534703	0.603432936955453	-1.20794618951404
97000	98000	1.24515064582234	0.224356560891584	-1.46891707772519
98000	99000	1.57119317030614	-0.0332886760115039	-1.83831478415511
99000	1e+05	1.43649962628246	-0.439419028707208	-1.54632406087579
1e+05	101000	1.05650601519801	-0.635431098268063	-1.23548167124878
101000	102000	0.603574419278089	-0.989211865125897	-1.16409913705198
102000	103000	0.463868721786565	-1.46175332983505	-1.3710598936935
103000	104000	-0.0267283152017575	-1.72669944576748	-1.36719340912532
104000	105000	0.0111415043310076	-1.31112912500647	-0.849700073489775
105000	106000	-0.240117005485138	-0.901486240838106	-0.556706064926116
106000	107000	-0.804714180126482	-0.821797496956767	-0.581699646951429
107000	108000	-1.36259823350822	-0.742180178074179	-0.596486157508367
108000	109000	-1.74937304813326	-0.966270218392261	-0.804778745656621
109000	110000	-1.92850384850192	-0.849538779453714	-1.25219843801696
110000	111000	-1.56398844055849	-0.966518438554508	-1.56429303511894
111000	112000	-1.24766329601565	-0.495560452320051	-1.63129517006876
112000	113000	-1.10015842416016	-0.832807156441265	-2.03139024328806
113000	114000	-0.82786726671954	-0.75982001313829	-2.35137444150499
114000	115000	-0.913210381317455	-0.905102920614039	-2.76850716156251
115000	116000	-0.813887678367525	-0.546715615101701	-2.66521397827407
116000	117000	-1.13768361624122	-0.548766022469003	-2.65908102403064
117000	118000	-1.03150027934706	-0.318372704109561	-2.52695084085283
118000	119000	-1.13759456973163	-0.269647552002605	-2.76973309580335
119000	120000	-1.18911663240689	-0.0620959707852395	-2.61692083795821
120000	121000	-1.1326990737731	0.00366468258703059	-2.94654411578046
121000	122000	-0.933339889657548	0.141699927522712	-2.70365176720436
122000	123000	-0.734870479190876	-0.115163368288018	-2.81304947781418
123000	124000	-0.853937189919358	0.0586210122133418	-2.29597341530433
124000	125000	-0.575190501289592	-0.306672430044818	-2.32381722072634
125000	126000	-0.776683047091217	-0.362869741145755	-1.86384641484152
126000	127000	-0.618675038019517	-0.817621702935715	-1.84289682138369
127000	128000	-0.957095095004428	-0.952749096790363	-1.46293254996957
128000	129000	-0.835254126103166	-1.37621840256491	-1.27479432428458
129000	130000	-1.37361920222759	-1.47942439383801	-1.10613928491373
130000	131000	-1.07671177859809	-1.83379873737673	-1.1696390437037
131000	132000	-1.23383365935981	-1.6239032788714	-1.59078572802202
132000	133000	-0.933465944306768	-1.40408351629344	-1.8160085940416
133000	134000	-0.879783232456468	-1.43859751397846	-2.27058420114893
134000	135000	-0.500237974070851	-1.27942950898095	-2.08077877883722
135000	136000	-0.155501887438353	-1.13782591878744	-2.28122271560371
136000	137000	-0.09317293124884	-0.99908731387295	-1.67178326051079
137000	138000	0.341736958951759	-0.971139869643468	-1.98169194131546
138000	139000	0.425288444882213	-0.505857779966618	-1.61573943310231
139000	140000	0.827993021754746	-0.252515108195163	-1.8356114578495
140000	141000	0.978099613167721	-0.0167862083325082	-2.25776506523376
141000	142000	0.529692507901352	0.116475507146415	-2.23954814500512
142000	143000	0.222729409754856	0.248620587141129	-2.46848893389825
143000	144000	0.0599691651424429	0.613684596347142	-2.60497833309319
144000	145000	-0.192828935518158	0.654742952131093	-2.91159816877509
145000	146000	-0.538853777589428	0.485624154799936	-2.77997442646608
146000	147000	-0.954347646049627	0.673444536541996	-2.97828773517691
147000	148000	-0.900819276900959	0.522369501430818	-2.41204728215676
148000	149000	-1.20920425626323	0.77218737496072	-2.32368891964336
149000	150000	-1.18086430625891	0.635232945875271	-1.85525053938569
150000	151000	-1.60071739211023	0.616209827804222	-2.0914573192223
151000	152000	-1.44437755601965	0.261090341437595	-1.9514999398417
152000	153000	-1.4582893290181	0.185931106537636	-2.36714604567794
153000	154000	-1.57220842199967	-0.0924022764552896	-2.15251978214823
154000	155000	-1.62359031684889	-0.174173810003034	-2.56026889215824
155000	156000	-1.25212488213913	-0.313572185582265	-2.24938163176889
156000	157000	-1.43816386934257	-0.508805351598264	-2.49671463405447
157000	158000	-1.29368243752636	-0.84855147108147	-2.43432587053137
158000	159000	-1.57748187432324	-0.897171688512546	-2.22616252928823
159000	160000	-1.47987711903479	-0.632171603097007	-1.99162763426714
160000	161000	-1.83369201710746	-0.537966603183852	-2.04788495516878
161000	162000	-1.69418595325802	-0.302519713095856	-1.75727942874651
162000	163000	-2.01344048037933	-0.310950929029485	-1.596841626781
163000	164000	-1.86170453593406	-0.031116118938187	-1.30048431057443
164000	165000	-1.94510817142344	0.0584803024409262	-0.889799363554532
165000	166000	-2.0242047111813	0.323165046649765	-0.485425140965874
166000	167000	-1.91997725909871	0.470931067866223	0.0805016757474626
167000	168000	-1.72708283495954	0.530216249690192	0.554304747669187
168000	169000	-1.9467930443978	0.263636388021332	0.909360024197753
169000	170000	-1.91354757501983	-0.227321910370008	1.06129226077207
170000	171000	-1.97692979442526	-0.674452759830837	0.823540581200994
171000	172000	-1.70337752884971	-0.977568782093813	1.03874180312622
172000	173000	-1.51179709941475	-1.2733926216945	0.783727680971501
173000	174000	-1.6624170343479	-1.63338997908647	0.965806097936526
174000	175000	-1.50557757101917	-1.81425004215867	0.70664502727354
175000	176000	-1.61180616212263	-2.19224120895709	0.784878920360404
176000	177000	-1.14021349886512	-1.88770064118097	0.603625441596286
177000	178000	-1.31303104519178	-2.21835539006285	0.429360601120193
178000	179000	-0.964618647555668	-2.00526037423924	0.26298508523309
179000	180000	-1.26398325006612	-2.30649272606109	0.000539200931384895
180000	181000	-0.907501729394639	-2.3469369860854	-0.0165592198954925
181000	182000	-1.10518637857701	-2.53198588687077	0.14577446170386
182000	183000	-0.98598664919168	-2.3577477876354	0.296808386990832
183000	184000	-0.877824665847829	-2.6384282282838	0.299227631029701
184000	185000	-0.701184687479711	-2.32920085409546	0.423237875748838
185000	186000	-0.480285980014783	-2.47326963002897	0.19984353200683
186000	187000	-0.43792640939945	-1.99464263253657	0.203465725144093
187000	188000	-0.438429524393118	-2.30121386184619	-0.351817828501031
188000	189000	-0.274154187686593	-1.83059665446508	-0.336021378574111
189000	190000	-0.85008686406326	-1.80809345019548	-0.509256673151169
190000	191000	-1.02115738702989	-1.35630468026408	-0.229950371866695
191000	192000	-1.57807130366223	-1.82752859840831	-0.440092066805717
192000	193000	-1.31244215768677	-1.57802121101091	0.105564187737198
193000	194000	-1.62252662691748	-1.91301150972993	0.0960242196112615
194000	195000	-1.76280178230521	-1.54340194208513	0.341704281586598
195000	196000	-1.94231756781223	-1.50183547206695	-0.0657473452541422
196000	197000	-1.82350710935365	-1.07413315293921	0.190863247445863
197000	198000	-2.10128644232802	-0.803060414487855	-0.14488054221637
198000	199000	-1.84189629088889	-0.412952005105151	0.184422947429831
199000	2e+05	-1.31069796296815	-0.457649490473716	0.238041017288617
2e+05	201000	-0.868217405645106	-0.653098326857735	0.419225829298953
201000	202000	-0.45290009167735	-0.996367364919958	0.441973827600244
202000	203000	-0.123910033143185	-1.39910550290168	0.668799860048604
203000	204000	-0.548481091587537	-1.58847961731504	0.767531173485695
204000	205000	-0.978353870446188	-1.44723422052613	0.789772396733586
205000	206000	-1.16266585742705	-1.42659239816975	1.18483364928045
206000	207000	-1.0305870947094	-1.74478477568775	1.34941015707326
207000	208000	-1.11713286706672	-1.99187584760573	1.7297909661049
208000	209000	-1.40939753483345	-2.06499394534601	1.55769504874112
209000	210000	-1.35891375016691	-1.67786100830971	1.65311015594104
210000	211000	-1.58881597433683	-1.8096433681621	1.43534771709285
211000	212000	-1.39363135562521	-1.7733715910967	1.24757200044432
212000	213000	-1.54821905569599	-2.03560462557494	1.17918737730587
213000	214000	-1.24384927162104	-1.99852013992995	1.08016860931344
214000	215000	-1.33596909460426	-2.31710946824301	1.07714402427104
215000	216000	-1.23913009614827	-2.16133628949909	0.81056817548282
216000	217000	-1.12247306037465	-2.43927756638897	0.781769561074709
217000	218000	-0.915721895019853	-2.18927047914851	0.746800768493643
218000	219000	-0.906525316956349	-2.40837279222431	1.05456380167722
219000	220000	-0.789960210885859	-2.02067697750579	1.02649933018229
220000	221000	-0.827748638800367	-2.20912413064918	1.40951953419771
221000	222000	-0.600125523880685	-1.83724558944108	1.44429882649194
222000	223000	-0.637866680640959	-1.70194333646843	1.88702694228777
223000	224000	-0.496026920283391	-1.31391884794551	1.6246803399337
224000	225000	-0.704217547440168	-0.902211803759954	1.60501861238644
225000	226000	-0.876369282225962	-0.729115275254499	1.19316560117839
226000	227000	-1.34963445791645	-0.423712885404072	1.37239947304191
227000	228000	-0.897566986512947	-0.0741588804931731	0.970638058693953
228000	229000	-0.71009886433968	0.183666542457245	1.46022591494405
229000	230000	-0.179099272875962	0.195105213100416	1.19913762145028
230000	231000	-0.0638164726482204	-0.161022666909829	1.62582638327518
231000	232000	0.0394626995032885	-0.536254090032113	1.27063873600956
232000	233000	0.039019790132531	-1.0053986481141	1.50704044948152
233000	234000	0.115138722396115	-1.49208880157938	1.70440269678239
234000	235000	0.0271635337614739	-2.07498364766236	1.55530676645331
235000	236000	-0.149524078185794	-1.89905008947122	1.04694407367478
236000	237000	-0.217693503591163	-2.27833723885529	0.763352709290628
237000	238000	-0.547437502895304	-2.65622585012881	0.839102641315528
238000	239000	-1.44229465470918	-2.68132442948308	0.58845341287664
239000	240000	-1.8394296845326	-2.21604126241443	0.372567575936957
240000	241000	-2.08576777767303	-1.83176596950745	0.686250844979129
241000	242000	-2.04404194567407	-1.42638441965105	0.978167161946378
242000	243000	-1.8284359937968	-1.31123291097422	1.45139654790851
243000	244000	-1.38461445868698	-1.10369434917298	1.57392629903138
244000	245000	-1.26492094598984	-1.29686671495593	1.97919357222424
245000	246000	-0.875957295471922	-1.05586691898984	2.09662939090973
246000	247000	-0.541829964147159	-0.758946009103547	2.15790743992269
247000	248000	-0.484689672295623	-0.344245451690459	2.13496723030975
248000	249000	-0.437854186866698	-0.0835387234914062	2.41850219923028
249000	250000	-0.491444099159271	0.26102433699009	2.31057211771234
250000	251000	-0.240362650953743	0.406122325041995	2.58351509985395
251000	252000	-0.331454724745167	0.711719173000083	2.39875829221167
252000	253000	-0.0212733775915158	0.952792347297666	2.48194706093658
253000	254000	-0.175599654199378	1.21675815968982	2.17927090811007
254000	255000	0.123497512466979	1.47628362669174	2.4098254476188
255000	256000	0.386306686354583	1.85655731936881	2.33304636863496
256000	257000	0.638854679733076	1.55527079744931	2.10505456026125
257000	258000	0.941658516429317	1.51359513032753	1.85227440947551
258000	259000	0.951594847931358	1.0519880635862	1.75208531459688
259000	260000	1.22318404712293	1.12508788557289	1.42561967213955
260000	261000	1.42745637562251	1.18140803832963	1.88463192419037
261000	262000	1.27683993768931	0.932457081948764	2.35070261450527
262000	263000	1.00604962876162	0.467860074391979	2.63478678641117
263000	264000	0.393511367718352	0.0447973401356585	2.93770598924365
264000	265000	-0.23802475454453	-0.400771410552139	2.84580745344022
265000	266000	-0.850071755813048	-0.665815173281388	2.61718128639049
266000	267000	-1.19290826991357	-0.312632695151627	2.31413520533274
267000	268000	-1.03226786792998	-0.220603425285471	1.82916844975292
268000	269000	-1.31781395542817	0.212825959905718	1.9120244829314
269000	270000	-1.54643402420313	0.383997963294122	1.49285165433233
270000	271000	-1.32504913393467	0.712287534854699	1.11791410998845
271000	272000	-0.84749906235636	0.8201850426828	1.02518347051187
272000	273000	-0.358631002564884	0.894333530695637	1.02914551590041
273000	274000	0.121663119838901	1.0478065480336	0.96560357240512
274000	275000	0.5909542576785	1.21752802890807	1.17127327532899
275000	276000	0.538736301288341	0.808867525734247	1.45002483958426
276000	277000	0.266588791042464	0.792179160218516	1.86927959029867
277000	278000	-0.157550962482896	0.588153390065811	1.7598627929824
278000	279000	0.0051787536309727	0.364819736121363	2.16487137771638
279000	280000	0.200861478759035	-0.0107023013444862	2.17724849175658
280000	281000	0.450888679620767	0.312428736629972	2.41063589140216
281000	282000	0.699435004183267	0.4298273371675	2.01450284739412
282000	283000	0.605402774697261	0.87519916236846	2.46118363508743
283000	284000	0.616279430415634	1.06052990042444	2.06973606961832
284000	285000	0.288415669134194	1.33243232075923	1.97218051969432
285000	286000	0.121501777442088	1.36939146574649	1.57001182601631
286000	287000	-0.442709951020674	1.36804707099011	1.50440308532901
287000	288000	-0.339567366565094	1.53930190182122	1.10265930713733
288000	289000	-0.805947206646321	1.47190831672265	0.97345132838815
289000	290000	-0.640964630316342	1.78547951455233	0.644232558200658
290000	291000	-1.10453793905387	1.64031572830642	0.451898428424097
291000	292000	-1.019045405854	2.13840549668086	0.510791733272129
292000	293000	-1.27621394804693	1.88211260735264	0.780845834069849
293000	294000	-0.974703950184085	1.99219731218878	0.946792649764985
294000	295000	-1.16044214619337	2.00919683851345	1.21306596291577
295000	296000	-1.08378708050892	1.67766574048199	1.2837028015712
296000	297000	-1.34097147100367	1.68549748960743	1.55002380979184
297000	298000	-1.37954475188463	1.31528854873461	1.27592687529815
298000	299000	-1.41772660795789	1.17027167763985	1.70343205499247
299000	3e+05	-1.06674118746411	0.945360177256219	1.63587315113661
3e+05	301000	-1.07736356587199	0.827361943552821	2.07633545580158
301000	302000	-0.672179659390729	0.766687795944276	1.97162936138465
302000	303000	-0.715200015168674	1.13732941763113	2.36224456273478
303000	304000	-0.622715443323116	1.29027066783523	1.92638303333982
304000	305000	-0.621008461137792	1.72905696605564	2.0591992423455
305000	306000	-0.245484348322975	1.64992542926656	1.82828547358992
306000	307000	-0.144795840118138	2.01966191964151	1.98093269851203
307000	308000	0.167948444696524	1.8657981430326	1.76283241340832
308000	309000	0.0997872914409896	2.20014833692332	1.61284548163959
309000	310000	0.470953144565915	2.20394910594723	1.59006061650587
310000	311000	0.292521804216642	2.30226806321053	1.23777436410657
311000	312000	0.524797191723973	2.22233500787607	0.945916641942409
312000	313000	0.316981206258815	2.54992066848444	0.776048618756657
313000	314000	0.118310720221059	2.19840306366721	0.67101117298574
314000	315000	-0.0446461990257124	2.41737770728913	0.941357787904163
315000	316000	-0.248753742316668	2.14165207527491	0.920031110987731
316000	317000	-0.343852588635619	2.35414460647788	1.19147289063436
317000	318000	-0.621401931050452	2.16204210656965	1.15696543516044
318000	319000	-0.639982838931358	2.35452929052431	1.60818067095001
319000	320000	-0.59122884569085	1.89737690816669	1.49804703420983
320000	321000	-0.214441692555998	1.96380744392184	1.43527775252697
321000	322000	0.0569130309710861	1.8279222974846	1.14854609059961
322000	323000	0.433128603291652	1.84749676779055	1.37228929319052
323000	324000	0.580465743690448	1.78461222733997	0.96163846346988
324000	325000	0.95257850344371	1.96708933553755	1.39332511565126
325000	326000	1.05897769169605	1.81355238684642	0.947226210892803
326000	327000	1.42101893015881	1.53855417498406	0.983970147795158
327000	328000	1.36994181445833	1.57472358578674	0.511880298434181
328000	329000	1.75336513532922	1.38937584270181	0.275888141463935
329000	330000	1.66238274674232	1.55277079167497	-0.19775302960237
330000	331000	1.96225155311658	1.11954869762084	-0.335046072838478
331000	332000	1.54184519517018	0.789359017542492	-0.306812439383384
332000	333000	1.31742562085392	1.02184849589775	0.0704299235713365
333000	334000	0.96057649865731	0.77848736229553	0.329493157018813
334000	335000	0.55927432805696	0.897430613911515	0.0276249700483061
335000	336000	0.130887866947833	0.569613717163804	-0.0374681266113796
336000	337000	-0.432805536373341	0.703456706663739	-0.0807575006874001
337000	338000	-0.972100988564393	0.691013308496012	-0.203457612131329
338000	339000	-1.39183869723059	0.996151178168809	-0.217856424493155
339000	340000	-1.44019667653023	1.37325292747347	-0.601025874577015
340000	341000	-0.941348888727871	1.52495028155432	-0.777871183730112
341000	342000	-0.795884458632863	1.95402141875666	-1.11765767943057
342000	343000	-1.42368767188847	4.24027386925245	-2.23454490369911
343000	344000	-0.291312637562752	1.99560101929443	-1.56799937579017
344000	345000	0.171219983625172	1.88026901964249	-1.72255292345496
345000	346000	0.55390379087559	2.19254832314997	-1.59560146740359
346000	347000	0.668754861113615	1.87244249552853	-1.34192733279634
347000	348000	1.13221169347274	1.98773480231198	-1.40401139545799
348000	349000	0.965254810760945	1.59123874959628	-1.53162662238772
349000	350000	1.24191746042547	1.6377434582573	-1.83211789656756
350000	351000	1.15881643073775	1.19569794168405	-1.63883773279072
351000	352000	1.61222979450453	1.21914238554494	-1.7835311159327
352000	353000	1.56539548962494	1.03930105461849	-1.33435829823494
353000	354000	1.75382885090526	1.45600853747445	-1.13350996628149
354000	355000	1.32189964978295	1.51613883358308	-0.983276125698976
355000	356000	1.14408976563758	1.96517086857316	-0.853114944057504
356000	357000	0.859230600347786	1.74039727319733	-0.543934386127217
357000	358000	0.842990441426671	2.08914426523195	-0.167524366094775
358000	359000	0.3339674989478	1.9180550378346	-0.205499252247206
359000	360000	0.0186638048841177	2.30800794224097	0.00482569661715612
360000	361000	-0.450582300285638	1.96966083916651	0.0424618394269196
361000	362000	-0.335124502464827	1.36594633420856	0.131241756518771
362000	363000	-0.402103862581215	1.51840276061853	-0.442434923558878
363000	364000	0.204329804562683	1.28265352300526	-0.416539216992391
364000	365000	-0.0271333602845939	1.03674460681603	-0.900890516966747
365000	366000	0.372171276919098	0.725962838545013	-1.14645099629845
366000	367000	0.347786945823496	1.09140942308541	-1.57303964943052
367000	368000	0.765542898582065	0.73817026151843	-1.78916023677019
368000	369000	0.628417755856769	1.19431274517701	-1.98870759802249
369000	370000	0.638886626664374	0.995511344108526	-2.40213637938677
370000	371000	0.985276814984822	1.2012928278417	-2.58997046423253
371000	372000	0.992940739505782	1.26225655558885	-2.20732893938679
372000	373000	0.860475365694825	1.6716952973279	-2.33450962949247
373000	374000	0.565636970776226	1.40588149254637	-2.55284484139381
374000	375000	0.212653533914044	1.49130055538966	-2.30965372855856
375000	376000	0.154380170691248	1.09543428976898	-2.64497014116435
376000	377000	0.0847554303660568	0.93869365997595	-2.1907313472809
377000	378000	0.193093627021601	0.505635488234407	-1.99743293959064
378000	379000	0.280768183136456	0.227108391445918	-1.62055890367155
379000	380000	0.214306606227039	-0.0153032490557416	-1.19924971209211
380000	381000	0.629624874951324	0.0189108907344075	-0.796959720121067
381000	382000	0.369352855013267	-0.255478772251943	-0.431184272858744
382000	383000	-0.137871119305094	-0.115910739109736	-0.284955819996776
383000	384000	-0.675366573358523	-0.0980835564143824	-0.45668893676916
384000	385000	-0.925354772991258	0.126665887735973	-0.877589240544324
385000	386000	-1.36324275725499	0.511835123245993	-0.892115576723289
386000	387000	-1.0069386988205	0.810851694911505	-1.17835512551515
387000	388000	-1.21457304120289	1.12036847089921	-1.57126149314503
388000	389000	-0.9029301351284	1.1684586868053	-1.95575234981655
389000	390000	-0.708608309473978	1.21627913091664	-2.44704648769238
390000	391000	-0.428579408109458	0.891204281076237	-2.35482783627571
391000	392000	-0.402930805218006	0.41473019334603	-2.16105433828212
392000	393000	-0.28125191202864	0.091395093340477	-2.47050243775641
393000	394000	-0.249515808513231	-0.227597850777955	-2.92634239517084
394000	395000	-0.16068310685279	0.1706917174382	-2.96602631725193
395000	396000	0.261737764245241	0.00743759723248404	-2.96552273270121
396000	397000	0.345469806860588	0.403653613627237	-2.92802890510559
397000	398000	0.632193364846	0.368852972386207	-2.69903634212738
398000	399000	0.653888861663298	0.708835507143612	-2.69861410678985
399000	4e+05	0.958463815559857	0.51344181117741	-2.6414631739301
4e+05	401000	1.08385965140986	0.809242285975058	-2.60864460362629
401000	402000	0.955327470046871	0.715254968252783	-2.36363673423363
