0	1000	-1.91693621471917	-2.48789783187045	-0.242301617650009
1000	2000	-1.90618534249409	-2.91674169744009	-0.415751697149537
2000	3000	-1.56086929254025	-2.94152554861601	-0.100556118487848
3000	4000	-1.25695207492899	-2.61502921240044	-0.229848513064328
4000	5000	-0.839109009661455	-2.51661941019851	0.050010707300733
5000	6000	-0.066682765203099	-2.49614671537296	-0.0519955833289742
6000	7000	0.644686874525353	-2.51751551768328	0.0720535664502074
7000	8000	1.21287615145709	-2.26491658855735	0.00146789377944355
8000	9000	1.77743752382487	-2.13003443185013	-0.158466130722344
9000	10000	1.86721443481854	-1.71384377871915	-0.52715518417856
10000	11000	2.30920282330182	-1.6287261974892	-0.92120650491557
11000	12000	2.42865533176286	-1.10590547489098	-1.19869834693471
12000	13000	2.75014902953115	-0.742929607305404	-1.58097525274325
13000	14000	2.92211994083713	-0.221061079548254	-1.6750629184481
14000	15000	3.1665380043714	0.0910782296668146	-1.26081310229564
15000	16000	2.8342741007556	-0.232395851604361	-0.954329553307927
16000	17000	2.42193856834423	-0.245402658858922	-0.662121532141152
17000	18000	2.16710911623799	-0.706193602028362	-0.438017533898386
18000	19000	1.76021583191341	-0.586723161100382	-0.0104082314192124
19000	20000	1.57819288979134	-1.13941711522925	0.210635818916953
20000	21000	1.38657358688466	-1.16482156474162	0.83704181580433
21000	22000	0.97325099522092	-1.4296839316288	1.13428627804103
22000	23000	0.570150843107528	-1.06161975071208	1.48743270102041
23000	24000	0.29127732101916	-0.860037325467406	2.0398462016685
24000	25000	0.464247809471993	-0.289701572609039	2.15396503107969
25000	26000	1.03442603555915	-0.063331638575641	2.07144343058607
26000	27000	1.26568480577427	0.33397707789999	1.60886427849133
27000	28000	1.83543495974131	0.545628942780045	1.94505311668521
28000	29000	2.06003321766472	0.81112303796732	1.5064554783929
29000	30000	2.65385947503134	0.703415467691672	1.60187367410592
30000	31000	2.73084105448234	0.674660980951141	0.989307023916029
31000	32000	3.09474785719134	1.07563291994743	0.770180861957157
32000	33000	2.81555872107235	1.29175894245746	0.394576757901816
33000	34000	3.14180269022952	1.51467991075997	0.137118610865557
34000	35000	2.90536460251744	1.21577124939903	-0.17674470580211
35000	36000	3.32167621822062	1.19670337765893	-0.377552557391797
36000	37000	3.00661970889286	0.879041559279874	-0.528291024124554
37000	38000	3.38267706669057	0.72872336565446	-0.636697927678334
38000	39000	3.25739290583904	0.351336703260413	-0.508477580681731
39000	40000	3.56364337469159	0.451244324185854	-0.193071997705631
40000	41000	3.2348187700166	0.546767370903736	0.145463846736617
41000	42000	2.82775458869815	0.318481827726246	-0.0126911667627786
42000	43000	2.70968365812988	-0.13201793327197	-0.160480990078068
43000	44000	2.55988264464165	-0.434150006667269	0.18798116589606
44000	45000	2.34405881476878	-0.412046912401024	0.644277518047067
45000	46000	2.18410863974428	-0.949728669025002	0.60809892863936
46000	47000	2.34892105688522	-1.35573799780915	0.339754695315951
47000	48000	2.36270123467618	-1.80670434494827	0.521932267942526
48000	49000	2.1049915194032	-1.87603819340657	0.892662982976015
49000	50000	1.81463212255048	-2.05311297195704	1.29059975160093
50000	51000	1.97299183684895	-1.51008309749107	1.35520668422753
51000	52000	2.45352656932644	-1.43776599504555	1.49253534133805
52000	53000	2.41446934180568	-1.30427212730457	1.06723160166721
53000	54000	2.83183510155712	-1.39546345509339	1.08083189645205
54000	55000	2.74583787606035	-1.43630816593198	0.679737188096397
55000	56000	3.16958776910879	-1.31077983348989	0.563004961317564
56000	57000	2.82063744623629	-0.997530163906225	0.240179856371225
57000	58000	3.24768604351203	-1.11214547612394	-0.0113812129505362
58000	59000	2.79574378549993	-1.27109533080548	-0.372548692199268
59000	60000	3.28814359426332	-1.20848399575407	-0.66422760961911
60000	61000	3.05589976106288	-0.796366152413234	-0.804962455487306
61000	62000	3.47936385209757	-0.562376334840283	-0.792698973221406
62000	63000	3.20923117411123	-0.345222815933074	-0.52780972855923
63000	64000	3.49610760919663	-0.621300478465998	-0.330504883330804
64000	65000	3.12307003481075	-0.556283582110933	-0.0905725078905634
65000	66000	3.59220069471214	-0.312592682594362	0.00350940585088825
66000	67000	3.23072802661661	-0.0579234246858147	0.184675833786855
67000	68000	3.45654223061476	-0.223758406455642	0.575404901396704
68000	69000	3.00392830355261	-0.378294545155801	0.569685066688158
69000	70000	3.23666492170809	-0.745029685102623	0.67922037133065
70000	71000	2.84158296622203	-0.807502466649443	0.848651500170094
71000	72000	2.82079046142625	-0.93264202494206	1.25421273052319
72000	73000	2.37062593777056	-0.842275788303972	1.2015678046269
73000	74000	2.34236425404088	-0.8044925666754	1.74181581881765
74000	75000	1.803483121085	-0.655397048527981	1.60621657419257
75000	76000	1.76947627577321	-0.738287859123618	2.21895515142636
76000	77000	1.25733267759047	-0.998438428082169	2.32436986822921
77000	78000	1.07355681362017	-1.46035892424829	2.14032367478665
78000	79000	0.621567967266299	-1.62662670859825	1.92099542855252
79000	80000	0.105442953570759	-1.90419938731262	1.90642558618992
80000	81000	-0.445037649058833	-2.11695012372241	1.79368788942258
81000	82000	-1.01863462900694	-2.28724701392498	1.50764905119466
82000	83000	-1.46390457947716	-2.6212702577015	1.21055800345656
83000	84000	-1.79771617404672	-2.20737880924491	0.970508110113246
84000	85000	-2.02479112528134	-1.77953985427546	1.15777880164869
85000	86000	-2.14419394023476	-1.47517642288361	1.64370243340555
86000	87000	-2.40444870793513	-1.64647577862019	2.07545901968928
87000	88000	-2.87584789092192	-1.93251832427333	1.7735685449349
88000	89000	-3.57203498749316	-1.62633091169692	0.622786874721286
89000	90000	-3.35972164530304	-1.18376818890076	-0.304967844218109
90000	91000	-2.876866539657	-0.909675300162272	-0.650487993098342
91000	92000	-2.51602637033983	-0.94772087343687	-1.11107693785028
92000	93000	-2.18537815777003	-1.05828072148985	-1.65242183293151
93000	94000	-1.64535107675772	-1.25983591885488	-1.82198521927693
94000	95000	-1.13394981536625	-1.49516787806103	-1.55303546707878
95000	96000	-0.833292456197514	-1.94683090923167	-1.24255524848484
96000	97000	-0.710286756864246	-2.43982494532014	-0.917418862886158
97000	98000	-0.573258500554504	-2.84604733479193	-0.473956397157568
98000	99000	-0.477239159550977	-2.92885924233263	0.343167515779848
99000	1e+05	-0.380365102586772	-2.46273159871947	0.815503213320618
1e+05	101000	-0.268974117296018	-1.90771074704341	1.09249382877068
101000	102000	-0.460226758567494	-1.37356795388086	1.46438281270098
102000	103000	-0.67253686896388	-1.13089026734333	1.98391947425725
103000	104000	-0.792509773164629	-0.657021364619763	2.30721900464686
104000	105000	-0.752917777425441	-0.0629202444036438	2.18266201906608
105000	106000	-0.817463159934261	0.462880598469511	1.76597019980977
106000	107000	-1.11865304172496	0.943157191777669	2.09407652810092
107000	108000	-1.61633411385761	1.22017109976298	1.92299663301642
108000	109000	-2.11316834192396	1.06683673030607	2.28329531293259
109000	110000	-2.20965946018116	0.855224171475409	1.8422015140829
110000	111000	-2.28774837235248	0.431050201614695	1.61711012443997
111000	112000	-2.52430763832482	0.12140678195025	1.34757170940989
112000	113000	-2.65357718914762	-0.254139414410094	1.54023556855181
113000	114000	-2.60576409716885	-0.657934806974789	1.81539160763143
114000	115000	-2.93744258710923	-1.06819996784998	2.01210915974236
115000	116000	-3.21345933432468	-0.691711594523475	2.05019455385414
116000	117000	-3.05765139319016	-0.574682423014667	1.68976660559291
117000	118000	-3.45565010551719	-0.362468217385086	1.78988237697262
118000	119000	-3.22462883737231	-0.382353598729156	1.34418335268021
119000	120000	-3.59878454195576	-0.55930202564982	1.40494448704954
120000	121000	-3.61461811572896	-0.812716341388918	1.04118749900314
121000	122000	-3.34804507661813	-1.05886477712918	1.37533777954643
122000	123000	-3.08250881026989	-0.907548001694879	0.991027500611718
123000	124000	-2.71133879188104	-0.694869546789389	1.11363732884969
124000	125000	-2.2297546353217	-0.487990975347791	1.11719793859625
125000	126000	-1.90510467548207	-0.551736085070588	1.54006036683977
126000	127000	-1.8014641960449	-0.14486779484847	1.88620662917925
127000	128000	-1.75862573341396	-0.220895404104547	2.43839579342176
128000	129000	-1.74717104941439	0.353474666452364	2.48456197907596
129000	130000	-2.18240218671184	0.144633081835496	2.76105440724531
130000	131000	-2.33024879729911	0.19142793018446	2.36467624601468
131000	132000	-2.5002824160353	-0.157630644949445	2.50315069827288
132000	133000	-2.73314275522858	-0.27481710563027	2.19497618998917
133000	134000	-2.97445095463307	-0.488272912353553	2.57020733427786
134000	135000	-2.59070751009745	-0.764173335376945	2.34354385955462
135000	136000	-2.14592235025078	-0.83044511432394	2.37131678857326
136000	137000	-1.7863604523365	-0.918071066436154	1.9649519477239
137000	138000	-1.45331329158268	-1.29133644453	2.19933791416524
138000	139000	-1.36358317770964	-1.57395651959854	1.61802591506517
139000	140000	-1.72536102485382	-2.14293582719575	1.71419667142052
140000	141000	-2.25194900226185	-2.43157081471946	1.21478549425537
141000	142000	-2.63317509446186	-2.46712028149817	0.790508829147641
142000	143000	-3.08986736508735	-2.23472746321109	0.327749500880099
143000	144000	-2.94778262372886	-1.68986838194126	0.15230457805849
144000	145000	-2.94475336394714	-1.22406720267629	0.326383196968989
145000	146000	-3.34152884225699	-0.885796037478323	0.372381722388033
146000	147000	-3.75996731690734	-0.504541916189957	0.442300589320405
147000	148000	-3.3121661535314	-0.210140729937524	0.778568156172924
148000	149000	-3.21629748664902	0.180474071337034	0.495711992842515
149000	150000	-2.78065164368552	0.534572993877623	0.405778637973002
150000	151000	-3.20688728865255	0.788337372846288	0.670482279913867
151000	152000	-2.87996134412089	0.589975877607184	1.02345769759972
152000	153000	-3.28822276235079	0.659542921867214	1.37759982631511
153000	154000	-2.93633884214274	0.456844953503598	1.50961943191619
154000	155000	-3.41149989160238	0.381544640137178	1.83156957959073
155000	156000	-3.16120745570612	0.096843508345439	1.61320310017708
156000	157000	-3.00207705279564	0.0156681000743717	1.92105535897847
157000	158000	-3.02795848527602	0.204134164084119	2.25711414087573
158000	159000	-2.67283241393734	0.330434998836844	2.01264773610042
159000	160000	-3.01224171429453	0.578510999707601	2.03196823723473
160000	161000	-2.7268087922653	0.75332947899665	1.84290759191629
161000	162000	-3.04281740655561	1.03484248914925	1.74891004762723
162000	163000	-2.65442912123226	1.01270017154048	1.48406036202871
163000	164000	-2.89470692963968	1.2115596428568	1.19039196197488
164000	165000	-2.4324898239329	1.25788234489013	1.0464675193827
165000	166000	-2.4211305837573	1.62870221109401	0.813338819886239
166000	167000	-1.90815136493152	1.80823253227589	0.697319190619971
167000	168000	-1.48711060791912	2.12499200406526	0.498766846665713
168000	169000	-0.935037758701891	2.44283556821337	0.435194215648114
169000	170000	-0.538144453326133	2.704898907612	0.827442712534034
170000	171000	-0.21027114846278	2.49509283496229	1.20389250669582
171000	172000	0.0669354744179776	2.69016077822972	1.63593056857315
172000	173000	0.455472213488725	2.31120792233781	1.65541003731072
173000	174000	0.563869755365197	2.67166830935008	2.07460780268247
174000	175000	0.748811248344263	2.30696867593365	2.19372954637521
175000	176000	0.999875149391032	2.37825375462506	2.54757233698969
176000	177000	1.03624649532586	2.00493791186688	2.1767687625928
177000	178000	1.30668102200588	1.74934773203405	2.03858098799424
178000	179000	1.0727286454281	1.54290986160552	2.33780813502577
179000	180000	1.27074358502171	1.48375047017525	2.78743207840762
180000	181000	0.995093590234027	1.77574263123363	2.77955328939783
181000	182000	1.23743759961912	1.99227952133285	2.7735227571132
182000	183000	1.30805051528262	1.8078087299961	2.53429624374835
183000	184000	1.55512939625276	1.86545656382672	2.8189446000367
184000	185000	1.67692787169797	1.73523228097979	2.50120619157935
185000	186000	1.85595840808911	1.39999704045289	2.5193897803377
186000	187000	1.54501717511405	1.13937780193738	2.20840721423368
187000	188000	1.24721251023548	0.812325226611078	2.66752449307456
188000	189000	0.784104227224145	0.795841572388639	2.25139487608488
189000	190000	0.297080364554932	0.727235018671018	2.61662027745752
190000	191000	-0.0950213421336081	1.0071928765697	2.09898507877385
191000	192000	-0.282117488040606	1.29887605492104	2.73802869907145
192000	193000	0.135346620215858	1.55027610999072	2.3890735234009
193000	194000	0.367656639043704	1.90827482186649	2.76228549921327
194000	195000	0.270704469180241	2.01509438442364	2.27675267069911
195000	196000	-0.0936715782301108	2.30859661228595	2.36507956437255
196000	197000	-0.35789461354443	1.98468662325446	1.99918187527232
197000	198000	-0.822933156834792	2.3303063302744	1.96359405938321
198000	199000	-1.15281007255181	1.93462608336838	1.65165272485105
199000	2e+05	-0.958908703935104	1.99239825983606	1.11948522373085
2e+05	201000	-0.595026084362096	1.55925083077885	0.968196664771195
201000	202000	-0.125051725342476	1.77611776826663	0.56069072481044
202000	203000	0.3470960036644	1.32682492477093	0.863375338384397
203000	204000	0.671268538097967	1.8133697175018	0.904400953001248
204000	205000	1.07489439749505	1.67853531778247	1.31132775371506
205000	206000	1.19643278481039	2.17561800403866	1.13950281053262
206000	207000	1.58753312346144	2.43549431777741	1.27990885248068
207000	208000	1.59353118742102	2.85482321800255	1.0319208863433
208000	209000	1.59569398593348	3.04970269708917	1.43964407684453
209000	210000	1.21021838369514	2.93965676647899	1.30972947798764
210000	211000	1.32475494657994	2.77673319372773	1.64375766846658
211000	212000	1.07133170619625	2.52784253128242	1.54291965226887
212000	213000	1.05993545012277	2.59202404523671	1.88732300512824
213000	214000	1.35600883929209	2.31941552500331	1.84984755482271
214000	215000	1.23600956394102	2.47088300759277	2.22507707783553
215000	216000	1.59974113529121	2.41298492647505	2.2430382672378
216000	217000	1.48795797429718	2.19091994753341	2.46490281034635
217000	218000	1.70673611318621	2.05721196830347	2.18927039336836
218000	219000	1.79039878958805	1.71460476507182	2.00973921557865
219000	220000	1.73425241647201	1.90569733792451	1.66544079471475
220000	221000	2.05175405039551	2.08667385771588	1.47002065883362
221000	222000	2.35250317644591	2.41142262079157	1.25905139400928
222000	223000	2.22077386417578	2.04396760914875	0.882090169083349
223000	224000	1.89373750766231	1.87939042935226	0.532223016022177
224000	225000	1.43610106879931	1.79982006842027	0.30909227251729
225000	226000	0.975454480015332	2.16328619788336	0.0649414323615042
226000	227000	0.557428516165829	2.43693753065487	-0.315609417908723
227000	228000	0.800315378906269	2.53051339243853	-0.984743188503239
228000	229000	1.3497053071257	2.14271119929891	-1.48357261995076
229000	230000	1.71501991285795	1.57713505695103	-1.450215522742
230000	231000	1.86323127888566	1.16617308914201	-0.888903832881593
231000	232000	1.90609479890138	0.989343888321379	-0.264694025104109
232000	233000	2.11902135700785	1.04528546401482	0.28888292744395
233000	234000	2.42173547380368	1.37134033248002	0.742658799214623
234000	235000	2.69351383505215	1.67555264133805	1.26349171983532
235000	236000	2.42157401954152	1.71829853688163	1.75074083590688
236000	237000	2.26298893978708	2.0996357234136	2.09614516648427
237000	238000	2.06230700630843	2.53345166912467	2.03366004325624
238000	239000	1.65160703638266	2.79842164057298	2.00724312082472
239000	240000	1.12083730536616	3.01298117586856	2.06260247405721
240000	241000	0.731936355783463	3.03917516875918	1.58012762144282
241000	242000	0.676269703320181	2.71734857857593	1.07742311464765
242000	243000	1.01293657041013	2.71123758606143	0.691849382042158
243000	244000	1.52390393336687	2.75656733046114	0.478122322185951
244000	245000	2.04819919066257	2.62507581587374	0.316299403270777
245000	246000	2.31453863847498	2.17217277887835	-0.0373135136815695
246000	247000	2.64404229102215	1.89808103611222	-0.308622756004735
247000	248000	2.63853042629366	1.52576607710281	-0.649048688365117
248000	249000	3.00091871582968	1.39420561015102	-0.896783440806534
249000	250000	2.86587810727676	0.985614832005546	-1.08314977106641
250000	251000	2.81245638799477	1.01645037995702	-1.55249717031265
251000	252000	2.49513671465593	0.982699473058713	-1.96398461248937
252000	253000	2.11685948708597	0.794381807120935	-2.39594339525253
253000	254000	1.80178872423562	0.539371410632791	-2.7736139749438
254000	255000	1.73004313697458	0.231260394813362	-3.20293444531645
255000	256000	1.50872296928201	-0.162379895913196	-3.51417608116674
256000	257000	1.38335773473758	-0.563375890088118	-3.14372726625485
257000	258000	1.78424363735992	-0.546647718740162	-2.84875938276019
258000	259000	1.91051259410248	-0.943934713004917	-2.55329222816914
259000	260000	2.18666212533071	-0.771230826896962	-2.10909437021359
260000	261000	1.7897907719374	-1.04760768538266	-1.72190616457503
261000	262000	1.75924015567488	-0.567046146518442	-1.34427414525055
262000	263000	1.33055088078854	-0.277233459391445	-1.02492422872394
263000	264000	1.14797791937612	0.266801055130247	-0.752771687141719
264000	265000	0.915356864356367	0.75916247562543	-0.499555427768106
265000	266000	1.16927694426216	1.3393431759901	-0.410645129497207
266000	267000	1.5264026909039	1.94615484169987	-0.676686280007116
267000	268000	0.921560459987718	1.87477023081757	-0.944533090751377
268000	269000	0.311092716686485	1.77473745675445	-0.980246132812825
269000	270000	-0.0754649821126778	1.48819504136719	-1.30834386409054
270000	271000	0.00906901563887018	1.03571982640339	-1.80473567417638
271000	272000	0.198443906239023	0.507762232942719	-1.94643326809205
272000	273000	0.363801742957127	-0.0695750715348578	-1.96682691152348
273000	274000	0.565216870825188	-0.627599137590473	-2.11210595603185
274000	275000	1.03404796699523	-0.974077791685254	-2.39289778056587
275000	276000	1.3373046305069	-0.509820970615406	-2.25014407827201
276000	277000	1.36889553977536	0.0513681040379824	-2.04166582307021
277000	278000	1.62209477666642	0.408601613056481	-1.71172481302238
278000	279000	2.03260823694041	0.604275567430827	-1.3846427143825
279000	280000	2.5568994010156	0.470467228526362	-1.49876357480227
280000	281000	2.6195666220167	0.362682883356484	-2.05012208528502
281000	282000	2.31374274495278	0.0977741400805239	-2.41150271522653
282000	283000	1.81131646830247	-0.0214519502944534	-2.57689559872562
283000	284000	1.23169486124084	0.0185823185896846	-2.77803707668562
284000	285000	0.977752670750816	0.192154840501851	-3.18786103015063
285000	286000	0.662375245886902	0.606816592305229	-3.50538417712864
286000	287000	-0.0124650422226949	1.06296412276431	-3.30745311160704
287000	288000	-0.341217096548823	0.759872931995883	-2.69827758126759
288000	289000	-0.764761159936752	0.441329164769637	-2.29528454789215
289000	290000	-1.28856960941833	0.268250906538647	-2.01948697390198
290000	291000	-1.83661648199874	0.326837783388632	-1.73581626703735
291000	292000	-2.04515901930537	0.858975823271825	-1.83710470235761
292000	293000	-1.73894989228887	0.783251668701726	-2.30827212035928
293000	294000	-1.44206828989364	0.63212478893691	-2.67744715259241
294000	295000	-1.07690474185684	0.917994156201528	-2.81399675080464
295000	296000	-0.943269680304745	1.2620946335158	-2.44383293027546
296000	297000	-0.680624794764286	1.69765571563647	-2.27680832715782
297000	298000	-0.32845856522121	1.93762521772518	-1.90388933663418
298000	299000	0.237907906422015	1.97556457155151	-2.05391493228738
299000	3e+05	0.626786065432555	1.59002769006179	-1.87553580657396
3e+05	301000	1.11394918106136	1.56688407896177	-2.15058627529585
301000	302000	1.35765586875604	1.04064984220743	-2.11711976104787
302000	303000	1.31991077212404	1.16912453852119	-2.75526208161431
303000	304000	0.834503551569891	0.804183429840617	-2.66122488499189
304000	305000	0.410540158415274	0.679564152562083	-2.9431576603931
305000	306000	0.123781548593772	0.205549023268167	-2.8628417980525
306000	307000	0.271307977776201	0.0997783719311288	-3.31732393993563
307000	308000	-0.0997356176431985	-0.143073993441538	-3.16365175827383
308000	309000	-0.126168848447754	-0.135445658418951	-3.53319039968053
309000	310000	-0.420255633159821	-0.217934121920695	-3.56122672684302
310000	311000	-0.240429092042967	-0.443869623851358	-3.6689101630881
311000	312000	-0.230468597202217	-0.529098078676036	-3.40830442455
312000	313000	-0.373965866151307	-0.78309418668467	-3.59562586307574
313000	314000	-0.595641693626362	-0.5960307707037	-3.57658686211043
314000	315000	-0.502280375384189	-0.57481419448323	-3.2350083707229
315000	316000	-0.760982639119081	-0.373456531242517	-3.42111979782511
316000	317000	-0.706219650234634	-0.152518101553032	-3.07669354099271
317000	318000	-0.957563020307141	0.0388101610624271	-3.50370560692612
318000	319000	-0.725692604618478	0.454222654038598	-3.27891201187946
319000	320000	-0.368150632724635	0.311574052426665	-3.53235030175499
320000	321000	0.0251633065937755	0.15703939014713	-3.73730155599614
321000	322000	0.273290326491959	-0.307809380680616	-3.62389817721767
322000	323000	0.238121032365613	-0.785371080782248	-3.6515227219869
323000	324000	0.405899181823777	-0.557477383970596	-3.11168141175842
324000	325000	0.768838574438037	-0.864605748337381	-3.39745624699446
325000	326000	0.654744801913746	-1.0339403011861	-2.94770625652896
326000	327000	0.642854378312914	-1.50934752956816	-2.82147292409235
327000	328000	0.425732845094022	-1.67491572387793	-2.33781244953682
328000	329000	0.220263127899535	-2.11956104096049	-2.1064288348436
329000	330000	-0.113398717042252	-2.22702661119427	-1.66452368184742
330000	331000	0.245210953686348	-2.5937048348774	-1.32859795979587
331000	332000	0.543888041489995	-2.21699615447143	-0.987186413664572
332000	333000	0.645030265704034	-1.67699123886219	-1.13354258527172
333000	334000	0.301474240989269	-1.19918342866642	-0.999174264010924
334000	335000	-0.00835222152662951	-0.695635193343716	-0.716014164453652
335000	336000	-0.22062550564102	-0.0825460667390329	-0.428560641245466
336000	337000	-0.398200452526956	0.615340094480263	-0.292332716267084
337000	338000	-0.74442574309448	1.28968091860362	-0.200374962736938
338000	339000	-1.4056164160299	1.53355885185409	-0.199034933818534
339000	340000	-2.03563350288368	1.29276437539511	-0.360212606298199
340000	341000	-2.41137422456388	0.729033432619566	-0.701383213862193
341000	342000	-3.16378067515203	0.414815650277733	-1.42496486352413
342000	343000	-4.27559481310383	0.312545394234111	-2.57324782535664
343000	344000	-2.72233269315032	-0.166022922113296	-2.32363632069508
344000	345000	-1.97037689256879	-0.429204463573354	-2.34430679126438
345000	346000	-1.47735666808338	-0.45540779351682	-2.71886940988143
346000	347000	-1.32306596030747	-0.5254496085047	-3.18125749415877
347000	348000	-0.88487785412767	-0.735142157229833	-2.96382687044046
348000	349000	-0.979110863906788	-1.14764060783627	-3.23643888533775
349000	350000	-1.0889100490155	-1.18135980839037	-2.67472664175611
350000	351000	-1.43501583316651	-1.54403947986909	-2.53839819419593
351000	352000	-1.38740925236949	-1.89892949840396	-2.10574034553574
352000	353000	-0.890546472825503	-2.10148859793934	-2.16580430088162
353000	354000	-0.575758118795082	-1.80503371911781	-2.57721587159424
354000	355000	-0.306895851632398	-1.54530703069945	-2.94844569020002
355000	356000	-0.114247848440599	-1.05856780045754	-2.79093587947413
356000	357000	-0.270125315346061	-0.777606016289643	-2.35392253306937
357000	358000	-0.416012234031979	-0.446645893820704	-1.93760908510923
358000	359000	-0.552817931916339	0.0561944591823287	-1.57632011402402
359000	360000	-0.710210285438892	0.77502950499409	-1.38689936160932
360000	361000	-1.14220364543674	1.31847221678578	-1.30072535533421
361000	362000	-1.41006673838098	0.876049795118457	-0.851879920048633
362000	363000	-1.4793189756503	0.235271095093171	-0.863589581012303
363000	364000	-1.10825839965475	-0.272491031899983	-0.718153855981556
364000	365000	-1.53777101316843	-0.683209361008355	-0.787211757286239
365000	366000	-1.30638219799037	-1.16746435833436	-0.457723623236184
366000	367000	-1.79625910332824	-1.4067389981211	-0.861886412468682
367000	368000	-1.47322953151631	-1.94415951251986	-0.803053495039344
368000	369000	-1.97376654969926	-2.11153258893363	-0.943224441608124
369000	370000	-1.775597323258	-2.62673710421888	-0.871900225687172
370000	371000	-2.02344550565639	-2.64405294897738	-1.25229916068666
371000	372000	-1.72969431045135	-2.31438982053795	-1.45922802868704
372000	373000	-2.20802839907108	-2.32514630557435	-1.7379688364863
373000	374000	-2.41249483504582	-2.00513930441551	-1.36589069589978
374000	375000	-2.63069592209546	-2.27381798042147	-0.95072794596692
375000	376000	-2.56258183412652	-1.87525061583729	-0.578749673410815
376000	377000	-2.19224258400308	-1.80810675473243	-0.243696401347365
377000	378000	-1.74465966412688	-1.78736030851863	0.118149802749948
378000	379000	-1.25495505516248	-1.64350583090645	0.344160193321776
379000	380000	-0.724600721643818	-1.57440330932269	0.382408708807731
380000	381000	-0.185769907942066	-1.5197763970808	0.10325471834541
381000	382000	0.384188503909697	-1.37203264520904	0.200283775082347
382000	383000	0.544244566983847	-0.702304547861031	0.288393224064625
383000	384000	0.319387483166229	-0.317825986962427	0.782041462081235
384000	385000	-0.18309887000466	0.0655654413035021	0.941579080738049
385000	386000	-0.749388417660544	0.00717497648979786	0.833426813918256
386000	387000	-1.30234991320321	0.295156543790491	0.632341987411905
387000	388000	-1.84698251171235	0.21175207210369	0.383011871803834
388000	389000	-2.3582501183234	0.151192321226663	0.0540293416815498
389000	390000	-2.68278789336026	-0.302511640062839	-0.16220544436973
390000	391000	-2.52690884320427	-0.777213989607526	0.122489330927305
391000	392000	-2.25982466799946	-0.997471436845808	0.560134445852131
392000	393000	-2.31835949280219	-1.22737917417668	1.03102063872475
393000	394000	-2.70774496648355	-1.33980370222088	1.4007877912221
394000	395000	-3.14373093878129	-1.5152949929217	1.31175816082166
395000	396000	-3.05178292078891	-1.87719962088532	0.988126287446822
396000	397000	-2.62687868846604	-1.82690976025833	0.795774576642851
397000	398000	-2.42670746897776	-1.93277972834326	0.417885895889399
398000	399000	-2.42428258651203	-2.31275972157559	0.274852080493589
399000	4e+05	-2.5667062063301	-2.34085929076465	-0.129487630544844
4e+05	401000	-2.32387474174309	-2.72342551628474	-0.134788507112158
401000	402000	-2.03344129947403	-2.59157042019215	0.117276162999609
