0	1000	3.19816025406944	-0.947976912103276	-1.54302181953256
1000	2000	3.13660136375215	-0.475752511162411	-1.70777748194622
2000	3000	2.74518919887749	-0.757606750904748	-1.42311752213815
3000	4000	2.33301446224807	-0.542047410205521	-1.57342546821231
4000	5000	2.30164426096983	-0.613219211260987	-1.07639038191151
5000	6000	1.91290263810581	-0.789809302511794	-1.2032043878365
6000	7000	0.860694517537933	-2.09870075120183	-0.313419939733752
7000	8000	0.413346097102019	-2.165339880134	0.00413285287317923
8000	9000	-0.088165931679342	-2.36943586530534	-0.171120563268166
9000	10000	-0.257996520203912	-1.90758723046938	-0.0906992353439331
10000	11000	-0.735888170134111	-2.04746522246004	-0.345765803433095
11000	12000	-1.07593912563781	-1.57487709907207	-0.422595608992995
12000	13000	-1.16392358436009	-1.78557467600444	-0.962828780421344
13000	14000	-1.53004551841428	-1.43888913400196	-0.865307606920069
14000	15000	-1.73988382703657	-1.8657551038068	-0.957823653767767
15000	16000	-1.46779317307988	-2.13444122923275	-0.614643898104086
16000	17000	-1.69682387300576	-1.80740538026985	-0.29080145763319
17000	18000	-1.24499263321415	-1.93818759419615	0.0399958321328977
18000	19000	-0.908915080016616	-1.44928777139664	0.340689456618964
19000	20000	-0.739897682070737	-2.14201104961826	0.36574343848358
20000	21000	-0.245340327749067	-2.39079598904604	0.540108450174271
21000	22000	0.00299111743829029	-2.15519878940899	0.877505904376395
22000	23000	0.511361620147959	-2.25333878675795	1.00911162805667
23000	24000	0.473668787186639	-1.70923460365179	1.04914951183095
24000	25000	0.590696431145269	-1.91668454773794	1.58262458899087
25000	26000	0.091405657791439	-1.57386549746526	1.49948863428829
26000	27000	-0.249416441652147	-1.10340595002218	1.5279072829109
27000	28000	-0.649926591139823	-1.48163905156921	1.70766651410253
28000	29000	-1.00048514009093	-1.32596145510753	2.02467752064993
29000	30000	-1.23052045060314	-1.23487778122356	1.52662759659732
30000	31000	-1.76357321714401	-0.999533521278484	1.45428768904643
31000	32000	-2.22593884980135	-0.659473978398755	1.34490351950858
32000	33000	-2.45929089750035	-0.279739049688706	1.18223661764732
33000	34000	-2.83688166354528	0.0230783396401204	1.24549179818207
34000	35000	-2.76893540498068	-0.0831510756988325	0.749137272559436
35000	36000	-3.26770078989636	-0.0345103577780287	0.746490646829875
36000	37000	-3.13293819357223	-0.462485763930557	0.408212931316812
37000	38000	-3.19565428888143	-0.604138148499538	0.897892075863896
38000	39000	-3.10093910373012	-1.03488214895219	0.707034878568086
39000	40000	-2.87407221743679	-0.921704559370243	1.1365241378218
40000	41000	-2.47591452604089	-1.00103961915636	0.88076818509529
41000	42000	-2.29910970414817	-1.43389848660845	1.15304677423618
42000	43000	-1.85469910094054	-1.65449500870937	0.924602887638059
43000	44000	-1.4460407875652	-1.83491361994976	0.695985096646786
44000	45000	-1.17246446450508	-1.89780228264793	1.11846774884821
45000	46000	-0.69049123633438	-2.12178931741074	1.07328178050559
46000	47000	-0.623639921057838	-2.61997415848075	0.936749278670359
47000	48000	-0.219911597938668	-2.97289509243676	0.901888018013462
48000	49000	-0.109241636380141	-2.63532303838137	1.27322897759105
49000	50000	0.352101249440812	-3.0998311296076	1.47594487942948
50000	51000	-0.0829118341844655	-2.74297479573235	1.78307108351544
51000	52000	-0.234056906606272	-2.78413132167413	2.33829443801239
52000	53000	-0.553954359027187	-3.15796845900403	2.0952359301615
53000	54000	-0.673787262950825	-2.93693338872979	1.63702008109648
54000	55000	-0.679601347419429	-3.39589937971128	1.38211861826983
55000	56000	-1.06893083325542	-3.06242853754833	1.1031386578522
56000	57000	-1.1804798368085	-2.52712995631832	0.984214550078981
57000	58000	-1.41475922503851	-2.44152132031692	0.543929424314506
58000	59000	-1.13674469580249	-2.68646854556263	0.0810269642338957
59000	60000	-1.68349248622672	-2.44127015142785	-0.0775274827453604
60000	61000	-1.95274543628056	-2.75716499777847	-0.391997584081267
61000	62000	-2.3516422148084	-2.4593912634543	-0.254566122623911
62000	63000	-2.23908816906906	-2.80577128604326	0.0638401241447855
63000	64000	-2.55808227785259	-2.52313279860621	0.233374088287428
64000	65000	-2.14639150583218	-2.46923546398815	0.533831467878455
65000	66000	-2.32498683392608	-2.00161170413848	0.597841114767207
66000	67000	-2.25846395362167	-2.21092555096339	1.05530026784947
67000	68000	-2.08310628620901	-2.08240497209491	1.53993008368229
68000	69000	-1.85374815987767	-2.50461246512803	1.33053386729821
69000	70000	-1.51242701912889	-2.38175181216616	1.5903584154857
70000	71000	-1.38783219710548	-2.85541685899638	1.78866856198133
71000	72000	-0.971975163151134	-2.62181931897546	2.06844825064704
72000	73000	-0.637555946257324	-2.34130610456616	2.01177115216828
73000	74000	-0.539515483078158	-1.95360409938088	2.48029586311278
74000	75000	-0.295770678569388	-1.78515024444637	2.06008154491212
75000	76000	-0.124102061113266	-1.30040124853036	2.2269522953317
76000	77000	0.410153602952877	-1.16914315262225	2.65759099263573
77000	78000	0.425689444264464	-1.69202853350625	2.28200205184398
78000	79000	0.564749269723492	-1.33992606354069	1.99096918050752
79000	80000	0.630446819457229	-0.857600656848889	1.80329229204777
80000	81000	0.708944086421087	-1.05327002518147	1.33345556123998
81000	82000	1.18087251805653	-0.854497656786955	1.2243745788621
82000	83000	1.21165636596172	-0.333962468343491	0.954569747137431
83000	84000	1.69045515936531	-0.699792522137625	0.930047763853897
84000	85000	2.48020642136945	-1.05895950746785	1.23563093603233
85000	86000	2.30162671319001	-0.510369542971942	1.15119053816111
86000	87000	2.27723361046539	-0.237751936082798	1.59270313435788
87000	88000	1.89789722971831	-0.0110063632639904	1.2266654468337
88000	89000	1.83211335657962	0.0901701749112891	0.630994231138409
89000	90000	1.54970213126042	0.286174120028388	0.156829082852989
90000	91000	1.74762717523425	0.094947654701461	-0.342815285849488
91000	92000	1.63593613494702	0.298290135017033	-0.840124466866545
92000	93000	1.20173237751239	-0.0157298854816479	-1.09469356660638
93000	94000	1.18736294197047	-0.436000022538041	-1.46963277236105
94000	95000	0.967503988386288	-0.718493871401938	-1.09441299819591
95000	96000	1.20313916757849	-1.17720279789331	-0.941617191268726
96000	97000	0.976408039011398	-1.10370964385939	-0.474065418123394
97000	98000	1.30860527096662	-1.41897355623245	-0.265148557810503
98000	99000	1.38852768662391	-1.55645056039086	0.271472099005063
99000	1e+05	1.15711792918223	-1.39071326056028	0.777444296603807
1e+05	101000	1.18256882156499	-1.47755484737347	1.34313579372914
101000	102000	1.23614779146309	-1.1446382379922	1.81265286341723
102000	103000	1.24807456625887	-0.640319154920884	1.95909238689012
103000	104000	1.10774622857362	-0.0836163047155251	1.86759470762405
104000	105000	0.745794446702117	0.204725842492531	1.34028329251375
105000	106000	0.493075387368881	0.694553614197945	1.14547672205528
106000	107000	0.711431279609602	1.24084832023641	1.14875299270133
107000	108000	0.845370787045735	1.56108632440127	1.58687209505478
108000	109000	1.32879477630266	1.6124688435478	1.51426184328691
109000	110000	1.55647597871524	2.0484501230077	1.66487580120586
110000	111000	1.85121344328306	1.74471785374768	1.28384401861582
111000	112000	2.21961809239956	1.390688110772	1.46823245932782
112000	113000	2.61876645691995	1.1613879739443	1.18338940203751
113000	114000	2.81720805934544	0.87575188234661	1.67480869079021
114000	115000	3.26315788557525	0.620625780721312	1.9349167816353
115000	116000	3.18312787521013	1.17254513773513	1.91796729132666
116000	117000	3.30526023618613	1.20869779806316	1.49686361292911
117000	118000	3.81681216796069	1.30277766539156	1.33633378580204
118000	119000	3.48913935250183	1.11335700403495	0.931191961127897
119000	120000	3.82647518354329	0.997938090639472	0.630936445374317
120000	121000	3.38728880765615	1.13829058936547	0.295915267713906
121000	122000	3.4553090075615	0.561646543436769	0.504782390306955
122000	123000	2.97653701022028	0.673719877837499	0.575595300511471
123000	124000	2.91253348413023	0.473962077814978	1.09719864393626
124000	125000	2.27117302549554	0.720807727403293	0.92626044351768
125000	126000	2.18216713897882	0.551436010785943	1.47707017062812
126000	127000	1.83380193367737	0.806938916917496	1.78515410281406
127000	128000	1.71018413200807	0.716328483538222	2.28290419320529
128000	129000	1.66047561264424	1.17920315536559	2.48499754198862
129000	130000	1.69923339757575	0.930884139999897	2.91442796446095
130000	131000	1.93302573576979	1.28679627319115	2.99926709544111
131000	132000	2.19242392923474	0.935021827721837	3.17269787376509
132000	133000	2.3670273546816	1.03219570433388	2.71853538290734
133000	134000	2.66972561009917	0.54237150827382	2.59844281361796
134000	135000	2.43257068618762	0.850818471281028	2.15271243388723
135000	136000	2.24298009819331	0.38255543684126	2.11206458083187
136000	137000	1.85330346815307	0.140209797773169	1.84874440202954
137000	138000	1.87425955625732	-0.336242831756522	2.11318754431049
138000	139000	1.67440174404843	-0.533941004460897	1.6028871579404
139000	140000	1.83107700003121	-1.02512810925461	1.40742585489758
140000	141000	2.00695595518178	-1.12123736255622	0.818381492973007
141000	142000	2.30113358750895	-0.778816199022448	0.508492230260729
142000	143000	2.69110607429264	-1.18371768463683	0.313941676632245
143000	144000	2.74984741281207	-0.616150791134004	0.0147654587087117
144000	145000	2.88702502856381	-0.173992426310854	-0.239230443932872
145000	146000	3.0297286865535	0.320842030692976	-0.128035157005186
146000	147000	3.01164187945107	0.879029398213924	-0.509250555948051
147000	148000	2.58201873748189	0.890080841773836	-0.00394301765156703
148000	149000	2.2632040769579	1.29300430483708	-0.040784583038635
149000	150000	2.04063106798023	1.58950467141679	-0.367504790876
150000	151000	1.82447799502062	1.73132655884341	0.0242841980871281
151000	152000	2.23517697545804	2.06131534832022	0.0434979467574224
152000	153000	2.11570862023446	2.13240248855539	0.5767086875782
153000	154000	2.51520631895423	2.36383319842422	0.809385673115401
154000	155000	2.47158222460221	1.79666241543877	0.962824483865189
155000	156000	2.84075987450629	1.89097329644879	1.34691389148335
156000	157000	2.68644249383113	1.68831108257397	1.74013020521462
157000	158000	2.73207538958248	2.20322447572134	1.88854020666702
158000	159000	2.22063453041474	2.05029161660464	1.7241401021288
159000	160000	2.39635971557885	2.35365710184059	1.40953872847402
160000	161000	2.00794774579931	2.37497019412498	1.13969142651638
161000	162000	2.0965536384317	2.82369202574146	0.863335440205484
162000	163000	1.75472304429038	2.52735205147281	0.586725368296153
163000	164000	1.85094308262886	2.59054764215954	0.103035299220383
164000	165000	1.44347879249673	2.36170007083476	0.0446253009543641
165000	166000	1.30411899340739	2.78400495875579	-0.124017438245136
166000	167000	0.853537935806648	2.45439286914423	-0.155995537974374
167000	168000	0.536798906133494	2.51718422703289	0.13193400552062
168000	169000	0.072741502957539	2.69367712164332	0.0487320514418008
169000	170000	0.131776298358464	2.43123648199544	0.587321976532771
170000	171000	-0.247206565477443	2.21508913057068	0.940542590093288
171000	172000	-0.50730824240026	1.79623137967113	1.25615162765114
172000	173000	-0.673503183691703	1.62290725140286	1.75084115545063
173000	174000	-1.01674117829784	1.90646553275638	2.03864219705981
174000	175000	-1.34736718706109	2.0816201867785	2.42491990579058
175000	176000	-1.76219764614286	2.08860831434903	2.11091254493909
176000	177000	-2.20490781143991	2.37571892288939	2.27885925041103
177000	178000	-2.44014055963751	2.17669271652179	1.83755293528484
178000	179000	-2.67989850768885	2.55939030015794	1.64015864786664
179000	180000	-2.81578508166715	2.90631208972297	2.02575993509208
180000	181000	-2.95532630507413	3.11302458428469	1.5192807476361
181000	182000	-3.29447137624218	3.29008710219934	1.82257653092058
182000	183000	-3.39180254256474	2.91267597170219	1.61246358149471
183000	184000	-3.4336085089435	2.83574877140798	2.10404923195294
184000	185000	-3.17146244606819	2.3819381058071	1.88405088663919
185000	186000	-3.02720708726926	2.20333421363301	1.41181648930521
186000	187000	-2.6213308488062	2.33307674374246	1.06672039295805
187000	188000	-2.07878150884763	2.36634140135324	0.761569740418567
188000	189000	-1.83948281904786	2.65681400269967	0.206317792073584
189000	190000	-1.46784247028158	2.20900241721948	0.572182063213383
190000	191000	-0.955384245458202	2.31555109934861	0.694392455550098
191000	192000	-1.23252316579403	2.77769942061081	1.03375928758154
192000	193000	-1.28805993574819	2.49159019735062	1.51281477761663
193000	194000	-1.52962401826378	2.63216262293282	1.89142527487459
194000	195000	-1.08786062986452	2.9382335249872	1.87462970822046
195000	196000	-0.940826082955373	2.45070256564494	2.04334092715184
196000	197000	-0.609118295188297	2.29508200461477	1.69391745293744
197000	198000	-0.0364449698240768	2.12413161796882	1.70495390957488
198000	199000	0.222262038328142	1.86241758228166	1.21209037569756
199000	2e+05	-0.0246872299744185	1.64518423623902	0.825508697140699
2e+05	201000	-0.19015557875106	1.71752221025492	0.360932730675981
201000	202000	-0.631275691610725	1.41607776140642	0.4405970624042
202000	203000	-1.09461581704145	1.7037986468016	0.302275378596329
203000	204000	-1.42906278801582	1.40499300691911	0.584278052635006
204000	205000	-1.64273606841753	1.35003111068787	1.04650656568052
205000	206000	-1.76661102094762	0.968341698878982	1.42909877259675
206000	207000	-1.26976963107336	0.883849442346558	1.58167562637083
207000	208000	-1.17465857635831	0.268863741614424	1.52841109872706
208000	209000	-1.40094797091915	0.411962550302837	2.03212112418543
209000	210000	-0.956842282925711	0.240996816826097	2.21560628118147
210000	211000	-1.25190353043609	0.564160454638956	2.54291994282486
211000	212000	-0.958463060773052	0.908251672583165	2.4677430226692
212000	213000	-1.37264892264459	1.11487486821917	2.38502330346559
213000	214000	-1.57186088454497	1.47085992138166	2.65350893913458
214000	215000	-1.95230451606196	1.5584637061416	2.30252907705563
215000	216000	-2.35524863009094	1.84545525469319	2.49503845745931
216000	217000	-2.61818656603739	1.38984124644432	2.42738838700646
217000	218000	-2.72100018972575	1.68907448500611	2.08009309403343
218000	219000	-3.0477533931617	1.37137101332002	1.86027243067766
219000	220000	-2.64845560389538	1.11151496029014	1.75759852500611
220000	221000	-2.87137399409095	0.790766613553815	1.45054212627384
221000	222000	-2.37896797963605	0.582804697161608	1.40035778030338
222000	223000	-2.1576076962768	0.549361154887631	0.914423478990959
223000	224000	-1.94898113059148	0.86900739622204	0.517336223909456
224000	225000	-1.59861975925538	0.657466200159097	0.211543239896249
225000	226000	-1.19319186061834	0.993668113413229	0.0664372757158653
226000	227000	-1.22646544452346	1.358928366276	-0.368801291664784
227000	228000	-0.809825725070064	1.00170328192799	-0.55606545388109
228000	229000	-0.979911416685654	0.661799509201882	-0.953904613701104
229000	230000	-1.12252670591706	0.206353909938709	-1.18902284807753
230000	231000	-1.36551358414006	0.191076483113314	-0.682961482170659
231000	232000	-1.51012504314617	0.0543265957814605	-0.163123520981303
232000	233000	-2.27440969286739	0.854709250322649	-0.0558958584245899
233000	234000	-2.57762260769014	0.510739180102803	0.519195134804644
234000	235000	-3.01938784362706	1.00477367504215	0.701911435474054
235000	236000	-2.45495112076012	1.13284242340469	1.0664143099946
236000	237000	-2.35800605549244	1.69525352654816	0.899270710888061
237000	238000	-2.28426350547655	1.59571880095049	1.48532765084157
238000	239000	-1.80928658110231	1.87263194396116	1.53020125363654
239000	240000	-1.39887950193477	1.57176642368326	1.77066705822299
240000	241000	-1.21196552104171	1.78573897439362	1.26650787265681
241000	242000	-1.04625499489316	1.28442944924313	1.22166177976266
242000	243000	-0.824112334146299	0.815311813641637	1.115657730256
243000	244000	-1.37760769151235	0.694651306733873	0.960848660694456
244000	245000	-1.56694972424196	0.190532854182352	0.741753696681036
245000	246000	-2.23722803967125	0.116826644837925	0.0550658919737973
246000	247000	-2.64883483123138	0.177415432162026	-0.219245940562631
247000	248000	-2.59985339705116	-0.113617338155747	-0.581380251773444
248000	249000	-2.8737416987199	0.175488436397182	-0.81932224313717
249000	250000	-2.74347806527059	-0.153302267319438	-1.13894968334155
250000	251000	-2.48757621889761	0.0828558179099302	-1.43390343443659
251000	252000	-2.54831693112943	-0.279938720174498	-1.72843876576639
252000	253000	-2.19023195519176	-0.052047021353872	-2.13271434962176
253000	254000	-1.77532195955618	-0.236207704852112	-2.40000300741883
254000	255000	-1.98489503102905	-0.532019095930468	-2.87314907977135
255000	256000	-1.98820016606218	-1.17514709769871	-3.22007820812865
256000	257000	-1.44762434436221	-1.21071573348285	-2.82319704447529
257000	258000	-1.40279594428682	-1.69948523779173	-2.60049330210754
258000	259000	-1.31324488559911	-1.43866450693029	-2.18943271371463
259000	260000	-1.14435020201378	-1.49058308650149	-1.7411574426892
260000	261000	-1.12272637790178	-1.12523124702821	-1.38502364533406
261000	262000	-0.795956825745145	-0.914542766950486	-1.01274999465384
262000	263000	-1.007855779022	-0.449461551224153	-0.904347285373919
263000	264000	-0.692635577593675	-0.0348601901555469	-0.75408966185551
264000	265000	-0.880269209853338	0.322014706357791	-0.403463467884264
265000	266000	-1.31059328011074	0.692683857802211	-0.408862373581461
266000	267000	-1.82200605767457	0.733354412066714	-0.707185893827174
267000	268000	-1.45357923448036	1.12718317061666	-0.938199753029295
268000	269000	-0.975696540845805	1.34309580179594	-1.09095532985748
269000	270000	-0.443677581482317	1.15543451504403	-1.11698910280136
270000	271000	-0.477687084031685	0.789119961634721	-1.53969150029726
271000	272000	-0.358312776087602	0.287119020539886	-1.47299282592366
272000	273000	-0.161623220321249	-0.0960792417760782	-1.79903773540935
273000	274000	-0.355314259850026	-0.517670877761411	-1.54563249465801
274000	275000	-0.479405973080512	-0.956309957697706	-1.88399597213967
275000	276000	-1.01319563199547	-0.877772340941393	-1.88691881805713
276000	277000	-1.04523512336249	-0.264825635963856	-1.86120326299096
277000	278000	-1.42306159111869	-0.530519849042373	-1.41424065347544
278000	279000	-1.81550254750442	-0.152808478736319	-1.47219178421735
279000	280000	-2.13815070125263	-0.596085859538954	-1.2918590756979
280000	281000	-2.05116112819802	-0.573529608247174	-1.82981554798503
281000	282000	-1.71758562550839	-0.965953117932516	-1.82192031299779
282000	283000	-1.85413193740568	-1.16194983200318	-2.3078184043331
283000	284000	-1.4151133634445	-0.834547483866957	-2.35450442578726
284000	285000	-1.2706794182252	-0.510100597481843	-2.73137258950134
285000	286000	-0.810628170680489	-0.156157833557259	-2.56791181420601
286000	287000	-0.0393945822587223	0.205840278532343	-2.58940671981505
287000	288000	-0.4589564412814	0.472675500332745	-2.19480015042722
288000	289000	-0.0614142305403316	0.83361320234841	-2.0504288989044
289000	290000	0.379093082503874	0.869098784931439	-1.83856469487724
290000	291000	0.753560271653262	1.1671343345792	-1.74733522715156
291000	292000	0.847047930043717	1.32799993621256	-2.20221339005368
292000	293000	0.681054276031701	1.66540785280076	-1.89109063000118
293000	294000	0.362866746940755	1.66120403374996	-2.19866468111182
294000	295000	0.320893772579085	2.09760091601078	-2.05767363019455
295000	296000	-0.141315843067686	1.88147594467786	-2.02455533493616
296000	297000	-0.532937325014147	2.26769447517161	-1.84948563260142
297000	298000	-0.777220228868064	1.78923494516213	-1.91032973604447
298000	299000	-1.2135243100236	1.83034739983545	-1.69048787222321
299000	3e+05	-1.19059276571216	1.3443414321708	-1.73630799546279
3e+05	301000	-1.61047690802797	1.22332681773693	-1.58681199599492
301000	302000	-1.51714992905719	0.746100234521767	-1.56120828051883
302000	303000	-1.95806549551586	0.729053182767589	-1.87198132433493
303000	304000	-1.43735578691023	0.598728436337498	-2.11487872092554
304000	305000	-1.48716085228343	0.537514429748953	-2.65479020409074
305000	306000	-0.986404423648264	0.393628503733436	-2.76145282850771
306000	307000	-0.602094022429919	0.58271055782358	-3.11667740726211
307000	308000	-0.301456983242405	0.199954790815217	-3.4101408723481
308000	309000	-0.436895319961272	0.159487181376046	-3.88038289306793
309000	310000	-0.138357986157856	-0.28495314124776	-3.93293129000753
310000	311000	-0.606196734895535	-0.473328280883595	-4.01338069713493
311000	312000	-0.480537898080024	-0.718442842650032	-4.37967056867259
312000	313000	-0.718885610346156	-0.490792760334902	-4.90700777894875
313000	314000	-1.07998828337816	-0.559731783338447	-4.50706488649677
314000	315000	-0.943158039962196	-0.127267365726959	-4.49151489618317
315000	316000	-1.22899053334384	-0.12371368583226	-4.1649753057413
316000	317000	-1.16464199713008	0.351586669724262	-4.13876538659057
317000	318000	-1.52332226198033	0.341585607623524	-3.7613413282172
318000	319000	-1.17609917586882	0.949556275652056	-3.52984658201902
319000	320000	-1.11486602071444	0.297851378939189	-3.31295644191302
320000	321000	-0.782084414380423	-0.000384741653544494	-3.15048279262569
321000	322000	-0.92381602119023	-0.398013573901569	-3.37833418384022
322000	323000	-0.498354324998197	-0.743022312797407	-3.16009470156449
323000	324000	-0.826851217714925	-1.22267102263379	-2.97284118580826
324000	325000	-0.63695619151593	-1.40225902718438	-2.52334079023131
325000	326000	-0.719213868933967	-1.88521153216608	-2.43130532847726
326000	327000	-0.37620440626407	-1.82050803964915	-2.11253599081589
327000	328000	-0.11644437837881	-2.12128270413026	-1.88906823081779
328000	329000	0.0583122498429201	-1.8839394474067	-1.53462955491109
329000	330000	0.354604726316946	-2.1865301513364	-1.28035498155405
330000	331000	0.125436034992568	-1.90911671739523	-0.851695228533784
331000	332000	0.491705538364773	-1.57682820196299	-0.809834255623459
332000	333000	0.248370797487559	-1.35961318446403	-0.447861739804798
333000	334000	0.0750376631636001	-0.994880017616134	-0.725082871917066
334000	335000	0.166665493814349	-0.640193709401901	-0.272099763499901
335000	336000	0.208069931137792	-0.124452853539922	-0.0802573179612377
336000	337000	-0.12985272530764	0.314218247029614	-0.145410511047573
337000	338000	-0.109578190564055	0.895765594196539	0.0114842447290435
338000	339000	0.0405745434844983	1.35884061348394	-0.250268165870177
339000	340000	0.507045583853096	1.34625650694521	0.105720431245371
340000	341000	0.750435445183492	1.07795527810882	-0.37917621285473
341000	342000	1.00714810700659	0.658025112900383	-0.649780403778129
342000	343000	2.85940226297523	2.20498482152264	-2.35845594126908
343000	344000	1.1358383670772	0.526484588495057	-1.45285405406756
344000	345000	1.28525208368573	0.42978765440515	-1.91065299320378
345000	346000	1.36285554193053	0.322667318118387	-2.53614667752252
346000	347000	1.36753299327971	-0.135901055098871	-2.31089745534319
347000	348000	1.28663809138705	-0.530487205491191	-2.67609783311034
348000	349000	1.63170887307919	-0.705902664095811	-2.31052878749097
349000	350000	1.38573275225061	-1.1358512968598	-2.37412986935806
350000	351000	1.65473728282055	-1.22628489231469	-1.94486704526093
351000	352000	1.5790529265418	-1.72167470133599	-2.0005591140056
352000	353000	1.46926700274469	-1.59258666561617	-1.51076936042634
353000	354000	0.925660198376382	-1.66077409496574	-1.90327602831031
354000	355000	0.966713478156678	-1.17020581182702	-1.73941368787221
355000	356000	0.530503925264612	-1.02955800573853	-1.96895940376852
356000	357000	0.290310375603701	-0.806400414625217	-1.62828133539853
357000	358000	0.362000963386109	-0.32467090646106	-1.48655430545698
358000	359000	0.0969848669596401	-0.0498148711893163	-1.09035509698861
359000	360000	0.300952531230716	0.555108228993176	-1.11031216352296
360000	361000	-0.149397510375186	0.577121303078814	-0.742629617718016
361000	362000	0.271994678144187	0.815236343168635	-0.503189463252762
362000	363000	0.535535888077608	0.364066173769031	-0.387947164234619
363000	364000	0.625255991045545	-0.133803772062814	-0.632728280951671
364000	365000	1.04614693432528	-0.204169525171356	-0.225554396246816
365000	366000	1.33867182475231	-0.486775363069183	-0.576527791780298
366000	367000	1.63432351685369	-0.930788831965923	-0.574874235171108
367000	368000	1.85326798973668	-1.41968194514355	-0.754738931283626
368000	369000	2.03343354978688	-1.5359088550087	-1.24669155398312
369000	370000	2.25955853034043	-2.1011478507772	-1.21682716585997
370000	371000	1.81185325707407	-2.22295401996872	-1.61372107741007
371000	372000	2.17647902124683	-2.02735870982455	-1.86950916905166
372000	373000	2.33943855278931	-1.86925090749362	-2.42526302075966
373000	374000	2.29980441210404	-1.47968222227043	-1.82674351583298
374000	375000	2.6516335807048	-1.6640316067899	-1.36476887439965
375000	376000	2.50288869308278	-1.43610162508118	-0.801786732381937
376000	377000	2.46773361515889	-1.04755286986322	-0.421871955749209
377000	378000	2.05358481214374	-0.997303825477625	-0.0478050552385679
378000	379000	1.69974599605094	-0.540787108622422	0.107266402572874
379000	380000	1.21171147694241	-0.820894977280197	0.174748068169633
380000	381000	0.672097479180061	-1.06959697096694	0.281143315738819
381000	382000	0.669281918641203	-0.533990040371973	0.321408078937766
382000	383000	0.195604944503862	-0.516641874306353	0.526322101287207
383000	384000	0.340399290409773	-0.0695490793844448	0.753939031582686
384000	385000	0.755737944489948	0.253758225758688	0.65250344432614
385000	386000	0.284238136862524	0.552620027095786	0.50276966666879
386000	387000	0.829320378692211	0.696639433739528	0.171259580103592
387000	388000	1.27039587265094	0.920798874247077	-0.0426994802211969
388000	389000	1.58452055598668	0.934786510248211	-0.460818956228447
389000	390000	1.95656381046119	0.7150046844861	-0.127009353552624
390000	391000	2.30352559721686	0.406213066375454	-0.415817627886973
391000	392000	2.41476777755337	0.256273039984368	0.150368455698993
392000	393000	2.60786899894116	0.0909017970260119	0.618347152591576
393000	394000	3.12718035069954	-0.140929776254286	0.888442282057567
394000	395000	3.0560369144759	-0.218745253696575	0.335335229022545
395000	396000	3.29510963405026	-0.753619140895547	0.49219683590081
396000	397000	3.33302079282162	-0.649287824079995	-0.0602563767924823
397000	398000	3.38787687582576	-1.12053083325658	-0.162294575033502
398000	399000	3.31058392292118	-0.954935868509858	-0.582534852463733
399000	4e+05	3.40546481224547	-1.41157587110118	-0.662045781045953
4e+05	401000	3.3002218370924	-1.32364257361857	-1.18876551282753
401000	402000	3.54165631276727	-0.903103645076628	-1.25937875151241
