0	1000	-1.78437333343384	-1.1159527913007	-0.0814384201154897
1000	2000	-1.76693011698218	-1.49538331167606	-0.0755000646946136
2000	3000	-1.4356829068371	-1.39229456680262	0.104327522841607
3000	4000	-1.2238308815737	-1.54545462469031	-0.0878644368355892
4000	5000	-0.980718209934257	-1.47885508057438	0.153603844756058
5000	6000	-0.877078050432112	-1.73351269459865	0.0130214334550649
6000	7000	-0.593501229806416	-1.60985678772867	0.0838178114840035
7000	8000	-0.592627112292725	-1.77195897869667	-0.24275295379819
8000	9000	-0.265056231808788	-1.62599790037578	-0.198901400154775
9000	10000	-0.300736388824701	-1.7384194364155	-0.532450504168629
10000	11000	0.0283088057541541	-1.82696846931885	-0.557761193027747
11000	12000	0.0757031902997828	-1.6457924960969	-0.849579017386417
12000	13000	0.322575779817345	-1.88193166971808	-0.923439195644871
13000	14000	0.501182961192181	-1.5982911789135	-1.03116251973013
14000	15000	0.470618641622285	-1.77494815976025	-1.28186995023646
15000	16000	0.611723976442031	-1.49655217349951	-1.40733472503762
16000	17000	0.411647586374148	-1.68537009534499	-1.59432757384477
17000	18000	0.483039399322879	-1.44637276165974	-1.75079656622634
18000	19000	0.0474745526514741	-1.59083213498223	-1.97216002260899
19000	20000	0.412347899231656	-1.52748836578552	-2.05754384857715
20000	21000	0.49901064714079	-1.76861728796671	-1.98250652263373
21000	22000	0.596149137969726	-1.74949516597406	-2.19536522760516
22000	23000	0.435263137576073	-1.97604549352643	-2.20669214293423
23000	24000	0.647445441581537	-2.0171577445985	-2.37911271896454
24000	25000	0.636272526001497	-2.30921095215553	-2.47075381258438
25000	26000	0.857112833324426	-2.21553197516447	-2.23992325852926
26000	27000	0.638996798135644	-2.32377644188936	-2.12866645405661
27000	28000	0.856111983081332	-2.4477247204065	-2.01152289717035
28000	29000	0.598558478574303	-2.49190734896017	-1.88495738604236
29000	30000	0.800032266165874	-2.64547966264716	-1.76491731441008
30000	31000	0.599848144525977	-2.46599815801679	-1.56637314378284
31000	32000	0.863567980660991	-2.43328706035929	-1.51178712915409
32000	33000	0.813819876781491	-2.18007467198843	-1.44756256285529
33000	34000	1.072775948965	-2.18416757818251	-1.50631265176141
34000	35000	1.06506370612046	-1.9844842755773	-1.31900627406416
35000	36000	1.34544606789399	-2.02933772252656	-1.3596620878419
36000	37000	1.29789752934816	-1.78701674266358	-1.16244033518402
37000	38000	1.549201011913	-1.8228250320887	-1.30895910106261
38000	39000	1.54075887086558	-1.57519403219944	-1.17698146338842
39000	40000	1.71118943689977	-1.59495490160865	-1.38303871000413
40000	41000	1.4795503063104	-1.48812212826797	-1.45263828677737
41000	42000	1.65879836701505	-1.70816505658463	-1.65296646405068
42000	43000	1.26907147726597	-1.62588215306478	-1.61468962755893
43000	44000	1.33684652936587	-1.82014695215033	-1.8090621317227
44000	45000	1.00900481702361	-1.73798144907141	-1.780418038503
45000	46000	1.06591059849316	-1.93199002740677	-1.9974561385751
46000	47000	0.995629971738602	-1.66182601321177	-2.11823422251741
47000	48000	0.980916551345733	-1.783131917356	-2.44126451777058
48000	49000	0.888323309965714	-1.53377344962338	-2.45918362999522
49000	50000	0.857593286325312	-1.55554419228414	-3.00010444922391
50000	51000	0.787974296214601	-1.33237948576919	-2.63935088767072
51000	52000	0.99856423320719	-1.13800130289438	-2.7798347349088
52000	53000	0.838520256238492	-1.03416536132664	-2.51662465666892
53000	54000	1.09762122308898	-1.02323026141116	-2.41803625949526
54000	55000	0.918039478069736	-0.902873806315761	-2.22196387428755
55000	56000	1.16996327838733	-0.808664157989402	-2.16543011579325
56000	57000	1.05985034553761	-1.05978414405863	-1.99993513454169
57000	58000	1.20821157914938	-0.948194019093689	-1.90608092388583
58000	59000	1.20949435038158	-0.980552561229387	-1.65097598781746
59000	60000	1.46304690359153	-0.957068779668667	-1.81376806288109
60000	61000	1.46718838975846	-1.18714550927157	-1.81868301193994
61000	62000	1.61829647922588	-1.12658978029668	-2.01330639618361
62000	63000	1.4728180963009	-1.31125493254685	-2.04104063283959
63000	64000	1.54725699424106	-1.26812749533082	-2.25423246557642
64000	65000	1.39808923867125	-1.43777299700898	-2.23260231730521
65000	66000	1.60985708680711	-1.53448365294814	-2.31353816908104
66000	67000	1.40085990342295	-1.61961672328354	-2.4157489671784
67000	68000	1.58790782613552	-1.81029575074957	-2.46926681064996
68000	69000	1.35307848804087	-1.90160440192406	-2.37944012276239
69000	70000	1.46069203101057	-2.01271256437682	-2.23428770454067
70000	71000	1.44946809567921	-2.24260731282449	-2.38835925234925
71000	72000	1.55422986216165	-2.21487557989934	-2.12855453585858
72000	73000	1.38208192029052	-2.35231445058183	-2.09294375013078
73000	74000	1.64997024945488	-2.48074633075294	-2.01675881009228
74000	75000	1.42973134746489	-2.38022403853788	-1.84072446112765
75000	76000	1.54246139497726	-2.56764142996473	-1.70688964466141
76000	77000	1.61379532707152	-2.80361465305583	-1.46249248661588
77000	78000	1.38249484176246	-2.53087434763115	-1.3483709834051
78000	79000	1.20506660059361	-2.46711831833591	-1.15066979922516
79000	80000	1.21741923862881	-2.45928663211045	-0.902117172856863
80000	81000	0.977224178536625	-2.51460836370383	-0.809256175973997
81000	82000	0.933966547034179	-2.39679716664374	-0.604001637423574
82000	83000	0.922265709993357	-2.65729282312785	-0.347584216808293
83000	84000	0.719437202540161	-2.38646667877705	-0.225238340220887
84000	85000	0.615759242073733	-2.47268674675527	0.0569245108424838
85000	86000	0.424200336298653	-2.34185501837488	0.275726299922095
86000	87000	0.297528152791737	-2.40305058674342	0.497596366971538
87000	88000	0.199787221934864	-2.22785036632028	0.674798692550992
88000	89000	0.150609778947754	-2.38500182191981	0.928500931045768
89000	90000	-0.0530383998676777	-2.15266806619521	0.959651611747813
90000	91000	-0.172232809568433	-2.28971725350092	1.1462372468859
91000	92000	-0.423200116022038	-2.22770423153601	1.11634995775667
92000	93000	-0.414320217003277	-2.35603178178005	1.38311925774706
93000	94000	-0.405720925682582	-2.05906324990328	1.35746153810617
94000	95000	-0.229308336423927	-2.13595700301879	1.54210310650418
95000	96000	-0.362455823943906	-1.90171965344097	1.5761328927908
96000	97000	-0.182555586151625	-1.91330888514561	1.76075287290788
97000	98000	-0.389153076850727	-1.79087094142019	1.86092857231504
98000	99000	-0.119542341557079	-1.75364527700114	2.08729018645507
99000	1e+05	-0.378196160660063	-1.59955405707813	2.0883062731553
1e+05	101000	-0.365553140426121	-1.71679201276792	2.34507446947711
101000	102000	-0.599310463846535	-1.57289403787459	2.27399372477967
102000	103000	-0.662808333664095	-1.82095723043814	2.33290560611768
103000	104000	-0.923439623446623	-1.60718597178641	2.39089954787171
104000	105000	-0.951271295139325	-1.93128433762411	2.31283729695812
105000	106000	-1.05639456297649	-1.77312928906931	2.03772307782358
106000	107000	-1.20690319231635	-2.03538899923724	2.071855761709
107000	108000	-1.20710307629646	-2.01926614086424	1.7703560560004
108000	109000	-1.32077317454082	-2.23699182140472	1.86529738859526
109000	110000	-1.18799620482565	-2.33861608948882	1.71037272479538
110000	111000	-1.14449397970496	-2.4421596614288	1.94514998434276
111000	112000	-1.01152836435954	-2.53615263673659	1.78975259117149
112000	113000	-1.09578802195414	-2.71035875008078	1.94507756504201
113000	114000	-1.07154944551315	-2.75544188907567	1.72512266464897
114000	115000	-1.32807765522861	-2.8434780034507	1.77309402889898
115000	116000	-1.18804621757054	-2.76473509298589	1.54672544826512
116000	117000	-1.33160847191785	-2.65303010356595	1.50884567899059
117000	118000	-1.41302410822257	-2.85692385072565	1.35015517427801
118000	119000	-1.33491598640518	-2.5835432839872	1.28239110103312
119000	120000	-1.23106544483253	-2.69342696332313	1.09859278190863
120000	121000	-1.43312793805489	-2.46324798277421	1.02460818122472
121000	122000	-1.0499683877639	-2.4538823645597	1.0243639954117
122000	123000	-1.13307799916203	-2.23857147517844	1.1815182615831
123000	124000	-0.993608404860527	-1.9888433237466	1.25833007534508
124000	125000	-0.834087028103016	-2.26187936543586	1.43149276003046
125000	126000	-0.745665725404652	-2.05598965953821	1.6893046609527
126000	127000	-0.615091564767627	-2.37252567732914	1.77989802905916
127000	128000	-0.58517658556765	-2.16932081317482	1.98256087946757
128000	129000	-0.472004902282492	-2.37656342972785	2.11920187672218
129000	130000	-0.270510238103373	-2.20334088207353	2.07523706915902
130000	131000	-0.191402357146742	-2.42421365416373	2.04765371321147
131000	132000	0.00126170512716177	-2.3144474471495	1.92712438397507
132000	133000	-0.150117917207445	-2.50051038416194	1.78239590334097
133000	134000	0.165875462298585	-2.56596905279628	1.72180910738448
134000	135000	-0.124475614119665	-2.77802552742896	1.60911067825397
135000	136000	-0.0589951091375017	-2.67728462726049	1.35057273163916
136000	137000	-0.295130966619626	-2.77714557574187	1.21214505173278
137000	138000	-0.298485711655712	-2.86319826278565	0.896301829842994
138000	139000	-0.504707675995784	-2.67582468831631	0.696171482013904
139000	140000	-0.502615506478549	-2.40423776893769	0.499962087249486
140000	141000	-0.688982742416547	-2.57883599691017	0.300580315010979
141000	142000	-0.79379093745226	-2.28328776110612	0.24784112394782
142000	143000	-1.12136125823738	-2.52071689226288	0.145995360509021
143000	144000	-1.14173376830424	-2.17825533981626	0.274078087966991
144000	145000	-1.25275936566073	-2.14839815752312	0.516739596258173
145000	146000	-1.52708634176795	-2.07178285608633	0.46608939697456
146000	147000	-1.90813149912084	-2.08376652551309	0.624669081169502
147000	148000	-1.55417074836493	-1.89114039204049	0.77514854733368
148000	149000	-1.37980950270234	-1.71159745622403	0.691560358481108
149000	150000	-1.38843257574415	-1.57792793072405	0.952804558245013
150000	151000	-1.05823488764633	-1.56665842010216	0.836550781390942
151000	152000	-1.07090456143005	-1.42835264524243	1.14000898346103
152000	153000	-0.717575870581205	-1.47710733882513	1.04184976942474
153000	154000	-0.730758632102925	-1.2472126663715	1.31360300530234
154000	155000	-0.343868987293924	-1.18127358772204	1.23394456671958
155000	156000	-0.469514025788989	-1.2217238030413	1.56498111073693
156000	157000	-0.182555664352981	-1.22151223958512	1.61972444497555
157000	158000	-0.333687361419174	-1.06181005705805	1.87108790841568
158000	159000	-0.0296931394298009	-1.02695274142745	1.84835022667803
159000	160000	-0.14155839778744	-0.812867871547976	1.91786717716594
160000	161000	0.0614146380087506	-0.73763912555198	1.91882163897616
161000	162000	-0.00660739755150712	-0.587699742539538	2.09627635982866
162000	163000	0.154411091676106	-0.502346663073108	1.94862025003247
163000	164000	0.125630525347857	-0.340268981868052	2.0641437870897
164000	165000	0.253450581649962	-0.274085486868122	1.93624718485314
165000	166000	0.325507980662424	-0.187774573417536	2.11632561641652
166000	167000	0.293762270658446	-0.0267477778404859	1.93031209402733
167000	168000	0.51218657863194	-0.0236682020780794	1.95391058008054
168000	169000	0.574009777693507	0.248625923751275	1.94906709935307
169000	170000	0.896924534406012	0.293942436630433	1.93232512373961
170000	171000	0.992586333939793	0.582358572600827	1.87869413516396
171000	172000	1.30160557805692	0.591003437390545	1.81382397755059
172000	173000	1.35614649712686	0.901215034947942	1.75263222221039
173000	174000	1.62359765473653	0.778715338344037	1.68383950281097
174000	175000	1.76383906857188	0.996504052522716	1.53763419681291
175000	176000	1.95503260961073	0.751777083748829	1.66180840752064
176000	177000	2.15092689967418	0.931265063447576	1.52467843829581
177000	178000	2.23539598593803	0.858317135075783	1.81744325993493
178000	179000	2.43147245377684	0.916826051578702	1.67959822611399
179000	180000	2.51877995070845	0.676107075896391	1.85309794978426
180000	181000	2.70961000196274	0.784941373907392	1.69425721814312
181000	182000	2.66743286701776	0.925399245214542	1.90663812039055
182000	183000	2.75855392536959	1.04361710274074	1.74298419250521
183000	184000	2.95917922741937	0.955361890141281	1.91530130394436
184000	185000	2.98794420595	1.20080656261099	1.83054260165474
185000	186000	2.83350070913272	1.38349493503817	1.79786601703063
186000	187000	2.76344314375046	1.30969946432173	2.02518619084314
187000	188000	2.87673134628854	1.5444779895225	2.07025509094245
188000	189000	3.05914948252743	1.42911796369761	2.41183624367929
189000	190000	2.60863999043576	1.44218546858438	2.30596306320787
190000	191000	2.62528502477782	1.21711922590538	2.44297386180616
191000	192000	2.5359286225272	1.42541985999955	2.66360036220981
192000	193000	2.35033517231241	1.21236456655024	2.47517836209737
193000	194000	2.28418892046291	1.28150833000443	2.65646154967588
194000	195000	2.35848242553698	1.05539187585931	2.75921410818996
195000	196000	2.13321843569796	1.12769126427639	2.73392609209658
196000	197000	2.14445262272983	0.93674073931083	2.66181933221242
197000	198000	1.98172961753288	0.957815034397576	2.89183622741642
198000	199000	1.90950637567639	0.795135585320652	2.66352646860782
199000	2e+05	1.84388550017143	1.03696454850536	2.56949002923702
2e+05	201000	1.82761412303135	0.873660641354246	2.37136125627038
201000	202000	1.81406170184313	1.20123968713953	2.34317023635096
202000	203000	1.95831855734009	1.08672239142791	2.12087749462065
203000	204000	2.17073964188902	1.28655997064918	2.07066496407669
204000	205000	1.97901936400723	1.36859700816948	1.83370490240743
205000	206000	2.30408503650077	1.43464203562986	1.75973006890168
206000	207000	2.12527315396797	1.66946497741007	1.66708948983254
207000	208000	2.486067937667	1.86501148757977	1.76263473357723
208000	209000	2.27837868952175	1.77727194122828	1.94562718924727
209000	210000	2.45292801748226	1.91136194503039	2.15902843476801
210000	211000	2.27336799338153	1.74973987319861	2.22730018662478
211000	212000	2.19698259359489	1.96822366152426	2.27616532100034
212000	213000	2.07660670542909	1.79913273855783	2.34288682448487
213000	214000	1.9536629653618	1.89969234954147	2.17678397441096
214000	215000	1.82486499105274	1.85111763766784	2.37852708180608
215000	216000	1.72601251012405	1.68026331201864	2.22980251990898
216000	217000	1.50479374153736	1.796790914904	2.32851792474327
217000	218000	1.43435722664245	1.60733368986807	2.09251150637343
218000	219000	1.43724605706163	1.91045130328015	2.00032272999126
219000	220000	1.23207562118475	1.70252594533423	1.85459469888133
220000	221000	1.22899553883925	2.06385709834614	1.74455161414914
221000	222000	0.918211276953825	1.88718890704378	1.66803433358449
222000	223000	1.10461809086382	1.98853609235266	1.38463786469531
223000	224000	1.01706852486842	1.60666449351457	1.34842077392298
224000	225000	1.17652237272313	1.73025556807448	1.08629313655217
225000	226000	1.29205246315317	1.42634772227586	1.08123897458432
226000	227000	1.40307807385853	1.58558652848454	0.795729425767422
227000	228000	1.6057475938102	1.70408108391384	1.06979535046946
228000	229000	1.55519400470816	2.0624060603214	1.11070807198816
229000	230000	1.8574406715691	2.02329688586331	0.966396408585045
230000	231000	1.90504317900758	2.27404511658616	1.19393283122368
231000	232000	2.19431421118863	2.35021319850026	0.910496472464832
232000	233000	2.37962522774684	2.25317010988512	1.23256295647806
233000	234000	2.44973576071647	1.91072976333049	1.08725880100022
234000	235000	2.91258541092274	1.93857468127419	1.20970005246014
235000	236000	2.64423643822847	1.60725426064043	1.11199062728822
236000	237000	2.57338616723709	1.40351393245448	1.26650250077784
237000	238000	2.58003909953506	1.23002463021614	1.01984910011581
238000	239000	2.29834478000895	1.35102453722164	1.06864148213251
239000	240000	2.25841406937907	1.21885249353525	0.85338983920806
240000	241000	2.30245440795097	1.42842333449882	0.676336460697151
241000	242000	2.06125983429279	1.35673008326518	0.570153851277162
242000	243000	2.06797705213929	1.44358717444319	0.297327240778917
243000	244000	1.85358173587435	1.48460280480549	0.106738026378604
244000	245000	1.8841902637391	1.61493576540644	-0.164108012526357
245000	246000	1.6096623152113	1.64321029952061	-0.198955513185258
246000	247000	1.61947729350986	1.81429946543366	-0.366779475859325
247000	248000	1.39251635129127	1.78757217329922	-0.422131925614912
248000	249000	1.42940497800107	1.95261768736559	-0.616161169931072
249000	250000	1.1957766682061	2.01083302983566	-0.53491615841345
250000	251000	1.2122318004177	2.18944876650134	-0.71963472117299
251000	252000	1.06232016051676	2.30424551192968	-0.51645434987598
252000	253000	1.13513555990183	2.52504736234772	-0.713343728935318
253000	254000	0.999437012369766	2.6565790217551	-0.438495362764311
254000	255000	1.19661920810909	2.93497343790855	-0.566184764571942
255000	256000	1.21607373329206	3.40696550718609	-0.524634665406015
256000	257000	1.01346459319793	3.13085864835227	-0.245818882928505
257000	258000	0.83513682337651	3.19942579565443	0.0134416776494813
258000	259000	1.05764069699476	2.92206944249887	0.0924784576839601
259000	260000	0.840991396661921	2.9546723233737	0.346539261438591
260000	261000	1.14906621753988	2.95979651975574	0.43978145952692
261000	262000	0.903467559344518	2.98457221656572	0.750439478090406
262000	263000	1.24923695348366	2.97722187587951	0.762449042502928
263000	264000	1.15818655128626	2.72622197720472	0.971606092319572
264000	265000	1.5023200278863	2.73745953854608	0.83596133558805
265000	266000	1.40697641726955	2.49644546413019	0.662594648536095
266000	267000	1.44352151489377	2.31067211323998	0.372915254473197
267000	268000	1.11738764622798	2.2551373656064	0.590219485448524
268000	269000	0.976179590604728	1.96884376902119	0.513101210791501
269000	270000	0.809472123375323	2.15713224913623	0.839001541155481
270000	271000	0.647005177699896	1.84222153221037	0.727214059806646
271000	272000	0.431046215026975	2.08670472185492	0.934937981798426
272000	273000	0.294089428175946	1.97985166054056	0.619490183029222
273000	274000	0.274315339843443	2.31214239224483	0.603149959937931
274000	275000	0.0300180999945056	2.18744320556849	0.423767278206752
275000	276000	-0.0318425665788403	2.48519040282964	0.367201629848182
276000	277000	-0.485260024090597	2.57537436978544	0.445758417498355
277000	278000	-0.237300019157884	2.54942903467722	0.0928401078087536
278000	279000	-0.391860559390081	2.41293445670934	-0.0840720029425816
279000	280000	-0.392541753966188	2.33055362223188	-0.348457617188386
280000	281000	-0.374975203370541	2.61291882718055	-0.327778562459737
281000	282000	-0.171334253636079	2.58486063070129	-0.485563153723939
282000	283000	-0.158587926862852	2.83677983576811	-0.31728475000837
283000	284000	0.0606960711180697	2.78669864823864	-0.5366777393325
284000	285000	0.137008946956473	2.98997197036612	-0.298774487743019
285000	286000	0.442589161316347	2.98469441559323	-0.407369235623629
286000	287000	0.293942122553021	3.11127823384668	0.0427099189155108
287000	288000	0.477603267756806	2.62869337876662	-0.280708488846703
288000	289000	0.3542802166414	2.42382854202407	-0.0604784420412455
289000	290000	0.482133395823145	2.25060041571743	-0.279256254879228
290000	291000	0.23980787716034	2.15339938209287	-0.344180110459583
291000	292000	0.370343713484894	2.01418584098781	-0.537049110665851
292000	293000	0.208594892877324	2.17825423868294	-0.635769936879674
293000	294000	0.370459417414828	2.18185030505824	-0.760329179860891
294000	295000	0.211480875216229	2.16669410701115	-0.912109613834132
295000	296000	0.402356665416185	2.22365370034692	-0.98224313750112
296000	297000	0.353966344930297	2.31169537604359	-1.21050094733048
297000	298000	0.523921622668512	2.44258622526624	-1.03710717834685
298000	299000	0.307930734921625	2.57012584238528	-1.00933951464479
299000	3e+05	0.495384253579603	2.62493183092284	-0.815578353711646
3e+05	301000	0.437326651659698	2.79127635844895	-0.97058450850333
301000	302000	0.671710909144818	2.8336474281425	-0.92530247337463
302000	303000	0.610877261505554	2.95062503447447	-1.19072103377259
303000	304000	0.534960672273222	3.10598348778513	-0.913183845124242
304000	305000	0.305245733135776	3.15605474885045	-1.1389100452749
305000	306000	0.238450272860636	3.14404446213601	-0.819961012636692
306000	307000	0.0316413573112599	3.32278694133681	-0.952800968398692
307000	308000	0.0364554833932685	3.29370283994456	-0.609637731147801
308000	309000	-0.214230222386705	3.37807227281664	-0.689680384246834
309000	310000	-0.330149685397618	3.28334092947155	-0.406359416524878
310000	311000	-0.454912109668069	3.19461142265625	-0.624023381888315
311000	312000	-0.627377726336042	3.04017652859213	-0.536103154018875
312000	313000	-0.733430009868276	3.14066711788407	-0.811267808450013
313000	314000	-0.608611350261348	2.88005427757901	-0.776320067571347
314000	315000	-0.426313649041979	2.97028465942888	-0.869974276766705
315000	316000	-0.384865890256895	2.76026348278655	-0.90384201974601
316000	317000	-0.234004044789208	2.86305546379218	-1.06387877822696
317000	318000	-0.436473446979103	2.80839871374889	-1.23205449759661
318000	319000	-0.319372497030446	2.81712540816084	-1.59512634882106
319000	320000	-0.29825026274315	2.51224149086026	-1.29782616685482
320000	321000	-0.438961777175945	2.3181806960798	-1.2647678200316
321000	322000	-0.581802692622078	2.1340847639117	-1.37451302439721
322000	323000	-0.717030862196077	1.91355441430623	-1.53885977158028
323000	324000	-0.907284171500034	1.7092474949599	-1.48628441294056
324000	325000	-0.93991215910271	1.48713810685362	-1.58121373266313
325000	326000	-1.1477030615974	1.46692845488369	-1.57276850021984
326000	327000	-1.12041186210604	1.2706246926464	-1.57374128066089
327000	328000	-1.31800734571707	1.2422994225799	-1.58667135346182
328000	329000	-1.40695417161379	1.03930631832405	-1.56225710630497
329000	330000	-1.65460996839079	0.984583910393577	-1.55945419783461
330000	331000	-1.78660400465997	0.748372859083374	-1.50293898364044
331000	332000	-2.02985722195019	0.752245488621235	-1.38175641946103
332000	333000	-2.22296523193532	0.582685411339537	-1.2886368634089
333000	334000	-2.42711051511691	0.788303691220846	-1.2556424959088
334000	335000	-2.5654688587436	0.599497305205089	-1.08834689933137
335000	336000	-2.85649705312742	0.687979152632144	-1.1060465224591
336000	337000	-2.89434125284893	0.442632993790187	-0.953205456640943
337000	338000	-3.15277673200799	0.406783526566339	-1.073124059771
338000	339000	-3.18839522481708	0.286440946466131	-0.846661112346777
339000	340000	-3.49479251138304	0.278061962253699	-0.906180128311294
340000	341000	-3.27721600245207	0.0325410319007094	-0.885641999171505
341000	342000	-3.4905328748748	-0.0606267881902528	-0.938141293096528
342000	343000	-4.87964900171163	-0.364067143505895	-1.02785248703992
343000	344000	-3.28705812288626	-0.236207556981996	-1.02925331172407
344000	345000	-3.33555006201814	-0.476838458640337	-0.967721154176359
345000	346000	-3.47273448711929	-0.553410773456495	-1.24084666605902
346000	347000	-3.27043189081793	-0.324079426385788	-1.31217893422411
347000	348000	-3.33561202103285	-0.35987815619142	-1.57250769349003
348000	349000	-3.37386515984958	-0.0727642160791894	-1.4993674511788
349000	350000	-3.17322078346759	-0.0864844807447752	-1.67951456838408
350000	351000	-3.12945964186735	0.105922588488403	-1.52313220162906
351000	352000	-3.23028979899692	0.17733665254715	-1.74606440136473
352000	353000	-3.27468078564128	0.331677306970613	-1.51979405548908
353000	354000	-3.23419497915506	0.463664740469563	-1.76020268125323
354000	355000	-3.10150197037904	0.577956181947793	-1.54151673060901
355000	356000	-2.9282344918528	0.403245722919702	-1.6491626113715
356000	357000	-2.79677657003442	0.588597685310698	-1.58657889816872
357000	358000	-2.78620292806041	0.57357088950262	-1.86001501715682
358000	359000	-2.57426157168466	0.680078111561171	-1.74942743547092
359000	360000	-2.54142562895066	0.691577920058191	-2.07230357370751
360000	361000	-2.29949638954545	0.612447031575378	-1.87684112686951
361000	362000	-2.39509474054852	0.359754987914406	-1.91396885530691
362000	363000	-2.33746766472273	0.361430037380011	-1.63497632728906
363000	364000	-2.57358873216008	0.188988192182464	-1.6824969155368
364000	365000	-2.62442088499942	0.191259413237156	-1.35952286004317
365000	366000	-2.79599928564742	-0.0568294825370703	-1.33861562931378
366000	367000	-2.75815620982447	-0.0182280865407745	-1.05819759163695
367000	368000	-2.82856341426577	-0.274326548676979	-0.957483656783362
368000	369000	-2.8558940663274	-0.155441948903271	-0.698936729154523
369000	370000	-2.97371879377673	-0.408106998462623	-0.497985829045303
370000	371000	-2.9884961224373	-0.13721043560625	-0.365398570340564
371000	372000	-2.78134643301269	-0.245321931509147	-0.283277675280977
372000	373000	-2.98988125895973	-0.00811041425248988	0.0208667260474187
373000	374000	-2.65437027203976	-0.0410047245457222	-0.168157891685142
374000	375000	-2.61345973016235	0.226552451988909	-0.215959968424407
375000	376000	-2.47153269254203	0.025052969659753	-0.398463540307543
376000	377000	-2.40024159081015	0.253489031877306	-0.498796814084277
377000	378000	-2.27888904936826	0.00686424721146092	-0.591642978239505
378000	379000	-2.07751890755619	0.211981162358427	-0.682923860388979
379000	380000	-2.21406419004174	-0.0396242822365473	-0.857140893032905
380000	381000	-2.06949051904862	0.101624030761394	-1.0333810092218
381000	382000	-2.14669843358106	-0.17285405174352	-1.12119845737694
382000	383000	-2.21123318405832	-0.00719669879791896	-1.31069113088478
383000	384000	-2.23066093548773	-0.222478897222827	-1.42787360936858
384000	385000	-2.18122107582727	-0.126767743176497	-1.65757751757499
385000	386000	-2.25234313205878	-0.357156327202928	-1.82799558923887
386000	387000	-2.46607548168225	-0.193413285624124	-1.76634492583593
387000	388000	-2.52658593768627	-0.307167980840164	-1.58766159246835
388000	389000	-2.70876027176136	-0.337988057562562	-1.73900155440384
389000	390000	-2.61988014272913	-0.560695008420685	-1.66363967847888
390000	391000	-2.83204907741338	-0.544387527711588	-1.54069013563508
391000	392000	-2.63222681985064	-0.550813680502041	-1.34581471913581
392000	393000	-2.82130136353572	-0.679789596193197	-1.26623811724083
393000	394000	-2.69145960324141	-0.959986806735467	-1.29832639915578
394000	395000	-2.71453481083497	-0.755382647036873	-1.01472379100759
395000	396000	-2.49851204818529	-0.980469978929526	-0.960825399517004
396000	397000	-2.66691768383261	-0.83193137754589	-0.732574262258826
397000	398000	-2.42727567078558	-0.771721534783304	-0.648539293109347
398000	399000	-2.54312672327406	-0.879112122816832	-0.425357976853808
399000	4e+05	-2.22726756334818	-0.88892968900064	-0.384951140050093
4e+05	401000	-2.34064831418218	-1.07641880587152	-0.175475613360424
401000	402000	-2.08062741428528	-1.13029407538662	0.0105968046427978
