0	1000	-2.98730025784123	1.65712982920146	-1.8926587542523
1000	2000	-3.23553890926156	1.5179209530193	-2.37665758917611
2000	3000	-2.62904662832549	1.55780455850046	-2.27545925640788
3000	4000	-2.25000737301595	1.22275778668488	-2.04826819127486
4000	5000	-2.08139183682551	1.01110489808005	-2.58637415644762
5000	6000	-1.66389705747386	0.538816821257952	-2.51868545281346
6000	7000	-1.28425675708864	-0.00720848616567869	-2.63506871833188
7000	8000	-0.845882757099179	-0.323486497914226	-3.04059721092215
8000	9000	-0.881288473064179	-0.946399765515155	-2.70112044440814
9000	10000	-0.377881717429255	-1.23755924071686	-2.95584035875147
10000	11000	-0.504420580125804	-1.92432372012197	-2.77126147383534
11000	12000	-0.3823085562865	-2.18611731439139	-2.11760269743328
12000	13000	-0.255387722177684	-2.77805810230779	-2.33082783723409
13000	14000	0.146392136264323	-2.73488613592746	-1.84428712222101
14000	15000	0.341295288910243	-3.003115959927	-2.34230213072236
15000	16000	0.755799982948724	-2.64031733100381	-2.07811925562527
16000	17000	0.359426245003294	-2.23251100867751	-2.33019676695351
17000	18000	0.441012259100739	-1.83280794679597	-1.84827806536545
18000	19000	-0.0993699026650034	-1.58050575823206	-2.31669627292001
19000	20000	-0.0167157557239341	-1.01570461436983	-2.04086247136643
20000	21000	-0.202766949602274	-0.582037668349224	-2.56851059576956
21000	22000	-0.101735105366602	-0.00413037849678416	-2.36899095649334
22000	23000	-0.488708672980635	0.527881736812297	-2.61720808601756
23000	24000	-0.0134989818158547	0.953763926988102	-2.36845111282241
24000	25000	-0.132368766167354	0.596682798535756	-1.71531061383592
25000	26000	0.567399696066876	0.555070704866675	-1.85064199838058
26000	27000	0.680641875171594	-0.0428523972741584	-1.49947938741815
27000	28000	1.48029543916242	0.0400208993496893	-1.70582970904151
28000	29000	1.28485407404472	-0.571826515127519	-1.82348467647509
29000	30000	2.0210438735471	-0.674050712608768	-1.77978516254168
30000	31000	1.70406193445668	-1.13024043275625	-1.24595881105798
31000	32000	2.44329715662733	-1.41711100234807	-1.24263473340607
32000	33000	2.11310097403094	-1.75681714476995	-0.799033455833867
33000	34000	2.74478035319817	-1.78538268111743	-0.562692387110059
34000	35000	2.29331706391067	-2.13985136400874	-0.292936506894806
35000	36000	2.74088246137304	-2.47713504688712	-0.399056728693811
36000	37000	2.27596573337714	-2.69406316668255	-0.684558408094356
37000	38000	2.52916735403267	-2.29649014080253	-0.965789029321172
38000	39000	2.32901936685887	-2.61127943696092	-1.34907487307772
39000	40000	2.41854142070892	-2.09177652392246	-1.51396440705175
40000	41000	1.84060823025824	-2.21822150016381	-1.37965457844086
41000	42000	1.89714986164645	-1.6888216983896	-1.69346239213067
42000	43000	1.27364965541817	-1.76703018014358	-1.77667811952421
43000	44000	1.19796808914949	-1.48694642911992	-2.3424800046182
44000	45000	0.77560778567904	-1.0873209224807	-2.1686034354188
45000	46000	0.964733257758296	-0.737258025692886	-2.62462121926599
46000	47000	0.498462691734782	-0.748477008508727	-2.96270019456936
47000	48000	0.283277118815369	-0.32426599167946	-3.32213702066816
48000	49000	0.398579213045013	0.132130205339338	-2.96302841400355
49000	50000	0.462140664168952	0.778298151486169	-3.27995656961777
50000	51000	0.939738622913772	0.509335104269851	-2.89578398844496
51000	52000	0.926380335292777	-0.0476019783010863	-2.77581464026041
52000	53000	1.3185023770824	0.043602723472208	-3.23370668276368
53000	54000	0.981789889388282	-0.35969535156676	-3.30701238137125
54000	55000	1.39676353298088	-0.697191096359796	-3.2996266549143
55000	56000	0.906426128406046	-0.991584489596287	-3.48164700752913
56000	57000	1.03545269701312	-1.34143895510312	-3.00498388272452
57000	58000	0.546007325732476	-1.60112720860809	-2.77701407524293
58000	59000	0.36700138716474	-1.82161625796966	-3.33863180183724
59000	60000	0.271095967412988	-2.34182210733918	-2.94729350173427
60000	61000	0.787586117238711	-2.40726455376802	-3.14938150770583
61000	62000	0.699352841039549	-2.77999499972924	-2.81994316007546
62000	63000	1.15565817592817	-2.69346922175411	-2.79262980397949
63000	64000	0.971479002525266	-2.29910974450224	-2.61609923765021
64000	65000	1.44109416518545	-2.17483360880646	-2.78128891465501
65000	66000	1.42658442116675	-2.33488527765459	-2.1882956163282
66000	67000	1.95431577169203	-2.28016956513288	-2.28911640964858
67000	68000	2.32675006570985	-1.8196755201539	-2.23653725219016
68000	69000	1.86302133490286	-1.69830647651338	-2.52480068879082
69000	70000	1.86525181779823	-1.20890591806367	-2.37063487426183
70000	71000	1.89529448656701	-1.0940709837194	-2.92850301779565
71000	72000	1.80994964548576	-0.572523058530046	-2.70869000692958
72000	73000	1.48444583744725	-0.246320452975288	-2.61185653165126
73000	74000	1.76494079142891	0.303065881305313	-2.67093261591639
74000	75000	1.24781975449683	0.314730686060071	-2.33458740313412
75000	76000	1.28623572931558	0.925674795013475	-2.1119161133562
76000	77000	1.13699890928797	1.59052294060598	-2.4856519473355
77000	78000	0.985451707055153	1.51847193859855	-1.72162435230268
78000	79000	0.495496094416083	1.61029603250589	-2.03571152244381
79000	80000	0.477267945138809	2.2086163670044	-1.84539912692952
80000	81000	-0.056651098525382	2.22198682530825	-2.08694481200262
81000	82000	-0.363070983701922	2.52210139494906	-1.58829354917444
82000	83000	-0.819403602950265	3.14240282607025	-1.9010808687321
83000	84000	-1.40748507964054	3.02138722363683	-1.37494744117524
84000	85000	-0.916842170465183	2.94894357952348	-0.962757087825701
85000	86000	-1.09137839354288	3.40448022148846	-0.447086919810586
86000	87000	-0.659077883641224	3.0873635408537	-0.0267782637616972
87000	88000	-1.10175589767279	2.5636717955678	-0.0864215582738494
88000	89000	-0.927513086280426	1.90331428442027	0.2975225061553
89000	90000	-1.55258016644845	1.56940924915798	0.458131963854125
90000	91000	-2.13364662491352	1.21875360755623	0.259749090809431
91000	92000	-2.77637864736917	0.917667046440345	0.572688452961692
92000	93000	-2.38414993725599	0.382101863730861	0.134553209875684
93000	94000	-2.56687741279418	-0.259319095038924	-0.179116925695703
94000	95000	-2.44911360204276	0.22027325258787	-0.719410010169969
95000	96000	-1.84508359942793	0.0992044459843763	-1.12635493581735
96000	97000	-1.87499729247182	0.724374205310966	-1.42466198511923
97000	98000	-1.3773129142598	0.985487044748093	-1.80585982639269
98000	99000	-1.40910593116443	1.62625198391665	-2.2445030096474
99000	1e+05	-0.704798326105668	1.68891384179704	-2.09792852555677
1e+05	101000	-0.214929075959882	1.59309261755852	-1.63737883840603
101000	102000	0.305512812364736	1.67635744229336	-1.22562235673166
102000	103000	0.425093851858185	2.31377156989877	-1.07078347455988
103000	104000	0.868086943597413	2.28165928833452	-0.523113331456675
104000	105000	0.52489964113302	1.61147795758214	-0.235157871476509
105000	106000	0.698977785752811	0.959546599706474	0.110918323915085
106000	107000	0.654486494189212	1.28826610229213	0.812022305387628
107000	108000	0.490091085042562	1.13723858139055	1.52093094150012
108000	109000	0.787539937084322	1.71694447389773	1.78407618732209
109000	110000	0.281877739169995	1.78737194586626	2.23412181609088
110000	111000	0.26513364921735	2.35046583792561	1.8757102075366
111000	112000	-0.365242800973867	2.37318189123085	1.48963158682727
112000	113000	-0.0703556120642912	2.9989218651121	1.33056126328577
113000	114000	-0.585828726199394	3.25862154217699	1.05671312425567
114000	115000	-0.223742540787999	3.80974272486638	1.2709947610934
115000	116000	-0.8309577735707	3.73860299261742	1.29954380695253
116000	117000	-0.868618762379849	3.64643557124717	1.79331187237671
117000	118000	-1.28026952977546	3.41472846447958	1.52460356651319
118000	119000	-1.39525719587366	3.69433153535426	1.89798308049038
119000	120000	-1.60924801453624	3.35076528788864	2.09650155367668
120000	121000	-1.98633527837138	3.66679483081583	1.77933974736949
121000	122000	-1.89396023048611	3.04527091935074	1.7077728074952
122000	123000	-1.82235995292467	3.32708723283159	1.18311413126146
123000	124000	-1.53125825231208	2.73081910542192	1.11564775659184
124000	125000	-1.19968130087402	3.25945949829478	0.652089934650044
125000	126000	-0.789602917690112	2.54171395055013	0.782130718317884
126000	127000	-0.194745159562281	2.7657977976265	0.623191676364161
127000	128000	0.24695562548988	2.3940044152006	0.981087743593372
128000	129000	0.877271431244546	2.284790737049	0.869155386123465
129000	130000	1.04593569600165	2.51704075262163	1.49538032111812
130000	131000	1.46484326324209	2.63736083042096	1.05815510501864
131000	132000	1.15105930813248	3.11928073305124	1.26118650092177
132000	133000	0.815264103005174	2.98476928344477	0.78592911219507
133000	134000	0.547942894133044	3.53346225612138	0.746780410988965
134000	135000	0.136657020646985	3.38232479598094	0.222939931210812
135000	136000	0.283374289788301	2.74611331409618	0.0735599860057612
136000	137000	-0.0887996945465913	2.82946748851867	-0.563537609304159
137000	138000	-0.245817401302119	2.14741556642105	-0.360957349449629
138000	139000	-0.570550100762728	2.10627936564891	-0.982058387131956
139000	140000	-1.10803482389956	1.83932940318292	-1.3016140832527
140000	141000	-1.48847067840413	2.34318800928552	-1.64123161206861
141000	142000	-1.92685327817248	2.29574252762576	-1.12014804215255
142000	143000	-2.06909930903817	2.57604778921941	-0.559804152933073
143000	144000	-2.88929621595607	2.56981402796593	-0.4237923892878
144000	145000	-2.64115019474164	2.74697235014454	0.134006905780955
145000	146000	-2.65596166661076	2.65503906827072	0.749250931857905
146000	147000	-2.78870046668036	2.87926137954402	1.42056760811187
147000	148000	-2.20388296665197	2.31466794508554	1.36031263407937
148000	149000	-1.75653631026142	1.89927479761978	1.50463718993995
149000	150000	-2.12578034409348	1.68028765959766	1.93493621913446
150000	151000	-1.56541170061891	1.58270820520978	2.08185737578426
151000	152000	-1.71964313328483	2.14020093079696	2.26729752185678
152000	153000	-1.16766553521717	2.13088783647767	2.10563483593578
153000	154000	-1.12028800090437	2.53020352339525	2.50347774351457
154000	155000	-1.14178847381301	2.69782988461998	1.90046428859379
155000	156000	-0.937476913126178	3.15904835581918	2.22725053704311
156000	157000	-0.667082792467495	3.07846213674396	1.72620605210911
157000	158000	-0.321417964662365	3.50643887640036	2.08408931277327
158000	159000	-0.0279335950273977	3.00997445396511	1.94810095276037
159000	160000	-0.358048884604531	2.86787228135041	2.35637154441767
160000	161000	-0.433942449338597	2.38963987306671	2.14266431424915
161000	162000	-0.40823674075355	2.24337649877379	2.71024248915179
162000	163000	-0.525049199855218	1.8289408276053	2.34330694078335
163000	164000	-0.695947716483249	1.41019929164606	2.6274398958244
164000	165000	-0.405663620532942	1.01828605520328	2.43763496677816
165000	166000	-0.614080388191393	0.572827353376227	2.65790938621415
166000	167000	-0.300810957236103	-0.0103636497107525	2.58994019350987
167000	168000	-0.131324303412011	-0.534078972220638	2.3775023811177
168000	169000	0.274853544949287	-0.919163199814788	2.68691164402141
169000	170000	0.798863606591582	-0.54592658029624	2.50746958617596
170000	171000	1.38765713848959	-0.253954434886365	2.43313437294689
171000	172000	2.03371388301716	-0.19942756383286	2.55449430826885
172000	173000	2.68216729806055	-0.0734154689425242	2.52375690846951
173000	174000	2.90900249580534	0.518850949720904	2.55009261609196
174000	175000	3.0525043422602	0.573614588241313	1.98345338813429
175000	176000	3.30674375720683	1.13336481131626	2.16737912229888
176000	177000	3.21765368012583	1.06547513789338	1.50373066675079
177000	178000	3.34115595629154	1.67412204012137	1.67381548898578
178000	179000	3.13129349055922	1.67352669432893	1.10567374369673
179000	180000	3.1163352218689	2.26298259751905	1.42631473300892
180000	181000	3.17719958482803	2.31888422148119	0.892787156401466
181000	182000	3.56680295385356	2.07849225566953	1.12662694926459
182000	183000	3.59479190740286	2.45388252942304	1.09562935632862
183000	184000	3.65589588177232	2.35799013558298	0.655131572787985
184000	185000	3.70984073899827	1.83728850118267	0.696003144091773
185000	186000	3.20657369987747	1.82948703903359	0.433993372479557
186000	187000	2.64438448891242	1.76385162105711	0.687481543752842
187000	188000	2.1500361579899	2.17154662145266	0.571494263835567
188000	189000	1.84993237157799	1.73274778190245	0.0070034878717829
189000	190000	1.63476379797239	1.30695732796253	0.667202183481835
190000	191000	1.50866108759907	1.30718188609316	1.36173380855687
191000	192000	1.74618945405723	1.842567552864	1.98823791569738
192000	193000	2.25466432831122	1.55734061130275	1.66149849031813
193000	194000	2.58577177692049	1.38912734152414	2.21779658263028
194000	195000	2.3077168492935	1.03875437540976	2.72352491643951
195000	196000	1.87637729767125	1.08165579936607	2.21532043429
196000	197000	1.59831457633303	0.558605475295652	2.4478773939643
197000	198000	1.01796864529306	0.926596838444809	2.34532097965062
198000	199000	0.684821795996329	0.308906550704289	2.06171883206099
199000	2e+05	1.16380470649575	0.222798925719205	1.56668378953428
2e+05	201000	0.997802134771654	0.106418166830725	0.907185346262162
201000	202000	1.63157375772811	0.304692333972303	0.62105348963247
202000	203000	2.14715072945298	0.264834204597234	0.091838005958716
203000	204000	2.48865596736142	0.237188648475473	0.708948054366006
204000	205000	2.72067331779249	0.265816247481099	1.29466270153477
205000	206000	3.33084149104018	0.0810114828060604	1.3258193612646
206000	207000	3.09136686618168	-0.188447545915668	1.80455092491161
207000	208000	4.01341292555036	-0.299468055420895	1.51244456153003
208000	209000	3.58937659342278	-0.605662726107232	1.84168227296007
209000	210000	4.02183038712662	-0.424473265278311	2.17615774004756
210000	211000	3.51706536234315	-0.287508091398125	2.29132643166101
211000	212000	3.7329802614481	0.0953921325456777	2.47386292464497
212000	213000	3.67366538978933	0.178948053218707	1.9685973585159
213000	214000	3.86728873266663	0.641180394225044	2.18530759579878
214000	215000	3.8936832441827	0.686794775977441	1.60104007956859
215000	216000	3.9016646375273	1.25504947220016	1.77045448180705
216000	217000	4.19439811546327	1.23347443399362	1.29447573289024
217000	218000	3.69164415409776	1.25146625078347	1.13858030100807
218000	219000	3.9921204828012	0.964300857263393	0.727449143829013
219000	220000	3.54469763758002	0.639775384791432	0.962674003259927
220000	221000	3.94023097208376	0.182466352497935	0.838745287487238
221000	222000	3.45791635902977	-0.257670938573798	0.723390852598578
222000	223000	3.21978618679361	-0.868872512545694	0.778480887503897
223000	224000	2.61727935948115	-0.581017335063757	0.544123544614129
224000	225000	2.34716187548727	-1.1007713829366	0.878069029758203
225000	226000	1.85778437035284	-0.608612953294332	1.1449911860808
226000	227000	1.51992918707828	-0.906874848500922	1.70662591496388
227000	228000	0.834305466947742	-0.782666631590674	1.26001346021049
228000	229000	0.831795772055073	-1.5280747679527	1.05871193354639
229000	230000	0.607628855697181	-1.59132865876516	0.411195727022082
230000	231000	1.32707914144849	-1.68505187820561	0.20220792420996
231000	232000	1.45795967128911	-1.04250105439594	-0.253107281015411
232000	233000	2.15378451353291	-1.20231348463212	0.0409084793392936
233000	234000	2.68116927171967	-0.882575228206804	-0.283297725186846
234000	235000	3.3494608943405	-0.313474605435143	-0.219899550463626
235000	236000	3.08814035781376	0.300961731463678	0.200150120571134
236000	237000	2.73123821963655	0.994136377828378	-0.0157214140750251
237000	238000	3.20538920308879	1.02744846976268	0.437276667023096
238000	239000	2.62767027001589	1.02011779260858	0.867716709989925
239000	240000	2.51774489316396	0.963857094238055	1.52192217231482
240000	241000	1.98749181778492	0.541574006460108	1.42800865745459
241000	242000	2.28120393454305	0.289716695896062	1.98068637922343
242000	243000	2.36117381540017	-0.299015564809985	1.64004333524297
243000	244000	2.57668323019998	-0.82185737194684	2.05708914425734
244000	245000	2.90632091693511	-1.14258768618919	1.51837269171479
245000	246000	2.55167386708891	-1.79251293344112	1.21424377901464
246000	247000	2.47591028649298	-2.10452401887574	0.636693499756646
247000	248000	2.16250002904615	-2.48389254012627	0.951135309923639
248000	249000	2.15291052652013	-2.77794485359622	0.489853041995364
249000	250000	1.7236120946214	-2.83370662902816	0.818367239949447
250000	251000	1.63381934830984	-3.23615414814219	0.513715543759604
251000	252000	1.19551559312094	-3.15629480288536	0.865959362747553
252000	253000	0.830530512619802	-3.48912012377819	0.493782756231016
253000	254000	0.244575212098934	-3.34666030261665	0.715839071442636
254000	255000	0.0742583848387556	-3.94053880260801	0.357232861886215
255000	256000	-0.544883494117301	-4.28809125915905	0.00357918264806272
256000	257000	-0.493773656367176	-3.68888792968762	-0.364842992634245
257000	258000	-0.63580628757372	-3.33762028378641	-0.848210696577855
258000	259000	-0.0717375366278954	-3.24916519021672	-1.18386869169571
259000	260000	-0.5138738412662	-2.72710896400221	-1.25992885804427
260000	261000	0.0612246196508118	-2.35151076441838	-1.06856849542004
261000	262000	-0.293709434044026	-1.66463388553709	-0.913453084975258
262000	263000	0.376055466959237	-1.65807163370529	-0.502542216336309
263000	264000	0.279365209336305	-0.977795650321231	-0.13623254745797
264000	265000	0.820719421020126	-0.718138604715304	0.266564140536362
265000	266000	1.4465709381065	-0.83681041094362	0.564057345705615
266000	267000	1.64948366557486	-1.49745649172098	0.933301514874342
267000	268000	1.53205337558839	-1.95694373858782	1.42671720153876
268000	269000	1.30307534936016	-1.66983599159776	2.02987051434998
269000	270000	0.655313978350969	-1.46568811002477	1.88448195439101
270000	271000	0.0278112844341861	-1.25580086412981	1.58348877339076
271000	272000	-0.0201028388873986	-1.90651846465189	1.27080170860283
272000	273000	-0.34459619320853	-1.49654518153312	0.773831005882523
273000	274000	-0.337992723717129	-2.00992336669465	0.255234368547818
274000	275000	-0.716723126469457	-2.23079134983348	-0.359105668660934
275000	276000	-0.105965034300094	-2.54519315128806	-0.32146485100679
276000	277000	0.46067197315363	-2.79862203865322	0.000776232205605482
277000	278000	0.506768823765106	-2.40522690567173	0.549075825512717
278000	279000	1.13510018247054	-2.56605417948173	0.353686458057223
279000	280000	1.49029799290641	-2.47385211397629	-0.178830383900541
280000	281000	1.3365905692269	-3.15557933318841	-0.262109255932436
281000	282000	0.840298824844201	-2.87873905994965	-0.683231303874516
282000	283000	0.590225810093653	-3.56692406276021	-0.538204130091328
283000	284000	0.0511526139908992	-3.21404825431736	-0.472101737848983
284000	285000	-0.160122804738378	-3.3109274203075	0.118078274115706
285000	286000	-0.63395647101129	-2.88780257611476	0.2022532510135
286000	287000	-0.475837201691758	-2.60632406903683	0.896961899862097
287000	288000	-0.953277029677319	-2.10378690459628	0.883335776578157
288000	289000	-0.897329269528572	-2.35101209523469	1.56719587341941
289000	290000	-1.09718181954877	-1.71333349542322	1.6080011848763
290000	291000	-1.70382675549223	-1.80367258797764	1.64993185099579
291000	292000	-1.64662548523221	-1.47699364378796	2.12882978846893
292000	293000	-1.75828772387843	-2.00281612374554	2.1737127244762
293000	294000	-1.32714819972349	-1.8887508670095	2.26278729413871
294000	295000	-1.38034377811555	-2.35083457280048	2.26887870083576
295000	296000	-0.936027092870898	-2.21158388367692	2.37324385227714
296000	297000	-0.70015364240854	-1.77314908750191	2.61857190762477
297000	298000	-0.383463373184826	-2.19175590773564	2.33282997055105
298000	299000	0.00460189427225419	-1.80329283653685	2.41574249476094
299000	3e+05	0.149907553477238	-2.21353680854616	2.0074020775415
3e+05	301000	0.616748201792359	-2.50305929519351	1.90404353528537
301000	302000	0.759362682672546	-2.57232062975488	1.31782082476882
302000	303000	0.625023420286465	-3.22805120925339	1.50214499349058
303000	304000	0.0518732796216956	-2.88169091503208	1.34689904542699
304000	305000	-0.394044036853367	-3.3330509265164	1.54837904313437
305000	306000	-0.724286744830618	-3.27096938300024	1.01886099066897
306000	307000	-0.811240193799916	-3.61911860683363	0.542100664018695
307000	308000	-1.37594068889162	-3.58895766134854	0.700742332991475
308000	309000	-1.43999082493472	-3.52766553508245	0.110777395763516
309000	310000	-1.96026616033474	-3.40006164090049	0.382069013226851
310000	311000	-1.94276820810398	-2.99316225098338	-0.0004741184724601
311000	312000	-2.1419713694395	-2.5013824518575	0.00729354439403694
312000	313000	-2.64594021210847	-2.74924780889147	0.307226322108618
313000	314000	-2.34407735279426	-2.30826437597183	0.55251079008701
314000	315000	-2.18509097543763	-2.76645924239905	0.716274824985399
315000	316000	-1.95753903655674	-2.41752338725649	0.969257918912833
316000	317000	-2.08762586123823	-2.79781233705371	1.3003084463933
317000	318000	-1.70790995420414	-2.54159189580782	1.58218024178938
318000	319000	-1.53973425563062	-3.18803033626367	1.97715685638763
319000	320000	-1.30130340092448	-3.03421112754625	1.35508490946731
320000	321000	-1.26056140290529	-2.69127569645394	0.920766547315602
321000	322000	-1.37877607553619	-2.98937465049753	0.480070141256566
322000	323000	-1.44133493791583	-2.44779553383393	0.175801988241874
323000	324000	-1.34497560640335	-3.02235438461428	-0.361086952885219
324000	325000	-1.59633676918671	-2.43398160885968	-0.557206976402374
325000	326000	-1.42879691519658	-2.70046292555475	-1.1220598874302
326000	327000	-1.63208562120969	-2.09852090464532	-1.23111139925091
327000	328000	-1.49102874446922	-1.87489739332764	-1.76799455484374
328000	329000	-1.94893648431937	-1.42423686051629	-1.67843017176761
329000	330000	-1.7892255075739	-1.24797857104525	-2.30797317836166
330000	331000	-1.88979607820209	-0.613513508558888	-2.03295360958907
331000	332000	-1.19984929787681	-0.63810733927999	-1.97104776941991
332000	333000	-1.43237618372604	-0.879076465237212	-1.32142528174301
333000	334000	-0.747847469424156	-0.63002414941497	-1.20436038485817
334000	335000	-1.03583637384354	-0.823417538121696	-0.498889148731988
335000	336000	-0.784036435963901	-0.184054575813311	-0.143207213015557
336000	337000	-0.572498036230292	-0.457326266437643	0.522336711181915
337000	338000	-0.809750376309583	0.0991461800178779	0.92636008962961
338000	339000	-0.791265448486828	-0.20101993459349	1.58202538724128
339000	340000	-1.47086571292818	-0.0713243731395738	1.96813750186932
340000	341000	-1.59040682732091	0.0189036108918715	1.24428420581367
341000	342000	-2.26876386829845	-0.00363763523429284	1.08762379465833
342000	343000	-4.46033190062555	-0.275733974663054	2.24263463619881
343000	344000	-2.90193624488881	0.0824476402785702	0.577543648338109
344000	345000	-3.36325978241814	0.0291073070806242	0.0663912482676594
345000	346000	-3.79760833331695	0.0468240088201052	-0.525280599912199
346000	347000	-3.24533007043161	-0.240437855567606	-0.685243134019124
347000	348000	-3.55493419341199	-0.288096093686579	-1.26759423198987
348000	349000	-3.25639714398649	0.248513925026561	-1.15472622431725
349000	350000	-3.3737330978087	0.249527783271445	-1.74305192425503
350000	351000	-2.82421090006395	0.578626133426233	-1.55441776790016
351000	352000	-2.89080385004885	0.556203937649904	-2.22474108061347
352000	353000	-2.31103521338679	0.317160956998698	-2.00617920024768
353000	354000	-2.70466228264018	-0.300759193793333	-2.15283443017697
354000	355000	-2.68177214079794	-0.17355775227839	-1.47640481149643
355000	356000	-2.9847290076174	-0.729948864161703	-1.28196560225116
356000	357000	-2.47506584483328	-0.7124577023675	-0.8864532920485
357000	358000	-2.76159037570467	-1.07923127503615	-0.349963367987094
358000	359000	-1.99871368397646	-1.17669046095857	-0.222301932487273
359000	360000	-2.22522313013515	-1.16473372096247	0.600536251044553
360000	361000	-1.36340475258839	-1.3223403780294	0.442480803886816
361000	362000	-1.49563056878771	-0.876204383499571	1.05733743649488
362000	363000	-1.53343760925033	-0.431408424746117	0.500996206492321
363000	364000	-1.74623773553463	-0.373471911251185	-0.161128709063295
364000	365000	-1.48797019574005	0.340185176283674	-0.120750787731025
365000	366000	-1.84415376588137	0.809366577072611	-0.507499104807717
366000	367000	-2.57631643208526	0.97994749620351	-0.456170811560982
367000	368000	-2.22817792304944	1.37418949182279	-1.129883059154
368000	369000	-2.87049867537627	1.25717759142339	-1.11122227590305
369000	370000	-3.24329522314349	1.8667237325478	-1.09304638796981
370000	371000	-3.64781904094368	1.64000357812936	-1.53590202284674
371000	372000	-3.34658845655893	1.15780871984237	-1.58791331757563
372000	373000	-4.07588177992202	0.999016357424527	-1.41090007321045
373000	374000	-3.52682857343301	1.0246693597342	-0.864121652857512
374000	375000	-3.69392453701687	1.54959897883454	-0.482794875260534
375000	376000	-3.15471958851001	1.76198199313676	-0.0986989602725436
376000	377000	-2.62098424989248	1.88784165286319	-0.456349774247743
377000	378000	-1.96052293215082	1.81724250153016	-0.3944924438227
378000	379000	-1.27180013428729	1.75300413977418	-0.46776304200176
379000	380000	-1.07895890971972	1.07828390023419	-0.634002822825438
380000	381000	-0.377422887461749	1.12771398652323	-0.434160317683008
381000	382000	-0.312638193716297	0.426028291180255	-0.642286240032981
382000	383000	-0.108255459642499	0.461838977725626	0.104168975072999
383000	384000	-0.0409562053045727	0.604480784576937	0.8537937769422
384000	385000	-0.618279190733263	1.06312849567507	0.715469803128314
385000	386000	-0.834917476902819	0.801808451467142	1.41465874461289
386000	387000	-1.48622918205526	0.833135672813119	1.00021716827445
387000	388000	-1.94247560897849	0.898553001228399	1.5969886767922
388000	389000	-2.16210841356589	1.33122291099034	1.12272154518906
389000	390000	-2.77466156931507	1.68881616777838	1.19406139764105
390000	391000	-2.6470986754421	1.87800177752524	0.531814938171844
391000	392000	-2.01219295123643	2.20991057376583	0.442293032221334
392000	393000	-1.81506969925413	2.82314647600724	0.263430262400035
393000	394000	-1.79417843046671	3.55643196584205	0.0621410632899757
394000	395000	-2.26478299081879	3.20485116763517	-0.308036005175082
395000	396000	-2.10191536222124	3.35002682415019	-1.00386174042871
396000	397000	-2.6074799297524	2.90331219547459	-1.0028072201455
397000	398000	-2.55974035753236	2.71954236901369	-1.53366608059808
398000	399000	-3.05953091227788	2.47628093989589	-1.47723239388283
399000	4e+05	-2.70488699150867	2.14089748488173	-1.63691541471254
4e+05	401000	-2.91776960441223	2.16393986947429	-2.13832185740041
401000	402000	-3.29487095946011	1.99817405756726	-1.91886549558079
