0	1000	0.48038823644755	1.23590042378841	1.63636540080859
1000	2000	0.64332080281334	1.51987391256311	1.49529134743238
2000	3000	0.673683200663542	1.59962434350621	1.22194377237521
3000	4000	0.595259914772376	1.81063189414218	1.03519904025651
4000	5000	0.584409018560683	1.69862542138677	0.716889337446235
5000	6000	0.452441276334688	1.95845588093083	0.621142552637466
6000	7000	0.374072366844217	1.76438684420346	0.360561032242516
7000	8000	0.170141022317014	2.06552500999512	0.358700205414735
8000	9000	0.105601562147224	1.95637405888046	0.0609924030339829
9000	10000	-0.202310353031462	1.98288073140422	0.0877467445801361
10000	11000	-0.311026395079517	2.05960814416668	-0.230861230218068
11000	12000	-0.574139863138774	1.87295000352115	-0.236156200879598
12000	13000	-0.697279913551298	2.14314581665465	-0.431955148482628
13000	14000	-0.938331289914152	1.89358682987585	-0.429152063119565
14000	15000	-1.10356110667984	2.22586683651934	-0.407780207759977
15000	16000	-1.28478962768881	1.93868253644473	-0.300410458033182
16000	17000	-1.44723056484145	2.22359544472075	-0.295796121962792
17000	18000	-1.60115236059831	1.97119005904974	-0.224152415693425
18000	19000	-1.8076758696324	2.29428138759795	-0.029711827939961
19000	20000	-1.91337162581675	1.94468969823381	-0.221259618564575
20000	21000	-1.84454089403899	2.13833780180747	-0.36212509044165
21000	22000	-2.10249201616423	2.07803189709415	-0.410774454141547
22000	23000	-2.03124315188621	2.35451265016905	-0.464094337066635
23000	24000	-2.2223322142597	2.27704042262328	-0.626674013317825
24000	25000	-2.20773482607457	2.52645291944643	-0.783654890287078
25000	26000	-2.15667422944527	2.36238575118972	-0.974284196330339
26000	27000	-2.23365126416755	2.37163417043982	-1.2113383840253
27000	28000	-1.98111369315455	2.4430612766562	-1.24743960977084
28000	29000	-1.9956188734628	2.23689155864867	-1.42076430465762
29000	30000	-1.78613339507889	2.38680575435437	-1.52866550199086
30000	31000	-1.81256270071611	2.10651117898554	-1.60941513796813
31000	32000	-1.54735305542967	2.22033250955056	-1.6122298795098
32000	33000	-1.61122508833603	1.920510522542	-1.60003241831898
33000	34000	-1.41887445217892	2.01526183702425	-1.46909273388724
34000	35000	-1.49994819294544	1.76712605725718	-1.40858017164411
35000	36000	-1.25564774810935	1.93866657395558	-1.29231957380703
36000	37000	-1.1799086512892	1.71795523713035	-1.39834690118584
37000	38000	-1.32754834717944	1.72943966155212	-1.16978291034345
38000	39000	-1.19479588908765	1.48916327007222	-1.16892415607536
39000	40000	-1.35661177620627	1.52581085281656	-0.987021591182658
40000	41000	-1.1650388893816	1.69923333319575	-0.942686483109185
41000	42000	-1.34638971173515	1.6741059509298	-0.746898865202409
42000	43000	-1.35525858348893	1.9642121197358	-0.897917038928936
43000	44000	-1.54856519318109	1.87939601575301	-0.805647607315754
44000	45000	-1.61769280036454	2.0273206710458	-1.0519587750115
45000	46000	-1.77610592571143	1.83471755860628	-1.11453173612392
46000	47000	-1.98251348768617	1.90799001998763	-1.18777368403432
47000	48000	-2.2351273252832	1.85944262637164	-1.17309022880855
48000	49000	-2.37537484260459	1.92236624727567	-0.980198317767772
49000	50000	-2.73104219033703	1.91488736252428	-0.828678474424459
50000	51000	-2.53427432618773	1.66340390178942	-0.973309568767927
51000	52000	-2.55964469757894	1.44947248062337	-0.741595178629575
52000	53000	-2.39768933541906	1.42892549432647	-1.06463729755594
53000	54000	-2.26790129010995	1.32342493711475	-0.828701776792728
54000	55000	-2.16612282067942	1.31428620907836	-1.10885894239559
55000	56000	-2.09706326442619	1.1406983134273	-0.974781887873459
56000	57000	-1.90742087810698	1.32947110110745	-1.02578883598101
57000	58000	-1.91644024110132	1.23929426856482	-0.873507079548205
58000	59000	-1.66904332626756	1.20079715588106	-0.875275472936086
59000	60000	-1.8320054511197	1.26618352405287	-0.649831516070522
60000	61000	-1.70628595555668	1.43661006259731	-0.681799495879337
61000	62000	-1.90458271049409	1.49557266667472	-0.577207197022861
62000	63000	-1.87765187161371	1.55906025143017	-0.772712685625777
63000	64000	-2.03395386269874	1.59733974836263	-0.69349036743091
64000	65000	-1.94351483445687	1.70066031527063	-0.836114133554115
65000	66000	-2.11261819200456	1.79582472617758	-0.751999985844012
66000	67000	-1.91884488014163	1.86465361946185	-0.701583328706458
67000	68000	-2.06040422827296	1.9997350897302	-0.832157605567676
68000	69000	-1.8503525874649	2.07336514989104	-0.763378956555231
69000	70000	-1.86537917531076	2.19536505169638	-0.918898876085451
70000	71000	-1.75396514507369	2.27971861698034	-0.754979238039128
71000	72000	-1.78006586931039	2.39017993366892	-0.947548408610398
72000	73000	-1.64879881023168	2.48341069742636	-0.798099363993801
73000	74000	-1.67319441936998	2.65144515570712	-0.988557251431578
74000	75000	-1.49267802475717	2.45058942096516	-0.971581918842894
75000	76000	-1.48765017592746	2.55542697838734	-1.17392323443689
76000	77000	-1.30247436396316	2.74514315287107	-1.12327403761258
77000	78000	-1.23960338827033	2.45360584743563	-1.15572259314671
78000	79000	-1.09785913822928	2.35781782528472	-1.02951057638198
79000	80000	-0.93950348703244	2.36300092341955	-1.2084282922106
80000	81000	-0.697291634331702	2.39428599438165	-1.13666293456522
81000	82000	-0.499707775959429	2.30306220050563	-1.09477547645864
82000	83000	-0.195939674023299	2.48432917413425	-1.09790496162419
83000	84000	0.0670218171903017	2.39516711351763	-0.944813918856835
84000	85000	0.38103658590354	2.39063661286427	-0.871381501311142
85000	86000	0.680986750092682	2.36051920128268	-0.743772987091078
86000	87000	0.941503439409262	2.39845441031887	-0.639437688140878
87000	88000	1.20233092505416	2.40486968354642	-0.602070790200509
88000	89000	1.44936782841723	2.5189953714852	-0.555947853406036
89000	90000	1.57878642194693	2.32845920502169	-0.420195789214505
90000	91000	1.76087080180026	2.45254569364039	-0.358218272845768
91000	92000	1.80735459364065	2.2221709333578	-0.339768257550057
92000	93000	2.05006629704541	2.36101079487417	-0.41657450882216
93000	94000	1.99684517616168	2.12135046971249	-0.441165980322401
94000	95000	2.20037374934397	2.15813482993381	-0.40685485259099
95000	96000	2.22389521650095	1.99624664225913	-0.499054850200908
96000	97000	2.40297314449574	1.91354670231217	-0.382855062757221
97000	98000	2.38085227243619	1.75103461046445	-0.529472762109366
98000	99000	2.63551394804501	1.70649819543592	-0.43686596773665
99000	1e+05	2.47621235416815	1.45549783714105	-0.504906383906732
1e+05	101000	2.61711225691362	1.39917997467728	-0.343480541797028
101000	102000	2.41328403284111	1.30987777608696	-0.176297319724967
102000	103000	2.60326158651192	1.45319946299161	-0.0834851078058354
103000	104000	2.5114095678878	1.31952766190069	0.153555013759717
104000	105000	2.66006335735247	1.63757651508945	0.123131807498434
105000	106000	2.36875571809373	1.59520466507154	0.277185253555797
106000	107000	2.47604625852417	1.84042233726882	0.299511617157341
107000	108000	2.19275615600363	1.85584330789014	0.373769981197978
108000	109000	2.31945341315379	2.08107694582714	0.356513032906679
109000	110000	2.18289243870442	2.04773067927997	0.217766422422404
110000	111000	2.37910410384525	2.16883804733911	0.115607271740042
111000	112000	2.16680007573666	2.19862441904218	0.0492580654430223
112000	113000	2.26421234649373	2.36559472966399	-0.00996967570101197
113000	114000	2.19912135616313	2.34968304343316	0.181952864169908
114000	115000	2.22342634901012	2.53124627692572	0.191893330235228
115000	116000	2.09915114260117	2.33827097471398	0.300843652132418
116000	117000	1.97647947299325	2.39123211054646	0.189414964843218
117000	118000	2.03194187256359	2.51543592876764	0.433527628541056
118000	119000	1.8614821148678	2.49121374889486	0.283666872742519
119000	120000	1.77271159517136	2.46492401704936	0.44825862099257
120000	121000	1.60837529816101	2.55936267920673	0.215495858352121
121000	122000	1.62298273723854	2.22750823174048	0.368418246580892
122000	123000	1.63642384656087	2.16554424922911	0.115175850557554
123000	124000	1.75874345640146	1.92897335715815	0.291021714378138
124000	125000	1.75662750829285	1.91902266954849	-0.0325072475244994
125000	126000	1.98485841826768	1.71352030670417	0.0308824253406159
126000	127000	2.02978945321747	1.92712462881983	-0.157458010678939
127000	128000	2.22992205459496	1.73413338598216	-0.128327853306035
128000	129000	2.10366321048001	1.66270000111416	-0.282393844889968
129000	130000	2.07684597362585	1.4698651731868	-0.398383822463177
130000	131000	1.89392760196856	1.64909421795493	-0.458126920458638
131000	132000	2.05148570523732	1.57975812248534	-0.659076000244114
132000	133000	1.95582251470012	1.80855510762335	-0.638386350790633
133000	134000	1.95495277932571	1.73727218805862	-0.924637934151613
134000	135000	1.70178176093741	1.9294617854079	-0.790958280007649
135000	136000	1.6143535337836	1.64630132275833	-0.665535082781017
136000	137000	1.43387993722434	1.81528720451058	-0.577963024481787
137000	138000	1.30959352901538	1.54140275429561	-0.460409744717843
138000	139000	1.13637870778756	1.76081752928049	-0.352045371927603
139000	140000	0.995356679020353	1.69693860500082	-0.0981402045899201
140000	141000	0.97175240138635	2.00844867263744	-0.0420148884895744
141000	142000	0.883835871128108	2.07340976163194	0.20605082242743
142000	143000	0.935512051612018	2.4396454210758	0.283415379104009
143000	144000	0.946718236158282	2.19314007371719	0.504373683542389
144000	145000	1.22140833137542	2.3066214197363	0.566021415669781
145000	146000	1.19883244884116	2.21111554428066	0.825932598592296
146000	147000	1.40563799532251	2.36146631282887	1.09605209071634
147000	148000	1.47997506001542	2.05603264915088	0.913808691346938
148000	149000	1.3343992094809	1.87933229235611	0.803717399837109
149000	150000	1.58209169627739	1.69821984432219	0.832489789650315
150000	151000	1.44658093732984	1.59844982049386	0.585749912974602
151000	152000	1.67316538688838	1.43201551922789	0.588129459687756
152000	153000	1.53546859977739	1.33885221738158	0.271820127622099
153000	154000	1.77268656894643	1.10790676183642	0.301803302630099
154000	155000	1.59926209673599	1.0006311311766	-0.0343919328340809
155000	156000	1.93493788405412	0.953929269820834	-0.0794903711169529
156000	157000	1.87616548944943	1.02465389781549	-0.391571909915142
157000	158000	2.16250003531412	0.870745881097396	-0.307641442290184
158000	159000	2.08212597917941	0.783496965896215	-0.564048901847046
159000	160000	2.16619759427114	0.571135602101766	-0.414988029871923
160000	161000	2.10518752895676	0.49542070081445	-0.634583149638614
161000	162000	2.18785405299426	0.301409409041611	-0.522534868726345
162000	163000	2.10400760941254	0.243639303368443	-0.718298064241323
163000	164000	2.07664858645826	0.0685664669074644	-0.635129916201966
164000	165000	2.07414961109748	0.0321032607347151	-0.789084897207299
165000	166000	2.11378515648773	-0.140195500257965	-0.70106060667287
166000	167000	1.97711974956338	-0.198720046535458	-0.915093178452004
167000	168000	1.94828233018089	-0.398054878763695	-0.848429391965578
168000	169000	1.90321398893317	-0.544903115918927	-1.10137022481768
169000	170000	1.82797361963365	-0.799745968357021	-1.13746776689997
170000	171000	1.68541966557238	-0.901218502042887	-1.43523503741855
171000	172000	1.62197255504722	-1.20007064535681	-1.38779713971689
172000	173000	1.39651397331634	-1.19151740204804	-1.63534530074146
173000	174000	1.2624428990029	-1.48477091689986	-1.5025634858318
174000	175000	1.45382983158111	-1.52807493961388	-1.7311351669539
175000	176000	1.43557747766193	-1.79672910573123	-1.58928779934783
176000	177000	1.67603129894173	-1.75482650041136	-1.84759711461104
177000	178000	1.51776363157769	-1.99639572237453	-1.8650782345206
178000	179000	1.59631552195315	-1.90986420078981	-2.05261435551319
179000	180000	1.81947848034066	-2.05807651690018	-1.95279065856886
180000	181000	1.77568142965373	-2.03955485956347	-2.17304216061108
181000	182000	1.66821694325434	-2.22735329435927	-2.06154475126474
182000	183000	1.57935350902109	-2.22316410298354	-2.18652632420596
183000	184000	1.81846727823126	-2.35585448462159	-2.27218363088946
184000	185000	1.64176706623647	-2.39702009425268	-2.38622710020371
185000	186000	1.63514421371181	-2.14299491695178	-2.4403011291182
186000	187000	1.42814334528013	-2.30788684697251	-2.4827992494616
187000	188000	1.5089919318794	-2.19101778246317	-2.66759078666529
188000	189000	1.30167013006202	-2.26927459455864	-2.84568776827102
189000	190000	1.3183530752695	-2.03968235885295	-2.5663905183738
190000	191000	1.11906221841647	-1.97420635046033	-2.67994498175955
191000	192000	1.19242425185279	-1.93585774802541	-2.40851554700248
192000	193000	1.10562756177274	-1.75010737834984	-2.546268891357
193000	194000	1.28819846915595	-1.71940948833187	-2.51321105468538
194000	195000	1.25718014686025	-1.62478414729418	-2.70446907251975
195000	196000	1.44939962736023	-1.68429864354101	-2.57555988378405
196000	197000	1.35155679447408	-1.50101419502535	-2.52109589358221
197000	198000	1.60938966439969	-1.53367340682208	-2.6216650372014
198000	199000	1.49924305108807	-1.31069540648706	-2.49149005810939
199000	2e+05	1.52505389195531	-1.47964630112384	-2.32335223629322
2e+05	201000	1.29669794575909	-1.32845051293612	-2.26898034218153
201000	202000	1.37651875357382	-1.55491229923436	-2.13372551369255
202000	203000	1.05439831046881	-1.55154376305728	-2.14911670711359
203000	204000	1.20000987063249	-1.83182039835989	-2.07655373740925
204000	205000	1.03095756670865	-1.81184291103451	-1.87605254153523
205000	206000	1.12469055269149	-2.06703685705256	-1.97243447701467
206000	207000	0.826772182674199	-2.07420282548668	-1.98826120243273
207000	208000	0.850153531583108	-2.04773946646438	-2.30175370326716
208000	209000	0.813630728044947	-2.29517061411569	-2.25900593894428
209000	210000	0.990795303100971	-2.27723263247716	-2.42425240196696
210000	211000	1.03960065111538	-2.4486503697925	-2.31945880393378
211000	212000	1.12308525324907	-2.32817787352181	-2.23535018723665
212000	213000	1.04525280419076	-2.42945431026971	-2.14905565942403
213000	214000	1.23023239831884	-2.40637422553757	-2.06168149785739
214000	215000	1.09489146340163	-2.57510341520775	-2.04670242521299
215000	216000	1.31130196073713	-2.6002290813287	-1.95585972797871
216000	217000	1.15249113701217	-2.56190263572677	-1.77193394742672
217000	218000	1.37842638548539	-2.51672287356234	-1.63241164877618
218000	219000	1.18000340393484	-2.35340587805867	-1.51847276475213
219000	220000	1.19299541738261	-2.54032536148579	-1.27528127566241
220000	221000	0.927255815281721	-2.60732119863975	-1.42186976608762
221000	222000	0.81551769254321	-2.83174879418609	-1.25942131014384
222000	223000	0.537015384079704	-2.62681952152838	-1.38595844425933
223000	224000	0.646508482246512	-2.5123892550402	-1.05177548386829
224000	225000	0.491886710329137	-2.26122168693112	-1.21106122104877
225000	226000	0.806057133575766	-2.18619649739175	-0.950412636236963
226000	227000	0.575696962664184	-1.99110443588736	-0.978093853343338
227000	228000	0.830562118467994	-1.76709330375047	-1.02283149209238
228000	229000	0.505838353173593	-1.70130375716777	-1.12177705564413
229000	230000	0.609352531447838	-1.42712353842815	-1.30699312903954
230000	231000	0.297957357175532	-1.63199959398341	-1.4547590627252
231000	232000	0.400685998061887	-1.32890855248457	-1.65548063656846
232000	233000	0.208422612437464	-1.54501295468777	-1.86488882337921
233000	234000	0.496343272639846	-1.51248928498641	-2.05821283829106
234000	235000	0.26744962079379	-1.48949957482911	-2.38158101662362
235000	236000	0.587849262294393	-1.67019817959457	-2.36646590444923
236000	237000	0.411011125158743	-1.85125461770261	-2.55698530351751
237000	238000	0.428282491135097	-2.07701145092314	-2.42024888148249
238000	239000	0.376000456388454	-1.97967176804859	-2.17474328327642
239000	240000	0.292622791018625	-2.21850807109754	-2.13233027043497
240000	241000	0.0974013411694954	-2.08680350134409	-2.03694481732076
241000	242000	0.0249242821185461	-2.30612640435322	-1.90235769938602
242000	243000	-0.211550501993937	-2.33817354980336	-1.7902683835015
243000	244000	-0.38134161069955	-2.41086059938554	-1.66248583152197
244000	245000	-0.585665407553971	-2.53685136334483	-1.5390354310212
245000	246000	-0.700423880036511	-2.46919580718987	-1.33414792296859
246000	247000	-0.789832851322611	-2.60411439765857	-1.17163528746507
247000	248000	-0.90558671433955	-2.4855505512577	-1.01984009139177
248000	249000	-1.01785994276415	-2.69749823837141	-0.946063643615635
249000	250000	-0.964906783490957	-2.56684741473481	-0.746687712710891
250000	251000	-1.07464633074589	-2.801003855123	-0.65725874431519
251000	252000	-0.943399674448519	-2.63758047323237	-0.472551372346146
252000	253000	-1.20387963967397	-2.80616858246115	-0.390006680833501
253000	254000	-1.18644045644006	-2.48085971635933	-0.308863773429914
254000	255000	-1.48575450505992	-2.48457900679691	-0.410828181463561
255000	256000	-1.58539174105434	-2.13476406572431	-0.375217851968221
256000	257000	-1.25172006976872	-1.97680559092659	-0.319955844970895
257000	258000	-1.00073691352123	-1.92535600908563	-0.159717245395427
258000	259000	-0.795440689565181	-1.89869829292572	-0.336495920453707
259000	260000	-0.525214113180507	-1.98456867397966	-0.142839621238651
260000	261000	-0.486076564617563	-1.77768470152939	-0.402351055061625
261000	262000	-0.189164415171122	-1.75788329936408	-0.155621144911228
262000	263000	-0.18017503300301	-1.61874668790863	-0.527753090688694
263000	264000	0.080039040203448	-1.87288428511391	-0.423403687040766
264000	265000	-0.14728577293905	-1.94836200996183	-0.75284696292069
265000	266000	0.0736302168685847	-2.2054893900523	-0.61079515064594
266000	267000	-0.1742775999711	-2.3986523010356	-0.768693910875563
267000	268000	0.0688735937408053	-2.60343316466708	-0.740027743646268
268000	269000	-0.0527273975514332	-2.91871121132141	-0.72307238769686
269000	270000	0.316511613965883	-2.82804852190184	-0.641051596395953
270000	271000	0.24726080938443	-2.99790846720899	-0.379005765130413
271000	272000	0.364412026674385	-2.69524619369483	-0.210413605117006
272000	273000	0.137231134177766	-2.92900385573212	-0.0672122032901796
273000	274000	0.0676627587872066	-2.60820301926568	0.0956045943536829
274000	275000	-0.0583704675635474	-2.88237343663859	0.224816693553171
275000	276000	-0.0825640186593173	-2.67174628212111	0.430381595768271
276000	277000	-0.0800133955733254	-2.91861335917171	0.775628402100225
277000	278000	-0.240486281997374	-2.59239832092787	0.725967991194441
278000	279000	-0.503426097014858	-2.67079735728747	0.777017325169993
279000	280000	-0.488253010932942	-2.37261974125896	0.679413410261164
280000	281000	-0.683153900754703	-2.53511570566895	0.588575992795144
281000	282000	-0.650640068971554	-2.39055663925229	0.399068528301307
282000	283000	-0.877698075462627	-2.48552276056042	0.442439559121804
283000	284000	-0.929387882084645	-2.37807650298816	0.189917951160562
284000	285000	-0.908256786498748	-2.61747555299689	0.199282804146667
285000	286000	-0.915063953796374	-2.75770704987916	0.0142649386841198
286000	287000	-0.729075846740078	-3.00228570883511	-0.134493874614332
287000	288000	-0.788286586960832	-3.17653953607016	0.067516387996006
288000	289000	-0.565370388163275	-2.98693134119909	0.189002787381699
289000	290000	-0.627985284826272	-3.2626634985004	0.312136048531819
290000	291000	-0.61301677675506	-3.07882572931433	0.537103433568057
291000	292000	-0.777808495699228	-3.29577514323907	0.576745164250217
292000	293000	-0.879029698054535	-3.10287411746037	0.661645845658412
293000	294000	-0.953620283707927	-3.15028095866316	0.471299331705096
294000	295000	-1.05457730705894	-3.0647992196449	0.621177372102779
295000	296000	-1.13993274150673	-3.19416012333807	0.513993524851037
296000	297000	-1.30569398165089	-3.1464588680328	0.621759954126672
297000	298000	-1.26335924338047	-3.16602184443721	0.37120955909696
298000	299000	-1.30139421775465	-2.94927323871599	0.45218426782396
299000	3e+05	-1.14466827645281	-2.98442488745061	0.278365580890591
3e+05	301000	-1.25008886978651	-2.79792638771509	0.258218809682492
301000	302000	-1.33368743519068	-2.97054811157744	0.113551212898732
302000	303000	-1.53902392259671	-2.90967975278561	0.0708159328583633
303000	304000	-1.55290066277832	-2.79795116805533	0.341408548078677
304000	305000	-1.49577872438723	-2.59240430032621	0.179451797370259
305000	306000	-1.55639685044621	-2.48264818024772	0.421518898165313
306000	307000	-1.43414877970161	-2.3274753298378	0.263090849469843
307000	308000	-1.39443202416301	-2.13601694168592	0.43430750538576
308000	309000	-1.12620019769333	-2.14612703052408	0.403321803419894
309000	310000	-1.14782539328618	-1.98191739089276	0.636195490847643
310000	311000	-0.962088920968804	-2.13188139768988	0.706341946830229
311000	312000	-1.04822973235374	-2.13232042676176	0.913202454058192
312000	313000	-0.963431600288804	-2.35567316853197	1.05956903266737
313000	314000	-1.1742695107162	-2.33588495310615	0.923443121486048
314000	315000	-1.05970055640591	-2.51214290708949	0.84909774950251
315000	316000	-1.19972430873655	-2.45561212216375	0.710182593763098
316000	317000	-1.3009597002357	-2.62016527432707	0.856025008656791
317000	318000	-1.53139148583636	-2.52083189298845	0.793478576480347
318000	319000	-1.72365217160594	-2.40737051466516	0.992830956624006
319000	320000	-1.56296998687066	-2.19192047564449	0.789366550472783
320000	321000	-1.53618944697807	-1.98930677280394	0.858630966924106
321000	322000	-1.58344216194706	-1.76458737775153	0.952382468910147
322000	323000	-1.61182339613694	-1.54684243273252	1.08790566252083
323000	324000	-1.59502779900931	-1.30463794062764	1.17870604638305
324000	325000	-1.58586936880552	-1.08602809452348	1.27735434828728
325000	326000	-1.57973975023605	-0.920993689151562	1.36406010835743
326000	327000	-1.52725498195682	-0.739487788478968	1.46868212742918
327000	328000	-1.50386965844256	-0.582353349536921	1.57654543408741
328000	329000	-1.42686616186639	-0.401198969374764	1.71968110535247
329000	330000	-1.36898597434341	-0.258643036374843	1.94459723789565
330000	331000	-1.23077346185236	-0.0479651589231025	1.98189278741629
331000	332000	-1.16800142059112	0.0378247009677789	2.18527470857863
332000	333000	-0.945746462062957	0.0754705762199831	2.28134789187872
333000	334000	-0.932972256169539	-0.0890157083601445	2.5241007287256
334000	335000	-0.754291924648089	-0.0569426865556069	2.65704887333805
335000	336000	-0.718844165345551	-0.000238914674827777	2.9742675633605
336000	337000	-0.516649011379439	0.15863542066814	3.03250597699257
337000	338000	-0.5972833726606	0.335286938168598	3.21755622500069
338000	339000	-0.387240705681804	0.448705540519934	3.19247145421468
339000	340000	-0.513792555977948	0.505369351667252	3.41907246582131
340000	341000	-0.360077222828483	0.720330277075243	3.28401569929496
341000	342000	-0.486881827469643	0.762353848545242	3.4775256720173
342000	343000	-0.562749603954453	1.19526452959744	4.82230811827027
343000	344000	-0.558224630426335	0.998850152685662	3.39936306395502
344000	345000	-0.403330334668601	1.01230437358248	3.23558313986782
345000	346000	-0.501105846469307	1.21541186326374	3.17412671307687
346000	347000	-0.750575490359195	1.11087196553732	3.07290106389254
347000	348000	-0.827433574990537	0.979996266323505	3.25653783800997
348000	349000	-1.01485139058462	0.991526568477764	3.05407769614058
349000	350000	-0.908365360753043	0.806828489092883	3.16838489127673
350000	351000	-1.0490283308308	0.755328061053427	2.9872846033228
351000	352000	-0.92164536555684	0.586437275102395	3.11332248750622
352000	353000	-1.14849193443657	0.588356849621757	3.16711473900378
353000	354000	-0.992579163023759	0.421897346196794	3.25409236448021
354000	355000	-1.13470719834714	0.372089211762305	3.08293234155894
355000	356000	-0.926151921792299	0.311714741201034	2.96717948632312
356000	357000	-1.1264802356073	0.423474719857083	2.86192711000591
357000	358000	-1.14833347391034	0.161102993993816	2.85337110235348
358000	359000	-1.34826096049985	0.282768125765968	2.82763049554829
359000	360000	-1.45528023116928	0.0853325330358348	2.69855919115193
360000	361000	-1.47030898182332	0.369973504923212	2.57846928342788
361000	362000	-1.26828176578424	0.305716829088797	2.46144783197694
362000	363000	-1.23800251499443	0.561815952003164	2.50068292029288
363000	364000	-0.97295946725797	0.372624494370896	2.57353891603176
364000	365000	-0.827839393810306	0.554675386181704	2.74217292311205
365000	366000	-0.578956472930919	0.501528165477794	2.76312808144181
366000	367000	-0.547776112421384	0.731762879234882	2.90935106590822
367000	368000	-0.325927021558965	0.653078645486385	2.75087569782541
368000	369000	-0.223733085063582	0.748890452921541	2.95342634110104
369000	370000	-0.0295229104710962	0.804262159498194	2.79491640095293
370000	371000	0.0575384468817343	0.695762188524635	3.05132940312512
371000	372000	0.165416038352054	0.647639616038419	2.82931351001703
372000	373000	0.30965711172784	0.452730636257736	3.10368196144101
373000	374000	0.261910404986965	0.438549202690025	2.78620655631391
374000	375000	0.125704650153072	0.243856077339399	2.87326632381006
375000	376000	0.0649040623941752	0.402574800691587	2.62587384482627
376000	377000	-0.0912084916530173	0.231801306421019	2.66772415017634
377000	378000	-0.0828763768407044	0.335992690610201	2.43386084883417
378000	379000	-0.205427267947495	0.10603913815502	2.47088624243515
379000	380000	-0.2933550392811	0.395061737990688	2.33711913148389
380000	381000	-0.479068765904776	0.250645123496214	2.38312800800611
381000	382000	-0.442735737580832	0.518643331791275	2.28719511641082
382000	383000	-0.650907995880443	0.44797760149913	2.38980023125592
383000	384000	-0.67415772860565	0.688657071044487	2.31464152675413
384000	385000	-0.908661424435439	0.62012309448432	2.30681229444877
385000	386000	-0.9267745360279	0.864637352516117	2.25866749989076
386000	387000	-0.987555706220184	0.835151332529955	2.48285916212685
387000	388000	-0.800316983026144	0.799154616657686	2.53363227002971
388000	389000	-0.910330340576332	0.983297435618321	2.63744631110831
389000	390000	-0.717349628707091	0.949302736691366	2.69254330539721
390000	391000	-0.726952909960559	1.084594238577	2.50395197942831
391000	392000	-0.527834726940228	1.00083659572924	2.62184944344079
392000	393000	-0.59929693041524	1.23061691821637	2.62493771593435
393000	394000	-0.433738394132604	1.32440722644759	2.7647605922997
394000	395000	-0.345789674704452	1.21366475901648	2.5092741920185
395000	396000	-0.123662101269512	1.30574396205138	2.66471654994728
396000	397000	-0.141850899208588	1.15084975265771	2.37980725897602
397000	398000	0.0930352641622778	1.14309805763143	2.50804994626318
398000	399000	0.0984999351335388	1.02784491255961	2.23459637632766
399000	4e+05	0.347702400498863	1.20266538942224	2.29328415877794
4e+05	401000	0.371097515461464	1.30874725193143	2.04634337617034
401000	402000	0.474905120796211	1.55251540963869	1.87552842610658
