0	1000	-3.59876955652559	0.106701753786926	0.917156354357176
1000	2000	-3.63865958173979	0.404919772923981	1.37686326437878
2000	3000	-3.1352296284541	0.107836586366053	1.23642686991922
3000	4000	-2.80790567856997	0.511089301844983	1.23771265897103
4000	5000	-2.58826985676419	0.0783092397966276	1.48429877827106
5000	6000	-2.29962555741564	0.441055625433882	1.63692643609163
6000	7000	-1.92510459051533	0.251690961446326	1.97702276474964
7000	8000	-1.49347620261302	0.637566700138094	1.93254245411901
8000	9000	-1.14322883016378	0.195918012509369	2.12365944970437
9000	10000	-0.715436748349305	0.45803482042694	2.00413130652637
10000	11000	-0.254478283720288	0.0942677725812536	2.05712264955997
11000	12000	0.224548319523622	-0.297859656002785	2.10444025878345
12000	13000	0.86208033961678	-0.243770363175768	1.96558778795653
13000	14000	0.900836517488574	-0.745969095753255	2.28316683151807
14000	15000	1.16108479423148	-0.318748299635853	2.51533065320274
15000	16000	0.586825170463781	-0.272042419369975	2.69913571212288
16000	17000	0.773205668632186	0.241754218917485	2.50733584385115
17000	18000	0.326503878127905	0.39579014427958	2.10430117050997
18000	19000	0.405366722666725	0.728585872437047	1.49242131004375
19000	20000	-0.227858896550145	0.869234993956543	1.78991976987888
20000	21000	-0.613911622178726	1.2660478470316	1.5647011810722
21000	22000	-0.597264423645208	1.50089379918345	1.12564839276616
22000	23000	-1.02259567724517	1.68724115683444	0.81959759936573
23000	24000	-0.746932806335026	1.99893623395611	0.411360089519781
24000	25000	-0.344678093555379	1.51467769396812	0.4405814569491
25000	26000	-0.0510680373181284	2.01095236921781	0.380882431763309
26000	27000	0.408798000087254	1.80576464622849	0.0740922933963594
27000	28000	0.830203390210011	2.21417649681483	0.268348593919863
28000	29000	1.20702599375997	1.84530178158783	0.278808022868924
29000	30000	1.32736469680291	2.13334368907936	0.759213497043664
30000	31000	1.74644296170441	1.71324860092886	0.965452307220635
31000	32000	2.20393847900799	1.34946568136621	1.16039625073425
32000	33000	2.69965140759443	1.29608900778745	1.06196606003418
33000	34000	3.02495319708228	0.935607828904711	1.22462554706111
34000	35000	2.8442851614979	1.11234285336462	1.67573906375647
35000	36000	2.94524375775864	0.612493025147586	1.82527019120664
36000	37000	3.11474191965473	0.961212279412568	2.26764017724382
37000	38000	2.56807759630272	0.863977625906517	2.2542803129469
38000	39000	2.56611875815307	1.33257769086869	2.47975683330526
39000	40000	2.18125878896584	0.987971773433571	2.60628128827669
40000	41000	1.91724901320219	1.25267535799629	2.25524767654376
41000	42000	1.49423895714747	0.85821933269446	2.3121239633636
42000	43000	0.960340574190415	0.974546556795772	2.51034525783925
43000	44000	0.438478336015166	0.966051662519833	2.35302219612724
44000	45000	0.323502815861606	1.47798495545604	2.16991929515693
45000	46000	-0.221348805767172	1.26280727318107	2.31104569887728
46000	47000	-0.317260762649048	1.69060735277142	2.6146191022575
47000	48000	-0.844375203444765	1.51167562845101	2.80572141681582
48000	49000	-0.864036585763605	1.86709311650426	2.42002348453784
49000	50000	-1.51820228911476	1.98738208058866	2.34331508381856
50000	51000	-0.99327916936926	2.3803700117997	2.48404604138147
51000	52000	-0.882447205835349	2.97429585750015	2.52486814135922
52000	53000	-0.323974781035322	2.9258942615322	2.7666554184412
53000	54000	-0.674847619539927	2.54964310715152	3.07824323998116
54000	55000	-0.541467528339253	2.01804485682828	3.24691280720596
55000	56000	-0.202265353851779	1.52682843890808	3.26054150538901
56000	57000	0.185782043704331	1.33778956856953	2.84944702961009
57000	58000	0.385472757568568	0.821882152498488	2.97685290167149
58000	59000	-0.00660440423510009	0.321963211969545	2.82443855028152
59000	60000	0.51367206969149	0.114612761851571	3.21220198398426
60000	61000	1.01451603588542	-0.159672722070498	3.29984612830139
61000	62000	0.937245402480718	0.0681794596365728	3.80992663618446
62000	63000	1.33275120893642	0.271347627742377	3.53469068782108
63000	64000	0.989557830378785	0.622756606097676	3.66521323294814
64000	65000	1.13800731688685	0.700110406413773	3.11800217952674
65000	66000	0.998860908048672	1.21215710734891	3.23350506568615
66000	67000	1.35199166182127	1.38885166505277	2.82019328793973
67000	68000	1.22559609975816	1.86078132819356	3.17217783652899
68000	69000	0.835629282335559	1.77619538437571	2.78033893820225
69000	70000	0.492783283298372	1.91447567562793	3.10623238677815
70000	71000	0.326418259982765	2.28846304746335	2.68565042586972
71000	72000	-0.24948073467147	2.34877257737541	2.68547291618938
72000	73000	-0.408781155374093	2.50497817389184	2.23882353724998
73000	74000	-0.434634404608708	2.86024355536623	1.69359268373758
74000	75000	-0.583953391193236	2.34687834649108	1.54113276264648
75000	76000	-0.402445615066954	2.39145338686007	0.996867316197271
76000	77000	-0.769195059383332	2.93331815466892	0.626006699324156
77000	78000	-1.1440775442812	2.63665225480988	1.15588458198895
78000	79000	-1.2236149474274	2.3483801816328	0.745814520386972
79000	80000	-1.57116035049506	2.3143687995835	0.295494943811334
80000	81000	-1.80400649842818	1.96976478776675	0.703711919343954
81000	82000	-2.04843559329295	1.87462672612204	0.200282755663035
82000	83000	-2.80167185789503	1.85409496041865	0.392978488495812
83000	84000	-2.47701339874016	1.61864113549237	-0.138989338529418
84000	85000	-2.88667759766406	1.47386224315801	-0.561350383764166
85000	86000	-2.31289884183879	1.59193007952857	-0.874103091604244
86000	87000	-1.92011460690676	1.29679347661653	-1.15728880209944
87000	88000	-1.63125842908927	0.900336594989292	-0.829562806434998
88000	89000	-1.22529413488648	0.492907509027071	-1.17479294326144
89000	90000	-1.5181089611877	0.00517915437099702	-0.897878345017476
90000	91000	-1.42294716082669	-0.591162194492992	-0.870369701565058
91000	92000	-1.59663629471369	-1.15590821690162	-0.871640442883146
92000	93000	-1.15072569238937	-1.38049810338208	-0.435428555782091
93000	94000	-1.64330493140403	-1.55976178894546	-0.127403889366318
94000	95000	-1.35257994761609	-1.31832282343147	0.290818006465374
95000	96000	-1.76220928165941	-1.05601786547904	0.618097349146179
96000	97000	-1.72139223705164	-0.499861717059657	0.712365730113992
97000	98000	-2.07318771214384	-0.219536830008567	1.03621510396226
98000	99000	-1.949855282127	0.366354708293812	0.993694586381071
99000	1e+05	-1.61500185360069	0.778844388219069	0.720287135555668
1e+05	101000	-1.59271119432515	1.25829228786729	0.416526509738225
101000	102000	-1.12810169240885	1.4533475248428	0.148526738837834
102000	103000	-1.11629060097485	1.80974812508813	-0.271458953889373
103000	104000	-0.578989340646496	1.69417065237361	-0.53900095654416
104000	105000	-0.425201002230526	1.09330006523263	-0.752693804642845
105000	106000	0.129183575314007	1.00376091182029	-0.969313130283681
106000	107000	0.153601941547923	1.24920569770201	-1.55527765783029
107000	108000	0.0993081978087022	1.52877428279826	-2.07798181403884
108000	109000	-0.282012311974898	1.22760157358165	-2.24424280868924
109000	110000	-0.318844389447404	1.33704694994989	-2.77284106123644
110000	111000	-0.611905846389756	0.851124679487501	-2.60321599358709
111000	112000	-1.10076376701936	1.13229959827477	-2.58523969322519
112000	113000	-1.6285390055769	0.99593310027853	-2.43877773063296
113000	114000	-2.0630632910367	1.39694769382347	-2.15672330247578
114000	115000	-2.62038679663147	1.68216404397969	-2.00727554100179
115000	116000	-2.38120387493213	1.6770714587785	-2.56022539168709
116000	117000	-2.52542385367014	1.22399464288316	-2.55728481355324
117000	118000	-3.00662546749494	1.15862030336485	-2.88736240074305
118000	119000	-2.74900447113685	0.662699312218094	-2.66326186208657
119000	120000	-3.16924520294978	0.38665828183488	-2.7009280864517
120000	121000	-2.70620125993416	-0.0129140968830244	-2.59624010107783
121000	122000	-3.01715205334913	0.265359366652292	-2.10683306844145
122000	123000	-2.58854883737818	0.550838628697126	-1.95980507355586
123000	124000	-2.0410746369158	0.404691451555114	-2.18940483203239
124000	125000	-1.72782158517035	0.824292074842544	-1.78437417792204
125000	126000	-1.27466938249051	1.23516813618029	-1.68846950923179
126000	127000	-1.04105770166704	1.7614330848272	-1.66271509301945
127000	128000	-1.05663170808544	1.98987262138875	-2.174576414659
128000	129000	-0.955520497330049	2.47485750034264	-1.94508141214187
129000	130000	-0.970945281717264	2.64418776107717	-2.45456225646991
130000	131000	-1.23447681580389	2.96228506377112	-2.2228667978851
131000	132000	-1.49177950939232	2.87035246965827	-2.65726445353991
132000	133000	-1.70184954210498	2.57192669917057	-2.26038583628749
133000	134000	-1.77837222819188	2.03455430524711	-2.56149633996179
134000	135000	-2.06707352184653	2.11086919530527	-1.95927668905165
135000	136000	-1.63266876456758	1.81820459030445	-1.82866326607002
136000	137000	-1.60746763384334	1.8243915547612	-1.26337771212415
137000	138000	-1.22895256600011	1.54579480509259	-0.931581806555346
138000	139000	-1.6775493960382	1.64159298452999	-0.508143969534747
139000	140000	-1.9453858706477	1.21674944436162	-0.246752984761052
140000	141000	-2.47581304314592	0.982920830231025	-0.277080707685731
141000	142000	-2.56938090054369	0.52154153803398	-0.575451263267623
142000	143000	-2.94345550570762	0.138334790457624	-0.312581553782971
143000	144000	-2.81673266130689	-0.0824390758205447	-0.90118204002896
144000	145000	-2.87135267821111	-0.486469111366301	-1.22989967256687
145000	146000	-2.61902842859875	-0.406347832440391	-1.68689784806794
146000	147000	-2.47125762273399	-0.960512301781189	-2.06791765279597
147000	148000	-1.98688571025011	-0.440101134160735	-1.99823371951302
148000	149000	-1.58383253733255	-0.676264681225756	-2.24845530258182
149000	150000	-1.11197915576881	-0.906195075377898	-2.11799232618063
150000	151000	-1.19020244084888	-1.01066940042053	-2.61431122204956
151000	152000	-0.935608787387219	-0.509712892710268	-2.64244993249272
152000	153000	-0.870578216506352	-0.345650860342896	-3.21782492066078
153000	154000	-0.840283858669252	0.128145361291413	-2.98652561189979
154000	155000	-1.1919649588786	0.0884344773524662	-3.66244647004692
155000	156000	-1.204241793469	0.56824788370014	-3.30061500923946
156000	157000	-1.26918673552707	0.746512288786197	-3.7430953229616
157000	158000	-0.92498682840533	1.11855136908505	-3.51093006180177
158000	159000	-0.701260044488989	0.664256064981479	-3.8086072732717
159000	160000	-0.551342259616279	0.591982129211718	-3.33251898727005
160000	161000	-0.475647732688993	0.123227178075519	-3.53409003151268
161000	162000	-0.100542096151887	0.047752041939486	-3.12301211725149
162000	163000	-0.261116504887269	-0.450555514378694	-3.32334480076248
163000	164000	-0.132638597767856	-0.681327811629254	-2.8635118199126
164000	165000	0.122178868105544	-1.09816222330487	-2.84922284845715
165000	166000	0.530894344436033	-0.799862300282043	-2.86853756712604
166000	167000	0.664117074863991	-1.2588526338895	-2.48368984629678
167000	168000	0.986263001352829	-1.13002951622335	-2.13506651965013
168000	169000	1.48312095030256	-1.13600999208818	-1.86330189276956
169000	170000	1.41867161729681	-0.553076298117701	-2.1178984141182
170000	171000	1.9308355307194	-0.309149189994672	-1.87663823478657
171000	172000	2.18384258057378	0.206789211563291	-1.75560960465429
172000	173000	2.21029504309548	0.724963135137197	-1.52318767797961
173000	174000	2.54685265651067	1.08326467450763	-1.78634900804668
174000	175000	2.70507631623602	1.60270101377915	-1.66768991217324
175000	176000	2.76613973316248	2.07199424890845	-1.40212771468983
176000	177000	2.61170205679178	2.16933448087159	-0.833193562488687
177000	178000	2.45215647200398	2.66450546931368	-1.04385060609992
178000	179000	2.20840852127504	2.9388186208775	-0.68052986058677
179000	180000	1.9287482468863	3.18050979729777	-1.14881114461189
180000	181000	2.46047346430806	3.46138594598087	-1.07906552495695
181000	182000	2.10450213683	3.8026356689297	-1.2949385939435
182000	183000	2.24072498720344	3.8817585735756	-0.84269807704088
183000	184000	1.72617420727732	3.72788760483689	-0.816881672515389
184000	185000	2.11624070133703	3.43722496455629	-0.391342663662153
185000	186000	1.691431105335	3.06797514165689	-0.485671572954952
186000	187000	1.71366519757874	2.51155222076405	-0.427940946202959
187000	188000	1.12551348514385	2.22374214463564	-0.437005826227704
188000	189000	0.524872933567849	2.47299235322157	-0.681911453399049
189000	190000	0.738830791372716	1.78964536045807	-0.830896978301707
190000	191000	0.697334757902886	1.82385847966139	-1.40996179105403
191000	192000	1.23572203194318	1.50733134263237	-1.31138150275403
192000	193000	1.35564367990743	1.76677338972388	-1.80079754005198
193000	194000	1.75629856371035	2.01339971799071	-1.75888448348338
194000	195000	1.71952541396496	1.80378813808793	-2.27945639951425
195000	196000	1.90271775523485	1.44204288582691	-1.87265190400815
196000	197000	1.94409064890243	0.982661445788998	-2.12623220994849
197000	198000	1.45988065753549	0.696856882020925	-1.87518289694574
198000	199000	1.6446059787619	0.198307918764868	-2.2440793445958
199000	2e+05	1.48397345585651	0.0372056824133477	-1.74029734713015
2e+05	201000	1.27090236071918	-0.289128377325105	-1.38831185143048
201000	202000	1.33148854336356	0.0325245425503396	-0.91120628877944
202000	203000	1.89675214426476	-0.117685050142509	-0.85503243179716
203000	204000	1.8964086614658	0.315688393089747	-0.473743682201603
204000	205000	2.44450299526041	0.418948210536758	-0.488742320964668
205000	206000	2.90313936111439	0.790856796475963	-0.409587722470333
206000	207000	3.18602200576113	0.569442336193916	-0.871925049210461
207000	208000	3.48128736114546	-0.0236664593397924	-1.11770433393548
208000	209000	3.88293682923051	0.418697456276129	-0.921784670079732
209000	210000	4.10748920471596	0.215330360350964	-1.39014071956709
210000	211000	4.05189143175438	0.803326455908576	-1.35749589381458
211000	212000	3.65857597959801	0.783192397500592	-1.67999115078958
212000	213000	3.58256882905284	1.18048326668677	-1.3429571723658
213000	214000	3.38597454794934	1.62450946240679	-1.59924747127897
214000	215000	3.27838263470184	1.90801183293846	-1.10166617330072
215000	216000	3.19715575795175	2.46394538007153	-1.0138233967584
216000	217000	3.03210466850726	2.75002459641859	-0.540785577213236
217000	218000	3.240284657823	2.30049833681209	-0.421144914238523
218000	219000	2.91228675298886	2.40619722630168	0.0289600635400225
219000	220000	3.13671934556092	1.93828785602438	0.0867906970461219
220000	221000	3.10768318011287	1.74209908576415	0.577435501936644
221000	222000	3.19828961326683	1.16836579814245	0.414736259194055
222000	223000	2.73004724538983	0.808438776066512	0.355398116994064
223000	224000	2.75699348257977	0.220638262440148	0.248614434814992
224000	225000	2.21585144735148	0.123212462275393	0.158248515533991
225000	226000	2.10020258391365	-0.273200185484665	-0.24110147017263
226000	227000	2.06894830970115	-0.77095181598061	-0.537051433439488
227000	228000	1.47487626766832	-0.75788539652724	-0.30501494142082
228000	229000	1.33801590277851	-1.08904614206217	0.184340196262702
229000	230000	1.61922788094757	-1.14116992664056	0.70604767853772
230000	231000	1.57927065872814	-0.540953629445192	0.793946463956055
231000	232000	1.5454362503065	0.0617222913399749	0.680281995634564
232000	233000	2.20653607616558	0.057888483803108	0.954647036524054
233000	234000	2.38236432912847	0.711387350057453	0.940855062988066
234000	235000	2.06671464728822	1.10417370433329	0.360236752245612
235000	236000	2.66428028437829	1.44599575717976	0.299366456494822
236000	237000	2.51696437990825	1.74287263452051	-0.216066836345043
237000	238000	3.20563463952616	1.49268982831869	-0.333851951144696
238000	239000	2.83548350761231	1.48096138348086	-0.820323151100426
239000	240000	2.9230576024553	1.07017789156688	-1.26101099782485
240000	241000	2.42957863414672	0.927445113829629	-0.912419181157164
241000	242000	2.67487384227733	0.385465655864153	-1.09488427405021
242000	243000	2.84565381373318	-0.107167267314457	-0.834452513462717
243000	244000	3.21972388964728	0.10819555647781	-0.370549691090625
244000	245000	3.27804905099352	-0.306651144522666	0.102371206324515
245000	246000	3.15002438755445	-0.475884970981149	0.867229009368653
246000	247000	3.41513095395379	-0.754392381141352	1.198968601251
247000	248000	2.9839691602394	-0.817340566311372	1.45079855518056
248000	249000	3.16844222916043	-1.27793292807217	1.50587915784347
249000	250000	2.74289161046405	-1.25817959945763	1.78295783014328
250000	251000	2.52217518421297	-1.62325344076435	1.5473452057059
251000	252000	2.30413948314815	-1.67130050713196	1.99718423203893
252000	253000	2.03014851118816	-2.15125732501927	1.76601465425448
253000	254000	1.55972030707664	-2.39901348513492	1.65283762356932
254000	255000	1.54945244169677	-2.80382028487312	2.13034983194669
255000	256000	0.869322442284806	-3.1401957416155	2.21426829758486
256000	257000	0.668592991645877	-2.56292319624906	2.54548065417231
257000	258000	0.273143812427553	-2.24741225322517	2.28998366173266
258000	259000	0.597672948179536	-1.92256471286615	2.54815507303136
259000	260000	0.637086992168488	-1.48603902717286	2.29464134083028
260000	261000	0.449176422571712	-1.08634565360749	1.98158735698646
261000	262000	0.687825572510825	-0.74598363232794	1.60180435436506
262000	263000	1.03728427204627	-0.554236855178769	1.2340646445702
263000	264000	0.952298202700752	-0.850855166580198	0.732761692290386
264000	265000	1.15576077288657	-0.47091538984036	0.338444590487446
265000	266000	1.76347238349215	-0.542647724565031	0.211023591893625
266000	267000	2.26491276365026	-0.960633518287316	0.237866058731278
267000	268000	1.91693464905492	-1.34149611525709	-0.153626823289171
268000	269000	1.56681419352029	-1.30253901238175	-0.668123313361889
269000	270000	0.990979961526503	-1.32076469440539	-0.470530513472005
270000	271000	0.590797281233213	-1.75880315904656	-0.293963182716457
271000	272000	0.347463338034347	-1.44622138224181	0.15711356825985
272000	273000	0.140577042968757	-1.83452675066366	0.557090779419593
273000	274000	-0.184709048789341	-1.69764813065491	0.989777547906253
274000	275000	0.0428717699270689	-1.98014696122593	1.47300561779972
275000	276000	0.525669798264723	-1.78879785564479	1.72344977514897
276000	277000	0.732556351679575	-1.69125325643243	1.08642481148039
277000	278000	1.06807237308227	-1.30379326975937	1.49993215916675
278000	279000	1.50243336103833	-0.884327757411792	1.65383529793478
279000	280000	1.64083742311661	-1.18683201628286	2.1628378858015
280000	281000	1.74054055487584	-1.5404312637846	1.67154230705685
281000	282000	1.34295487798652	-1.82208950097475	1.94173898571099
282000	283000	1.10984472501025	-2.25236380435624	2.20995785341622
283000	284000	0.944411079593352	-2.33299920623702	1.68266704827603
284000	285000	0.952930352015652	-2.6470816252376	1.22808893468541
285000	286000	0.578572298769243	-2.52422036622154	0.69561074463747
286000	287000	0.29808767405102	-2.70728803388704	-0.22278898387355
287000	288000	0.10174028898806	-2.12054157092079	-0.0128353908489607
288000	289000	-0.163144020995552	-1.95147499867855	-0.525825792963309
289000	290000	-0.29158602333902	-1.71271891701446	-1.02188327978534
290000	291000	-0.505569909013357	-1.57778092923573	-1.52154474229393
291000	292000	-0.521507331194383	-2.08893177060425	-1.73226376216544
292000	293000	-0.135286739857968	-1.78973445529524	-1.95340584075668
293000	294000	0.119254706290598	-2.16598943046768	-1.76117527637176
294000	295000	0.451626727505031	-1.98833757319307	-2.09231406954579
295000	296000	0.714368083978608	-2.01524736221945	-1.60626540193138
296000	297000	1.32116237505803	-2.00978661960026	-1.76328686631046
297000	298000	1.23379522712007	-1.82608506670302	-1.19946806365252
298000	299000	1.71996575020902	-1.89523222928229	-0.953658189725415
299000	3e+05	1.61936498201532	-1.90060369523728	-0.418566984233094
3e+05	301000	1.40857624495215	-1.76931110504786	0.0400438495280341
301000	302000	1.80620303543068	-2.02257360520113	0.290186783548101
302000	303000	1.5619600525531	-2.07716091275593	0.796800486558202
303000	304000	1.19813488325266	-2.35096769415516	0.372799432601797
304000	305000	1.12773998756315	-2.93096776825969	0.385080178322258
305000	306000	0.624246491353803	-3.16660030970645	0.597206756224655
306000	307000	0.701228221226122	-3.52768328008535	0.143603523665103
307000	308000	0.54212506978864	-4.05028185470744	0.370690839135169
308000	309000	0.223482240754406	-4.09537910085209	-0.071897168804802
309000	310000	0.152228776030148	-4.6275787747076	0.189127766747168
310000	311000	-0.299426922275051	-4.52999127617713	-0.106417675885308
311000	312000	-0.493015079289992	-4.9755418014346	0.0303300802771154
312000	313000	-1.03602397770108	-4.77805955665616	-0.336492967046714
313000	314000	-1.05646049470106	-4.72800484680783	0.243776830097766
314000	315000	-0.940154552994066	-4.28402826770486	0.0674725641031142
315000	316000	-0.733406112875762	-4.29246292521244	0.493443061241193
316000	317000	-0.648576341211209	-3.7814556449785	0.493087417187894
317000	318000	-0.281355319400785	-3.98261770777057	0.900385679854178
318000	319000	0.337617849172336	-4.09787628163522	1.32185658030006
319000	320000	0.331913847347939	-3.62805967367541	0.829667264186753
320000	321000	0.132250338837936	-3.49959305413732	0.376293981750447
321000	322000	-0.088844133230403	-3.14525749161139	0.686459586277252
322000	323000	-0.314286359049113	-3.19173939468032	1.26738329544273
323000	324000	-0.422957934435488	-2.62077217831494	1.51565341279613
324000	325000	-0.862960096079752	-2.6270517400232	1.85088410041547
325000	326000	-0.769029325269388	-2.11183575598212	1.90402141674003
326000	327000	-1.26086517040052	-2.10769268552097	1.79193977249511
327000	328000	-1.30435164330718	-1.62037454921594	1.8527151882804
328000	329000	-1.75632920502589	-1.53137684308959	1.64643435786787
329000	330000	-1.85663935851451	-1.02617203632409	1.82620953238171
330000	331000	-1.66410292502505	-0.788001464761761	1.31262862954441
331000	332000	-1.41480397558384	-0.268793594065657	1.31297570481636
332000	333000	-1.04480582179886	-0.545372179453378	1.0244292111085
333000	334000	-0.98352293907544	-0.346142891241393	0.542751029406312
334000	335000	-0.393285170767521	-0.284223057292898	0.432380817380684
335000	336000	-0.350911440636106	-0.141743847040459	-0.15706961124669
336000	337000	0.204245687806556	-0.256315313167947	-0.388779665804953
337000	338000	0.419940526586624	-0.234095476043553	-0.999939486002675
338000	339000	0.472832304813454	-0.67770015778179	-1.38789753531524
339000	340000	0.0445367040487063	-0.293950469218361	-1.66018965648658
340000	341000	-0.447535462297856	-0.657606819640399	-1.43862907856706
341000	342000	-0.859086123247415	-0.930540783692361	-1.10001119895986
342000	343000	-2.04540830629746	-2.2375634321851	-2.09738944021638
343000	344000	-1.01502386348953	-1.6823272023667	-1.03816145586336
344000	345000	-1.22069740155139	-2.18508454263873	-0.944068882759141
345000	346000	-1.08532114691344	-2.87220663706458	-0.760877352551203
346000	347000	-1.52038142189182	-2.77920786457064	-0.439314550350478
347000	348000	-1.36889158470229	-3.04880636421564	0.0741010008923994
348000	349000	-1.89915364423847	-2.85387672985122	0.142955413254304
349000	350000	-1.63502546521053	-2.39060469019309	0.197074175141167
350000	351000	-2.03526151972722	-2.31436246461324	0.53888414610348
351000	352000	-2.1494132880496	-1.81675941704136	0.384347543584231
352000	353000	-2.23858747687851	-1.8761359377546	0.927214308194205
353000	354000	-1.59815954118874	-1.78873582996668	0.989584714344469
354000	355000	-1.33242308400896	-2.27806229776551	0.897791317479909
355000	356000	-0.867385942496999	-1.94085704686142	0.95489862796374
356000	357000	-0.523658599048004	-2.02940507013189	0.553476960981646
357000	358000	-0.409214306305112	-1.49887600392922	0.352044855225315
358000	359000	-0.158903048938321	-1.33085898266731	-0.189007941125561
359000	360000	0.233934275318921	-1.40779379979515	-0.79023386616891
360000	361000	0.335254505984117	-0.862696277306232	-0.599681938468257
361000	362000	-0.0459142964572997	-0.834172566622713	-1.04418587501097
362000	363000	-0.411983846707526	-0.613173813921911	-0.670678757318643
363000	364000	-0.716838547881358	-0.765950026797566	-0.177314688721322
364000	365000	-1.1091201207397	-0.27439188522318	-0.317579589892551
365000	366000	-1.49920002867439	-0.687663795761486	-0.172333344001419
366000	367000	-2.01556263526087	-0.757021075802098	0.0696806130616945
367000	368000	-2.42801998825343	-0.745323675458953	0.498508535575968
368000	369000	-2.66852914238711	-1.24213564123607	0.277285801834176
369000	370000	-2.90042840757252	-1.27524607365952	0.8490304135978
370000	371000	-2.95515641095041	-1.91331780510682	0.252560389426112
371000	372000	-3.08247389994277	-1.92012242626009	0.758793842730623
372000	373000	-3.66482076247805	-2.12182936196505	0.465082698296026
373000	374000	-3.44247009347579	-1.4436154041213	0.578680301951976
374000	375000	-3.28521188889648	-1.24814522304659	0.00692788191223723
375000	376000	-3.03587503753507	-0.747051164791105	0.280025883004583
376000	377000	-2.72459078256237	-0.589867642471248	-0.195838105763992
377000	378000	-2.36772502726515	-0.132558323169459	0.065468736234037
378000	379000	-2.1535114572156	0.438786772270976	0.269802990750439
379000	380000	-1.57276032253243	0.20528357193631	0.337326540991494
380000	381000	-1.08286636714304	0.523735384567279	0.222879446216748
381000	382000	-0.83961484502387	0.340383886703269	0.712522742541178
382000	383000	-0.36465695313209	0.488931505753734	0.435528665938926
383000	384000	-0.390542151041224	0.830286925002817	0.00462397695931854
384000	385000	-0.0102366243390126	0.606449934456364	-0.377084582367211
385000	386000	-0.602779559326723	0.471895708261581	-0.534806771248981
386000	387000	-0.360250085991817	0.136486260151687	-1.00994966716349
387000	388000	-0.820001424706014	-0.173399475815457	-1.16923119567529
388000	389000	-1.19631463491197	-0.337594973825726	-1.5391936214214
389000	390000	-1.68923379256721	-0.659056179572452	-1.43670652010778
390000	391000	-2.07818592781005	-0.347098174208918	-1.12652422818459
391000	392000	-2.15541140051861	0.198903889209234	-1.39504048162114
392000	393000	-2.33526156122066	0.734610351362671	-1.33276637966223
393000	394000	-2.85667613330541	1.06296244248716	-1.52366542902049
394000	395000	-2.96403216388981	0.532568620537649	-1.24912453486166
395000	396000	-3.43469639361009	0.89560451342052	-0.987573942513838
396000	397000	-3.44645463870986	0.373314040921273	-0.782373634459863
397000	398000	-3.82644339167468	0.0770215128040128	-0.613628418221905
398000	399000	-3.78240000376532	0.360115531669113	-0.219328783340311
399000	4e+05	-3.76004334264378	-0.0996252307518268	-0.0218525951837841
4e+05	401000	-3.99749570338569	0.0558579018457057	0.503642796200084
401000	402000	-3.66128609580849	0.441657281921894	0.579562240140362
