0	1000	1.19771534633026	-2.24759723398196	0.373878156801004
1000	2000	1.43052925813155	-2.52623154449369	0.227586533857811
2000	3000	1.19129672687596	-2.26562856517343	-0.071190473490349
3000	4000	1.522686093162	-1.97006974229713	-0.0426613713124674
4000	5000	1.46239243824065	-1.92080196218235	-0.541177012225688
5000	6000	1.51358750854421	-1.4621666653431	-0.933217355049534
6000	7000	1.44862228774716	-1.046846676292	-1.27234718883281
7000	8000	1.35361101880058	-0.705859328336189	-1.59565685884665
8000	9000	1.08681836682459	-0.657532428887733	-2.03203042090209
9000	10000	0.685500237378494	-0.376237155076069	-1.69627899752112
10000	11000	0.352415349817674	-0.457646259438016	-2.20341602629071
11000	12000	0.0717120758205349	0.0275400886944047	-1.86420849944653
12000	13000	-0.34104011289917	-0.0761541063197036	-2.34750759903219
13000	14000	-0.615121465833886	0.409372039698336	-2.05040241642486
14000	15000	-0.415901937312514	0.537279846407934	-2.48801949796395
15000	16000	-0.0325211792741585	0.603255750777215	-2.12683556106476
16000	17000	0.109766688645635	0.362495376905383	-2.58897748354764
17000	18000	0.466978670136761	0.0235165288273214	-2.35390872350029
18000	19000	1.06807368795433	-0.0592950774443469	-2.6503220974515
19000	20000	1.05366048503275	-0.0883747588981237	-2.01667061022533
20000	21000	1.11526978101158	0.0977743472549955	-1.42949499512587
21000	22000	1.51853469466312	-0.12819489028928	-1.38811024121059
22000	23000	1.68516319884875	-0.262971945752441	-0.996179162875778
23000	24000	2.10999472876341	-0.435606158190478	-1.13724696284588
24000	25000	2.30963077833272	-0.00365553212878304	-0.935207267730243
25000	26000	2.13983094108254	0.533629940935658	-0.915882423524741
26000	27000	1.9316612457471	1.15095385802913	-0.645201117085682
27000	28000	1.52809683955609	1.39565311454559	-0.900430147150763
28000	29000	1.11090843036508	1.13200930767904	-0.914117821619251
29000	30000	1.19743575138175	1.64909090522852	-1.31247878641801
30000	31000	0.699013777806861	1.5235743434607	-1.15257654617441
31000	32000	0.483080590297256	2.02137617826631	-1.31731243889512
32000	33000	0.147169304144393	1.83678510036663	-0.938234324176681
33000	34000	-0.0984624082762067	2.27342273700349	-1.1168495669027
34000	35000	-0.402795079175807	1.85807959338096	-1.02211716618161
35000	36000	-0.558758140003909	2.08042464617542	-1.46738461182779
36000	37000	-0.573073817326171	1.59143466377741	-1.55370795482534
37000	38000	-0.225956709309875	1.79682534722806	-1.70472986720975
38000	39000	-0.169750866847518	1.4211752888937	-1.92318421781648
39000	40000	0.205009110826034	1.73685370180181	-1.74805121244375
40000	41000	0.279174365919968	1.46919917303069	-2.04921594166544
41000	42000	0.354081165643466	1.25048133404363	-1.58509421734554
42000	43000	0.442578071602015	0.785547802204409	-1.67129662391615
43000	44000	0.875682563236581	0.773017790290525	-1.476576979189
44000	45000	1.38023897884382	1.32426749289152	-1.74680757339796
45000	46000	1.70484843719303	0.836194265500012	-2.26060087031311
46000	47000	1.65694733200188	0.255815282506793	-2.20590963818665
47000	48000	1.46782387806312	0.0761355963848182	-1.90530928202689
48000	49000	1.75293916725223	0.13937952187367	-1.69781855126647
49000	50000	2.14991882832014	0.0393112223216086	-1.67341639129409
50000	51000	2.02333162656791	0.420952986165401	-1.5427923360128
51000	52000	1.70008359652908	0.482161154284433	-1.5223712769277
52000	53000	1.8932542352111	0.631282058833691	-1.80119575643163
53000	54000	1.6372274121423	0.556493138553748	-1.91433341623509
54000	55000	1.40125406108613	0.478655431107377	-1.76327113870981
55000	56000	1.37684310907381	0.52956275081176	-2.14237296675557
56000	57000	1.05651435108731	0.530220739085091	-1.90142891418523
57000	58000	1.12601633417564	0.610965048748741	-2.42952394134312
58000	59000	0.829785834786421	0.287448442348119	-2.15104458199322
59000	60000	0.741545875793806	0.408630702113972	-2.62431662179525
60000	61000	0.474395434557572	0.482428539115261	-2.26863618867549
61000	62000	0.44549338113748	0.741355119094777	-2.57663081857412
62000	63000	0.439984721503748	0.845166966580485	-2.2629167732615
63000	64000	0.769855721803953	0.822669373829027	-2.43823781371791
64000	65000	0.749165548508157	0.808937454828212	-2.09884479344606
65000	66000	0.725585819057314	1.16805984088217	-2.3541529320759
66000	67000	0.725952523262161	1.19714620912684	-1.96087597780169
67000	68000	1.07908897762889	1.27270268059202	-2.17422406739926
68000	69000	1.03390832919295	0.979617703239412	-1.87668091602543
69000	70000	1.29951754190699	0.928943190581489	-2.08284097832343
70000	71000	1.34977534805031	0.846517160858363	-1.73394474210422
71000	72000	1.6847277044167	0.932054032337451	-1.76828626379741
72000	73000	1.57103736267345	0.808739883744788	-1.43585036316631
73000	74000	1.97182258914627	0.955998260693954	-1.31189906075358
74000	75000	1.59382910397489	0.684031336095473	-1.0136210587145
75000	76000	1.67504096651886	0.701562114791161	-0.517514060123767
76000	77000	2.30564437669658	0.853510260962412	-0.260909582728084
77000	78000	2.16536553529777	0.402882939588682	-0.353147311276259
78000	79000	1.9029974806968	0.105116283592872	-0.541681166475599
79000	80000	2.34663879259163	-0.136694938350649	-0.226024232357895
80000	81000	2.34505015639598	-0.544356222814255	0.00463869817334558
81000	82000	2.15909606775822	-0.967449458679611	0.275734055099933
82000	83000	2.38122648783925	-1.51924748929526	0.465018494438514
83000	84000	2.06134478796575	-1.50757154837396	0.82946406596225
84000	85000	2.15361568032469	-1.45222411963255	1.29285591550558
85000	86000	2.17202624226637	-1.0873382217707	1.63096444926404
86000	87000	1.89473169422519	-0.835291707227535	1.39334250489082
87000	88000	1.48125825710547	-0.719003025930725	1.17739965836948
88000	89000	1.0145718093823	-0.618791365597626	1.00458005539999
89000	90000	0.617183030016423	-0.980440808551103	1.16647340924441
90000	91000	0.249032479224736	-1.40821996387653	1.19745213800745
91000	92000	-0.111417087296894	-1.87157873409092	1.30703056753221
92000	93000	-0.417634458415773	-2.04678221899314	0.847151156644121
93000	94000	-0.515670337080014	-1.83742490146584	0.317346275325505
94000	95000	-0.134497281714064	-1.74653409010899	-0.0976540988308948
95000	96000	0.252983053474081	-1.72240291283073	-0.485709788391577
96000	97000	0.765363115267511	-1.77840941570199	-0.625606630216336
97000	98000	1.10847150363388	-1.38401864801998	-0.447892247671241
98000	99000	1.76885553240945	-1.37567740145778	-0.344715124126881
99000	1e+05	2.01075337281417	-0.927293376933092	-0.472030111097055
1e+05	101000	1.7180662423213	-0.471867000215174	-0.260212097186847
101000	102000	1.72253736779297	-0.0498278910489101	0.152200333957595
102000	103000	2.04989448143363	0.118031555670167	0.511024966409625
103000	104000	2.08012334337476	0.446769834937372	0.943516044495203
104000	105000	1.57206078104867	0.779038003051222	0.938069972067483
105000	106000	1.00024037739873	0.873803856304444	1.11254042133094
106000	107000	0.899191914374101	1.16275443942377	1.64270001418455
107000	108000	0.459106008559422	0.803326813810333	1.78076763507278
108000	109000	0.685320262550621	0.705641262637542	2.18952752498707
109000	110000	0.770084631674171	0.376983378860978	2.44981317245872
110000	111000	1.1480625242656	0.288926416223283	2.73149675550756
111000	112000	1.26566703114925	-0.248567344471843	2.98167195041745
112000	113000	1.65897362334342	-0.518826117277664	2.84734534818524
113000	114000	1.80587299200472	-0.737184655985515	2.49950722839548
114000	115000	1.89064390325595	-0.898279540083792	2.17586383189679
115000	116000	1.48566967343059	-0.73346379250616	2.10568770849335
116000	117000	1.42817673624134	-0.731417893581945	2.41598545654555
117000	118000	1.41247492345282	-0.983264372579344	2.7007116432308
118000	119000	1.18418570959252	-0.960614801811486	2.38706140431147
119000	120000	1.00125991087837	-1.12688446206272	2.59458216677
120000	121000	1.24486144054168	-1.44817774185754	2.57503672415009
121000	122000	1.5532408679179	-1.31183463498849	2.33077424409954
122000	123000	1.20166045324236	-1.29015976488957	2.10351304789501
123000	124000	1.04692604384981	-0.943136475502905	1.95809237527974
124000	125000	0.880031102330933	-0.552150090427134	1.84507932962806
125000	126000	1.27293123991889	-0.356307760470374	1.60482983800422
126000	127000	1.09679496585733	0.0487104373433864	1.77829132580971
127000	128000	1.56544475698958	0.249660626745175	1.6577967978482
128000	129000	1.37977279689201	0.585709005016409	1.99241609177757
129000	130000	1.7928325833854	0.368016013336495	2.0639067539408
130000	131000	1.54110946182022	0.264401711206837	2.32100245198281
131000	132000	1.60895091272653	-0.00199053474529389	2.12045065315328
132000	133000	1.76515716520131	-0.133887187839269	2.41035512097705
133000	134000	1.69300881136071	-0.377772866387335	2.15232974923637
134000	135000	2.08258459943437	-0.379030079922164	2.11413964929582
135000	136000	1.760275420591	-0.363344797590471	1.73165596136871
136000	137000	2.18379010982164	-0.230793620862057	1.53113095926568
137000	138000	1.80132416161051	-0.165867284330098	1.11567402977484
138000	139000	2.26137661729485	-0.525474245956557	0.854025702843992
139000	140000	1.78706704699702	-0.694450247949762	0.601376302497536
140000	141000	1.7073075182289	-1.18356504242831	0.786653074841576
141000	142000	1.60255999986262	-1.64626504953679	0.915375863536568
142000	143000	1.91382354572259	-2.09047868817624	1.17086883894316
143000	144000	1.23410414578777	-2.23561770081828	1.5831436601327
144000	145000	0.963836254628223	-1.85749186977293	1.53609556607694
145000	146000	1.0318999476762	-1.89060241631385	1.98794533228902
146000	147000	0.869540563866898	-1.90293299635868	2.47446706822168
147000	148000	0.666418804166672	-1.40910048402266	2.30708068270165
148000	149000	0.379498231258416	-1.12638215915594	2.12742130885437
149000	150000	-0.0445178527064205	-1.10713120463273	2.43722963403384
150000	151000	0.10705516349846	-0.668078015628292	2.29640207113675
151000	152000	0.395145106527766	-0.806417512020638	2.74967815369011
152000	153000	0.587175779258895	-0.497182655457967	2.37055679877519
153000	154000	0.74065689951416	-0.453569210604843	2.92495440494884
154000	155000	0.874975157994569	-0.617922029511276	2.60454000643184
155000	156000	1.19260747198517	-0.571426718683978	2.70905002418811
156000	157000	1.19001500146837	-0.427021110202944	2.35259734280661
157000	158000	1.36107029053262	-0.17492492854491	2.5748311804331
158000	159000	1.07255663821339	-0.0568897772979511	2.31873862050001
159000	160000	0.941944275504128	-0.131652675885271	2.68205173137308
160000	161000	0.659053705344863	-0.0849177851591557	2.44122975004749
161000	162000	0.533558284655639	0.0301972444898967	2.84130664985703
162000	163000	0.302210977867009	-0.269273522716072	2.69205542411222
163000	164000	0.11552970644837	0.0135643995652593	2.3846486263511
164000	165000	-0.247228022250401	-0.243619524520873	2.44234649184921
165000	166000	-0.539072929131575	0.0596307940188616	2.2348176309447
166000	167000	-1.00103880534934	0.3113693292254	1.98590878971885
167000	168000	-1.3649459737045	0.492370578031605	1.51557703850225
168000	169000	-1.64129280970387	0.933114008840942	1.30386999468427
169000	170000	-1.31329209697862	1.34466207513002	1.23635023916466
170000	171000	-1.06444460491565	1.75443666376253	1.38149912725912
171000	172000	-0.791750605955975	2.07662218099165	1.2129257143945
172000	173000	-0.850954497701984	2.50564633649179	1.08455607753363
173000	174000	-0.450875790657613	2.43684072193054	0.98523298182534
174000	175000	-0.398081062038463	2.85468480155691	0.84726316579548
175000	176000	-0.125192718687192	2.58461441377223	0.711102831467633
176000	177000	0.0479401564076676	2.93658486233916	0.615746749941425
177000	178000	0.0968647483726726	2.5097490628676	0.403734943688745
178000	179000	0.301297978507603	2.27842654502529	0.1826326209386
179000	180000	0.63527922084136	2.35632053374408	0.394999881590576
180000	181000	0.72744011838256	2.7471705876803	0.315461999409534
181000	182000	0.463828113431481	2.65285813185099	0.542461752995204
182000	183000	0.367595461619233	2.8332794331937	0.326742524633647
183000	184000	0.452352001335378	2.62312322945696	0.127581542372098
184000	185000	0.378435903973609	2.91235631202817	-0.0448413832204458
185000	186000	0.355049692866152	2.58498413915811	-0.271282653017035
186000	187000	0.718355937537717	2.35490743038906	-0.279055702744785
187000	188000	0.628461645275267	1.81460987779082	-0.133118498652208
188000	189000	1.17505021040701	1.96144108225462	0.212148314180436
189000	190000	0.600790426967158	1.47749154481364	0.462342896633719
190000	191000	0.89508719433508	1.709434724429	0.995205010471228
191000	192000	0.351043583775775	1.72104353212725	1.17844146726028
192000	193000	0.571346492990517	2.23373325509729	1.0754686477368
193000	194000	0.237903088292695	2.3084147127654	0.865074099691885
194000	195000	0.106894663064632	2.66730553115109	1.17122783530689
195000	196000	-0.045375224216639	2.25949085028883	1.29848584033874
196000	197000	-0.304372559929052	1.91948449505712	1.42579589221853
197000	198000	0.0317939921577356	1.72533876019975	1.77809588883338
198000	199000	-0.441751936871042	1.3550219329827	1.92681294999027
199000	2e+05	-0.200995717927936	1.00735435590739	1.56709688983761
2e+05	201000	-0.643108286009378	1.1262210445901	1.24323196560222
201000	202000	-0.176183736542736	1.14466038924365	0.838886697810636
202000	203000	-0.285202347210434	1.23052967658253	0.294737996528415
203000	204000	-0.202452631634124	1.59205589092407	-0.0673463711061269
204000	205000	-0.660943538601343	1.78570244331726	0.100491399724157
205000	206000	-0.808266983586455	2.18255398736874	0.108591870951283
206000	207000	-0.934893799050691	2.57431678419145	0.0129050633553902
207000	208000	-1.23660731051407	2.84836194287472	0.14653067130227
208000	209000	-1.26405724952676	2.35849661136118	0.2261396226663
209000	210000	-1.33357130502804	2.57090534590747	0.541103415808816
210000	211000	-0.991054748132557	2.42581367403754	0.549880812368015
211000	212000	-0.904353090557181	2.74365672265905	0.613987602946311
212000	213000	-0.658320582243581	2.51556699585449	0.52318699697233
213000	214000	-0.628974735845787	2.84818661129487	0.36946957383735
214000	215000	-0.350965526987477	2.62962969986379	0.364169647034002
215000	216000	-0.292958135470738	2.98842797004946	0.357025919585586
216000	217000	-0.0247059981068981	2.92507159692088	0.185559992870913
217000	218000	-0.079513227369648	2.6282676231486	0.0682739536615653
218000	219000	-0.19896881056984	2.9105203114396	-0.16172141367181
219000	220000	-0.389674284691283	2.54395431565047	-0.140556759146629
220000	221000	-0.648981362572279	2.83030026047299	-0.306089718422367
221000	222000	-0.628174171870395	2.31963816086193	-0.471776299930555
222000	223000	-1.07130459645731	2.36407356829476	-0.539142401869995
223000	224000	-0.885873059450481	1.75156632096914	-0.57049151060787
224000	225000	-1.31703788332687	1.64366417852806	-0.304937978015072
225000	226000	-1.18209112195084	1.31332234140801	0.13310750912067
226000	227000	-1.47731541462703	1.05551339705314	0.49858564059039
227000	228000	-1.27647305851161	0.572634302008216	0.159001051106698
228000	229000	-1.47620510491542	0.345561519076661	-0.348563482596761
229000	230000	-1.40950666821836	0.414960358821115	-0.870555133311136
230000	231000	-1.11481489177282	0.845174474344782	-1.18424440114867
231000	232000	-1.14130101478221	1.28757905619703	-1.46394653490996
232000	233000	-1.21986199699494	1.84010333773957	-1.39338311844899
233000	234000	-0.908727671632499	2.18828043962837	-1.07232903351951
234000	235000	-0.623120255437165	2.79165695810566	-0.922273349347586
235000	236000	-0.12765205484152	2.67232387044685	-0.649529265663411
236000	237000	0.00931431362552059	2.27289314181548	-0.381882186831868
237000	238000	-0.118833015308693	2.12231834215048	-0.00316695027614795
238000	239000	-0.295692972712208	2.19546996049155	0.366646506361974
239000	240000	-0.224903588664705	2.08746942429851	0.76876229061836
240000	241000	-0.581967696739265	1.88763865307653	0.677833684023274
241000	242000	-1.00071470086886	1.86107942132319	0.683905690279052
242000	243000	-1.44253916089745	2.01798252240153	0.684220160032035
243000	244000	-1.5597019136971	1.97926574137451	0.183375185940914
244000	245000	-1.61826125795754	2.30264195298365	-0.206330156006309
245000	246000	-1.55157950338216	2.04509964354785	-0.65412884204507
246000	247000	-1.67362452669272	1.69817147195822	-0.90302439146634
247000	248000	-1.698258834256	1.3989319947619	-1.20627415699745
248000	249000	-1.9933427082481	1.12799479671999	-1.2743948967456
249000	250000	-1.85529382828551	0.828383054358302	-1.53769584618948
250000	251000	-2.06035909803966	0.482474638941677	-1.44564211866217
251000	252000	-2.23736979030196	0.177315702026873	-1.69137151873359
252000	253000	-2.1218571120586	-0.106831344897432	-1.36863943895372
253000	254000	-2.42283726313788	-0.389604623156629	-1.43752637057981
254000	255000	-2.45532599636337	-0.762832144917751	-1.59635593275371
255000	256000	-2.47379362844034	-1.12204551505253	-1.85143932217079
256000	257000	-2.05503638940261	-1.00178655191285	-1.69559545135818
257000	258000	-1.785525034778	-1.04605551234524	-1.9785267669274
258000	259000	-1.38128195209903	-0.900015196169825	-1.96742328771803
259000	260000	-1.19469805083568	-0.548731052056832	-2.25362131250917
260000	261000	-0.713014499059276	-0.641963126254924	-1.98034142133251
261000	262000	-0.799467030432483	-0.0933954500255038	-1.78523299329
262000	263000	-0.670327472474518	-0.076019787233742	-1.2581322634325
263000	264000	-0.680786932635243	0.348035049801952	-0.913287813539007
264000	265000	-0.708143397890207	0.730258243542775	-0.5433396832766
265000	266000	-1.24344651187052	1.02760944772488	-0.511016995512965
266000	267000	-1.88647767511129	1.27151743992072	-0.466746951840492
267000	268000	-2.13017989582565	1.21235328887708	0.0119909691166791
268000	269000	-2.06085765306791	0.752030141751339	0.436209735400664
269000	270000	-1.90876604344515	0.168788164150089	0.603092704608661
270000	271000	-1.80485435178965	-0.185969236826678	0.115265321182757
271000	272000	-1.52415693017285	-0.387747181975757	-0.271988184093369
272000	273000	-1.19405673456687	-0.550845217274165	-0.631356118174348
273000	274000	-1.09692248171948	-0.957005130873492	-0.93382637511796
274000	275000	-1.03184895420145	-1.03897853282874	-1.48643805581386
275000	276000	-1.33546437333594	-0.646781426424413	-1.4362300334843
276000	277000	-1.40381067562217	-0.258562678693	-1.74652337022377
277000	278000	-1.56007361977172	0.0487993668212445	-1.31502939355891
278000	279000	-1.39874913985169	0.470477076580124	-1.73110505484546
279000	280000	-1.87039279864985	0.560216917633447	-2.00365889586038
280000	281000	-1.66008063586061	0.0954097214804837	-2.0217156142291
281000	282000	-2.01764157338455	-0.193943068118977	-1.98842223748835
282000	283000	-1.84174677941697	-0.590917364662819	-2.10415974353122
283000	284000	-1.99649780106883	-0.573449983361153	-1.65939057698131
284000	285000	-1.86387275092988	-0.732327340462892	-1.31109031923064
285000	286000	-1.91264179295123	-0.5771932922337	-0.904708621282283
286000	287000	-2.40761289151432	-0.524378447651671	-0.406622426741901
287000	288000	-1.90629905525663	-0.83450395539258	-0.289477269688392
288000	289000	-1.93219704237763	-1.26621538199594	0.035000643802812
289000	290000	-1.74920854164417	-0.872315606861163	0.364362195085629
290000	291000	-1.86025577759799	-1.2913855627834	0.680947923004661
291000	292000	-2.12116136494145	-0.819468230612258	0.778929257579381
292000	293000	-2.32755521237155	-1.14402926414326	0.453192311142995
293000	294000	-2.30744712142104	-0.844685613514234	0.217171770213768
294000	295000	-2.63880861263654	-0.812325007413822	0.0326936680266175
295000	296000	-2.417347667387	-0.403577597842198	0.198229497548691
296000	297000	-2.74193922618486	-0.0790295503540352	0.0828421359341175
297000	298000	-2.36723983246201	0.198086321016207	0.242865683815598
298000	299000	-2.54210221645426	0.584820760516461	-0.0398421085359972
299000	3e+05	-2.0921507340788	0.568698506841231	-0.236129425225644
3e+05	301000	-2.36792721247878	0.831535031807819	-0.63283311684286
301000	302000	-2.03005775598482	0.482987609184023	-0.830059283062105
302000	303000	-2.5549673665713	0.376517665165751	-1.06676507262615
303000	304000	-2.28744367756866	-0.0562558298629247	-0.783677045427374
304000	305000	-2.76895436174724	-0.346125302160892	-0.838752680301061
305000	306000	-2.40841529990746	-0.629753207856881	-0.919944114897156
306000	307000	-2.70907004448446	-0.934367849738543	-1.09099439651907
307000	308000	-2.32758425369558	-0.988160628327946	-1.18644792858568
308000	309000	-2.52421570196246	-1.28879905294316	-1.08652736656434
309000	310000	-2.23013761583155	-1.28455269524722	-1.07021840416453
310000	311000	-2.31172632036177	-1.44113472587682	-1.29198456893066
311000	312000	-2.05762696673486	-1.52201408264522	-1.19987989259672
312000	313000	-2.25087847976536	-1.76963325333954	-1.12957372762186
313000	314000	-2.00396969230204	-1.71233555639815	-0.932351211326723
314000	315000	-2.31848675279128	-1.58263777628693	-0.87413727828884
315000	316000	-2.08435445612912	-1.43159677350037	-0.785050566144979
316000	317000	-2.11907722654604	-1.59588697051801	-0.520026335165484
317000	318000	-2.40905345617387	-1.40729393483238	-0.396659279358917
318000	319000	-2.83400541033226	-1.26065245228386	-0.544489540482736
319000	320000	-2.41139972818754	-1.03814749481122	-0.637408804176832
320000	321000	-2.00811220381116	-1.06308980476143	-0.737566460382973
321000	322000	-1.8659258235891	-1.1380407865825	-1.10430597554798
322000	323000	-1.64509249028254	-1.48484302493556	-1.1370297230662
323000	324000	-1.98174472939573	-1.41820639563251	-1.60353524760866
324000	325000	-1.67470224738141	-1.70258497215147	-1.55253908912696
325000	326000	-1.47612854969073	-1.38412942730256	-1.77733390311894
326000	327000	-1.11028912388635	-1.60016565596381	-1.63125592235179
327000	328000	-0.632796830763089	-1.5536631464475	-1.71300966839506
328000	329000	-0.244965183654234	-1.64932463923644	-1.3755467064175
329000	330000	0.200166836473943	-1.81804317291361	-1.54935294257757
330000	331000	0.660430521568373	-1.56924812962077	-1.32978810809604
331000	332000	0.430594764715873	-1.18809504730933	-1.77086920385436
332000	333000	0.388328465008321	-1.01902969222002	-1.15787034433698
333000	334000	-0.0788510676306803	-0.735806231068796	-1.21823148048772
334000	335000	0.100530464475739	-0.59620421353064	-0.632965404070059
335000	336000	-0.0303227754831112	-0.144622570883506	-0.28239720565627
336000	337000	-0.294422288803282	0.201345690012027	0.103444347129213
337000	338000	-0.49833441664039	0.425852880779355	0.620683948226514
338000	339000	-0.732506438125378	0.404641748949307	1.17665126667145
339000	340000	-0.861841559191726	-0.0674867002636166	1.49746170895727
340000	341000	-0.79522604553639	-0.657476946629001	1.63015504144659
341000	342000	-0.901693506483873	-1.27607929791335	1.7188602488676
342000	343000	-2.40611520484941	-3.020932970134	3.17562176761494
343000	344000	-1.0720244554976	-1.73553675471419	1.17894632067983
344000	345000	-1.10310382819448	-1.80524983304713	0.673583575958053
345000	346000	-1.4313980146758	-1.95333309285156	0.302732990573239
346000	347000	-1.63767156356984	-1.90785603257381	-0.0654936037821916
347000	348000	-1.55988728211235	-2.06885615445948	-0.505179999768954
348000	349000	-1.11057153415319	-2.22599943672408	-0.296552921785733
349000	350000	-0.723226868800887	-2.38979334751067	-0.0829972829798439
350000	351000	-0.285889439608921	-2.43824325161765	0.125859749732223
351000	352000	0.116870213038637	-2.4605305717371	-0.0361337601876756
352000	353000	0.357445256305295	-2.42144199048255	-0.42116773839287
353000	354000	-0.156339458799855	-2.31690878678601	-0.704619447721662
354000	355000	-0.593643540282015	-2.15599445070769	-0.819361042968906
355000	356000	-1.10890231467121	-2.03278657912909	-0.992856253834298
356000	357000	-0.919025575566086	-1.5781525001141	-0.794511232069194
357000	358000	-0.84638172265905	-1.40678426702907	-0.331514282064838
358000	359000	-0.756421497732101	-0.877008828931873	-0.148945343021217
359000	360000	-1.0817640313121	-0.664767443951923	0.372460263910232
360000	361000	-1.16651451977468	-0.107374971927954	0.624333211033527
361000	362000	-0.940582917846208	-0.60608290682471	1.00433195439869
362000	363000	-0.319234726377433	-0.516559029226727	0.636243672672349
363000	364000	-0.280320968586269	-1.08096627063073	0.478253450147812
364000	365000	0.356892133059211	-0.9110148713716	0.268622621428761
365000	366000	0.289694335009971	-1.47273414319651	0.519396871664617
366000	367000	0.690895841074964	-1.63726003694058	0.114086851046914
367000	368000	0.483329961331495	-2.05061074329048	0.469693175999781
368000	369000	0.738983052752208	-2.19612127803009	0.0984033840132355
369000	370000	0.882476431813706	-2.73866072401619	0.413446665555262
370000	371000	0.743536859949994	-2.67365044847266	-0.0182023170709444
371000	372000	0.460491869403673	-2.58947354900942	0.276313891519444
372000	373000	0.129632287206307	-2.83761818157677	0.506536817627868
373000	374000	0.577523835475972	-2.72501276760028	0.738448437123358
374000	375000	0.313543253842024	-2.44358394247691	0.956220189179924
375000	376000	0.75137286230939	-2.32016182027298	1.09791700007343
376000	377000	0.79315145717821	-1.85726336061583	0.931160677218093
377000	378000	1.12809249790629	-1.61757098094969	0.655684755821123
378000	379000	1.4291494966106	-1.36557070953128	0.272404143618441
379000	380000	1.13455872014201	-0.888539804623566	0.270409959800352
380000	381000	1.00579951568833	-0.75152987435594	-0.25481103711222
381000	382000	0.870968013678081	-0.352837128262976	-0.530184055463195
382000	383000	0.780847884516616	0.200296456204278	-0.349111452780042
383000	384000	1.00100831757856	0.561945122851721	0.112150171444256
384000	385000	0.907957845647635	0.334581733042073	0.629516896800909
385000	386000	0.431896802913485	0.196663045471568	0.822958524960037
386000	387000	0.203283020254296	-0.0200348947907941	1.28899714973062
387000	388000	0.0787125195316256	-0.412731644943028	1.61988880425554
388000	389000	-0.0818862462107918	-0.943355857356567	1.69290245268712
389000	390000	-0.0194278303494868	-1.53067437126894	1.8759197921686
390000	391000	0.446494872461859	-1.83673399879261	1.83846520378882
391000	392000	0.823661718546261	-1.36147969716652	1.64144494514325
392000	393000	1.31227183621879	-1.19315945704388	1.54868014953567
393000	394000	1.74453041669656	-1.34804127625032	1.81260176034132
394000	395000	1.5011033331928	-1.66926352402752	1.94299732996427
395000	396000	1.71777940822059	-1.9665094731202	1.68749156693919
396000	397000	1.41880140070169	-1.76233197009218	1.39403704002633
397000	398000	1.43099812898095	-2.10144232699023	1.180048890525
398000	399000	1.16278360073986	-2.15879572400721	0.965068637017463
399000	4e+05	1.29404953195329	-2.50129864691886	1.0107283876165
4e+05	401000	1.11708936981259	-2.46934737772071	0.666653213813082
401000	402000	1.43124764105299	-2.30235051000118	0.615695832683381
