0	1000	1.26016133258381	0.207879215047024	-0.860816874605921
1000	2000	1.27084113745477	-0.0165572662567899	-1.03582443573051
2000	3000	1.25016522289124	-0.263838250106223	-1.14697418754243
3000	4000	1.27017567251288	-0.421386193083554	-1.3258781931467
4000	5000	1.3458650471674	-0.558737870764833	-1.48186042759834
5000	6000	1.44575148175985	-0.699295738849372	-1.53783406162165
6000	7000	1.58968789903294	-0.787540438991714	-1.67447594606283
7000	8000	1.71882599479363	-0.885502121355581	-1.8179183019509
8000	9000	1.89232305376122	-0.959616845404095	-1.85010978571144
9000	10000	2.12178601375036	-0.931942189833659	-1.89796904246135
10000	11000	2.31515223007153	-0.98593315489418	-1.98149728823434
11000	12000	2.48367979877393	-0.946080556310576	-2.12268754803656
12000	13000	2.68674053166303	-0.96396536573961	-2.12433848104521
13000	14000	2.8138665871546	-0.944249803687576	-2.29672521954661
14000	15000	2.9576487682889	-0.82708876093796	-2.27250809319212
15000	16000	3.08883356889072	-0.797103540812891	-2.43572812021558
16000	17000	3.22584287651422	-0.684519588980146	-2.29538802548409
17000	18000	3.35800672654772	-0.64085004944274	-2.46757144097662
18000	19000	3.5371982401232	-0.484034909310149	-2.37683053532847
19000	20000	3.58620487514565	-0.636945687839367	-2.50501780498598
20000	21000	3.6352658724094	-0.726803720026579	-2.32362239637304
21000	22000	3.68024531623001	-0.791033130983573	-2.49448685160835
22000	23000	3.8657479294217	-0.788199922218078	-2.53495318382404
23000	24000	3.77117672663933	-0.789708517705429	-2.68466984822116
24000	25000	3.76874421445423	-0.969852912529358	-2.80515288886927
25000	26000	3.568290530635	-0.873755564118804	-2.66764927590756
26000	27000	3.58809439999638	-1.06316270684634	-2.71486049731558
27000	28000	3.39207416791164	-0.952535630643969	-2.64978990232016
28000	29000	3.4548809470613	-1.02122295007898	-2.83448297042726
29000	30000	3.24634006257083	-0.991579197168558	-2.78338594441343
30000	31000	3.32683002484048	-1.15366174416798	-2.9257715086785
31000	32000	3.1856295050305	-1.21143894317074	-2.75362092939132
32000	33000	3.32799481985	-1.35823416366977	-2.85469674694652
33000	34000	3.25021009053756	-1.38926060524547	-2.65399771159067
34000	35000	3.43609541303122	-1.50705354985836	-2.73906700114154
35000	36000	3.35971580484774	-1.55374028224771	-2.54870958470119
36000	37000	3.5219510979302	-1.6906010590054	-2.62449470925399
37000	38000	3.48705143061035	-1.61679031538763	-2.4057761173449
38000	39000	3.5796272389172	-1.77395461740192	-2.39115105208371
39000	40000	3.66076453191143	-1.61157622164565	-2.28409224662677
40000	41000	3.76829109759658	-1.63867606126137	-2.44894409349495
41000	42000	3.78328708598423	-1.52670881282165	-2.58956565902874
42000	43000	3.65068677899461	-1.38420283216119	-2.60762605745458
43000	44000	3.57786434721488	-1.32395200921553	-2.4450888338281
44000	45000	3.64300822241364	-1.37336420607674	-2.25705795116932
45000	46000	3.65791311834789	-1.25956395769678	-2.15713814876989
46000	47000	3.61970540295201	-1.12310780812901	-2.01386204103472
47000	48000	3.70067886448291	-0.93937569000956	-2.05757687543718
48000	49000	3.63136780000208	-0.817650138832683	-1.95061897404749
49000	50000	3.89918633778555	-0.666724807972554	-1.88947059948291
50000	51000	3.80946032044952	-0.916805902394068	-1.7911437958618
51000	52000	4.00517845304169	-0.969499539799999	-1.81484901598641
52000	53000	3.92025040949798	-1.16802902773917	-1.84173182098731
53000	54000	4.05228716458608	-1.06303880635941	-2.04246182681053
54000	55000	4.03344217879447	-1.28587092882257	-1.95814660331133
55000	56000	4.17752318042221	-1.20157395134006	-2.10512980394838
56000	57000	3.9649145636703	-1.38414824848984	-2.13568257746657
57000	58000	4.08706812602186	-1.30588422336805	-2.2438598698022
58000	59000	4.12018894810177	-1.48465809332785	-2.33324713953673
59000	60000	4.19955363729736	-1.28579702806248	-2.38966006998656
60000	61000	4.048248365077	-1.36764114175703	-2.50407894996721
61000	62000	4.12073401120964	-1.13664232641191	-2.50959719002797
62000	63000	3.96317305548402	-1.19945268581686	-2.51011977926043
63000	64000	4.02692179570774	-1.06766799574296	-2.4065723971677
64000	65000	3.86570531428091	-1.18485054604379	-2.37635971178033
65000	66000	3.91442504817007	-1.03991745606243	-2.30755795450154
66000	67000	3.78852356977144	-1.09792751715527	-2.44503131754069
67000	68000	3.75062774843665	-0.995373055146329	-2.32799310935444
68000	69000	3.64372224781497	-1.11419703592697	-2.39606394881716
69000	70000	3.58998942897312	-1.0197664326246	-2.26551886898976
70000	71000	3.46162411672985	-1.0616245760741	-2.36731595133691
71000	72000	3.43766202702376	-1.04492779641706	-2.15894857220455
72000	73000	3.35047395734449	-1.10419579069976	-2.30591068612031
73000	74000	3.34361786583541	-1.18954823999342	-2.0612919149645
74000	75000	3.30442556725757	-1.27520536474989	-2.268301600346
75000	76000	3.30104178332812	-1.35753170920987	-2.10072619340566
76000	77000	3.23577357079156	-1.57413155136487	-2.1683862280276
77000	78000	3.16335483897505	-1.38008179640225	-2.27422367677327
78000	79000	3.08905030589193	-1.39987169043571	-2.43123247166167
79000	80000	2.90224953159274	-1.43008057819345	-2.41999285957196
80000	81000	2.77286795847931	-1.51670921081446	-2.47380818913251
81000	82000	2.58099752712159	-1.52394643960591	-2.47398198746697
82000	83000	2.34493393217432	-1.60018726331457	-2.50956824640351
83000	84000	2.07171359634673	-1.53845523977412	-2.46603938943585
84000	85000	1.7480118634469	-1.57389216003572	-2.4588676690962
85000	86000	1.44684202901865	-1.54545744255514	-2.40945070090627
86000	87000	1.17949836735061	-1.55569861588385	-2.42210226426545
87000	88000	0.968730965804177	-1.54349186159267	-2.41433541167259
88000	89000	0.780336546720997	-1.60692548107589	-2.35271996083694
89000	90000	0.593409484744326	-1.59045392072508	-2.41498323956186
90000	91000	0.554560921875947	-1.55082286407802	-2.22909627534248
91000	92000	0.384624501338476	-1.59436289387973	-2.35486980129585
92000	93000	0.391213171640279	-1.61254263597396	-2.15131123125069
93000	94000	0.215609354705382	-1.65484534430469	-2.25638451206375
94000	95000	0.161928897281068	-1.54515227676129	-2.12925084266169
95000	96000	0.021060391103665	-1.5935188691831	-2.25136672462644
96000	97000	-0.0877085806465647	-1.45520996299336	-2.21131344286728
97000	98000	-0.19055712177892	-1.60244789196148	-2.14016075214854
98000	99000	-0.349690471650942	-1.54413954082663	-2.17058334018122
99000	1e+05	-0.339503943173543	-1.5171562199449	-1.90517754449638
1e+05	101000	-0.459832720373172	-1.38993923070757	-2.04018255277041
101000	102000	-0.404421389433631	-1.24712539298419	-1.8768520063149
102000	103000	-0.428978237776061	-1.23711894254108	-2.1322630610249
103000	104000	-0.42445523812907	-1.03309659339083	-2.02440208382318
104000	105000	-0.289120270146409	-1.0992097279117	-2.21776506851337
105000	106000	-0.168936755236869	-1.00399635184428	-2.01500071742951
106000	107000	-0.0970976642413668	-0.98854048518541	-2.2287917282943
107000	108000	0.063928745294361	-0.976879019446142	-2.06276939308992
108000	109000	0.137278320771409	-0.982697344209494	-2.27130620673327
109000	110000	0.180801851106622	-1.11511519087332	-2.17663896759691
110000	111000	0.0851431642233327	-1.17882779413617	-2.34615326763901
111000	112000	0.200887649375571	-1.26026647404716	-2.23124625138143
112000	113000	0.186186648020733	-1.30628697921671	-2.40235403719539
113000	114000	0.342145676029202	-1.29880509446165	-2.30933906835261
114000	115000	0.317268149169914	-1.20166793733037	-2.47285277994284
115000	116000	0.407472602888721	-1.1996228251636	-2.22905883895679
116000	117000	0.379878780780896	-1.11558781333642	-2.3251151845057
117000	118000	0.43051562692955	-0.962613192909295	-2.35092352924281
118000	119000	0.531657142801189	-1.17631503899371	-2.37966683508451
119000	120000	0.582729060440215	-1.00092380699248	-2.2560272832539
120000	121000	0.707029823951828	-1.17303081922591	-2.23258761291765
121000	122000	0.584270771215816	-1.09028772978691	-2.05931187813486
122000	123000	0.539392088955211	-1.26846271376625	-2.00730483103271
123000	124000	0.404405330013087	-1.1489316071674	-1.84864808743935
124000	125000	0.358663760015006	-1.37595973398049	-1.90181707142025
125000	126000	0.182301679091299	-1.23665315367907	-1.87568787632356
126000	127000	0.139672664237759	-1.38361389802457	-2.03139869823457
127000	128000	-0.0454493679569039	-1.26481033898474	-1.90486277177802
128000	129000	-0.088951144074871	-1.43815198039469	-1.94285514449807
129000	130000	-0.0193136729438178	-1.48438581677891	-1.77543977733443
130000	131000	-0.104082725353724	-1.63031502292561	-1.84524592392338
131000	132000	0.0969777406625809	-1.65135080636924	-1.83567689971771
132000	133000	-0.00813065398693451	-1.73599850935182	-1.97362318915082
133000	134000	0.108493871663438	-1.91407943700744	-2.04520430334432
134000	135000	0.267455483018394	-1.9023576291777	-1.90569340785253
135000	136000	0.347426036993845	-1.73103061343409	-1.82852735140215
136000	137000	0.440667507912608	-1.70821411152242	-1.66182186376098
137000	138000	0.632962242224643	-1.75584406038632	-1.69835666190781
138000	139000	0.71503295328467	-1.59431217349985	-1.61132614478932
139000	140000	0.919691023702336	-1.57496188685684	-1.69130981695718
140000	141000	1.06269189709659	-1.41919246569739	-1.63942252557365
141000	142000	1.07838864920832	-1.25518622399692	-1.75203891287429
142000	143000	1.19534991440127	-1.1269950499413	-1.8068387815286
143000	144000	1.03437673370566	-1.06116425373723	-1.93041539677516
144000	145000	0.975206648149475	-0.909388500610939	-1.96733712105112
145000	146000	0.883414895983385	-0.802052253715706	-2.08792287411729
146000	147000	0.859216492946162	-0.556675647335095	-2.09051824455634
147000	148000	0.753704438565477	-0.643516586036141	-1.91361993493362
148000	149000	0.655241731493967	-0.674054033008785	-1.76907881330864
149000	150000	0.511388590981899	-0.682972136672472	-1.70533721495553
150000	151000	0.506575152211565	-0.778244767441061	-1.52313599299206
151000	152000	0.306122923942491	-0.812487476612902	-1.54232549797506
152000	153000	0.189456002230073	-0.964095425230483	-1.45478397879896
153000	154000	0.00916199719624372	-1.02537730779001	-1.38447893575816
154000	155000	-0.123197487712523	-1.09599312933476	-1.29336529354848
155000	156000	-0.24639978559174	-1.23990236066471	-1.3500029034392
156000	157000	-0.432878145830006	-1.25602927040026	-1.50234994460166
157000	158000	-0.597488944365731	-1.18878460503243	-1.40597875217061
158000	159000	-0.746144206184178	-1.14483603743427	-1.31340747134003
159000	160000	-0.824947987349385	-1.09678375271091	-1.17866632467937
160000	161000	-0.966257346901807	-1.06422316644985	-1.06192262848247
161000	162000	-1.16355418541709	-1.01289326074561	-0.934249065160756
162000	163000	-1.29967735141362	-0.967171846675079	-0.800918254492353
163000	164000	-1.53582514294697	-0.859821051483141	-0.604040370960489
164000	165000	-1.70708589577019	-0.785935788047547	-0.387756629322379
165000	166000	-1.92731268335922	-0.695623797442944	-0.213687522434331
166000	167000	-2.16528004218431	-0.64983070359769	0.0260655149912414
167000	168000	-2.34878414241307	-0.582077142620355	0.227352349330719
168000	169000	-2.62694752397626	-0.52407551299465	0.441992146221509
169000	170000	-2.83540808003771	-0.46158986121179	0.659992902199194
170000	171000	-3.05913220887688	-0.45315640059783	0.834226591817988
171000	172000	-3.14205506795842	-0.367498367709493	1.02350866428178
172000	173000	-3.30780930305463	-0.362114948727101	1.12843586356412
173000	174000	-3.42908748817386	-0.351044571418612	1.28780285204962
174000	175000	-3.52491421139294	-0.504600436382855	1.34407540443127
175000	176000	-3.60923994663492	-0.552048716580102	1.51364064616484
176000	177000	-3.81980559318072	-0.599480022967139	1.53032502664674
177000	178000	-3.74892085514629	-0.540740028690953	1.71099196853474
178000	179000	-3.9534210367846	-0.489902590925366	1.65816093122199
179000	180000	-3.88455491389565	-0.585741208381306	1.84913361782821
180000	181000	-4.06301875948575	-0.5218510860744	1.81699727406741
181000	182000	-3.90886130287901	-0.416240684004295	1.95659392714623
182000	183000	-4.05029209381847	-0.438172194255069	1.95024391850307
183000	184000	-4.02831814916325	-0.326980612312076	2.11234396897221
184000	185000	-4.19248465300235	-0.316310605017777	1.96753317488852
185000	186000	-4.06347907525442	-0.167645873210603	1.98293995988821
186000	187000	-4.13721901469441	-0.231874639635708	1.82675880538868
187000	188000	-4.22455328751282	-0.0475459002261493	1.88551026137582
188000	189000	-4.36448508213662	-0.150227389455439	1.696634380275
189000	190000	-4.10362079284807	0.00990109872106848	1.71567500576245
190000	191000	-4.15697879545439	-0.131964323705871	1.63105002338952
191000	192000	-4.11995978986113	0.0140186269363781	1.52106242120668
192000	193000	-4.01442536012074	-0.180303688390681	1.59249283092275
193000	194000	-3.92304386353203	-0.122837014521427	1.48868014028229
194000	195000	-3.95081531977181	-0.302269218826191	1.44069260836133
195000	196000	-4.05841979775229	-0.153076062030076	1.40049027360455
196000	197000	-4.0801903904522	-0.298390312646612	1.3664328699162
197000	198000	-4.15863229259092	-0.167264605728318	1.26000248642332
198000	199000	-3.9751151181175	-0.284155010375888	1.21643896184685
199000	2e+05	-3.95495393668214	-0.0770778362944148	1.22522833465894
2e+05	201000	-3.7766116361289	-0.189400649117703	1.23847736091843
201000	202000	-3.83111408867711	0.0521879881081229	1.24605566009105
202000	203000	-3.655933997558	-0.00944557927339261	1.37693179638179
203000	204000	-3.83567629468419	0.16856925789537	1.46336270639372
204000	205000	-3.62433199860438	0.119356003508188	1.59939146485941
205000	206000	-3.86359277147663	0.189259733232447	1.6947616205702
206000	207000	-3.69488216318508	0.143304088813747	1.85056783278883
207000	208000	-3.90597768713454	0.0770947381980539	1.92072607433944
208000	209000	-3.69150459999341	-0.0687715884693299	2.03349665682258
209000	210000	-3.84133733673781	-0.148008393039769	1.92822640194958
210000	211000	-3.74619977730539	-0.0613864998674121	1.83438359179528
211000	212000	-3.78607358589854	-0.191449310863925	1.72581491247722
212000	213000	-3.65743951873121	-0.102492077601674	1.6819279543366
213000	214000	-3.6560191777387	-0.237221541870214	1.80380392623113
214000	215000	-3.51162097625324	-0.148351154350954	1.75484336580244
215000	216000	-3.52113121395741	-0.318292613936223	1.87007847964451
216000	217000	-3.37876943999291	-0.258605517847171	1.6729133019997
217000	218000	-3.28739890953749	-0.370951141371488	1.88620788725971
218000	219000	-3.19438138919209	-0.17474797090554	1.74783434731541
219000	220000	-3.11988091470039	-0.250806227438907	1.97034634217102
220000	221000	-3.01132110511769	-0.095000689814627	1.86567223476791
221000	222000	-3.02372419305692	0.0173055895321524	2.10205693341551
222000	223000	-2.92051509892515	0.137799455799438	1.92922656405604
223000	224000	-2.9890958661931	0.392890362318715	1.97728246671052
224000	225000	-2.90667951805773	0.327895289951723	1.71519225266103
225000	226000	-2.91878966735942	0.536191335044966	1.67463568498733
226000	227000	-3.00836002702422	0.43715799807726	1.45557059714582
227000	228000	-3.08448398662129	0.668809704217309	1.47554517202819
228000	229000	-3.29724547141185	0.667788027271845	1.41664081725388
229000	230000	-3.3840787406167	0.842011686809863	1.56886778279203
230000	231000	-3.54606000841867	0.696284396049238	1.60778647364136
231000	232000	-3.69449662695406	0.793884362515242	1.78402557971804
232000	233000	-3.88318605579935	0.693254412248824	1.82833022072143
233000	234000	-3.92302305292791	0.532555748752658	1.89239063772682
234000	235000	-4.17784251502509	0.505077848576159	2.03183540174687
235000	236000	-4.04988849892338	0.338095438680771	2.10322038583312
236000	237000	-4.06149045327856	0.184072078365676	2.25588413713194
237000	238000	-3.85414476187604	0.144559629054859	2.31434044110485
238000	239000	-3.74516977713532	0.262757534084384	2.21775098700436
239000	240000	-3.60620790205673	0.356623439882563	2.22102159962779
240000	241000	-3.57003448536163	0.436832304815594	2.39845071512226
241000	242000	-3.4244150679662	0.543789943647747	2.36881252522903
242000	243000	-3.3283414387309	0.677899951910479	2.47957999759662
243000	244000	-3.19071291064571	0.767219245013059	2.5734428912094
244000	245000	-3.07280940577872	0.90441570911768	2.68318912453851
245000	246000	-2.8845851489928	1.02083958138943	2.68019554615341
246000	247000	-2.73784785823682	1.09436979507187	2.7018015847283
247000	248000	-2.58463187509909	1.1547249540447	2.76746267935357
248000	249000	-2.48178420310844	1.26250004972523	2.77451123438209
249000	250000	-2.33979909380527	1.33391634282167	2.7955804611769
250000	251000	-2.2251256891094	1.32071295632465	2.66523345374218
251000	252000	-2.14155098134302	1.5132806823492	2.83438329627459
252000	253000	-2.04454036513422	1.27316295885702	2.76941855160041
253000	254000	-1.95382792818025	1.30534557531547	2.91375289122457
254000	255000	-1.84988181265628	1.15863405531217	3.03177028922196
255000	256000	-1.71360915397788	0.999820581026598	3.08379649480364
256000	257000	-1.69572437200899	0.933402805887313	2.87495283685706
257000	258000	-1.69049323921948	0.806299359353154	2.6864083313815
258000	259000	-1.75772111598329	0.748908815748938	2.54279768147312
259000	260000	-1.77606748033512	0.72816819821593	2.33188886934789
260000	261000	-1.79071739177733	0.641557987651003	2.17567940710253
261000	262000	-1.83058522676025	0.541915936928445	2.00809929576231
262000	263000	-2.02456197651446	0.423306450998784	2.02544485976051
263000	264000	-2.14963252538129	0.309688343494385	2.16055214455244
264000	265000	-2.29939376266326	0.370538166003137	2.32052709278929
265000	266000	-2.43682623039357	0.496546911873128	2.37667132356209
266000	267000	-2.52300860059685	0.68992428594654	2.31912136876301
267000	268000	-2.55219256285397	0.78576122848854	2.17951119001569
268000	269000	-2.57699317315089	0.924521300116486	1.98475252105133
269000	270000	-2.67778745850845	1.12924238362138	2.0144780003316
270000	271000	-2.54290851438732	1.14963092149097	1.78668392450222
271000	272000	-2.45546359278818	1.40521824677736	1.87490301524887
272000	273000	-2.25896950371557	1.28493902793905	1.76917611005808
273000	274000	-2.14316488897365	1.40949110171371	1.89843114192576
274000	275000	-1.94938440722398	1.40851449552633	1.89153907783833
275000	276000	-1.87764950831807	1.61016745334965	1.928506055033
276000	277000	-1.70859054390271	1.63387162600466	1.74942041438969
277000	278000	-1.58222999450136	1.68317699528601	1.99121121270212
278000	279000	-1.5255620903515	1.48057786548469	1.94242861549181
279000	280000	-1.48159033181893	1.55741422515542	2.10000655866896
280000	281000	-1.52580912724316	1.34483501257044	2.12979448834331
281000	282000	-1.53975631442641	1.42138155485926	2.29793450585524
282000	283000	-1.50166803196581	1.22179118526456	2.36257289999623
283000	284000	-1.53298499308965	1.36738688930341	2.52957023470772
284000	285000	-1.69672522689746	1.26924200019341	2.48917683941569
285000	286000	-1.81169471372605	1.42922496036337	2.55071453229929
286000	287000	-1.98845467547757	1.47338715564214	2.38719254174477
287000	288000	-2.0218093882501	1.69576060182959	2.51997919351212
288000	289000	-1.96828051380905	1.72975600464099	2.2593071837162
289000	290000	-1.94318211702016	1.91105103501386	2.38493642589491
290000	291000	-1.75274637121012	1.89547178070699	2.22018898689256
291000	292000	-1.70489517525039	2.02628216939534	2.39696874470269
292000	293000	-1.58959550974048	1.85007326476057	2.36637841307864
293000	294000	-1.7065991841471	1.81005349262443	2.47805856705883
294000	295000	-1.53472478975337	1.84259007114028	2.49869694816559
295000	296000	-1.66105602259456	1.91035396726409	2.59461286480288
296000	297000	-1.51448245865752	1.91991687316515	2.68753388080498
297000	298000	-1.65296025305957	1.85032259678924	2.72730616356604
298000	299000	-1.54671285785365	1.70631594377018	2.63899937754964
299000	3e+05	-1.71237713943303	1.6642412262262	2.63946332427489
3e+05	301000	-1.62145747550622	1.57716010535346	2.7522415231494
301000	302000	-1.72779430071085	1.63214816406416	2.84809356788135
302000	303000	-1.58047854532601	1.75957668057485	2.95209061033714
303000	304000	-1.48205890890637	1.53005404781768	2.91498584638304
304000	305000	-1.35093281138748	1.71269447756259	2.87350393357059
305000	306000	-1.34869493207097	1.51523953788171	2.77473159456864
306000	307000	-1.13467433830109	1.5343758416701	2.85696200408296
307000	308000	-1.23401162746614	1.33410285616821	2.7353589812294
308000	309000	-1.04545324964613	1.38923262295516	2.67216396950576
309000	310000	-1.16623324030323	1.21750036087752	2.51495531262032
310000	311000	-0.998798856707745	1.32878517522818	2.42588930263521
311000	312000	-1.15637884668295	1.31348968197182	2.29461758306181
312000	313000	-0.998382287580756	1.48559144222194	2.2365424226688
313000	314000	-1.18712437255494	1.50061763039744	2.27387164415633
314000	315000	-1.2234909332981	1.62133231589209	2.31424428934587
315000	316000	-1.21390135224104	1.59466126452285	2.51885749943322
316000	317000	-1.16278591025115	1.74195943968368	2.43088831872223
317000	318000	-1.09416571620187	1.75397345322412	2.59869738728481
318000	319000	-0.928411866255209	1.92270102617649	2.54189021647934
319000	320000	-0.865153274157239	1.69011994595622	2.51606559344967
320000	321000	-0.793670710977821	1.69884642509855	2.33607778535006
321000	322000	-0.592516574731513	1.65338748352042	2.27607862238025
322000	323000	-0.343897113503057	1.63244485211599	2.16110901735587
323000	324000	-0.107138013765843	1.60630040628052	2.00619317458062
324000	325000	0.185656969999579	1.56780957575162	1.7863514543043
325000	326000	0.461640053708154	1.53042512251389	1.59410772720713
326000	327000	0.760720734538198	1.46923916339175	1.37259476434289
327000	328000	0.962132477190316	1.44460951300721	1.24852956389937
328000	329000	1.13170000102487	1.41328606016205	1.08539792964251
329000	330000	1.30030071373316	1.4308249084918	1.02078810573368
330000	331000	1.38755194302767	1.41857938951194	0.847051074462153
331000	332000	1.50961032517117	1.48059132545471	0.699056508082449
332000	333000	1.47294097663896	1.4763836829767	0.507927348106509
333000	334000	1.61249183919874	1.57796256993702	0.425641042315344
334000	335000	1.75549161648928	1.64415557922273	0.31919172228052
335000	336000	1.77459190475067	1.60727146934838	0.125832290729142
336000	337000	1.92535329864776	1.53002901692698	0.0786483168475799
337000	338000	1.79492608878066	1.4536715517364	-0.0659909467426518
338000	339000	1.90053201164532	1.29672155541885	-0.0821888819192435
339000	340000	2.03457716044868	1.34543648110027	-0.240350874495857
340000	341000	2.09906319888514	1.35749111889603	-0.0778751450227276
341000	342000	2.22512995190831	1.49004009663386	-0.0490835502969368
342000	343000	3.1692760683737	2.08738229326641	-0.0970919803874197
343000	344000	2.35197509311685	1.33275141970977	0.00977723989052993
344000	345000	2.26919894280013	1.16125564998296	-0.0466698004600788
345000	346000	2.24785053825266	1.03399310816023	-0.175345306988342
346000	347000	2.09657139172023	1.00746346389781	-0.0409984676083492
347000	348000	2.2421406825691	0.933252093663165	0.130053088056957
348000	349000	2.17780502123075	1.10173400960669	0.12866310095677
349000	350000	2.21772056171144	1.060981386797	0.317990216125463
350000	351000	2.03313831966682	1.17742412704085	0.223100674077867
351000	352000	2.12570998225667	1.18728094388996	0.387022128026369
352000	353000	2.07398852648427	1.33725444633809	0.276973480629147
353000	354000	2.11893287857557	1.38194124813645	0.445126611164057
354000	355000	1.92089665618798	1.39996479234513	0.33829407453028
355000	356000	1.89014827932792	1.22728403198142	0.414565361923038
356000	357000	1.8395384858878	1.35037127468455	0.492464162832959
357000	358000	2.00511769458963	1.23828577049837	0.586062304280764
358000	359000	1.88448477320387	1.36449705774928	0.69913625015923
359000	360000	2.01485460282747	1.17650953969213	0.826480243249969
360000	361000	1.81932837192023	1.21116738510332	0.879046390757731
361000	362000	1.76253159037172	1.03760512067106	0.754970278160134
362000	363000	1.63571650440118	1.21360278052355	0.692425188946609
363000	364000	1.65823664199029	1.12488195928237	0.523889458244522
364000	365000	1.65929708882604	1.23568066184228	0.330108089510964
365000	366000	1.68889820385487	1.09318862131781	0.236326651964796
366000	367000	1.79199855364866	1.09857786989022	0.0942299525108457
367000	368000	1.6849414523954	0.979212378078728	0.0366834667198623
368000	369000	1.73083527350619	1.12338396415552	-0.12557137970902
369000	370000	1.6092355176517	1.00530168003555	-0.205918569128124
370000	371000	1.61789028806442	1.17271668131011	-0.282599820133408
371000	372000	1.45957614927783	1.07507755580731	-0.254617930463254
372000	373000	1.40740759946353	1.3281744669406	-0.362225650258233
373000	374000	1.29306147177583	1.21720939978676	-0.230143272134069
374000	375000	1.33320562473041	1.30176493972117	-0.0992592748445793
375000	376000	1.3168093106677	1.08824120557615	-0.0738975167137397
376000	377000	1.29781676807113	1.22862759288126	0.0824927436364498
377000	378000	1.29842645722599	1.01760959068154	0.076448971330114
378000	379000	1.20080662581399	1.11220286083266	0.234684137129794
379000	380000	1.34908047907583	0.922962532774678	0.230192900534068
380000	381000	1.34296951448145	1.07018938985706	0.403654572864712
381000	382000	1.43764433955258	0.827960940141352	0.339854897857735
382000	383000	1.52265496493134	0.964548655321069	0.478053357211794
383000	384000	1.60590279938614	0.803224031466302	0.408586505420748
384000	385000	1.64819286033509	0.834849885510953	0.591806309325606
385000	386000	1.81052729336701	0.738243033964454	0.567592530716794
386000	387000	1.805277498529	0.899684583770953	0.494899407022074
387000	388000	1.92798849550118	0.878389481278632	0.426261720439903
388000	389000	1.7821008886888	0.897589577043691	0.319697502473925
389000	390000	1.92523094179517	0.746720017426608	0.298539743475211
390000	391000	1.79688013216601	0.757730838859786	0.17428685102628
391000	392000	1.96832828167235	0.735149585430308	0.160677445117654
392000	393000	1.90926480927374	0.821343324278995	0.00169038847097302
393000	394000	1.97179013058245	0.596092655266781	-0.00882282552392068
394000	395000	1.81379720955612	0.702294245784177	-0.100167679909715
395000	396000	1.68999400165316	0.514737012330619	-0.0267557194773724
396000	397000	1.66437506380622	0.688009152633925	-0.210725901958779
397000	398000	1.51471234090415	0.573171666197814	-0.171364057653937
398000	399000	1.53843158413626	0.586540355313093	-0.371402965898782
399000	4e+05	1.47097292562601	0.438172248192343	-0.463357008201389
4e+05	401000	1.33808081137919	0.268877955195629	-0.49911771089578
401000	402000	1.31210727750959	0.0864139290187505	-0.634537865478618
