0	1000	0.704814557489808	-1.85336435363213	0.92254485583361
1000	2000	0.784835537062965	-1.63479657911593	0.791082161660106
2000	3000	0.803085124836142	-1.48963476219037	1.02699085557986
3000	4000	0.825006768290587	-1.27775151873392	1.09866130965065
4000	5000	0.973709464184581	-1.12369603270605	1.17248277738905
5000	6000	1.03747864726955	-0.967243740749301	1.26455147289575
6000	7000	1.18227522827187	-0.817134597065462	1.33013337465129
7000	8000	1.29685232279266	-0.648991808477214	1.50892169353154
8000	9000	1.52007434113233	-0.568273251934272	1.64395588332326
9000	10000	1.63120818283992	-0.42516817320164	1.78933395568265
10000	11000	1.84788374449501	-0.442375360706696	1.88148518589077
11000	12000	1.94737483189559	-0.236490823396608	2.02683541940607
12000	13000	2.17738424717558	-0.337589936588205	2.14630442683187
13000	14000	2.27482771143885	-0.295023729123063	2.35476214979863
14000	15000	2.48006675509963	-0.370632471278613	2.38179884964364
15000	16000	2.53943141105998	-0.297491379681117	2.58808126605424
16000	17000	2.77794580473562	-0.34084256100614	2.62050793853007
17000	18000	2.83774902964521	-0.23406826320769	2.83180745850172
18000	19000	3.31681740711007	-0.142540878579933	2.88656783055961
19000	20000	2.94237850760893	-0.112010770833273	3.1632412949258
20000	21000	2.83327439480348	-0.112820716242171	3.34711521354156
21000	22000	2.89067002986165	-0.181811046598381	3.50899648435687
22000	23000	3.03719640249365	-0.312245546569074	3.62279463845205
23000	24000	2.99613631793985	-0.549729514160395	3.5059586249109
24000	25000	3.12958158729628	-0.830907995368371	3.49703794544364
25000	26000	2.90010200780812	-0.837821821398627	3.30554712772603
26000	27000	2.95952750031211	-1.06524188471896	3.14216418548785
27000	28000	2.65617357073287	-1.01011695522662	3.08846895651343
28000	29000	2.52533463942684	-1.21622582251038	3.04032022874004
29000	30000	2.31123020531298	-1.20086304502871	2.86399509767477
30000	31000	2.03143946980897	-1.26178124180569	2.89087721514615
31000	32000	1.90374391417797	-1.08576966711503	2.75630815621234
32000	33000	1.74427933445834	-0.965755279224462	2.80816747994578
33000	34000	1.56018736273289	-0.940566780037702	2.70202574943833
34000	35000	1.46316187118833	-0.755887756015518	2.79310550993008
35000	36000	1.27437445560584	-0.639907616724115	2.70628092727764
36000	37000	1.03780614631124	-0.512760867429504	2.75473229986306
37000	38000	1.12685427875457	-0.273845829846293	2.78002311804233
38000	39000	0.996790061087504	-0.0898303454892474	2.85477092923158
39000	40000	1.18668028867843	0.035975646402314	2.82411194718309
40000	41000	1.31873873266255	0.0576055828310712	2.98171450809338
41000	42000	1.50995366074526	0.225038555436729	2.92791621293915
42000	43000	1.6390720397585	0.0295306375268513	3.0549861778955
43000	44000	1.86273974483789	-0.00650312067348024	3.08422408583507
44000	45000	1.9419876707547	-0.24079081174951	3.17027165410149
45000	46000	2.1844450994476	-0.338170092333714	3.20426264354858
46000	47000	2.21484645842373	-0.404715538131504	3.43121761866364
47000	48000	2.3447406433484	-0.576491319493672	3.55112867267606
48000	49000	2.33454432596646	-0.526645144808067	3.76938231985533
49000	50000	2.43552463027278	-0.404365167209416	4.2249261534077
50000	51000	2.39784087664387	-0.728046171902973	4.01689773403383
51000	52000	2.47997237346359	-0.917403739571356	4.24359604645375
52000	53000	2.30558394117929	-1.11862030563993	4.09604792083488
53000	54000	2.07916909868004	-1.13480006305771	3.97364671495378
54000	55000	1.95751927561281	-1.28330936275259	3.79189423618299
55000	56000	1.70493978654297	-1.19066392427038	3.69792850719879
56000	57000	1.71881650661381	-0.975645113069458	3.59599827134351
57000	58000	1.57297257437169	-0.850114953853881	3.56955705591621
58000	59000	1.27669293306394	-0.845179540994452	3.68303985834307
59000	60000	1.38713440578207	-0.541212421687725	3.64664077178026
60000	61000	1.24010203297157	-0.351613604610362	3.5929693748285
61000	62000	1.26209686595632	-0.151261300106564	3.74391800742876
62000	63000	1.36823438261023	0.0278047950222751	3.62849398722771
63000	64000	1.39989726592891	0.197665019609637	3.76694128924644
64000	65000	1.54339015479886	0.316075248457171	3.63762262814522
65000	66000	1.636962905793	0.495947207673938	3.75003778596256
66000	67000	1.77525025952254	0.527804217571763	3.54477453597818
67000	68000	2.00319131194096	0.651104125730136	3.62839181530431
68000	69000	2.09276040251402	0.493557133081974	3.44960328893295
69000	70000	2.25854736666347	0.468920709598277	3.335147552492
70000	71000	2.45457294444771	0.650080123520935	3.32231993027089
71000	72000	2.48489844846593	0.512591619204652	3.10392609590668
72000	73000	2.62027885302801	0.554496980617933	2.95463486791248
73000	74000	2.85744883830656	0.692531941042126	2.88498522492312
74000	75000	2.69411126608237	0.588984402405778	2.68515058064315
75000	76000	2.76319809183777	0.68388448424509	2.45171459934999
76000	77000	2.65449657193753	0.882117991237943	2.08245551984011
77000	78000	2.23662069648592	0.716567015133441	2.26919407275683
78000	79000	1.99952821818916	0.719288056759457	2.2291495796472
79000	80000	1.82132813079682	0.872498060032039	2.18832341136901
80000	81000	1.67623441362662	0.823839606706431	1.95041194110919
81000	82000	1.53678713910789	0.968044966839901	1.87711666602378
82000	83000	1.24553783167148	1.17017027496795	1.91750279041842
83000	84000	1.39222963818035	1.09981894187166	1.57868935974974
84000	85000	1.32117542866612	1.04798235940317	1.30578553398912
85000	86000	1.32433267052731	1.31349092699012	1.24429626111718
86000	87000	1.31524879435079	1.45156312251444	1.11781635599618
87000	88000	1.33145257985216	1.57172250403092	0.927817634907413
88000	89000	1.3689731491593	1.84264229259819	0.952099815710661
89000	90000	1.43424484448844	2.01988088758797	0.744021937724603
90000	91000	1.34794609478358	2.24509121413384	0.775114376677206
91000	92000	1.31900781416444	2.43844270119873	0.643160338021731
92000	93000	1.13272808448908	2.5906715082108	0.781414799656179
93000	94000	1.04649779857161	2.74219781517754	0.569397940124038
94000	95000	0.847721295589324	2.85706266749605	0.606239947127911
95000	96000	0.753432251662054	2.91362876836633	0.409305048777003
96000	97000	0.545089913044898	2.95383948649533	0.448534987464167
97000	98000	0.41537269357592	3.01926735522571	0.302488522476951
98000	99000	0.149877729203496	3.00083835980089	0.319092682954668
99000	1e+05	0.175115440928424	3.16668916721988	0.101333387301238
1e+05	101000	0.101348106661504	3.38403877251223	0.0720323499387246
101000	102000	0.0301407574125721	3.39339019591703	-0.145431624675077
102000	103000	0.112232017593247	3.56839103151559	-0.239163493740673
103000	104000	-0.0623840788153712	3.68361774264915	-0.435179381464492
104000	105000	0.224767794324669	3.6498922094498	-0.582064636103479
105000	106000	0.365457885259808	3.51061254410015	-0.777720424598429
106000	107000	0.60219743730501	3.59372851086402	-0.901749269838208
107000	108000	0.835735713992589	3.5020050319712	-0.819689501584564
108000	109000	0.975548137259364	3.65128415348531	-0.734999158330897
109000	110000	1.16007054020246	3.78514560993897	-0.824798263489213
110000	111000	1.16447077961057	3.95579135056749	-0.623483108547387
111000	112000	1.12135521459531	4.10684066026035	-0.454044366630928
112000	113000	1.00965161166973	4.33888661134321	-0.457469983354481
113000	114000	1.05673142805445	4.3705621470646	-0.208581169425059
114000	115000	0.973486574129415	4.64657196377958	-0.0731231191959984
115000	116000	1.09404039397998	4.45957588566702	0.0927478351323218
116000	117000	1.18915576164398	4.43342904511329	0.239829380298656
117000	118000	1.31022575239934	4.58411046730811	0.440097043784821
118000	119000	1.39655453756927	4.31449078857456	0.395405078357864
119000	120000	1.56588590446803	4.19026872690922	0.437546054191748
120000	121000	1.83307126579888	4.12942140028005	0.28523680063837
121000	122000	1.65483804869138	3.8856783069938	0.164941015292833
122000	123000	1.4964688689362	3.72579946175874	0.156706202855954
123000	124000	1.52697772507516	3.55686849625241	-0.0622253420189719
124000	125000	1.19358238817197	3.50516831623759	0.0363078466841045
125000	126000	1.04326795478179	3.40946759855552	0.271406809191539
126000	127000	0.814983495864447	3.55276168956813	0.291931977638942
127000	128000	0.747889890987315	3.58534376798471	0.523264531909516
128000	129000	0.571260969559858	3.74444948311985	0.594086247625598
129000	130000	0.482892873944243	3.61842129377342	0.764813641552732
130000	131000	0.347952314788887	3.70049037694656	0.893564032674665
131000	132000	0.160524112750936	3.63063969447864	0.991252121216197
132000	133000	0.289690331943051	3.56273796595719	1.16661133516606
133000	134000	0.211690525195632	3.4990146910266	1.4412369298936
134000	135000	0.521014184895813	3.42429232590948	1.4115157127858
135000	136000	0.69285246303571	3.30387596434759	1.32105238733155
136000	137000	0.875737460580618	3.31522047139346	1.28489774078793
137000	138000	1.05649247436499	3.2446686852974	1.45239933702757
138000	139000	1.17241898269369	3.2810772762888	1.21750845017872
139000	140000	1.39013627874314	3.23155309168126	1.17998602205993
140000	141000	1.43462975254343	3.41766132229919	1.04029708794863
141000	142000	1.58348222194948	3.35607622793169	0.908445677789438
142000	143000	1.87203504903313	3.44666373739849	0.962140127828105
143000	144000	1.7983660191911	3.32507354819552	0.692423589147561
144000	145000	1.92854951996798	3.24485356474966	0.562278483566562
145000	146000	2.11870639701718	3.20935980002633	0.435106782675088
146000	147000	2.52629556502256	3.16232856336126	0.262333242396333
147000	148000	2.14288919801403	3.06635875716201	0.128028341290633
148000	149000	2.1743909835633	2.92689964975007	-0.0165816173185895
149000	150000	1.98592904490188	3.00688025990627	-0.109125462054973
150000	151000	1.87035625347393	2.8599497814048	-0.226582374027346
151000	152000	1.72763993730448	2.99699970753593	-0.386802116709225
152000	153000	1.52887360163465	2.9000460649274	-0.295272225278841
153000	154000	1.32029934904105	2.96993061303708	-0.37325410271782
154000	155000	1.17868475358733	2.80999520079934	-0.610763928507935
155000	156000	0.979874548942799	2.90684942782532	-0.37742671412175
156000	157000	0.798775978599936	2.80813883518394	-0.343115319551536
157000	158000	0.61684508518831	2.67581333279963	-0.481749631740534
158000	159000	0.597486974575563	2.45079626401406	-0.335711595236407
159000	160000	0.51497989518513	2.25855261309043	-0.343179957189424
160000	161000	0.486636348886035	2.07592013658357	-0.400495202372462
161000	162000	0.351380632898972	1.87050887558885	-0.407138716745779
162000	163000	0.403503754542513	1.67814552535519	-0.57028006924104
163000	164000	0.37288931885576	1.47157954768004	-0.640339422512714
164000	165000	0.368154546775341	1.33788172591029	-0.797314646834407
165000	166000	0.350302307001418	1.123229757651	-0.890899794987345
166000	167000	0.33687330428251	1.04916011675919	-1.15182283682809
167000	168000	0.314660555119	0.932080673602115	-1.30932568106108
168000	169000	0.311596220306828	0.733285349557653	-1.44601676434035
169000	170000	0.26504718140555	0.784888542711147	-1.75735916376702
170000	171000	0.227766166517372	0.67748205310311	-2.01540565885664
171000	172000	0.24908378400307	0.686521220659408	-2.25737096925884
172000	173000	0.252566784922016	0.574286872625619	-2.47144196603345
173000	174000	0.403102319026769	0.674960039119706	-2.59864308436971
174000	175000	0.468730365987458	0.798704471326098	-2.76834653835552
175000	176000	0.699053599274918	0.796588373540593	-2.7749693004925
176000	177000	0.895630962111875	0.93824944259289	-2.80983470550016
177000	178000	0.999472657223607	0.73096783875352	-2.77761598325032
178000	179000	1.12204964117769	0.623679789519365	-2.67226169296938
179000	180000	1.3161424851176	0.587767622619095	-2.51920118458587
180000	181000	1.24211023581527	0.323512643450742	-2.47346654233672
181000	182000	1.13626429678885	0.14701433954304	-2.36822349889289
182000	183000	1.05070991867682	-0.0290430768283249	-2.40139608020135
183000	184000	1.01191221118058	-0.223312311166958	-2.24951832188928
184000	185000	0.956527929477192	-0.400226294207652	-2.44840619136511
185000	186000	0.792827034710858	-0.52147643204324	-2.55885292846577
186000	187000	0.816182153739131	-0.698248673085263	-2.70285880144646
187000	188000	0.743103975377219	-0.790507055072736	-2.9405735466099
188000	189000	0.834716533293376	-1.14305952997927	-3.31685105896962
189000	190000	0.651737544746976	-0.749124685946404	-3.4853622988183
190000	191000	0.582176038483952	-0.636332085531678	-3.71522190262093
191000	192000	0.562838155460555	-0.619770265908326	-4.0338488975511
192000	193000	0.417976921926236	-0.399187794105258	-3.92949413555679
193000	194000	0.294518640269365	-0.283896463700995	-4.01567404218085
194000	195000	0.190282769675167	-0.283198318177681	-4.26488126244618
195000	196000	0.100167405829389	-0.0634035155639501	-4.2032557314714
196000	197000	0.031303578369033	0.0975533385715257	-4.29454333324885
197000	198000	-0.0689374105155858	0.244169201026278	-4.52194611943827
198000	199000	-0.0747257828166532	0.502277376347241	-4.32918871169586
199000	2e+05	-0.0314071037806476	0.525322370333681	-4.10847643768864
2e+05	201000	-0.0438300787748204	0.71482876557801	-4.01066510316892
201000	202000	-0.000724348065908166	0.577641469183194	-3.79648410819028
202000	203000	0.21346145131203	0.525054103384869	-3.65889892244983
203000	204000	0.162819827671755	0.422874904849022	-3.43975819408455
204000	205000	0.302456682271467	0.372538150801285	-3.26512622602112
205000	206000	0.33514451864207	0.13631736606151	-3.14937634549475
206000	207000	0.606347862576995	0.146576812806112	-3.11950362002382
207000	208000	0.732604032375077	-0.129654232601219	-3.11187958613545
208000	209000	1.02540965880342	-0.0550717349030413	-3.18632585060342
209000	210000	1.2495322431435	-0.2633921265132	-3.24969273826415
210000	211000	1.30547218107263	-0.0692124706953967	-3.39542332707144
211000	212000	1.39931077791422	-0.123389161357313	-3.5982348787117
212000	213000	1.29414360209618	0.0506508425548196	-3.66694812482415
213000	214000	1.28773301184957	0.109388547821751	-3.87132712964582
214000	215000	1.17340379832284	0.309389003740197	-3.82962959922652
215000	216000	1.01433409362619	0.428745344960185	-3.9405081468423
216000	217000	1.0042046814488	0.648340280104121	-3.84879296417045
217000	218000	0.825213858873731	0.738307189340137	-3.7646586790861
218000	219000	0.806951471460006	0.961137366088979	-3.75101460057862
219000	220000	0.620171684305311	0.959809267164262	-3.62898091359946
220000	221000	0.52710957865987	1.13452026586785	-3.53832010645844
221000	222000	0.322197613988072	1.26294005896236	-3.4615831032847
222000	223000	0.18056423280523	1.16500937489451	-3.28511826422313
223000	224000	-0.0487969322326214	1.24316991275436	-3.21672977724175
224000	225000	-0.0669683136635177	1.04716561691273	-3.07561086439948
225000	226000	-0.208517625884296	0.898303137839496	-3.03931547671352
226000	227000	-0.435297346852581	0.851867432079593	-2.92196748165015
227000	228000	-0.416700211143108	0.615428291216353	-3.04745095688269
228000	229000	-0.482286480205533	0.415603757718702	-3.13894503535528
229000	230000	-0.736352216230834	0.348263908678912	-3.15679292272813
230000	231000	-0.649750284679158	0.210554215326168	-3.33424706984724
231000	232000	-0.839484909988116	0.168039884437166	-3.52125747538707
232000	233000	-0.800141860174027	-0.16987950294246	-3.58212242955496
233000	234000	-0.517384732758415	-0.321052390575963	-3.56651938964583
234000	235000	-0.578047441681839	-0.716694504614619	-3.73520011783553
235000	236000	-0.252565334247905	-0.522513038960132	-3.44328503671498
236000	237000	-0.138191467123562	-0.784390892697588	-3.36638224370961
237000	238000	-0.0265741015186404	-0.609250156384708	-3.11846957369453
238000	239000	-0.0778241427994441	-0.588232943245098	-2.88814600781089
239000	240000	-0.182114636180874	-0.606628732264081	-2.7173773815073
240000	241000	-0.210715861550128	-0.782458150322631	-2.53965823734082
241000	242000	-0.409957722469564	-0.690388384518244	-2.48236436007483
242000	243000	-0.55438971111869	-0.716459280210152	-2.31431238410544
243000	244000	-0.818476777644784	-0.759004166452273	-2.297914352311
244000	245000	-1.07464329135669	-0.883163053161691	-2.24132048621803
245000	246000	-1.30810446860398	-0.76441924891131	-2.10606689146747
246000	247000	-1.51339436411726	-0.755499828797996	-2.06404475918485
247000	248000	-1.68063036460975	-0.722324818561445	-1.95104023289244
248000	249000	-1.89533726758536	-0.707816173926948	-1.96491993218904
249000	250000	-2.02324614955653	-0.640685676265968	-1.81232533858033
250000	251000	-2.21307591655691	-0.601058856474904	-1.80334366637869
251000	252000	-2.31773963037646	-0.493287386716248	-1.65192744789251
252000	253000	-2.49153871364353	-0.329972400560049	-1.68811880403961
253000	254000	-2.45902958607811	-0.157958011770981	-1.54328913806762
254000	255000	-2.38599332762525	0.116767750615038	-1.52630309389354
255000	256000	-2.06499746198011	0.375208876737777	-1.26190931134416
256000	257000	-2.38165487893391	0.175739224807695	-0.974862538050365
257000	258000	-2.4120126409785	-0.013607445896086	-0.800841423815853
258000	259000	-2.45472529819896	0.12293662590324	-0.613303340457765
259000	260000	-2.35118238504069	0.0654656766641802	-0.437030952533006
260000	261000	-2.34728636332408	0.233974121053956	-0.311865496139031
261000	262000	-2.17388065661007	0.295971133166836	-0.142905159612824
262000	263000	-2.36005310247237	0.410141416355241	-0.0413708227522965
263000	264000	-2.33309272414148	0.50266832408597	0.164355369185619
264000	265000	-2.52165341820821	0.66965201879901	0.134304780881489
265000	266000	-2.6883846052742	0.822492178677833	0.256590165050828
266000	267000	-2.88342867160804	1.07356385736307	0.365372838103408
267000	268000	-3.12757468306871	0.961017116229359	0.218173161243382
268000	269000	-3.31453662245997	1.08229228728164	0.128036646336886
269000	270000	-3.57723708828438	1.07111530989462	0.122851404470317
270000	271000	-3.56996086452538	1.06765679582307	-0.137200340172979
271000	272000	-3.75409469492901	1.07919004267111	-0.286455760542208
272000	273000	-3.67471730267591	1.14377786371211	-0.523522279341575
273000	274000	-3.81211354734558	1.00384618789804	-0.63159618138746
274000	275000	-3.92649602471034	1.09480072695847	-0.826296000290114
275000	276000	-4.03982414778254	0.896546600891649	-0.773821657012545
276000	277000	-4.48912361308921	0.97223724369804	-0.869309355674829
277000	278000	-4.26110964767682	0.627297367117	-0.842523296299757
278000	279000	-4.29873346248989	0.391484512759713	-0.802786727054245
279000	280000	-4.28895474912443	0.150897346403238	-0.907329511349068
280000	281000	-4.0936757115205	0.114335078416064	-0.754829098386227
281000	282000	-3.89906569150549	0.0479621639647	-0.736793048837934
282000	283000	-3.8716503679451	0.0493956354326353	-0.499102146453183
283000	284000	-3.64285882617346	0.0218776212940521	-0.57204923379188
284000	285000	-3.44269955137037	-0.057116898382239	-0.459619090918484
285000	286000	-3.32335766463525	0.188770524666319	-0.478901281866925
286000	287000	-3.13862833709496	0.448250856984942	-0.236270476318781
287000	288000	-3.16696508934115	0.484602015410637	-0.63727819230916
288000	289000	-2.96180259225426	0.595563217874508	-0.727571559741902
289000	290000	-3.03475569599894	0.794686634548742	-0.854983146902899
290000	291000	-2.8842799013372	0.794906439139047	-1.01612494764875
291000	292000	-2.90928497866155	0.953915803763782	-1.19662230976243
292000	293000	-2.91627296628842	0.755811187608887	-1.32161894842538
293000	294000	-3.04774150606958	0.66974891826077	-1.44365264516377
294000	295000	-3.0724666661242	0.587042123369381	-1.6529132762832
295000	296000	-3.20243054068531	0.380294917286452	-1.59523760068097
296000	297000	-3.35967781070519	0.184615027754894	-1.77195315917742
297000	298000	-3.31760645233928	0.0138638849594077	-1.5167133790748
298000	299000	-3.26618162387117	-0.207569362457412	-1.44393494079928
299000	3e+05	-3.29586232326713	-0.25921790638552	-1.22811110030872
3e+05	301000	-3.22433267267568	-0.408762272927939	-1.12129860622023
301000	302000	-3.3354191032362	-0.532023635547706	-1.00282924948975
302000	303000	-3.37822783185913	-0.791264760775978	-0.955694482714314
303000	304000	-3.50563540916278	-0.692576333035842	-0.741718578849091
304000	305000	-3.58847899739197	-0.872259287234699	-0.574024417677129
305000	306000	-3.72586289625141	-0.680560796110387	-0.491489635732595
306000	307000	-3.94813190440139	-0.732165221264064	-0.399141162694106
307000	308000	-3.90495992565992	-0.539224759822748	-0.229577354815915
308000	309000	-4.04397996541488	-0.418521515149325	-0.0844214035703703
309000	310000	-4.17373537351034	-0.251798554151056	0.084346202678018
310000	311000	-3.96481676989274	-0.111604905105213	0.113792555062303
311000	312000	-3.90143503224369	0.0255847548153658	0.280284054724742
312000	313000	-3.76933268647214	0.00744395259265366	0.563871558559224
313000	314000	-3.50690432093876	0.00994452192096606	0.394385786027096
314000	315000	-3.35876105382098	-0.0745465563826818	0.27215789705218
315000	316000	-3.1685331662875	-0.0794013138740732	0.30207086024831
316000	317000	-3.08520807070395	-0.243955317725241	0.196173595922391
317000	318000	-2.87252589766381	-0.365001475544748	0.273765773380935
318000	319000	-2.79316982728343	-0.776216742287316	0.420182780826508
319000	320000	-2.67334941811823	-0.621798433466365	-0.0135656616756931
320000	321000	-2.55729580323919	-0.692720705682553	-0.136858457104368
321000	322000	-2.42770963444523	-0.83566417790281	-0.147607900859286
322000	323000	-2.26704923177363	-1.06718672826408	-0.193579938698734
323000	324000	-2.0359772953481	-1.23544426049289	-0.1091955253982
324000	325000	-1.8865648316127	-1.41066995207916	-0.0364976692135445
325000	326000	-1.76811523593243	-1.5968508859827	-0.0940199778602195
326000	327000	-1.63327405949919	-1.72248184471942	-0.0208779499185057
327000	328000	-1.55638468845841	-1.8929765304734	-0.0786519816901774
328000	329000	-1.45994224904281	-2.07721487016901	-0.0400634766399456
329000	330000	-1.37931621933585	-2.29624375307935	-0.124850811970693
330000	331000	-1.25897229316722	-2.52353136548853	-0.0638974026863536
331000	332000	-1.21629683378935	-2.74292462472771	-0.125205723207062
332000	333000	-1.0925351947184	-2.90178567572364	-0.113912849746601
333000	334000	-1.05135854581898	-3.0404083948957	-0.273761784018071
334000	335000	-0.961438407423569	-3.25700146532247	-0.193678761998439
335000	336000	-0.747619552411966	-3.32541516895838	-0.306366668141446
336000	337000	-0.637871142424586	-3.55328919636985	-0.413777660401595
337000	338000	-0.39067557411445	-3.48761106946522	-0.411379417732585
338000	339000	-0.205605998966201	-3.62820143360401	-0.374681352913449
339000	340000	0.0676682034807662	-3.7225104909979	-0.482173917597611
340000	341000	0.106174449041638	-3.65571043782607	-0.183666633170184
341000	342000	0.230583035237663	-3.62983486195506	-0.00624892106206205
342000	343000	1.24058364941513	-4.25269629977652	-0.550178456949067
343000	344000	0.35389428802304	-3.60780696838896	0.267116762498642
344000	345000	0.547301039256018	-3.69063571979786	0.329621239477052
345000	346000	0.788953670875041	-3.74424539171238	0.547911635688678
346000	347000	0.552552815257671	-3.61824721091654	0.739348017762253
347000	348000	0.666574304096487	-3.58417866745575	0.976633386051053
348000	349000	0.42634987089756	-3.63904663645212	1.10606611217765
349000	350000	0.39026489271756	-3.52294741041851	1.33181812201319
350000	351000	0.173152715453102	-3.57164690870248	1.38472791324558
351000	352000	0.125496904550251	-3.55139275692433	1.60684136641716
352000	353000	-0.1274807422183	-3.56964239412007	1.65193490016156
353000	354000	-0.289009667742074	-3.41901824719391	1.83323699866314
354000	355000	-0.557890407417469	-3.43257559313658	1.74099002830004
355000	356000	-0.698121293953608	-3.26736952416659	1.65167869914583
356000	357000	-0.861858135852903	-3.1993825595927	1.54535582056614
357000	358000	-1.04208421531786	-3.07099784427296	1.57274417583781
358000	359000	-1.06213185182172	-2.9987476488234	1.36618164485364
359000	360000	-1.28647024988296	-2.81043365048673	1.32604510254136
360000	361000	-1.14577093345722	-2.8856943452921	1.04291583841384
361000	362000	-0.960281601457159	-2.85505487336464	0.904144682511199
362000	363000	-0.96022981112828	-2.9645017370764	0.69263714690127
363000	364000	-0.714709918351983	-3.0623913639747	0.616908215524053
364000	365000	-0.483095733518278	-3.20294600269485	0.491225351829268
365000	366000	-0.225378673071895	-3.26922591892571	0.502770055856215
366000	367000	-0.0571169041862717	-3.44419302640738	0.492794141294633
367000	368000	-0.112691885638801	-3.6872234124459	0.466709369468466
368000	369000	-0.0865754555854548	-3.93311849322904	0.444325850606505
369000	370000	-0.0211568635845335	-4.25987554488268	0.53500353825106
370000	371000	-0.118216200826856	-4.33770823608648	0.245996277712126
371000	372000	-0.332141710581705	-4.43499000826544	0.295260956429333
372000	373000	-0.465995897867237	-4.8093262407246	0.163112955847546
373000	374000	-0.707496495494717	-4.43892965571353	0.271700377923064
374000	375000	-1.00612566928439	-4.33381231904912	0.230920091641524
375000	376000	-0.887006044618923	-4.10557584402061	0.361164082595651
376000	377000	-1.04448256435903	-3.94026052015932	0.431711427811796
377000	378000	-0.87862668928248	-3.84132674135037	0.599194734502562
378000	379000	-0.998641779129351	-3.83877395967074	0.87665126280737
379000	380000	-0.733705241060563	-3.69374661246947	0.861742827959471
380000	381000	-0.59770507660436	-3.74046994149457	1.06091380737109
381000	382000	-0.498939222162346	-3.48841306221426	1.02349736431512
382000	383000	-0.345949444854759	-3.31100832519204	1.07314617117149
383000	384000	-0.275366414067577	-3.10159028542757	1.07083459969585
384000	385000	-0.187918898276918	-2.89555736310593	1.17763114274006
385000	386000	-0.250526714936517	-2.56803347650139	1.22192250188551
386000	387000	-0.30092854282322	-2.62799570344368	0.936561458182973
387000	388000	-0.221928479402981	-2.55335717910274	0.758228669945772
388000	389000	-0.36219764278398	-2.48005004228211	0.602071973867773
389000	390000	-0.254651339098167	-2.5336781553912	0.400799662401509
390000	391000	-0.307940028949811	-2.56298304203585	0.157117142705067
391000	392000	-0.185383101043856	-2.75839701697191	0.159881282554227
392000	393000	-0.0638335555720255	-2.86383363718783	0.028900639253178
393000	394000	0.161825252882149	-2.84705399358839	-0.186464100296126
394000	395000	0.254141274345962	-2.95146052617168	0.0975684734923626
395000	396000	0.562043980128268	-2.91251114531626	0.0940822928133242
396000	397000	0.439996036009317	-2.92275372741431	0.381995274609589
397000	398000	0.536820683415873	-2.92099531145484	0.57667966259149
398000	399000	0.544025019813716	-2.71995782974976	0.657340931636453
399000	4e+05	0.676969958891683	-2.5731030224159	0.787756132082709
4e+05	401000	0.665550818360506	-2.29803276216122	0.829391074835704
401000	402000	0.663641209310871	-2.05432448967914	0.903866988520294
