0	1000	1.74053255995296	-0.648117074982707	-0.968144302818655
1000	2000	1.48163428693621	-0.445244844374053	-0.708571898113741
2000	3000	1.55929161280353	-0.0761889782425576	-0.50055226011985
3000	4000	1.39212628448558	0.126409559466587	-0.190657718441844
4000	5000	1.50242783664957	0.472498397266896	-0.11107533369695
5000	6000	1.45987952946204	0.48537030728623	0.20484318678335
6000	7000	1.47776265869591	0.836762239077127	0.339058800178059
7000	8000	1.08219685386765	0.790879423467352	0.458980324144141
8000	9000	1.06281620154308	1.20605148286986	0.328671292483793
9000	10000	0.777761660684329	1.20878262275968	0.557314461181512
10000	11000	0.682426541299773	1.61524397750963	0.606876898794802
11000	12000	0.245230912199217	1.5926016822021	0.637877682285106
12000	13000	0.233700550051996	1.9514651371881	0.902536840563715
13000	14000	-0.142166173905817	1.87897951948572	0.907020697944276
14000	15000	-0.0926795309560626	1.98456904868999	1.2610601460552
15000	16000	-0.052827895838806	1.57989780801878	1.25469364235043
16000	17000	0.267746162377747	1.66000505359679	1.44970648152215
17000	18000	0.475650158535796	1.34987630479671	1.23060831264335
18000	19000	0.685195200915172	0.896141946704111	1.4372919353974
19000	20000	1.04840435180307	1.28451932898711	1.11596974724446
20000	21000	1.38594556537624	1.25597399507117	0.918037609837377
21000	22000	1.4751984701144	1.58075645287368	0.862437998640318
22000	23000	1.82077631372714	1.59749175924189	0.680295883231229
23000	24000	1.95175257819051	1.66457905726461	1.06885255019622
24000	25000	2.33442398121832	1.91845534829354	1.01835905526211
25000	26000	2.00928814499234	2.07681174482895	1.25270262894942
26000	27000	2.20409797398013	2.20610810140828	1.61427613742017
27000	28000	1.79590836854115	2.42726221269281	1.55368288730106
28000	29000	1.81867106772674	2.66170373703533	1.86492739806322
29000	30000	1.38804199560321	2.5826291345671	1.83055150512065
30000	31000	1.11628438009522	2.90714124884187	1.99552949201508
31000	32000	0.866621463225009	2.785377477802	1.65462127720396
32000	33000	0.573267120645457	2.66780690711921	1.52253026425143
33000	34000	0.374705083701824	2.51842764530681	1.7771277890324
34000	35000	0.599008031561379	2.63851953339156	2.0563051910313
35000	36000	0.652849683385487	2.29770862853736	2.23433614375702
36000	37000	0.973531630665217	2.34833377872104	2.52380136150266
37000	38000	1.08971888450774	2.00720107660276	2.33738575685264
38000	39000	1.32833854519644	1.78393034989182	2.51215998654026
39000	40000	1.05194053918907	1.5858645186639	2.3597137603687
40000	41000	1.2679480087149	1.61625904532622	2.07644785848726
41000	42000	0.908649047612428	1.58553578387614	1.85523099398439
42000	43000	1.17970244181431	1.8642456140071	1.68504302693294
43000	44000	0.896164373576071	2.01132182271437	1.52353837951617
44000	45000	1.19317779484719	2.2279280148594	1.31429626932807
45000	46000	0.894926598719468	2.22214287848343	1.03652659177618
46000	47000	1.06565005740783	2.45487035722884	0.799018380673964
47000	48000	1.0188451586182	2.21027498672146	0.465041132264709
48000	49000	1.33720710917117	2.37661254817134	0.422641994704733
49000	50000	1.34916538271218	2.43616969300864	-0.121092193534808
50000	51000	1.42129598489954	2.75490947376417	0.278098142954145
51000	52000	1.34978060594815	3.16296089446061	0.0356840139365219
52000	53000	1.44928096863401	3.29525604051485	0.437520780207771
53000	54000	1.08714912736182	3.47127760245953	0.441454349761062
54000	55000	0.976651058569343	3.61164762694042	0.797435229124592
55000	56000	0.563704291222247	3.49722328399721	0.73148786222179
56000	57000	0.621579565930324	3.17836032293018	0.947963602208282
57000	58000	0.382769436051296	2.94305475701764	0.872464645102903
58000	59000	0.460962461581412	2.80728688774995	0.417175248797756
59000	60000	0.137145924944679	2.54367249440318	0.635000678548726
60000	61000	-0.0696145225944386	2.57450824975237	0.28448898591824
61000	62000	-0.423474736653039	2.56661078189909	0.470538746563338
62000	63000	-0.380200487046777	2.88485053926003	0.322027967668956
63000	64000	-0.603104828312307	3.00346543526323	0.579595893003475
64000	65000	-0.305382530162695	3.13230103569403	0.698587766850944
65000	66000	-0.436635462581523	3.18227018676964	1.03063314115606
66000	67000	-0.0714994331761615	3.24425859999242	1.13656639305425
67000	68000	-0.112375610438464	3.35521602368624	1.55016095021746
68000	69000	0.249216227130986	3.23551442252919	1.49559920369004
69000	70000	0.449416264791367	3.31236031329788	1.73114512016918
70000	71000	0.757863967433681	3.54768756294731	1.63223977337774
71000	72000	1.0780064871717	3.32312742535951	1.48049048994069
72000	73000	1.34871351560347	3.16754233824639	1.40540843942067
73000	74000	1.79116687389799	3.30292902755125	1.39951997648495
74000	75000	1.70180959289783	2.96717327562369	1.19860032559801
75000	76000	2.05114906392128	2.87019000490875	0.914255040445809
76000	77000	2.45817441442719	2.55801439789316	0.212530799335321
77000	78000	2.1898097235384	2.095930686354	-0.072400152906237
78000	79000	2.1082386379389	1.85321013601905	-0.336033614846044
79000	80000	2.00590301540472	1.7325009779598	-0.716011233367381
80000	81000	2.32813837318342	1.52762235283483	-0.622226476636944
81000	82000	2.21219716757364	1.36008912390381	-0.934072368931571
82000	83000	2.54582447466623	1.40271641026192	-1.38137916002361
83000	84000	2.26594017807151	1.03013185735978	-1.23973445976645
84000	85000	2.34846555290882	0.714489968773621	-1.56144999713562
85000	86000	2.21157295583946	0.21637286664876	-1.75408893359391
86000	87000	2.13406503640498	-0.134090949126729	-1.78875870699257
87000	88000	2.10482809917506	-0.376389743439257	-2.11690344822478
88000	89000	2.35365143943171	-0.709842436275918	-1.91555175271794
89000	90000	2.48057284066323	-1.15472269018667	-1.87252093615423
90000	91000	2.58745264931592	-1.15128177481093	-1.43774939971087
91000	92000	2.77654262109405	-1.21224243437413	-1.02501872825277
92000	93000	2.76327371729516	-1.34051699934697	-0.51024067842567
93000	94000	2.47426199864122	-1.60037738222654	-0.242444016379556
94000	95000	2.41945223257546	-1.25578601095793	-0.0438766490035299
95000	96000	2.03260829501826	-1.40160309306694	0.0343829735710865
96000	97000	1.89856938439184	-1.02208653329426	0.130126731441133
97000	98000	1.67523733580125	-0.699725893186808	0.135077134217469
98000	99000	2.01657375371292	-0.399291406545741	0.13743812861926
99000	1e+05	2.08278699049029	-0.0443703598814495	-0.155068019149137
1e+05	101000	2.04103229707572	0.302244622341727	-0.442261897448684
101000	102000	1.78973000096301	0.539028558456409	-0.71979944968946
102000	103000	1.4947709772299	0.661756933549141	-0.938615276782463
103000	104000	1.26960613507615	0.845606039782834	-1.31427455653712
104000	105000	0.871906910275093	0.645782877627759	-1.73633015955873
105000	106000	0.482975986843449	0.369133384578231	-2.00046525882504
106000	107000	0.028551163759637	-0.140022295306196	-2.03831772171709
107000	108000	-0.0768562080466803	-0.551563393989428	-1.81318203464409
108000	109000	0.16548232755396	-0.785450609700942	-1.96824822677341
109000	110000	0.400001228759496	-1.08803485899059	-1.89505061744523
110000	111000	0.583456727980227	-0.829176827767958	-2.21396279663061
111000	112000	0.871843190594358	-0.744651416137726	-2.48562199550148
112000	113000	1.01076763958028	-0.33696524566918	-2.54870081551125
113000	114000	1.37161307581394	-0.546314823372613	-2.72072048370079
114000	115000	1.49094250894816	-0.25930665315	-3.0552279608616
115000	116000	1.16065889339946	-0.517433528310352	-3.07621442280932
116000	117000	1.17134743009656	-0.825015088676032	-3.08153898064111
117000	118000	1.29535380727683	-1.02799112469766	-3.44706543417051
118000	119000	1.3693846458704	-1.2897296865525	-3.11663951043667
119000	120000	1.31529132766588	-1.61743423552732	-3.12189992766582
120000	121000	1.72876487208689	-1.70653149624079	-2.98957527485578
121000	122000	1.45060089155206	-1.74633152560793	-2.61288180186739
122000	123000	1.41268377640803	-1.57341274680471	-2.29212473852033
123000	124000	1.69651143829486	-1.23822642273031	-2.31656455529084
124000	125000	1.29548421545967	-0.950267488200271	-2.10180324536652
125000	126000	1.04870219659242	-0.632801278267404	-1.83470454228491
126000	127000	0.911689314261342	-0.284815789080037	-1.96923990850719
127000	128000	0.575379903025611	-0.301572823617761	-1.75398689415701
128000	129000	0.31914268271618	-0.156844407734811	-1.47751336103703
129000	130000	0.129209339425872	0.186541489090808	-1.51397549657387
130000	131000	0.124448351479997	0.192025907387389	-1.15582913731718
131000	132000	0.282867962970863	0.521873348829851	-1.19769114091818
132000	133000	0.570725969801105	0.262257679237838	-1.21582674713262
133000	134000	0.81874357992575	0.345481991530405	-0.895386495325065
134000	135000	1.11805755335334	0.110324889115324	-1.27711632423181
135000	136000	1.48344794831134	0.0150247147310651	-1.40896419179591
136000	137000	1.76831709491468	-0.0459327418411951	-1.18658499509794
137000	138000	2.21685673550665	-0.0828321964514528	-1.12489093628084
138000	139000	2.16592283388408	-0.392769001024487	-0.830200706675739
139000	140000	2.32836562902017	-0.73120627379797	-0.705407280791984
140000	141000	2.11259419952409	-1.06450042724865	-0.822973466034293
141000	142000	2.16330612248767	-1.40854432915758	-1.00270622715858
142000	143000	2.51108178354496	-1.75973807862441	-1.07855695151407
143000	144000	2.21276808819267	-1.80427034411359	-1.39806985268561
144000	145000	2.22449437463521	-2.08294577276756	-1.61155634341831
145000	146000	1.99542690120017	-2.04377778478421	-1.91080346982678
146000	147000	1.8746911298279	-2.50757249713718	-2.20167929493997
147000	148000	1.54066387596624	-2.10522673956425	-2.10279798040651
148000	149000	1.24205266372521	-2.25045564183021	-2.04483780785201
149000	150000	1.00984172894049	-2.08868008704	-2.26902428391082
150000	151000	0.748686558140457	-1.91142180443241	-2.15015072482471
151000	152000	0.618958987471963	-1.90512594359474	-2.50882397736458
152000	153000	0.490796098361248	-1.56950560223361	-2.45479096866259
153000	154000	0.188618694044569	-1.3385024357332	-2.57546231606192
154000	155000	0.204699276046242	-1.20024964462223	-3.03070111996137
155000	156000	0.314338115154625	-0.793073738770935	-2.79101898127672
156000	157000	0.465394210275958	-0.570427288610007	-3.02931891839523
157000	158000	0.231526295065151	-0.251394375806225	-2.97591861577982
158000	159000	0.0593465117592494	-0.595816022704421	-3.13960964378156
159000	160000	-0.14553853634803	-0.622411164050926	-2.85763209146799
160000	161000	-0.340536115531931	-0.861856024909652	-2.73402262920997
161000	162000	-0.699675510699263	-0.94126242317068	-2.84872228003843
162000	163000	-0.775124038713098	-0.95635319859349	-2.46616769481722
163000	164000	-1.1289201351104	-1.00587543913737	-2.38259959307081
164000	165000	-1.30406822655857	-0.934614413261897	-2.10985765119817
165000	166000	-1.62206463216235	-1.01847183990283	-2.22389138858884
166000	167000	-1.68229923233344	-0.912203053589863	-1.80650698705544
167000	168000	-1.91277263018398	-0.704746758028939	-1.71000008984506
168000	169000	-2.30747942641087	-0.715489022914383	-1.62273919902486
169000	170000	-2.29710450594104	-0.231617389377254	-1.55937468561924
170000	171000	-2.39157646079821	0.159605018214257	-1.63618856039978
171000	172000	-2.37257742740801	0.550360264895813	-1.52617211321978
172000	173000	-2.57774391539333	0.828177692393176	-1.73622679740367
173000	174000	-2.32781544064745	1.06890831380887	-1.60011431764238
174000	175000	-2.40823254642006	1.43933136575065	-1.69177916226961
175000	176000	-2.08684930445454	1.5286877488773	-1.45450587723609
176000	177000	-1.99765234015312	1.93414272133209	-1.3523649356126
177000	178000	-1.70364596878622	1.76923221179746	-1.11757208003351
178000	179000	-1.41688889448262	1.87451074383833	-0.922234072318322
179000	180000	-1.27288105829347	2.1789242698243	-0.690118734505624
180000	181000	-0.848177105207255	2.14653479407187	-0.623565648885028
181000	182000	-0.955013566334676	1.93829995396827	-0.328678120769743
182000	183000	-0.793207644580917	1.71697231709465	-0.532721240803783
183000	184000	-0.693540771813919	1.39711426309759	-0.293456612912012
184000	185000	-0.375151207156197	1.40149485038757	-0.581527483309182
185000	186000	-0.492350767402089	1.02732364869478	-0.661171475110836
186000	187000	-0.151095867710381	1.06223452299843	-0.868188216419179
187000	188000	-0.335872225594686	1.0868776200029	-1.25828912924546
188000	189000	-0.309428125645328	1.62395014676959	-1.53132639333185
189000	190000	-0.796709825731864	1.42547331472262	-1.28593113395434
190000	191000	-1.1670495737603	1.44411000944005	-1.47605025440716
191000	192000	-1.35984873550021	1.73663045843047	-1.82626677580562
192000	193000	-1.69507939142829	1.43868576926943	-1.75506525600113
193000	194000	-1.92839765097537	1.42619219373421	-2.0031481977154
194000	195000	-2.00387068111934	1.17344597054913	-2.32258833944861
195000	196000	-1.94069133080316	0.944262669115043	-2.01529048401505
196000	197000	-1.95289591644872	0.630760345078259	-2.13210844603343
197000	198000	-1.5400919763874	0.509647189421776	-2.23378038291996
198000	199000	-1.53981472951685	0.157335901597302	-1.90485943488919
199000	2e+05	-1.49043807344986	0.347287920505658	-1.5932260972865
2e+05	201000	-1.18296718690281	0.334631043592559	-1.41515543747353
201000	202000	-1.42342513103523	0.628825205559919	-1.22454344135125
202000	203000	-1.38036663588118	0.915241750815919	-0.911857375535809
203000	204000	-1.73141504616107	1.05111514400868	-0.774746770076529
204000	205000	-2.11236631023475	1.04785517154821	-0.814923492445772
205000	206000	-2.27230498113995	1.1963847408004	-0.422151274235535
206000	207000	-2.64084542876254	1.36048563459496	-0.471134029560296
207000	208000	-3.14015791413277	1.36056308764487	-0.45816304236758
208000	209000	-2.99730644616279	1.75433547720521	-0.637519315105934
209000	210000	-3.24263636765204	2.16144850617972	-0.67990401534069
210000	211000	-3.3019467662275	2.04362015079332	-0.336614915293737
211000	212000	-3.17142360125181	2.33337529933758	-0.218479128005419
212000	213000	-2.97333354628666	2.08167497351253	-0.120008275813893
213000	214000	-3.00790750661504	2.05757696357167	0.227029611952074
214000	215000	-2.73382107583575	1.85961325598891	0.393275131554956
215000	216000	-2.88359183460741	1.72411387596613	0.719533244680521
216000	217000	-2.5598912763133	1.77777706145435	0.915098780291763
217000	218000	-2.65452475104044	1.43623107301003	0.929706707698582
218000	219000	-2.30501359236892	1.37621723705995	0.832755122225176
219000	220000	-2.54465906336231	1.14123222942255	0.654236875343262
220000	221000	-2.35181291981714	1.07978081981326	0.346194780020553
221000	222000	-2.74207817139345	1.05454000530942	0.160367180818082
222000	223000	-2.55753085445176	0.819016775038188	-0.102467582052999
223000	224000	-2.66289879120434	0.69971633779874	-0.497537860261509
224000	225000	-2.35832251328007	0.445098293171151	-0.517825001107593
225000	226000	-2.20082385762823	0.100783043943267	-0.625786664662165
226000	227000	-2.20774831483395	-0.0280542034958845	-0.220065638267023
227000	228000	-1.89217369619539	-0.324039600553008	-0.0813229363102233
228000	229000	-1.57662586702519	-0.58857236960573	-0.106021803126285
229000	230000	-1.53990898722736	-0.480704448755337	0.344625313448568
230000	231000	-1.31997678839896	-0.236259621524797	0.0636809149608145
231000	232000	-1.00881807831421	-0.159406052669447	-0.238590843908896
232000	233000	-1.03977212372985	0.422535816925512	-0.0805976744875399
233000	234000	-1.36836319916773	0.801488196741673	0.160718433952426
234000	235000	-1.36087732610519	1.25348731991694	0.498513096388579
235000	236000	-1.68779702797773	1.24872323309826	-0.0901751928325866
236000	237000	-1.73849176022123	1.71530993180873	-0.0312177878188749
237000	238000	-2.0881361421674	1.88284579896621	-0.332783145779361
238000	239000	-2.05213949360504	1.62830177355417	-0.667941611837465
239000	240000	-2.34219039028523	1.57988936380417	-0.932727024385644
240000	241000	-2.73761185342809	1.57332826939367	-1.16971885769718
241000	242000	-2.67275304055864	1.16029097870662	-1.14808161665722
242000	243000	-3.04207288078157	1.06900599036493	-1.31110424159509
243000	244000	-2.90982431046978	0.69856578842877	-1.11037577324012
244000	245000	-3.24578575172735	0.392979969330868	-1.16138035902823
245000	246000	-2.97135311634682	0.266116063066404	-0.767067024543485
246000	247000	-3.1449745746476	0.198141520517692	-0.452014540392442
247000	248000	-2.98802238591182	0.244308289579414	-0.13239507547007
248000	249000	-3.20182770436747	0.254250368574642	0.167426468297906
249000	250000	-2.89699536174405	0.329332021631173	0.331261086760611
250000	251000	-2.96889522117634	0.240240361057896	0.641502080841244
251000	252000	-2.6200514388404	0.237970648393418	0.775320822116902
252000	253000	-2.54857398941092	0.0444349869414751	1.13364154439577
253000	254000	-2.16406266893046	-0.052834400038831	1.16201528129366
254000	255000	-1.87233167063013	0.24756413004308	1.35243897056248
255000	256000	-1.21233071943634	0.439333056857042	1.69354045576443
256000	257000	-0.940659785231933	-0.0634051545244563	1.36514350856262
257000	258000	-0.514697339314792	-0.0377505092974012	1.42456542667783
258000	259000	-0.494286591155106	-0.32185738372311	1.15667437806019
259000	260000	-0.366247001179311	-0.0681670104939227	0.918370813870015
260000	261000	-0.637469373556599	-0.210744646734291	0.664404991254906
261000	262000	-0.58344438299144	0.0443428473425711	0.324531333560274
262000	263000	-0.99331671095484	0.0159971756613737	0.358136654237725
263000	264000	-1.37488915014541	0.180945312205559	0.36230317001716
264000	265000	-1.63807121746713	0.210337604559611	-0.00422914405452839
265000	266000	-1.61578523297694	0.0433239542435653	-0.416022053188162
266000	267000	-1.88252212897924	-0.421861553506392	-0.625314842202193
267000	268000	-2.31081287471592	-0.544704776337924	-0.332206384307711
268000	269000	-2.29825129500453	-0.672200008052887	0.0940213151612201
269000	270000	-2.16682816823859	-1.06817714090477	-0.116824551003907
270000	271000	-1.88969612124789	-1.03752478114196	0.207988851264023
271000	272000	-1.61447629248337	-1.32343824186507	0.113684669012073
272000	273000	-1.24443036714853	-1.15280714141683	0.220542828454015
273000	274000	-1.09096265664105	-1.30729113697078	0.523889046870865
274000	275000	-0.694182059187742	-1.37989284293261	0.440800267565753
275000	276000	-0.765805215169565	-1.18064585864764	0.798659414977785
276000	277000	-0.500735022029453	-1.5367702238891	1.07783038767683
277000	278000	-0.944185970410553	-1.123955787514	1.23956519695955
278000	279000	-1.17181667324156	-0.813449031912176	1.42640640457812
279000	280000	-1.00552562028753	-0.719697577213689	1.82399317687027
280000	281000	-1.33222661256478	-0.447491440709236	1.74809187399585
281000	282000	-1.55256304582626	-0.396941141926341	2.05212508011974
282000	283000	-1.73912364373468	-0.0636427193630343	1.93358956480536
283000	284000	-1.89307050830047	-0.398269171902049	1.80167832711071
284000	285000	-1.83323482440727	-0.508805672087938	1.4430929177442
285000	286000	-1.82315775272103	-0.975103380420555	1.3961253841256
286000	287000	-2.10891449060545	-1.1780002258218	0.881766534657916
287000	288000	-1.63130702597765	-1.40733066149959	0.880564045356669
288000	289000	-1.45906313600346	-1.76112354333395	0.693538453581802
289000	290000	-1.83502100864669	-1.76458516345221	0.621148640318233
290000	291000	-1.95051713538841	-2.10607539124062	0.556062218398964
291000	292000	-2.26477444958412	-2.01902727870144	0.338339597250504
292000	293000	-2.37268945458824	-2.19390337626014	0.647030347378189
293000	294000	-2.52738010221136	-1.91280547924557	0.746532851552198
294000	295000	-2.73825487045017	-2.08693325077772	0.976458996235548
295000	296000	-2.72645821642978	-1.74797603271652	1.20956647726086
296000	297000	-3.09815956595011	-1.57836624028874	1.41189599487704
297000	298000	-2.7488628525434	-1.36600685667293	1.54956348163768
298000	299000	-2.74450396328943	-0.986697312364584	1.58891192183754
299000	3e+05	-2.59152231231542	-1.06081402474048	1.92077349590308
3e+05	301000	-2.32481897943672	-0.836762178932579	1.91242487779623
301000	302000	-2.479542707826	-0.631703942344553	2.14952354362686
302000	303000	-2.37231663302991	-0.535743864108719	2.52037951549235
303000	304000	-2.2191940962954	-0.914140566702504	2.39182512352228
304000	305000	-1.83911416568068	-0.906617919493515	2.54474107633895
305000	306000	-1.72419939625973	-1.17380405619168	2.21276050007964
306000	307000	-1.41551424878751	-1.4153853368835	2.09827989542606
307000	308000	-1.51499934292194	-1.78300603950353	2.17616902515127
308000	309000	-1.26038241822807	-1.99883105845148	2.32912475662123
309000	310000	-0.904691641830461	-2.07067745688704	2.1284724178599
310000	311000	-1.11641338170078	-2.32300916524664	1.95280267235565
311000	312000	-0.97975197527054	-2.34808225871823	1.65092577261944
312000	313000	-1.24249439377115	-2.70545682075769	1.50381586946488
313000	314000	-1.40305910562743	-2.33596336116613	1.29481153382051
314000	315000	-1.73751235202335	-2.31014043725606	1.1742977394741
315000	316000	-1.88918839966783	-2.01388923663168	1.23754511668081
316000	317000	-2.17431685714617	-2.14001814967519	1.39445771083838
317000	318000	-2.1833419054467	-1.81923417831387	1.67666321787375
318000	319000	-2.45424586078959	-1.93830663225285	2.24966037515618
319000	320000	-2.06031316843795	-1.51649141181536	2.10455713533683
320000	321000	-1.92786846538959	-1.4811294555705	2.43255285740376
321000	322000	-1.61904673438529	-1.43832581385195	2.64050529991811
322000	323000	-1.17171052510777	-1.35270012908391	2.79859764958529
323000	324000	-0.828702647406502	-1.2311016664545	2.48146850603271
324000	325000	-0.452638443777127	-1.29043681816045	2.37444921100588
325000	326000	-0.236683692809849	-0.993306804792279	2.43773636230161
326000	327000	0.00600748240671747	-1.09457091619619	2.24233185579612
327000	328000	0.252777260765402	-0.884647168619912	2.23062743178768
328000	329000	0.491829515352823	-0.994084382265642	1.99732996445051
329000	330000	0.859286528783301	-0.967169763597399	2.15677443884251
330000	331000	0.963527767386493	-1.18254929260243	1.82021116915116
331000	332000	1.14243974610015	-1.48531274843705	1.9446660612875
332000	333000	1.14762200381459	-1.61744890307765	1.60533892283176
333000	334000	1.12906902026337	-1.98143714120763	1.67434489017019
334000	335000	1.02960443677658	-1.99240790284209	1.25701379602213
335000	336000	1.2129673170504	-2.30407054449359	1.10026424733779
336000	337000	1.58783657310392	-2.46946286610067	1.05325354108749
337000	338000	1.96017004082017	-2.45143788042931	0.710062493812027
338000	339000	2.25235422483255	-2.36239217133217	0.432426358616274
339000	340000	2.61225310922963	-2.45051502745108	0.718590210981197
340000	341000	2.47774252820203	-2.01462312295187	0.673841358195808
341000	342000	2.46678168944467	-1.66159003072518	0.780394234811022
342000	343000	4.30977619454852	-1.70589899379403	1.87503007332561
343000	344000	2.37797620015254	-1.18116704606024	0.841770541840639
344000	345000	2.61384484730319	-0.914700526001679	0.854508760399793
345000	346000	2.54653664131932	-0.543857310242285	1.2057135418674
346000	347000	2.17533458670874	-0.486301420373142	0.985125390043137
347000	348000	1.90665583058649	-0.2654475522431	1.27112895516265
348000	349000	1.59438163396134	-0.268118246164133	0.988199667613584
349000	350000	1.24519368609354	-0.32810929740709	1.21036761964359
350000	351000	1.03349900386161	-0.486586034914879	0.93584305463962
351000	352000	0.687815316184809	-0.460112744201046	1.07220203099609
352000	353000	0.723029081112487	-0.775102960856065	0.824519964963835
353000	354000	0.826473964222285	-0.914766682996984	1.21165470683629
354000	355000	1.23895557325659	-1.04684878543474	0.977819368965197
355000	356000	1.56995047091092	-0.838283043014163	0.949778255001661
356000	357000	1.78605893503262	-1.05212324208112	1.13544653947579
357000	358000	1.73323469683885	-0.866859676683336	1.47569270252023
358000	359000	1.96587678664944	-1.15522739310236	1.53719578085436
359000	360000	1.9597548562362	-1.23098299919497	1.98367147226591
360000	361000	2.15529063770278	-1.56875787611923	1.74126998482942
361000	362000	1.81965850145142	-1.71748831954218	1.63271425113679
362000	363000	2.05096481521546	-1.92743932465233	1.38173740701492
363000	364000	1.69482432456325	-1.8570993905511	1.18347959992189
364000	365000	1.80613841301712	-1.81155651094435	0.773856779939447
365000	366000	1.67294052790242	-1.76924359416826	0.390200042083065
366000	367000	1.5662350441125	-1.39148145082821	0.416018534734333
367000	368000	1.42495700973558	-1.3339153478886	0.0466251156467657
368000	369000	1.2240073142552	-0.977658043520624	0.025960750338536
369000	370000	0.76194996127843	-1.02354899828731	-0.173953773586976
370000	371000	0.931807322544746	-0.595263063617128	-0.312871637522942
371000	372000	0.821282662299945	-0.794807859889961	-0.63808694067205
372000	373000	0.253829343366139	-1.01363048003128	-0.704340054559747
373000	374000	0.768493985050811	-1.21158644770935	-0.817119441269518
374000	375000	0.949583814327933	-1.62228574868707	-0.823945812379566
375000	376000	1.33112152873715	-1.4131170040391	-0.60840601122256
376000	377000	1.73485493856859	-1.42326739291539	-0.524058859074154
377000	378000	1.61417187187204	-1.77897672593585	-0.370125291043054
378000	379000	1.17422784983596	-2.05501822841042	-0.336774169053096
379000	380000	1.03551535519837	-1.87424543341189	0.059841935747137
380000	381000	0.594241667248373	-1.93057383500499	0.0725519840795334
381000	382000	0.734997111693039	-1.9816830321634	0.444378213760988
382000	383000	0.421869767885847	-2.19176279256918	0.475376906396959
383000	384000	0.640243673994501	-2.48124182537935	0.526424865608102
384000	385000	0.551765048328917	-2.81198825147241	0.340420238530536
385000	386000	0.691175183219222	-3.00168975129835	0.818428241330978
386000	387000	0.972946370219784	-3.07677117012398	0.518214385165635
387000	388000	1.2080268313597	-2.83309067269118	0.573369978139379
388000	389000	1.22875894979047	-2.89063074352187	0.213044775975898
389000	390000	1.43355922181335	-2.55254239196737	0.206001851618599
390000	391000	1.66236741937829	-2.63051834217016	-0.124490279935684
391000	392000	1.86764840287686	-2.31865551001347	-0.300072305381517
392000	393000	2.17013685918309	-2.23052152702046	-0.486625251700174
393000	394000	2.30649437107557	-2.54167383872137	-0.792888006024591
394000	395000	2.06354350811225	-2.17350843326558	-0.908899788656174
395000	396000	1.70723754980375	-2.3392234141313	-1.12533061471007
396000	397000	1.78272531032608	-1.87280944811805	-1.10392457033023
397000	398000	1.57637741156361	-1.73316744589595	-1.37164760644205
398000	399000	1.69824999789183	-1.42861702169977	-1.24744352697211
399000	4e+05	1.85605408293328	-1.25145998234647	-1.54704377789807
4e+05	401000	1.61465863722196	-0.928197423733409	-1.32970665085789
401000	402000	1.9529443598318	-0.748526844423709	-1.26487237581409
