0	1000	-1.21237996234504	-1.68062569636447	-2.49021626196693
1000	2000	-1.28968647362947	-2.17140632935823	-2.59285662947432
2000	3000	-0.93114612868371	-1.98599942681266	-2.20651607582766
3000	4000	-1.31920282859486	-1.9212428182113	-1.83212574094851
4000	5000	-0.954580063566198	-2.22070389938811	-1.50512615722551
5000	6000	-0.859239067779198	-2.31964944457354	-0.928631008423204
6000	7000	-0.659046849675414	-2.57162785639267	-0.406370226739312
7000	8000	-0.39512064446809	-2.25214507232944	0.00475862987089218
8000	9000	-0.0306484580132233	-2.70758078978206	0.273071301940688
9000	10000	0.228821476323472	-2.13994580747875	0.397364217021352
10000	11000	0.782253949348531	-2.4353370741768	0.57686230941432
11000	12000	0.956274420976581	-1.78854918510314	0.722882063583847
12000	13000	1.55340432441963	-2.08517679987585	0.611804857773917
13000	14000	1.64090961932551	-1.50842889927093	0.929848048716632
14000	15000	1.77928544466411	-1.96142937611972	1.26633844494939
15000	16000	1.32009250894506	-2.31203665363076	1.19291648377291
16000	17000	1.12559824606337	-1.82207708284307	1.46139467898299
17000	18000	0.563229681473742	-1.91379270314643	1.20352032995803
18000	19000	0.489372552626518	-3.05623654219974	0.965179638486204
19000	20000	0.0800581398197715	-2.44492026820279	1.00517388394171
20000	21000	-0.484857968203953	-2.172069538039	0.826978816131231
21000	22000	-0.856811681468865	-2.60772921364414	0.621716744330354
22000	23000	-1.09562202416041	-2.09137032492041	0.486206426800014
23000	24000	-1.65386923622467	-2.25819361093403	0.553276128111971
24000	25000	-1.46815216266901	-1.60707171556159	0.502757675758281
25000	26000	-1.1263045225947	-1.52195893128124	0.9613330389915
26000	27000	-1.27283930845341	-0.978349698016158	1.2624978400696
27000	28000	-1.18289292897425	-1.21771813920023	1.91286553783059
28000	29000	-0.660585056574234	-1.19925958337361	1.68644006795941
29000	30000	-0.563820029311131	-1.23357354841241	2.30537886724361
30000	31000	-0.0309493402224226	-0.860654346949068	2.17024543323758
31000	32000	0.341654575757169	-0.597069908217915	2.64196108882378
32000	33000	0.538828389796902	-0.124384315202078	2.42785943996215
33000	34000	0.888504606363277	0.0357450007120335	2.84504786368297
34000	35000	1.09369567004929	-0.0154181637586931	2.28452503419803
35000	36000	1.52644278701647	-0.118025672928742	2.66649549166966
36000	37000	1.57978058982222	-0.456893695814845	2.22772172632384
37000	38000	1.17720417235172	-0.543811949037511	2.52886519755859
38000	39000	1.33781270506381	-0.978403354435035	2.39662869043479
39000	40000	0.924673951879103	-0.935782486088041	2.6853955090607
40000	41000	0.787184817400115	-0.928316592995536	2.15216790200266
41000	42000	0.503995422147497	-1.34028127342432	2.48159251072041
42000	43000	0.506886621324474	-1.5532738153858	1.88215252054605
43000	44000	0.00217849232278437	-1.77653701903338	1.89459995992278
44000	45000	-0.113168814860818	-1.78692810639012	1.36084461130213
45000	46000	-0.580310100374144	-2.04019131259	1.48773222090338
46000	47000	-0.440000932891688	-2.56889400364734	1.36501174902928
47000	48000	-0.752729693523404	-2.97747180761162	1.17964389105651
48000	49000	-0.997904647259495	-2.47482192347826	1.21328633699604
49000	50000	-1.5429286183876	-2.97847293310961	1.14193111717922
50000	51000	-1.44315306758749	-2.41848554553681	1.42928444655562
51000	52000	-1.56053702451626	-2.57804400441209	1.96866726654949
52000	53000	-1.19861010047541	-2.79670668990285	1.68718618543761
53000	54000	-1.0260733073281	-2.77365668629821	2.12728898249977
54000	55000	-0.685580222712194	-2.98595136946233	1.77791999234421
55000	56000	-0.426819490388247	-2.82877356649831	2.2044582636878
56000	57000	-0.11907766434302	-2.58522738691833	1.8163662366729
57000	58000	0.279324759265837	-2.30766778149933	1.64958265835586
58000	59000	0.450937776087101	-2.93422088525068	1.69064380641492
59000	60000	0.792872484429968	-2.50328796742704	1.37469032503446
60000	61000	1.12726681772829	-2.71233623009425	1.69724307361718
61000	62000	1.32734372949083	-2.29527313583961	1.87805262305141
62000	63000	1.04626317157614	-2.51972901243684	2.14533048957106
63000	64000	0.85868759398935	-2.21687231255568	1.87943236559308
64000	65000	0.55806926488642	-2.40743580847985	2.18653195592364
65000	66000	0.877614072838218	-1.90926206554169	2.30159443409347
66000	67000	0.458849369575366	-2.02529144708355	2.53414613043157
67000	68000	-0.011202035267514	-1.80600928018775	2.56025870302028
68000	69000	-0.0165992742299354	-2.31750497885957	2.39160976480702
69000	70000	-0.386078537905166	-2.14046021148772	2.15028635512535
70000	71000	-0.794650763795335	-2.28115727521031	2.41787613383876
71000	72000	-0.875181453201809	-2.33206231791854	1.87784459815982
72000	73000	-1.25158146068713	-2.115580317435	1.98416436061443
73000	74000	-1.17238909348748	-1.74145507859649	1.64582002955595
74000	75000	-1.58553185110105	-1.82923746920818	1.42633438973283
75000	76000	-1.79765823992965	-1.35030372779145	1.62375584755671
76000	77000	-2.35882002539581	-1.70347274819413	1.37544141700752
77000	78000	-1.9114068974825	-1.31975786565049	1.05539013881884
78000	79000	-1.96863545357914	-1.7672801233542	0.862329549210097
79000	80000	-2.30155784930154	-1.37716147755651	0.53650201523796
80000	81000	-2.18254114057559	-1.78542795979496	0.17605706915926
81000	82000	-2.31718926958018	-1.40898544723855	-0.292368263543964
82000	83000	-2.80293696605017	-1.67013221819539	-0.824847404834608
83000	84000	-2.42120741040538	-1.26087264746144	-1.22336765135734
84000	85000	-2.96635824025007	-0.894238564230829	-1.20270748832812
85000	86000	-2.75576389913955	-0.312635084520989	-1.32481087651555
86000	87000	-2.90747438883973	0.00765402016765942	-0.831435263052823
87000	88000	-2.24349054113301	-0.0698154540669421	-0.893372698945829
88000	89000	-1.65558577087557	0.1676574306494	-0.681865034876862
89000	90000	-1.34764012062995	0.198915315388069	-1.27236911809829
90000	91000	-0.870346388876893	0.216886285827438	-1.73523755719499
91000	92000	-0.556142475460959	0.306457750221407	-2.39893455862593
92000	93000	-0.0723496593575079	-0.0313681639983776	-2.0945820133094
93000	94000	0.436128542507927	-0.409320879490713	-2.06244640214641
94000	95000	0.0987082894426917	-0.843669820055291	-1.78727394936531
95000	96000	-0.0629035039001149	-1.2241057913737	-1.31562364613588
96000	97000	-0.326290228112276	-1.81781588211531	-1.48179671052604
97000	98000	-0.800032057593538	-1.62652629900137	-0.993320967684987
98000	99000	-1.51863888498532	-1.89160178034535	-0.943473772352492
99000	1e+05	-1.46547752046944	-1.75621630580627	-0.310258729275745
1e+05	101000	-1.71778418771902	-1.23763757314487	-0.045294080015558
101000	102000	-1.75490878439983	-0.862289370101778	0.45603037034578
102000	103000	-2.33416838050877	-0.693423093422537	0.308257593948021
103000	104000	-2.23079032826832	-0.0659706301042006	0.524764831869619
104000	105000	-1.70333085725546	0.341767110146337	0.257135249216056
105000	106000	-1.47284713517087	0.787933100510948	0.750308812215341
106000	107000	-1.27369822512205	1.38652703603008	0.430311072582599
107000	108000	-1.75033590679784	1.81912359342197	0.469684510802564
108000	109000	-1.6226989979961	1.99877455178881	-0.120944854796797
109000	110000	-2.17603942690523	2.22909709652995	-0.247414428971331
110000	111000	-1.91057385832521	1.75266823100572	-0.624223411382773
111000	112000	-2.42146020441073	1.57420166224367	-0.814210218979828
112000	113000	-2.31224621330386	1.36079150996344	-1.31880664523694
113000	114000	-2.86227288071996	1.07882442448286	-1.12484644695836
114000	115000	-3.46217019484966	1.03799048898433	-1.31652916904903
115000	116000	-3.23562053453851	1.54774930388378	-1.16515024777365
116000	117000	-2.92731485878488	1.49013573345348	-1.52062190924267
117000	118000	-3.1730141311297	1.80564578079027	-1.90069869550194
118000	119000	-2.75873175467296	1.4986631041048	-1.98685832771243
119000	120000	-2.33146793769256	1.62823854802891	-2.13778127241011
120000	121000	-2.52175361829938	1.30632969240428	-2.56688611139451
121000	122000	-2.83263898681155	0.941105520977678	-2.23186707278536
122000	123000	-2.37515857238472	0.964713257792238	-1.86963951138901
123000	124000	-2.89871391464185	0.676931517929242	-1.61553048581597
124000	125000	-1.94972971620573	0.90035505419653	-1.17758416220664
125000	126000	-2.37616369593045	0.694131759751311	-0.761223686466397
126000	127000	-2.20189589602474	1.09915376991077	-0.318266280315651
127000	128000	-2.64196536261613	0.987133227038394	0.0654522664038897
128000	129000	-2.53659509730553	1.53513208778798	0.145630097997175
129000	130000	-3.04172677154395	1.37642923177125	0.140585252988411
130000	131000	-2.95630304508184	1.73051735236002	-0.0803582476640313
131000	132000	-3.37413970073864	1.61985642510587	-0.129877678194322
132000	133000	-3.11076216580887	1.56916167069034	-0.513117067393832
133000	134000	-3.50283638220445	1.1588857800529	-0.525738549278803
134000	135000	-2.88161287554191	1.09617061594953	-0.540358480426839
135000	136000	-3.08952651380442	0.626224412933835	-0.432750059157573
136000	137000	-2.50586201482375	0.341482872455565	-0.223613575819763
137000	138000	-2.81172019216723	-0.206052828710302	-0.12926613907154
138000	139000	-2.03865242558252	-0.454398941461925	-0.265875145307826
139000	140000	-2.50679485359496	-0.823328700283925	-0.536468254737863
140000	141000	-1.99572804778988	-0.875593032789618	-0.989111898329976
141000	142000	-2.11920646218317	-0.668479192719578	-1.64850906261538
142000	143000	-2.39922221894661	-1.13389066397554	-2.08379527568094
143000	144000	-1.78813355900045	-0.308849344279355	-2.21253427808985
144000	145000	-1.85020886595055	-0.0336024749477433	-2.75207412031444
145000	146000	-2.1093274780471	0.486920047672761	-2.54936173683552
146000	147000	-1.77594143811164	1.06443479283617	-2.83914551200718
147000	148000	-1.75850257894343	1.11022861785522	-2.05706046238319
148000	149000	-1.40444413042541	1.5863593690625	-2.06735002304206
149000	150000	-0.856010240326028	1.67484425822249	-1.6906266694684
150000	151000	-1.15794728155163	2.14430539069669	-1.81601280391824
151000	152000	-1.39070764407288	1.84420618166485	-1.38293525042122
152000	153000	-1.78302952968862	2.32095737307219	-1.57289257502268
153000	154000	-1.92259996342704	1.98395946968654	-1.23587877921276
154000	155000	-2.41903975472497	2.51457937555724	-1.45620294015012
155000	156000	-2.47091511531356	1.9409245044091	-1.45445427116904
156000	157000	-2.85647261346487	2.04428452230168	-1.165859434496
157000	158000	-2.83608797533918	2.13276675625804	-0.655108137627187
158000	159000	-2.52774424970152	2.51814566323121	-0.80883971593
159000	160000	-2.29628332254608	2.1329356251639	-0.913300428328886
160000	161000	-1.94914578885405	2.42832198986189	-0.850091383585596
161000	162000	-1.71989816926502	2.73670480755304	-1.15330870753605
162000	163000	-1.44525141797324	2.30983468637301	-0.995166258980374
163000	164000	-1.10134799400177	2.50565042878309	-1.28810423513479
164000	165000	-0.84231591880679	2.17535977392083	-1.01245372550665
165000	166000	-0.453815005820162	2.36948418246042	-1.26947332471929
166000	167000	-0.050623672366291	2.28924965998891	-0.852065325614704
167000	168000	0.391620656195395	2.16573355654528	-0.589218976406556
168000	169000	0.840215613310506	2.36276604108835	-0.251319079649105
169000	170000	0.455919614443055	2.42555295904355	0.236228297278525
170000	171000	0.406788602841011	2.50699384514597	0.824428710673272
171000	172000	0.134119274239442	2.58106444387641	1.32378192946302
172000	173000	0.226700365760953	2.85161860935544	1.84034187108145
173000	174000	-0.107216993782326	2.48158414057473	2.08165150410956
174000	175000	-0.137885688595453	2.68092560341804	2.62146180779466
175000	176000	-0.237331263994908	2.12811388336082	2.62933410711045
176000	177000	-0.518410893361656	2.13749136240537	3.14691118421283
177000	178000	-0.258925402872976	1.64920652458057	2.9675602323475
178000	179000	-0.617995042227348	1.346916415422	2.79904743900136
179000	180000	-0.934098306012488	1.02514326945961	3.09649533877953
180000	181000	-1.02212835698992	1.58653341850973	3.17629347611504
181000	182000	-0.965261470588643	1.29235266082947	3.50579701022097
182000	183000	-0.650567243278443	1.4117520198088	3.30972694075524
183000	184000	-0.671755092933894	1.59652808560038	3.69051113742903
184000	185000	-0.436662993997725	1.09350050874636	3.59615598819955
185000	186000	-0.269410079778469	0.971167525541837	3.13868353123719
186000	187000	-0.447697734278533	0.589727786467634	2.82474803676942
187000	188000	-0.783416054665898	0.896736715135766	2.29378784764057
188000	189000	-0.704926239744744	0.298113785824602	2.02209745466242
189000	190000	-0.741568285268604	0.916613793786953	1.56040086783296
190000	191000	-0.826843112303282	1.49228714116573	1.30775552500105
191000	192000	-1.26457087235594	1.83746213638913	1.72975407743491
192000	193000	-0.688631558697275	1.75035484057198	2.0066789290847
193000	194000	-0.878220093670925	1.98285285348642	2.46587398311396
194000	195000	-0.825395697172609	2.554787097582	2.38164657678278
195000	196000	-0.644093501081331	2.4261175668838	1.87193896671213
196000	197000	-0.481791728910378	2.2399484474513	1.38803607488248
197000	198000	-0.538688566576643	2.75479544379975	1.02714975746342
198000	199000	-0.767338661489377	2.27149721161998	0.608264357440442
199000	2e+05	-0.185761011243628	2.10867491431077	0.46118878868843
2e+05	201000	-0.396543106000834	1.53590526889479	0.63839469798294
201000	202000	0.245623953282476	1.50086839961986	0.800477915701014
202000	203000	-0.0045522999775388	1.04456416951493	1.24378235627618
203000	204000	0.425808218715483	0.934554736402851	1.69752965700662
204000	205000	0.505455812568954	1.49017331438237	1.86367416963575
205000	206000	0.937693050374422	1.62127626352388	2.22582738209569
206000	207000	1.19921907138428	1.95909453063035	2.62689809994132
207000	208000	1.20487678910581	2.13579124932853	1.9860647466382
208000	209000	1.56644398872374	2.38812379832547	2.29518640073062
209000	210000	1.30699132911115	2.72318209542435	1.95684317255322
210000	211000	1.14666073973039	2.65544642454867	2.43632711125162
211000	212000	0.762721131192258	2.80669275923044	2.26397901122011
212000	213000	0.718553060221447	2.37074012019476	2.48987599373822
213000	214000	0.467515732630922	2.59145604946796	2.87476653692343
214000	215000	0.391054471143757	2.01924497221544	2.89385807508576
215000	216000	0.0780416086506888	2.201521056752	3.2726170030214
216000	217000	0.0371843709350722	1.76801823948178	3.57382571596992
217000	218000	0.11311413868142	1.40276456823095	3.24391079192164
218000	219000	0.581982252352695	1.48834498797784	3.41402143382976
219000	220000	0.529484269702644	0.998148341058452	3.10785105663142
220000	221000	1.0245079939868	1.30959574248398	2.99303273596065
221000	222000	1.02882366342838	0.965222583661603	2.52102437485422
222000	223000	1.55273614774292	1.16815600199299	2.37533059292014
223000	224000	1.22856645117312	0.942160145290667	1.79519170017022
224000	225000	1.54896913502393	1.27985145544838	1.40381427434752
225000	226000	0.953707187940189	1.19267211451265	1.0559690932574
226000	227000	1.15096120479436	1.64698444288825	0.568108831383821
227000	228000	1.01221644742904	0.977806579048779	0.270787826197308
228000	229000	1.63521389521758	0.66166854298837	0.187218491869719
229000	230000	1.74672974633667	0.0681428184215041	0.220481919052332
230000	231000	1.78866421389243	0.119815092505174	0.925736190201493
231000	232000	1.19506680034959	0.0635200435464449	1.28864035549249
232000	233000	1.70397718630768	0.276448289519916	1.70854720006765
233000	234000	1.50244426187533	0.466302553345057	2.28871931026638
234000	235000	1.3736058161546	0.66125731887322	3.10785043091332
235000	236000	0.486329417017315	0.673138657025139	2.5240106290936
236000	237000	-0.0267083405208549	0.982049872334861	2.38310227336903
237000	238000	0.357362955173525	1.41637393397717	2.63049928661899
238000	239000	-0.0759789767550862	1.63695004145507	2.28006371837546
239000	240000	0.287437183635718	2.08903445275785	2.18874944225514
240000	241000	0.12205788542971	1.92696325970078	1.61624854608124
241000	242000	0.65531398010872	2.33607015003486	1.61637324398775
242000	243000	0.894280948716113	1.87131057638179	1.39692921066381
243000	244000	1.51688807241139	1.99452446785234	1.47662090675862
244000	245000	1.86819370802394	1.70600106025673	1.97713911796284
245000	246000	2.04330763965498	1.0252454457627	1.85790612748897
246000	247000	2.41737442731452	0.760729235965787	1.56668948901506
247000	248000	2.47312265734842	0.232563281490223	1.51926883803203
248000	249000	2.84687008450487	0.43917418222899	1.22944624850451
249000	250000	2.70971972957182	0.000776425180330576	1.06584585082402
250000	251000	3.15802357449858	-0.0472756037303122	0.865451847914455
251000	252000	2.88728717017278	-0.109658138214087	0.44094089574816
252000	253000	3.38332938245161	-0.21214578598443	0.107126636094611
253000	254000	3.08065301120462	-0.221248585616222	-0.366017776602007
254000	255000	3.54992947220815	-0.587593513172655	-0.640949238929539
255000	256000	3.63735039473426	-1.15745882089686	-1.05718411669153
256000	257000	3.02113223443379	-1.18300325903351	-0.863775901548204
257000	258000	2.88365243836619	-1.69536870078276	-0.759754002806729
258000	259000	2.62981610202991	-1.51970934300658	-0.320416209619958
259000	260000	2.13601715850742	-1.78640859792611	-0.352552711262782
260000	261000	2.04954605869125	-1.53980502571519	0.227083983367256
261000	262000	1.40008571520142	-1.2090762043546	0.0964867072845993
262000	263000	1.50872460049798	-0.706884834593334	0.577406516517167
263000	264000	1.06693219914238	-0.295390561621281	0.236141595284464
264000	265000	0.935796581399047	0.241739738311397	0.585990068518056
265000	266000	1.35601508341123	0.693843802478683	0.861270367639972
266000	267000	1.99181304179356	0.96778358437865	0.907170386459348
267000	268000	1.95630307370813	1.57440422584693	0.624236391211991
268000	269000	1.6002607252415	1.35113326307865	0.0869488184378905
269000	270000	1.25157639936909	1.22799630138999	-0.479631990989888
270000	271000	1.75812804811244	0.738353694963504	-0.539322008302618
271000	272000	1.46088863256582	0.264021344352728	-0.852691913377152
272000	273000	1.51027831826708	-0.280806390798327	-0.494479280613693
273000	274000	1.69504026529291	-0.639500526295535	-1.01520076364396
274000	275000	1.6810186686679	-1.24053465669629	-0.648360096705903
275000	276000	2.24069020436431	-1.01128273425077	-0.566900093279346
276000	277000	2.05747815709437	-0.846847451416396	0.0254828727551598
277000	278000	2.38190522901108	-0.283989665631881	-0.0316980964891585
278000	279000	2.31109378399455	-0.486398902426705	0.647578551010688
279000	280000	2.81284627442376	-0.710611405983631	0.975343719312526
280000	281000	3.03956113430734	-0.690926403965064	0.37904297638653
281000	282000	2.70203865656495	-1.12519357513389	0.201309254684778
282000	283000	3.21644655345605	-1.20246585974512	-0.195472611503057
283000	284000	2.79486315008751	-0.820584835566256	-0.407331642997241
284000	285000	2.94995171546966	-0.55809872646721	-0.874793081587529
285000	286000	2.36782717124402	-0.272832429905762	-0.89543953876493
286000	287000	2.66467262216264	0.934650855743217	-1.2604539483824
287000	288000	2.02097359728032	0.304547866057622	-1.29630081673948
288000	289000	1.84862498078384	0.884105380252636	-1.24569177878664
289000	290000	1.43529887838978	0.79599556985172	-1.66234108664779
290000	291000	1.07924197266096	1.27081331667655	-1.57811146014358
291000	292000	1.35031717365077	1.30400479947675	-2.0362833094893
292000	293000	1.41598426980986	1.66248846641184	-1.73876674352095
293000	294000	1.76564001870629	1.40145211970205	-1.71435195844638
294000	295000	1.57044803292003	1.52265851390349	-1.32429922449543
295000	296000	2.02262520169324	1.60870410539808	-1.32363922323392
296000	297000	1.77946272254879	2.02893280178769	-1.01516947832792
297000	298000	1.95399513390646	1.60106436398907	-0.714828794468679
298000	299000	1.952870402858	1.87215695824733	-0.245655585786352
299000	3e+05	2.24078451947536	1.34479450867562	-0.165037758535057
3e+05	301000	2.46035400622491	1.1303769290699	0.317469906322523
301000	302000	2.4036951622912	0.521002877495145	0.385788152504994
302000	303000	3.01891027633143	0.625295542420167	0.186749420290606
303000	304000	2.55693418411231	0.480903345048834	-0.342637885269719
304000	305000	3.08804184121589	0.556693465530578	-0.692607507178167
305000	306000	2.78044212897343	0.153611225083793	-1.03573739705077
306000	307000	3.28673468980246	0.163294502469345	-1.33061964019857
307000	308000	3.23565558398568	-0.353763156586275	-1.46476190434081
308000	309000	3.16755624655958	-0.110157850020913	-1.89014940340375
309000	310000	3.34108320094018	-0.556397791560707	-2.03226811749975
310000	311000	2.89096488033372	-0.54798032265856	-1.93583602250963
311000	312000	2.94342228261997	-0.904822946042206	-2.1489401161064
312000	313000	2.64390405219178	-0.864028033675319	-2.54965980957327
313000	314000	2.87883574761336	-0.484196503973019	-2.45494042723181
314000	315000	2.51031073737458	-0.502059681457611	-2.24511047644242
315000	316000	2.71502886571257	-0.124088475571598	-2.23842342633815
316000	317000	2.2574509639326	-0.0855212019556003	-2.19216178081248
317000	318000	2.3030049208671	0.406298704472793	-2.09476074039318
318000	319000	2.89878638202822	0.702394000925362	-2.08570701074489
319000	320000	2.67472691342494	0.274393072020804	-1.6265086779247
320000	321000	2.48940633963269	-0.210281667754183	-1.58923021462121
321000	322000	2.72835705292934	-0.647551277244982	-1.4499029280254
322000	323000	2.35098931808057	-0.98443180460568	-1.77472214085381
323000	324000	2.85031617781473	-1.29289154788447	-1.48044647787725
324000	325000	2.33395245691391	-1.2968629060327	-1.18975586301276
325000	326000	2.38776448757765	-1.82642179913012	-1.20709063768149
326000	327000	1.87113462460895	-1.78944140495624	-1.09277940755481
327000	328000	1.46132108197126	-2.02128126875283	-1.29052614923357
328000	329000	0.986600420685477	-1.97899802386122	-1.08367911899243
329000	330000	0.551577727848637	-2.20999073118837	-1.36225589815357
330000	331000	0.415807446220543	-2.3861617871872	-0.765470243106674
331000	332000	0.0601618207001112	-1.89269990580304	-0.659814467042445
332000	333000	0.601215603283509	-1.76942057628827	-0.314255737428795
333000	334000	0.464141451819755	-1.19179907506469	-0.603961402842996
334000	335000	0.233511240176185	-0.861441873777818	-0.0273649714490145
335000	336000	0.0159748249257637	-0.242780218292034	-0.269475121340825
336000	337000	0.136947955226207	0.198239792436738	0.267924914788944
337000	338000	0.0346753781708483	0.885795083034024	0.163387137699708
338000	339000	0.318075749595754	1.46869799512462	-0.0998545075433184
339000	340000	-0.345181608764385	1.56900865827476	-0.326582116718963
340000	341000	-0.22387959078377	1.22283444340638	-0.933602080635108
341000	342000	-0.155044866340251	0.828624931841978	-1.4775294718258
342000	343000	0.358427314026716	2.44784431495667	-4.34506479471756
343000	344000	0.414878084405145	0.574513090689629	-1.92555034039491
344000	345000	0.834901537415199	0.390809012232171	-2.36142303294692
345000	346000	1.21942065883917	0.0485111034019309	-2.78611091492553
346000	347000	1.29902404214862	-0.175459044908342	-2.29603272257175
347000	348000	1.49034069470603	-0.648033259795072	-2.5711616709738
348000	349000	0.929697567924405	-0.673471313073496	-2.55516919928865
349000	350000	0.708737649223054	-1.11601383394524	-2.72971148331546
350000	351000	0.182493070792863	-0.956943849361081	-2.58650486132096
351000	352000	0.20576439208145	-1.5694850177755	-2.71082031945806
352000	353000	-0.00976161633849418	-1.51933678864491	-2.19381132027471
353000	354000	0.615557662613843	-1.80644690961741	-2.18092581567312
354000	355000	0.711063230173709	-1.2768080797808	-1.96164449093427
355000	356000	1.35340854137736	-1.26319620156837	-1.95222121577236
356000	357000	1.13751245824079	-1.0073608872476	-1.39925816904495
357000	358000	1.00047614705266	-0.366385708772172	-1.43386244001152
358000	359000	0.741117895803906	-0.244958663153314	-0.794798879391522
359000	360000	0.744865232981523	0.516869232719532	-1.05850868553839
360000	361000	0.729847282539822	0.51277842227835	-0.330201319398241
361000	362000	0.32237948430164	0.945251679891831	-0.670347477842526
362000	363000	-0.164192557166016	0.393809951251392	-0.673106467739455
363000	364000	0.00859341363595443	-0.0633611832367743	-1.16959429603284
364000	365000	-0.54251400892391	-0.446881237784185	-0.888435045162426
365000	366000	-0.601068638961446	-0.453666064614018	-1.55847791324164
366000	367000	-0.768556784951855	-1.12691545928416	-1.61443256270774
367000	368000	-0.57551000884836	-0.853823471457475	-2.20556939753306
368000	369000	-0.620885807097683	-1.45503829181436	-2.25529748630211
369000	370000	-0.854611157529153	-1.21806520197457	-2.73637005906643
370000	371000	-0.528943366018812	-1.75274971541941	-2.84577510358635
371000	372000	-0.302367623160791	-1.30278069206443	-2.81234274418605
372000	373000	-0.0939616205515676	-1.42102695678659	-3.38898729976229
373000	374000	-0.61185062724834	-1.09980249270195	-3.23623190328382
374000	375000	-0.516170755508876	-0.621163427601544	-2.89549322960472
375000	376000	-1.1707823271899	-0.636225902667381	-2.77172026524828
376000	377000	-1.26240285598672	-0.69758527892649	-2.16150217284054
377000	378000	-1.57254253339499	-1.11465369730919	-1.73767839509249
378000	379000	-1.36031242847502	-0.582929364814045	-1.26636789727576
379000	380000	-1.25358117113745	-1.0413838411676	-0.806468021657302
380000	381000	-1.04292573935299	-0.725481397335158	-0.268017079262379
381000	382000	-0.622191830727663	-1.22094660927824	-0.149110380594409
382000	383000	-0.62523588798336	-0.690911058083592	0.390568868890964
383000	384000	-1.02322885138106	-0.105744954825741	0.623832544271076
384000	385000	-1.00139125385724	0.0778238536630909	-0.0541486290262078
385000	386000	-0.789031475530048	0.660464196771719	0.212606239424656
386000	387000	-0.917704479943134	0.704827672890238	-0.509690799647063
387000	388000	-1.01431613067013	1.24731975726825	-0.863793479867137
388000	389000	-1.01756391725479	0.947444625349641	-1.44392493773284
389000	390000	-0.922834062369795	0.978929797101678	-2.11036053647039
390000	391000	-1.34359261393255	0.489602797804778	-2.32151089060889
391000	392000	-1.79027306086632	0.405542029733008	-1.83829360506414
392000	393000	-2.33688812330436	0.278258777254389	-1.57382835612678
393000	394000	-2.98087192883488	0.148934185995963	-2.07839428022698
394000	395000	-2.38643769471803	-0.018555054325684	-2.14813613317409
395000	396000	-2.62564771740016	-0.371539695620295	-2.6565545771541
396000	397000	-2.16869789432517	-0.677127586577399	-2.45852604734871
397000	398000	-1.93625883988073	-0.805658475582896	-2.90234358121652
398000	399000	-1.702437277954	-1.09646940027465	-2.57072708638404
399000	4e+05	-1.51981545759895	-1.16613200453007	-3.02960523643796
4e+05	401000	-1.24459230744573	-1.60645767807305	-2.98387640115663
401000	402000	-1.59924645777341	-1.64229843378784	-2.66081029087375
