0	1000	1.40292274763115	-0.0277366301281822	3.54975885353737
1000	2000	1.73903811475434	-0.410897680883204	3.82835044351664
2000	3000	1.43255348160573	-0.497797540386568	3.27371995161979
3000	4000	1.91565164584074	-0.26795999355666	2.93684049352856
4000	5000	1.76846405085537	-0.88837175960514	2.79236356470279
5000	6000	2.02632950813821	-1.0987185003978	2.23261332477521
6000	7000	1.95126992276643	-1.43863107887886	1.58740973530462
7000	8000	2.24395167110896	-1.74436669925039	1.00153532443565
8000	9000	1.59972666739144	-1.79696372075761	0.603878465267574
9000	10000	1.66744195063208	-2.45582714009303	0.349184800016112
10000	11000	0.864052738880537	-2.43775510369389	0.130338898314895
11000	12000	0.584083257498661	-3.10939282506823	-0.159889352464423
12000	13000	0.12290908298795	-2.52169516921722	-0.692303037080589
13000	14000	-0.232262778337724	-3.2273546309002	-0.63884271031097
14000	15000	-0.0409155097643403	-3.18280787853688	-1.31178636425677
15000	16000	0.498825172909909	-2.72896658396151	-1.33622368748131
16000	17000	0.926407995255938	-2.73142325566393	-0.814281771712011
17000	18000	0.833780612540368	-1.94987236869312	-1.01748498675555
18000	19000	1.15786654812074	-1.8949390057008	-0.30980817529433
19000	20000	1.61852896697905	-1.39620493726465	-0.574044932496765
20000	21000	2.17462647266556	-1.29170500548859	0.0688046913052966
21000	22000	2.15332684314137	-0.687680148223265	-0.250395289801637
22000	23000	2.50519182578763	-0.439709739271834	0.308722902449668
23000	24000	2.20784370515348	0.116657793805632	-0.0936175978762243
24000	25000	2.38237977884256	0.569659799714969	-0.659976476357576
25000	26000	1.82879445271726	0.000855656649364671	-0.81783341384193
26000	27000	1.8861999044177	0.34200732604529	-1.50725604038367
27000	28000	1.33192489524524	0.0739722314702739	-1.94688127036929
28000	29000	1.64091955139797	-0.154340786183668	-2.51486454830754
29000	30000	1.18881012274438	-0.681088049619156	-2.28146167379355
30000	31000	1.12824494977665	-1.19501696715986	-2.8133545385984
31000	32000	0.492425926079482	-1.44461788505894	-2.79474355023029
32000	33000	0.241332582069829	-1.38903071462761	-3.33696122545518
33000	34000	-0.202648018721317	-1.7561168495005	-3.4063769711845
34000	35000	-0.181593730854328	-1.90088470211543	-2.85386716033834
35000	36000	-0.484940505940452	-2.29697586290548	-3.1127065536349
36000	37000	-0.341776745543022	-2.48459875811689	-2.5966990147008
37000	38000	0.112139157371631	-2.45959646488365	-2.97072558266906
38000	39000	0.238794175220096	-2.80243725331337	-2.57279026030402
39000	40000	0.334956621950765	-2.23364136650651	-2.47868883935514
40000	41000	0.85071433127452	-2.45068689535369	-2.67343551740364
41000	42000	0.758641494050385	-2.27247523173528	-1.9838686001371
42000	43000	1.33477781787562	-2.12745275213297	-1.78200954411717
43000	44000	1.50058771310117	-2.28037133391243	-1.13565939488792
44000	45000	1.89009087269233	-1.71446072024742	-1.39075149191137
45000	46000	2.05522386482575	-2.17279734039124	-0.537676235721708
46000	47000	2.33407995676893	-1.72615920286295	-0.806312604534497
47000	48000	2.72363106067129	-2.25564266641243	-0.276813365654809
48000	49000	2.74405094062453	-1.66087657616569	-0.284995836144481
49000	50000	3.49720828018939	-1.78586164303275	-0.0707890809997508
50000	51000	3.13402711454481	-1.50739493095939	-0.62547954478463
51000	52000	3.60809586362252	-1.62814697451561	-0.953581547305367
52000	53000	3.31573412346541	-1.94465774457831	-1.30943080108298
53000	54000	3.19700055057967	-2.16710499314641	-0.757172115126064
54000	55000	3.07861664013862	-2.56168470786628	-1.18956508916999
55000	56000	2.6123004962546	-2.72381850269341	-0.795318835245137
56000	57000	2.11752356949724	-2.48773273071723	-1.13019752194202
57000	58000	1.84483286840089	-3.05325016405475	-1.16269008536759
58000	59000	1.58485411441802	-2.9812283196996	-0.462608475175507
59000	60000	1.21490562738001	-3.47951791528907	-0.827683431579299
60000	61000	0.679791088624977	-3.41437706862244	-1.11499756583188
61000	62000	0.884688266488629	-3.77943060604691	-1.51715129671534
62000	63000	0.847402041076016	-3.26679326028666	-1.74908830122683
63000	64000	1.35367092464537	-3.4464858648595	-1.56801038822506
64000	65000	1.28546921979365	-2.84877006742482	-1.59296491869691
65000	66000	1.69329080612072	-3.1282667214563	-1.99603107331786
66000	67000	1.40722958480917	-2.63366874530855	-2.2248085641336
67000	68000	2.05514803273903	-2.61799018369847	-2.30006974779481
68000	69000	2.04361371688172	-2.34200384320746	-1.78140885108986
69000	70000	2.51242525743383	-2.62472280301852	-1.62152599863314
70000	71000	2.71475637766106	-2.02439002639231	-1.70316726870915
71000	72000	2.76776831858509	-1.99295839634773	-1.10076533336395
72000	73000	2.90384670950145	-1.47894110414402	-1.2054802018519
73000	74000	3.23145166622475	-0.898925594095823	-0.948863292115742
74000	75000	2.60768293140366	-0.909684118400518	-0.877611728774122
75000	76000	2.65752364982747	-0.2687935678704	-0.847596837338245
76000	77000	3.31635897467204	0.0970480839309672	-0.741235285779482
77000	78000	3.09540804654657	-0.427168894185826	-0.226316359440627
78000	79000	2.9089855458452	0.0943209285920812	-0.0835332288363764
79000	80000	3.10374510522937	-0.0261058542008254	0.566641296877273
80000	81000	2.94198214477061	0.585374958466185	0.516556144540848
81000	82000	2.8202203811316	0.611275840851208	1.21992871699243
82000	83000	3.20162689527045	0.92382909275641	1.95402183391313
83000	84000	2.49858441381058	1.04911339580643	2.30254942334178
84000	85000	2.65222571170837	1.71945336272476	2.04842713615333
85000	86000	2.22722696187638	2.30634460957749	1.99463800467908
86000	87000	2.02808601613102	2.08464808243788	1.36082878574084
87000	88000	1.47451693084607	1.63633438220772	1.43242356430063
88000	89000	0.909141467556086	1.31556432678171	1.06867845865815
89000	90000	0.470473578825893	1.24220760520384	1.70169069053179
90000	91000	-0.247924826278505	1.10163741949518	2.00068736276093
91000	92000	-0.680829205512597	1.07866235012955	2.72542979273946
92000	93000	-1.05847695325866	0.429391219636322	2.39498308092331
93000	94000	-1.02451183299517	-0.187289876517804	2.79739787193378
94000	95000	-0.658823881576713	-0.515704088652601	2.20417059757598
95000	96000	0.00944257027846641	-0.713916363116476	2.34897422819694
96000	97000	0.60545034961478	-1.00615016873808	2.30541942681169
97000	98000	1.22387170174617	-0.768732232129927	2.23142066062421
98000	99000	1.75151986450165	-0.49312717804502	1.85815014746137
99000	1e+05	2.45839588391333	-0.369752721493019	1.59460925216091
1e+05	101000	2.26320608781329	0.0425553342708773	1.00099260980688
101000	102000	2.00812293313413	0.532415368508982	0.541417530359109
102000	103000	2.34043614884894	1.09523973947605	0.149241824151174
103000	104000	1.61651936697603	1.34753482017672	0.327821562256005
104000	105000	1.46650568298182	1.43558741313565	-0.430258736538593
105000	106000	0.677001992828798	1.56898120633028	-0.499784436431324
106000	107000	0.709569779315951	2.19615841130684	-0.981216120105363
107000	108000	0.153794451481036	2.52242517040833	-0.641496803092853
108000	109000	0.419867268876282	3.11109981062434	-0.384065993710942
109000	110000	-0.134066121784614	3.24515934961031	-0.0575076667794898
110000	111000	0.417960088496048	3.32975690043509	0.335333903411924
111000	112000	0.197406749269807	2.94994989127955	0.816149157581762
112000	113000	0.635878029883672	3.17387299459344	1.20894676759116
113000	114000	1.28265362391785	3.16244806023145	1.23610400196307
114000	115000	1.89694162237165	3.27504512737899	1.67996446339512
115000	116000	1.43967364583967	3.7070894415669	1.54171117936796
116000	117000	0.895388319966171	3.7916437694325	1.47404363652161
117000	118000	1.03207738263898	3.98914761627531	2.10224600447792
118000	119000	0.467563481573906	3.82722764062891	1.91931858856355
119000	120000	0.309635421979422	3.34849627957003	2.10482714421533
120000	121000	0.280492483585353	3.49672079538869	2.71589493430253
121000	122000	0.953236106570097	3.33279678378591	2.54698073531917
122000	123000	0.676978418146013	2.76367325993294	2.39973938032249
123000	124000	0.976895114450187	2.902132998452	1.84545815613268
124000	125000	0.646497934070371	2.40439972608764	1.35427565665026
125000	126000	1.1541201616595	2.2327155099279	0.846045189650121
126000	127000	1.07057604218484	2.70610639086235	0.397466373978048
127000	128000	1.69727567603177	2.9231936769335	0.123826109888168
128000	129000	1.21013918451485	3.11269079266055	-0.203113711867034
129000	130000	1.44428147818057	3.61447558866262	-0.155861385408872
130000	131000	1.64998253831272	3.72619927288561	0.250937182676497
131000	132000	1.20876404237285	3.54642117347623	0.331640663892419
132000	133000	1.32334692966911	3.8190534262221	0.733737823650496
133000	134000	1.89657449347479	3.91115588340207	0.970861503655471
134000	135000	1.87920824616508	3.29320347739984	0.76451325960209
135000	136000	1.7821640439474	2.75473799115533	0.987053063221449
136000	137000	1.8563604149312	2.225209521818	0.517686146459281
137000	138000	2.54471305383426	2.0251030192826	0.71435311947284
138000	139000	2.26474282816785	1.33201124199654	0.963861738884272
139000	140000	2.23439872148574	0.964076296278279	1.5460895465112
140000	141000	1.7474530539248	1.16089102998077	2.03884507415841
141000	142000	1.83463241221909	1.16079824854942	2.71936109316569
142000	143000	1.09376308617764	1.23491282829321	2.67347011677041
143000	144000	0.959825257082683	1.59441313165998	3.25657290446983
144000	145000	0.301367244606255	1.67637884062182	3.2728312408496
145000	146000	0.416278635494268	2.35122443116142	3.06620740003097
146000	147000	-0.370126161121202	2.65508667086704	3.02671872784062
147000	148000	-0.104189237396212	2.65317749155807	2.15677084602005
148000	149000	-0.705662021765722	2.61272732236687	1.81371800629599
149000	150000	-1.36810321218422	2.40736290621025	1.58743847665353
150000	151000	-1.00260538892046	2.55762864566483	1.04980021484869
151000	152000	-1.09531560909011	3.18640954422082	1.33674484261323
152000	153000	-0.556663593240246	3.17532867474042	0.936531062983886
153000	154000	-0.748775484401489	3.78096781280842	1.08275210739661
154000	155000	-0.247094547942966	3.53739816381708	1.36320213271845
155000	156000	-0.105526874603081	4.09061695646253	1.23600205289457
156000	157000	0.231935014540857	3.76732880188662	1.00426903749115
157000	158000	0.287133427857934	4.28639077173768	0.75597050884222
158000	159000	0.0696284555510336	3.83933244919914	0.44078447920947
159000	160000	-0.348833818091259	4.02203428587899	0.681765401975984
160000	161000	-0.444039593586683	3.55598177297113	0.507623628238853
161000	162000	-0.971966617989481	3.79070771229314	0.45803003244948
162000	163000	-0.939622348677292	3.22766198276943	0.450691056413614
163000	164000	-1.44137622569328	3.1612277817518	0.654038492603327
164000	165000	-1.41455770912001	2.69204502476649	0.330854792937853
165000	166000	-1.93087369365107	2.6256090278055	0.566550427409839
166000	167000	-2.0064553127471	2.20896218341303	0.0596121469433074
167000	168000	-2.0074027172356	1.66059211817417	-0.21560209045717
168000	169000	-2.15785527731679	1.68287543402333	-0.906214662987223
169000	170000	-1.87844475786518	1.32626410755621	-1.4918433827027
170000	171000	-1.52669731123118	1.71692376442444	-2.03097052644481
171000	172000	-0.994440031618415	1.43420039000672	-2.37012458339001
172000	173000	-1.006364816458	1.76450251260977	-3.05534567995564
173000	174000	-0.376193896293335	1.50503235266742	-3.00622303525766
174000	175000	-0.315552922548617	1.82259332624576	-3.66392653098163
175000	176000	0.162145692950304	1.40949059849715	-3.47042293165119
176000	177000	0.480915297042381	1.64490795787198	-3.99150314564384
177000	178000	0.694197568231547	1.00492726802055	-3.34051906581388
178000	179000	0.954814122661353	1.19110888177272	-3.79019588445033
179000	180000	1.20990727538803	1.43087623383203	-3.29310359074839
180000	181000	1.50118342383525	1.8211491176737	-3.55514479703767
181000	182000	1.19277794013449	1.69476004743819	-3.88360126263809
182000	183000	1.5117959607232	1.39287040704748	-3.76664810752206
183000	184000	1.39852482282279	1.41167359701985	-4.25239363575721
184000	185000	1.49778519396955	0.918729350269011	-3.97229633337375
185000	186000	1.24065146781148	0.678601504831316	-3.56195534141923
186000	187000	1.49952311482098	0.814514063425595	-3.06997719258299
187000	188000	1.02902735653755	0.746188127631138	-2.55025077273091
188000	189000	1.60825824004854	1.17852531982792	-2.1891747934786
189000	190000	0.700905549343739	1.01200663498013	-1.85473102809265
190000	191000	0.865244861616909	1.69058024116954	-1.77467955784855
191000	192000	0.435130385393165	2.22091016684524	-2.01070969103397
192000	193000	0.534628196693164	1.73415231845334	-2.53965787611555
193000	194000	0.537178292962378	1.93802766976678	-3.08964214749549
194000	195000	0.375938537871625	2.44674144978997	-2.81219779930511
195000	196000	-0.158993001691112	2.14963848510109	-2.82637539401684
196000	197000	-0.311576568718073	1.86442935191071	-2.30208640428108
197000	198000	-0.892127764553931	2.32413191943279	-2.28970895252265
198000	199000	-0.719592666770984	2.21344168678109	-1.58289494442846
199000	2e+05	-1.22647653771027	1.80977506591083	-1.33783437890888
2e+05	201000	-0.599019695573399	1.43585813217848	-1.27281347274377
201000	202000	-1.04827251547147	0.885834491058739	-1.45368233650608
202000	203000	-0.296129416801914	0.491472545105321	-1.58277960542412
203000	204000	-0.711724820654035	0.458085615889965	-2.20559299141568
204000	205000	-0.179496012979502	0.342099201658393	-2.65435560940627
205000	206000	-0.764604696469947	0.157074124216351	-3.09519523571124
206000	207000	-0.813954314561163	0.260089494261505	-3.72125456815726
207000	208000	-1.54926739202154	0.400920547246392	-3.45273912859421
208000	209000	-1.3946828632349	0.286772760715603	-4.05658605623328
209000	210000	-1.74521620273818	0.796867223306244	-3.9410321144608
210000	211000	-1.19004776547752	0.83909360404906	-4.11015502736655
211000	212000	-1.26466953648835	1.25068298381355	-3.76128659234283
212000	213000	-0.799761654546917	1.31893842078774	-4.10325894164738
213000	214000	-0.437865980251842	0.813242443675863	-4.22934758003959
214000	215000	-0.0744722902829204	1.34827839376269	-4.26732669537512
215000	216000	0.264937274973021	0.923844400587413	-3.96758141530563
216000	217000	0.629163521270325	1.01516607853254	-4.45653222363298
217000	218000	0.77610632436169	0.589915598549932	-4.05436035891736
218000	219000	0.352828274784372	0.331943063074725	-4.40751735912147
219000	220000	0.592074851923577	-0.0400060664923275	-3.95370185660419
220000	221000	-0.0492781704656163	-0.314846090379705	-4.09587863581943
221000	222000	-0.299791288073391	-0.857729251469419	-3.80999954159218
222000	223000	-0.433183428059299	-0.554688662090971	-3.25566150985586
223000	224000	-0.963731759933742	-0.654871050078317	-2.8288723758789
224000	225000	-0.680699373564654	-0.420823868492238	-2.23264349886246
225000	226000	-1.48379688728584	-0.238235683632958	-2.18250315408679
226000	227000	-1.44512228362684	0.193381128017372	-1.60458593178308
227000	228000	-1.42843253408657	-0.16408875499341	-0.941728549431206
228000	229000	-1.50146057768855	-0.856910419879809	-0.599030968908795
229000	230000	-1.50475026027918	-1.43386725630276	-1.07969071084276
230000	231000	-0.673344246415323	-1.53746077601197	-1.29073755118483
231000	232000	-0.975340797800627	-1.3192644495678	-1.93948735024986
232000	233000	-0.142849826688591	-1.27211025710316	-2.05960832306042
233000	234000	-0.320503707676573	-1.23278958593342	-2.80959764965075
234000	235000	0.230717573937051	-0.610435850933387	-2.80743724327562
235000	236000	0.387374775965969	-0.548793502423645	-3.52174190151455
236000	237000	0.56417793738164	0.14432007070383	-3.21019520351233
237000	238000	0.00522516575226667	0.233664432287394	-3.69698630877894
238000	239000	-0.0626281529192096	0.728734957705541	-3.33089152838967
239000	240000	-0.58157675089083	1.06208322170099	-3.53114355572664
240000	241000	-0.735837647739583	0.860608098031703	-2.93319665991537
241000	242000	-1.37075177379227	1.05533290602553	-3.04440750298359
242000	243000	-1.50690491393309	0.521084395907902	-2.67954375116459
243000	244000	-1.58701667279726	-0.133774397272541	-3.01589221271879
244000	245000	-1.46021989205306	-0.671331106411127	-3.47779096291452
245000	246000	-1.28279949288449	-1.36146739071868	-2.84861639842047
246000	247000	-1.25579205813847	-1.97155377473057	-2.87837532664391
247000	248000	-1.06427678767837	-2.08685741518949	-2.35617293739196
248000	249000	-1.29781264422116	-2.56989072976991	-2.47768960074459
249000	250000	-1.31298912337522	-2.45684864446062	-1.94265073397575
250000	251000	-1.63052563644397	-2.87559720685187	-1.7792873773833
251000	252000	-1.74370236106983	-2.56754400751585	-1.29962827228913
252000	253000	-2.1942631255697	-2.91248262505024	-0.93028936991664
253000	254000	-2.30839740351135	-2.68649088879641	-0.341930075419174
254000	255000	-2.58125882405016	-3.18895446077659	0.0415453766689436
255000	256000	-2.37689653665345	-3.67634404700698	0.607947995921979
256000	257000	-1.84349282106759	-3.13789201352965	0.774724749828152
257000	258000	-1.5146895778496	-3.60961435069893	0.46027134219209
258000	259000	-1.08453575967216	-3.20696207287627	0.644972548705509
259000	260000	-0.856521478296124	-3.25728147478517	-0.00796048818120935
260000	261000	-0.253149901309493	-2.87139024483367	0.276261662337121
261000	262000	-0.484968748389097	-2.43465925967353	-0.283353264211329
262000	263000	-0.229333265691196	-1.76441917034604	-0.203316883436558
263000	264000	-0.632306389179627	-1.15537132823681	-0.456697221988038
264000	265000	-0.56635285210596	-0.635568925086328	-1.02271662472534
265000	266000	-1.25232089248365	-0.697498646668131	-1.4997509628159
266000	267000	-1.96607990188364	-1.08173864146026	-1.94256069777082
267000	268000	-2.22947222043331	-0.422744123600939	-1.61017220054291
268000	269000	-2.18827315116544	0.215996696189524	-1.13093959377112
269000	270000	-1.95970163969904	0.0862083864888907	-0.347352142536464
270000	271000	-2.42281391655834	-0.395503054308127	0.0632533578162792
271000	272000	-1.81331401544362	-0.776950101756268	0.34483343989226
272000	273000	-1.2952534533015	-1.22538203161982	0.661429424564671
273000	274000	-1.03459542064933	-1.79131579887504	1.1506382585918
274000	275000	-1.55985444476376	-2.36304756420755	1.06114142652529
275000	276000	-1.0312290882967	-2.51916620070209	0.567182659557548
276000	277000	-1.49651836136462	-2.00132488678911	0.249513350819324
277000	278000	-1.21501441317484	-2.04467236575353	-0.393497623451922
278000	279000	-0.950073053485602	-2.3652047269068	-1.00454461182451
279000	280000	-0.957545962811535	-3.02605412892738	-1.29326242292146
280000	281000	-1.50943481370994	-3.22073000762466	-0.872231101534535
281000	282000	-1.49603623009234	-2.77100917056646	-0.358685356223611
282000	283000	-1.82745112992871	-3.2273685283157	-0.0253226934629696
283000	284000	-2.02062886726524	-2.59116266589405	0.313453781372357
284000	285000	-2.64790973813015	-2.54600266881669	0.615494788821235
285000	286000	-2.26293303169466	-1.79344776106471	0.717328186730415
286000	287000	-2.38661405748258	-0.95755286817896	0.972032284762825
287000	288000	-2.90358139181707	-0.410181331241841	0.777262862494934
288000	289000	-2.34001100997146	-0.00847222669449423	1.15538904697542
289000	290000	-2.06134115722154	0.619969255353892	1.0938227838587
290000	291000	-2.13044084923632	1.262236568196	1.41280250863713
291000	292000	-1.92737727983218	1.77958994391262	1.02211123822955
292000	293000	-2.53134481920806	1.76005648479587	0.870910341785349
293000	294000	-2.3709308709036	1.28283733666906	0.613221220261369
294000	295000	-2.86627147409454	1.11407798632892	0.876492347143713
295000	296000	-2.80955312887915	0.817574919964466	0.315109210754239
296000	297000	-2.52022438413925	1.09448173375255	-0.183407816233338
297000	298000	-2.69645028456114	0.718926166939525	-0.66033692941904
298000	299000	-2.83673792804623	0.0608072104682978	-0.622088758726683
299000	3e+05	-2.60962018462464	-0.530492921593542	-0.930204045948885
3e+05	301000	-2.29895383870978	-1.10521213805301	-0.786330225020099
301000	302000	-2.39507366117136	-1.78199917176565	-1.14674358845126
302000	303000	-2.1530679195904	-1.88100710695018	-0.474102238163229
303000	304000	-2.77493071225489	-1.74949858955195	-0.104806694509998
304000	305000	-3.10372017492045	-1.33645387392809	0.411491286748296
305000	306000	-2.93864764193339	-1.80221907464482	0.979704711621311
306000	307000	-3.53625376511492	-1.59017872249125	1.23333024855725
307000	308000	-3.32698790307089	-2.04607169009138	1.56723946845008
308000	309000	-3.43837686614119	-1.65967935903983	1.94451653322525
309000	310000	-3.41558064578842	-2.20797252013997	2.15061366616241
310000	311000	-3.3145373800852	-1.82905743776611	2.43486747589154
311000	312000	-3.01347395205916	-2.14998967276434	2.52666577398084
312000	313000	-2.80857956046591	-2.03770759457894	2.99737557622211
313000	314000	-3.06517557703996	-1.64638690038873	2.85737389796596
314000	315000	-2.74397737109997	-1.67824988101504	2.51528433583734
315000	316000	-3.09413074991764	-1.33407310908109	2.46308232993662
316000	317000	-2.70027956077641	-1.17566132841019	2.17012657231354
317000	318000	-3.16103973936421	-0.771921761421308	2.15074383770459
318000	319000	-3.60054053644642	-0.71707871995962	1.55277546774889
319000	320000	-3.01331792138788	-1.20311385735334	1.52712518921132
320000	321000	-2.69786545921069	-1.68336047966847	1.68289653661897
321000	322000	-2.77685411068065	-2.27328291673723	1.75013932552318
322000	323000	-2.24904173596952	-2.19740585267533	2.1320865260901
323000	324000	-2.18604513234107	-2.68572091426489	1.53999669407816
324000	325000	-1.63647459288602	-2.54982589967107	1.89572459451458
325000	326000	-1.13917699605194	-2.81556165712846	1.65754009229475
326000	327000	-0.947143968027772	-2.44219105202821	2.12037695900106
327000	328000	-0.414639805733739	-2.16496670505335	2.13188115862569
328000	329000	-0.000391934170078654	-1.90079616518703	2.52369465271331
329000	330000	0.555334397132566	-1.67186512764754	2.84031720703602
330000	331000	0.871457704852476	-1.80697194501759	2.17671466476452
331000	332000	0.963002961374571	-1.37410509267001	1.55951414448665
332000	333000	0.355832459059793	-1.7370305997101	1.25636341574061
333000	334000	0.0890070633982148	-0.98885858221518	1.29518084959983
334000	335000	0.0500427440952487	-0.571588456573486	0.640718447594577
335000	336000	-0.241153832173747	0.0498614348322007	0.350894478451696
336000	337000	-0.504081334610141	0.366531051342647	-0.290164439672111
337000	338000	-1.10263145804426	0.896235147783494	-0.423980312846099
338000	339000	-1.10183239883749	1.64240088215348	-0.34247547387936
339000	340000	-1.15297192921345	1.7581823997915	0.371319643414536
340000	341000	-0.989537810508193	1.45607068266115	1.04253711264063
341000	342000	-1.15539971260611	1.42296842068649	1.78349291946393
342000	343000	-2.7171790394486	2.24731623017199	3.5449270555523
343000	344000	-1.7167945313656	0.908666674958052	2.06434182734601
344000	345000	-2.01892075573998	0.32090305327633	2.35173912347227
345000	346000	-2.30778948633623	-0.312763162534738	2.38469955309999
346000	347000	-2.42429793061522	-0.716474262533518	2.84079534685918
347000	348000	-2.11859056273377	-1.2221829767963	2.57733223784225
348000	349000	-1.90352303182024	-1.22083940408695	3.15969406436929
349000	350000	-1.44925551355489	-0.919955753054817	2.82920707516975
350000	351000	-0.971430223097827	-0.950679961945602	3.31919897760888
351000	352000	-0.395915557102575	-0.677924636878009	3.16498985801749
352000	353000	-0.218773971411239	-1.31185913392678	3.29090760986798
353000	354000	-0.640211824228832	-1.39436216657659	2.56094535602661
354000	355000	-1.12568619703177	-1.82950713180106	2.81626876662718
355000	356000	-1.33862454222065	-1.65644379020139	2.06141104936413
356000	357000	-1.69992376139359	-1.17212179029433	1.63679366893003
357000	358000	-1.05364151339145	-0.814884712085498	1.39561378751664
358000	359000	-1.45343924704448	-0.201310866117628	1.08381880040885
359000	360000	-1.30675210247352	0.0338428859051258	0.316533282725405
360000	361000	-1.69229716639204	0.705646899927686	0.331502978522409
361000	362000	-0.919794815482361	0.880133118107983	0.477955082316084
362000	363000	-1.00646787252635	0.591540006824326	1.24363486516657
363000	364000	-0.175900063695379	0.427736773340456	1.05534422081264
364000	365000	-0.321706042166121	0.256332842464041	1.77361854016323
365000	366000	0.442308568075175	0.233257627831224	1.91147719204156
366000	367000	0.0438408415498591	0.267465939376125	2.6588399028751
367000	368000	0.683928572010141	-0.248670039075651	2.73495139075379
368000	369000	0.31999953310255	-0.230229938728046	3.29210251274804
369000	370000	0.727162935945013	-0.775098062511615	3.43169545859712
370000	371000	0.634576236028286	-0.66207594972854	4.03458747522231
371000	372000	0.118936746194051	-0.697970941892959	3.74312770091971
372000	373000	-0.344565955671112	-0.572774630760257	4.21772490233058
373000	374000	0.253340131423303	-0.13398519670988	4.04108992876836
374000	375000	-0.106746703385942	0.275907112678474	3.66397710581386
375000	376000	0.639999796433194	0.400391908454963	3.63897829842094
376000	377000	0.829332010391747	0.556571754457056	3.02597453545237
377000	378000	1.32802492276615	0.336132769440752	2.54292637517013
378000	379000	1.67029253424735	0.292672893858502	1.87300579342274
379000	380000	1.09102848137024	0.234828737438187	1.30512761657691
380000	381000	1.4939062134512	-0.417243218249157	1.01273061749426
381000	382000	0.947703014981417	-0.766052227763193	0.664856948043913
382000	383000	1.11060681675497	-0.329431252259332	0.0408687889569011
383000	384000	0.901389639324197	0.255818257595816	-0.48890964161687
384000	385000	0.93333752946759	0.717884367002617	0.174740176187999
385000	386000	0.237797927195734	0.950464207131192	-0.151744630462393
386000	387000	0.170777326230099	1.30375533516643	0.567311072398367
387000	388000	-0.19900910899563	1.92818493020872	0.762231797718786
388000	389000	-0.247311772931444	1.84454374305779	1.52729873810811
389000	390000	-0.527686297199055	1.91597145078909	2.36155279148713
390000	391000	0.209569450007753	1.72931210487179	2.42817054747996
391000	392000	0.842664790372271	1.96963399687408	2.1839257185656
392000	393000	1.42634458214475	2.3330442922575	1.98186017214433
393000	394000	1.69633926626423	2.87360282938986	2.59350783881718
394000	395000	1.51802243945907	2.16031137220135	2.68504084271625
395000	396000	1.58519138122439	2.19550304966033	3.39871095481567
396000	397000	1.78947338791006	1.55757719706901	3.27391566550051
397000	398000	1.4905650602147	1.31353984410423	3.72869118255777
398000	399000	1.55302847043212	0.837667581104213	3.45291290408711
399000	4e+05	1.28965521100917	0.772987228824745	3.93269304297212
4e+05	401000	1.2826960936247	0.196415273537753	4.01532760855402
401000	402000	1.72956621041907	0.288757460645405	3.71753938503731
