0	1000	-1.69895008128892	-0.980565151174473	-2.17195897073376
1000	2000	-1.92472259387189	-0.757171510680247	-2.37960819441541
2000	3000	-1.58834563491216	-0.634020435293941	-1.99001018060025
3000	4000	-1.96171211279244	-0.366285388148301	-2.00363272670325
4000	5000	-1.56852666504243	-0.0360174707384243	-2.05702095961585
5000	6000	-1.28054340444019	0.393822218488906	-1.94012941643543
6000	7000	-0.937526548787693	0.853609907982078	-1.86681583555167
7000	8000	-0.608075653476923	1.29235871942888	-1.8736866904421
8000	9000	-0.294074616078457	1.80871310845379	-1.79648063418761
9000	10000	0.108210348235542	1.46529069935347	-1.78691325536431
10000	11000	0.424371691879689	1.97671969675785	-1.81605471164666
11000	12000	0.876001487066383	1.63962136146149	-1.66402210833399
12000	13000	1.21456191349584	2.02001316790526	-1.61485820744687
13000	14000	1.35267369184685	1.85608393910451	-1.19193284243061
14000	15000	1.33226318916906	2.32585692912787	-1.19349465505555
15000	16000	1.1459571825499	2.14081570301713	-0.80952020979915
16000	17000	0.864555878890749	1.97252046993755	-1.15950294814675
17000	18000	0.712515722846024	1.64564992723073	-0.838918949286243
18000	19000	0.427074961521806	1.64190674219302	-1.37025008215562
19000	20000	0.123973221768411	1.42755809094076	-1.00692707499009
20000	21000	-0.333170252908949	1.47359140291843	-1.31327756535388
21000	22000	-0.706920820365874	1.18572184985007	-1.16658070023633
22000	23000	-1.31716385503332	1.25033770326911	-1.32961022072473
23000	24000	-1.21498962780449	0.767616354243234	-0.994381307434472
24000	25000	-1.35489326268753	1.18041006594947	-0.60472402558296
25000	26000	-0.707388775078306	1.04555451608161	-0.493223557361296
26000	27000	-0.629139606743885	1.12204414614415	0.0849497994437384
27000	28000	-0.306038144699261	1.58351647553859	-0.0264774103367845
28000	29000	-0.427830218892003	1.99865896389531	0.347960371777391
29000	30000	-0.0254500104832785	2.40864662196154	0.385400878502201
30000	31000	0.315920273368343	1.88764085782689	0.357729672220854
31000	32000	0.582740216888294	2.37572485265881	0.687198946362569
32000	33000	0.887806594482654	1.93451011496321	0.678293652912146
33000	34000	1.1121810099854	2.18498177141248	1.09894641379794
34000	35000	1.40929789231438	1.80604036584975	0.986492948784093
35000	36000	1.69474263413556	2.15157394094869	0.833125660298336
36000	37000	1.42151744012152	1.98986843445449	0.53330590889204
37000	38000	1.48985915861164	2.31564739650332	0.334263391734357
38000	39000	1.14453226927851	2.47720742615356	0.465396803002326
39000	40000	1.16658481854532	2.5586958397424	0.0569501786842355
40000	41000	0.802628291646133	2.3009051359548	0.195768685164137
41000	42000	1.09958299518274	2.08415739159539	-0.156977196697603
42000	43000	0.60251544890964	1.99877177143751	-0.225212472845517
43000	44000	0.361302025927673	2.01015246573973	-0.63617245823573
44000	45000	0.00706706887337674	2.03649858235104	-0.399324216314045
45000	46000	-0.235105070203729	1.89084096131	-0.764679775971919
46000	47000	-0.326751288875912	2.10530974753892	-1.15465318247204
47000	48000	-0.75839904931403	2.21251892771061	-1.18444022019166
48000	49000	-0.811504439968838	1.76716235319664	-0.970705242963642
49000	50000	-1.38258874925278	1.94153580546612	-1.0150114013047
50000	51000	-1.16187489482271	2.01148663654367	-0.585042837312578
51000	52000	-0.758129253256882	2.05934923503657	-0.607132567061383
52000	53000	-0.81242476122756	2.46981182514122	-0.691997151018912
53000	54000	-0.455165122256492	2.32244712380995	-0.729015512268785
54000	55000	-0.332984064676797	2.67442865117859	-0.732279722358652
55000	56000	-0.237327623829076	2.56947542083055	-1.09132699379489
56000	57000	0.0811671007516361	2.44160456277884	-0.835689506088932
57000	58000	0.213562020293164	2.18704614583179	-1.14591679622771
58000	59000	0.261967321362543	2.62937142370196	-1.38922818006983
59000	60000	0.583027696495853	2.30814231144553	-1.39724275369919
60000	61000	0.833832296846642	2.59193162121261	-1.28875986821474
61000	62000	0.750693269985269	2.36909088908696	-1.03469564744225
62000	63000	0.959867607844068	2.58746685337007	-0.901989044392616
63000	64000	0.622950306473875	2.70661910745484	-0.937537262301365
64000	65000	0.607226845793529	2.44600777526811	-0.667317636974464
65000	66000	0.73033887723165	2.84387518345308	-0.557014255878391
66000	67000	0.860378345784976	2.52051359908407	-0.339393887950708
67000	68000	0.625499560946034	2.79953686057403	-0.0807180717003433
68000	69000	0.394606984070814	2.47338767175309	-0.194728247743007
69000	70000	0.193518150492121	2.74706920132263	-0.407989336129733
70000	71000	-0.0488808900451365	2.52665034748775	-0.190361438157525
71000	72000	-0.41288942224321	2.60491230810882	-0.294528877403822
72000	73000	-0.484435800253432	2.23568606414448	-0.24529227692211
73000	74000	-0.94122589396724	2.34007261985193	-0.0972046806137791
74000	75000	-0.890997253094129	1.83525958583173	-0.149608453645479
75000	76000	-1.22213851063577	1.58816295272859	0.175306189567705
76000	77000	-1.82137381295116	1.56129365967254	0.0613059831521493
77000	78000	-1.55377178754158	1.02201767831031	0.322174928006482
78000	79000	-1.7606391740903	0.949753093536374	-0.156737392698596
79000	80000	-2.18205484045466	0.632304436330333	-0.186829463840367
80000	81000	-2.33556177783104	0.304279309510151	-0.484282984497594
81000	82000	-2.36778598755425	-0.218883863416467	-0.505198044510333
82000	83000	-2.80677964891807	-0.480275731883548	-0.888883288402284
83000	84000	-2.31572958712804	-0.801362124313058	-0.704447110924009
84000	85000	-2.65846211185138	-1.05322007461509	-0.475300492498035
85000	86000	-2.65288885663878	-1.3551724131927	-0.00183098143852583
86000	87000	-2.20472279006261	-1.2082286915588	-0.0332679218924643
87000	88000	-1.73828485844368	-1.04563089292919	-0.118301647211626
88000	89000	-1.20633349771915	-1.2044272035404	-0.0596486890503282
89000	90000	-0.940016901091766	-1.5324550962818	-0.415298021630966
90000	91000	-0.792202268442662	-1.64017066934387	-0.922324251570906
91000	92000	-0.546690071475667	-2.07338367509515	-1.29927669305896
92000	93000	-0.177389031150588	-1.47663405642535	-1.26471577061095
93000	94000	0.221852013233044	-1.25482795009908	-1.74475142895959
94000	95000	-0.287991474940148	-0.882257933229647	-1.680900886576
95000	96000	-0.550219993031289	-0.409386376967539	-1.64160043748239
96000	97000	-0.983180426764215	-0.120365883319096	-1.54211517876105
97000	98000	-1.4813457941795	-0.15326363838434	-1.41448757243028
98000	99000	-2.05291022239574	0.0705142188249198	-1.51600791992442
99000	1e+05	-1.91190754156978	0.370848159062782	-1.07798975537069
1e+05	101000	-1.69128101435847	0.353183402863626	-0.565767098985235
101000	102000	-1.60600036898024	0.285194719670671	0.0112750995184667
102000	103000	-2.03437062715301	0.212183252581489	0.365876873770086
103000	104000	-2.01611256687658	0.0305960697263712	0.906762941080006
104000	105000	-1.37696416754794	0.080018295050146	0.722092917559393
105000	106000	-0.793129798083376	0.0295324226118355	0.67061004712183
106000	107000	-0.671758463106955	-0.515436617573679	0.998205032973686
107000	108000	-0.492855126584373	-0.900073559479929	1.39346389914666
108000	109000	-0.467439153973809	-1.38518827356036	1.66453971293464
109000	110000	-1.00721417954414	-1.58178343145951	1.77214333581063
110000	111000	-0.986158594041856	-1.46911586954436	1.14739464788864
111000	112000	-1.55344802673013	-1.57225038263904	1.277902912741
112000	113000	-1.49331997929767	-1.66409849180731	0.727274912277798
113000	114000	-2.04641983378383	-1.62498121503141	0.805884029160236
114000	115000	-2.47692856381837	-1.78093856522996	0.593280789160765
115000	116000	-2.23816454262371	-2.04984818550997	0.825321138331988
116000	117000	-1.98825202851919	-2.05223058656576	0.579811928951796
117000	118000	-2.15936276701693	-2.44793054024618	0.728985328636659
118000	119000	-1.87292658638755	-2.36101984057445	0.483482062268498
119000	120000	-2.08469796502173	-2.55227547466805	0.383007296635502
120000	121000	-1.75971892716959	-2.68689092085927	0.248513347691474
121000	122000	-2.04675513536278	-2.45591326992849	0.00402377172759647
122000	123000	-1.75611030254789	-2.18318977305877	0.0846419043246899
123000	124000	-2.25008324559248	-2.02415879956497	0.0755613292266968
124000	125000	-1.53478295035348	-1.7570419328824	0.17607180326734
125000	126000	-1.91169827815322	-1.37757754681256	0.394633092127754
126000	127000	-1.44277631944595	-1.17703232383499	0.621440543394848
127000	128000	-1.58436406671462	-0.8965729745182	1.03201690310911
128000	129000	-1.3016706829293	-1.00045296239223	1.48886616851419
129000	130000	-1.42744655820087	-0.525632660505383	1.65309681790233
130000	131000	-1.47478630382186	-0.864274248871638	2.01559205057217
131000	132000	-1.88876125835433	-0.775671282054697	1.69795280243464
132000	133000	-1.93071537324885	-1.16724684864005	1.430071929606
133000	134000	-2.40317800241397	-1.11735258005367	1.23809652202033
134000	135000	-2.11294306478311	-0.97607576363515	0.868404220148506
135000	136000	-2.39056388411164	-0.843740581589208	0.523923370915365
136000	137000	-1.80356275325093	-0.584056744810685	0.36479550299546
137000	138000	-2.31609483609382	-0.441816533703473	0.0545553136136573
138000	139000	-1.70307667462946	-0.349737308002353	-0.275572284182857
139000	140000	-1.88505491532482	-0.336850854292991	-0.828597777768723
140000	141000	-1.96619642712962	-0.730618323342973	-1.15334934499374
141000	142000	-2.45236091739427	-1.00153864681804	-1.23616875335093
142000	143000	-2.46753377668288	-1.77582607967775	-1.42682091170343
143000	144000	-1.95472526028374	-1.97946838954692	-1.32130298362604
144000	145000	-1.902641264592	-1.97137185280831	-0.860239835869233
145000	146000	-1.80417564414656	-2.36733503459653	-0.646712228709519
146000	147000	-1.62455337535635	-2.84922582874597	-0.491792119788847
147000	148000	-1.35527280034973	-2.28881511854559	-0.220383025241965
148000	149000	-1.03587263435687	-2.61857859651857	-0.208964551979194
149000	150000	-0.719813730504597	-2.27486534202874	-0.00880035135285585
150000	151000	-0.797628115303666	-2.68276797016412	0.25080797154374
151000	152000	-0.900352016358251	-2.26917750310412	0.428863438819275
152000	153000	-1.27359100567488	-2.52806933639404	0.442158152259817
153000	154000	-1.18934366126787	-2.39166044815173	0.798441871084184
154000	155000	-1.57208838257211	-2.63700238066632	0.840793976588344
155000	156000	-1.55884485588996	-2.15777356059155	0.648721275047978
156000	157000	-1.80467358181206	-2.24763235174499	0.958732678244024
157000	158000	-1.99468792268445	-1.92557587222557	1.17895574401337
158000	159000	-1.67398614211295	-2.07549991829141	1.38572168743857
159000	160000	-1.4066749030934	-1.9594723085229	1.06923772453911
160000	161000	-1.27310379372444	-2.29871995582663	1.2796990528239
161000	162000	-0.956268094823029	-2.00958661681263	1.26176359241399
162000	163000	-0.758378501511276	-2.33187929894738	1.08692985573757
163000	164000	-0.431440801913074	-2.02720551655144	1.09077281297493
164000	165000	-0.0040193877575069	-1.96973313344515	1.02231117431673
165000	166000	0.468990716574415	-1.81124421981023	1.03984121043784
166000	167000	1.00952566732381	-1.48344266185076	0.996815654674462
167000	168000	1.39298718644842	-1.13328499860069	0.804864418618417
168000	169000	1.59802189321071	-1.00673951031211	1.31143812119998
169000	170000	1.31024151423117	-0.671919023160274	1.65081494790161
170000	171000	0.934423671390518	-0.545767335693195	2.00900992124608
171000	172000	0.9562323725598	-0.218503645157095	2.4376974461368
172000	173000	0.708121991426411	-0.0501051310545798	2.85914984926223
173000	174000	0.350580300514421	0.128600440301127	2.62016286686856
174000	175000	0.153759785188341	0.126751384124158	3.05743838813137
175000	176000	-0.0802283414186578	0.324449565709001	2.70107986678115
176000	177000	-0.357272259574334	0.337339228393353	3.10852522540542
177000	178000	-0.478883083830511	0.505167554156708	2.52047072998811
178000	179000	-0.67984677098047	0.284063690042366	2.80227945223087
179000	180000	-1.10116670008121	0.257742797532639	2.57075928210292
180000	181000	-1.05009563498997	0.425351743317974	2.94501563697757
181000	182000	-0.937837135427652	0.57697789491957	2.61600522240228
182000	183000	-0.874723025862491	0.697246261048036	2.86831250583011
183000	184000	-1.21187554792897	0.729176199073222	2.72807223880388
184000	185000	-0.925136421751946	1.01598978594568	2.70649767945128
185000	186000	-0.979504265878007	0.904078113306269	2.3113734564108
186000	187000	-0.943982810174852	0.472088744567796	2.09811320074506
187000	188000	-1.23262846087726	0.75439239715339	1.7213350439422
188000	189000	-1.47250913244071	0.201387391037657	1.82956004900848
189000	190000	-0.769759811428717	0.195400614810378	1.4615070043011
190000	191000	-0.663719183872237	-0.300938310674984	1.7919884090603
191000	192000	-0.640387739053734	-0.701669506161254	2.31148880287385
192000	193000	-0.691687689616405	-0.242949331218052	2.52568246984537
193000	194000	-0.224627254591673	-0.153474468004416	2.65750070675194
194000	195000	-0.121132874223517	-0.521708049966849	2.89913494090234
195000	196000	0.191028508697265	-0.51563082365529	2.4592927601206
196000	197000	-0.0632141225313055	-0.728101687887653	2.05083257210425
197000	198000	0.425231714331802	-1.06856316178305	2.11132975226693
198000	199000	0.306434969822179	-0.968197453461381	1.50042649520417
199000	2e+05	0.528921996372969	-0.464303524471311	1.36159377253189
2e+05	201000	0.157712640600129	-0.0686420385971482	1.19960047742897
201000	202000	-0.025677167175081	0.480822121281702	1.21550880036984
202000	203000	-0.280021313750437	0.998556751348967	1.3589784276976
203000	204000	0.131386269306166	0.895315114935534	1.76791605188494
204000	205000	0.25813917966074	0.492619153832046	2.01707339921703
205000	206000	0.2251606739342	0.683652607965626	2.41633995490348
206000	207000	0.605819750863008	0.865744681978523	2.40501395073928
207000	208000	0.661513092284032	1.20545890359321	2.8146616468805
208000	209000	0.909664251976353	0.816914782557512	2.70676175675378
209000	210000	0.780369802646976	0.887069434070346	3.08422871119743
210000	211000	0.764747151353709	0.520859383974741	2.96195307250356
211000	212000	0.513126760845228	0.612738269721274	2.77051641416743
212000	213000	0.372250946591032	0.547381879181765	3.07576572155567
213000	214000	0.222313928854103	0.868687644724969	2.95251484732803
214000	215000	-0.0232641231358183	0.660464111563931	3.16488828052669
215000	216000	-0.147288743460181	0.723573960039079	2.8139848664823
216000	217000	-0.41818987464674	0.830079616298423	3.06211193994152
217000	218000	-0.44783436469979	0.893942517321415	2.67199527659058
218000	219000	-0.287070301398717	1.20034923718037	2.85280176054673
219000	220000	-0.10288674353522	1.05681259974696	2.4607444658739
220000	221000	0.158251993947146	1.35003344725626	2.6815972483276
221000	222000	0.36014441735462	1.3386327050842	2.25645473681979
222000	223000	0.858707702335201	1.44517987564348	2.18228519336097
223000	224000	0.676835182092128	1.23978617967722	1.71216015234759
224000	225000	1.08652823213868	0.909274543133753	1.64969524802148
225000	226000	0.866808796491442	0.396611680764983	1.51180766604948
226000	227000	1.39329550183092	0.0964611012134084	1.63965685801984
227000	228000	1.08354101294832	-0.0927954217966361	0.964362746622562
228000	229000	1.56166534862235	0.256184255972589	0.718770652346992
229000	230000	1.32382306095221	0.538755023530242	0.28030897914409
230000	231000	1.32371301639617	1.10133504861092	0.5461426761591
231000	232000	0.702738400957365	1.19492755873328	0.669862280288812
232000	233000	0.929147796824393	1.46528174510322	1.20701969704238
233000	234000	0.434863388148189	1.75794571499141	1.30272298169669
234000	235000	0.205104144031215	1.94639410406095	1.94758964122393
235000	236000	-0.145527779402934	1.42776622684142	1.85701228009508
236000	237000	-0.584471845829716	1.47050029402588	2.26865729920153
237000	238000	-0.566559817702534	0.995817529382013	1.96113076124377
238000	239000	-0.322447302243752	0.571420289832658	2.05355573163739
239000	240000	-0.361016699097477	0.0982541754861835	2.18879405416593
240000	241000	0.0604245343830201	-0.0353953008179718	1.99686393384702
241000	242000	0.506339697645952	-0.0230656852806695	2.14548250210096
242000	243000	0.796968338389789	0.381403758101275	2.16811593985179
243000	244000	1.23637978667013	0.387639443842658	2.39554897736958
244000	245000	1.3416875265668	0.901967914888798	2.28558559369505
245000	246000	1.52556256787724	1.22554746722513	1.86868498572395
246000	247000	1.78445649474389	1.23717718797102	1.46118835160071
247000	248000	1.94234355167528	1.45894575430219	1.09110447439661
248000	249000	2.20074727927444	1.1069435007177	1.02287780532051
249000	250000	2.28367134498418	1.37272844838576	0.694025206644366
250000	251000	2.40879024947705	0.995412709299341	0.555730616953682
251000	252000	2.4806819541008	1.25615107192762	0.182098317809789
252000	253000	2.74271450380643	0.858957837265995	0.100739950883323
253000	254000	2.50205175053398	0.763456563282732	-0.283631938962129
254000	255000	2.8772661829183	0.725388226371355	-0.606965121255616
255000	256000	2.89071414606731	0.958467864129361	-1.08662289475277
256000	257000	2.37076170807995	0.856318926019465	-1.31295949836098
257000	258000	2.22696047455294	1.31131844520652	-1.19317797740111
258000	259000	1.81597190707801	1.26748957055623	-1.44982107584668
259000	260000	1.64064705761121	1.43890803572676	-1.02593519657952
260000	261000	1.22572300316932	1.06928294263277	-1.28380448344083
261000	262000	1.12757119620414	1.0711809250017	-0.651656612778988
262000	263000	0.842203608777514	0.607304664194683	-0.538070469897109
263000	264000	0.72655556492196	0.791502569344789	0.0197954911426655
264000	265000	0.582726289356461	0.424242494531532	0.463536223640709
265000	266000	0.893459962066498	0.641926616191748	0.950721331301496
266000	267000	1.50871614748175	0.732509480010417	1.11385931765767
267000	268000	1.92623951123721	0.566143160726141	1.48552622929988
268000	269000	2.10995780051919	0.119552965106881	1.23086459864297
269000	270000	1.87707825268817	-0.360218666992277	1.10075103738757
270000	271000	1.67895440488156	-0.439738271179918	0.578170994600155
271000	272000	1.44856632029086	-0.467102116116911	0.0907692511970409
272000	273000	1.64264335208162	0.0396494581640917	-0.08483054285781
273000	274000	1.36066588741121	0.0877930596147149	-0.616481385573672
274000	275000	1.50297418413679	0.504131628462004	-1.00875089438686
275000	276000	1.80029783048002	0.885526274552601	-0.848676140528155
276000	277000	1.78627524908618	0.905400817389038	-0.330956899694066
277000	278000	1.99233674472738	0.691820801278441	0.137958931260115
278000	279000	1.87688364861263	1.16216065375424	0.22964274763133
279000	280000	1.92437849968532	1.62625001891058	0.382975116353532
280000	281000	2.17601773142723	1.7633179453676	-0.0384604234353052
281000	282000	1.76064129067052	1.56849758589539	-0.305565653045311
282000	283000	2.16265686630802	1.678562586004	-0.690298290426391
283000	284000	2.30545208835097	1.20946163563423	-0.58385020489872
284000	285000	2.3588447363298	0.796065052684205	-0.840383255725518
285000	286000	2.16763653450756	0.407749627529058	-0.627338210245627
286000	287000	1.92242673335553	-0.0535404676880375	-0.654692060933213
287000	288000	2.18090656780597	-0.271362620747059	-0.290293939146225
288000	289000	1.84604690870052	-0.632423887377958	-0.607508771013798
289000	290000	1.72829632884429	-0.959039704965658	-0.272857131610532
290000	291000	1.83218967158474	-1.22481326306655	-0.755154934574219
291000	292000	1.90352638072278	-1.49493764880974	-0.350627338525647
292000	293000	2.24983703666107	-1.32862427451941	-0.591796522175275
293000	294000	2.17429193474714	-1.14970926712436	-0.287805434098456
294000	295000	2.51255140228941	-1.08833398885867	-0.353966158976668
295000	296000	2.32971263297038	-0.840311285098905	-0.127126698720933
296000	297000	2.63132541286174	-0.919632709826216	0.131602010621292
297000	298000	2.1977307823839	-0.970784659228074	0.320650075174216
298000	299000	2.28403049653649	-0.576365207176344	0.442855235135667
299000	3e+05	2.55187058091675	-0.270713065096528	0.594302427928805
3e+05	301000	2.21721590387421	0.0270700116205485	0.478100268121915
301000	302000	2.58125085407737	0.373160053485326	0.580862636433723
302000	303000	2.41220073821351	0.31544648157447	0.115547609984317
303000	304000	2.83335709964084	0.210584216192608	-0.0319829474156963
304000	305000	2.77849074625597	-0.16977027610637	-0.277856860887343
305000	306000	2.58741500672085	0.115879389749514	-0.599653518331949
306000	307000	2.90137468754503	0.0461824689742504	-0.928444692128138
307000	308000	2.54590606365603	0.250524748771327	-1.12459455602956
308000	309000	2.60698286903887	-0.113679762929209	-1.36273177047251
309000	310000	2.45509179334493	0.154068867626455	-1.66690086261784
310000	311000	2.22133364695721	-0.194346350656734	-1.6420073883323
311000	312000	1.8525255929511	-0.2354655934703	-1.8105401728097
312000	313000	2.06824903977813	-0.640290429792853	-1.92028224606052
313000	314000	1.82681678986013	-0.661545282645364	-1.54973434173634
314000	315000	2.24413479940772	-0.67259169104067	-1.51850965545726
315000	316000	2.08139946231656	-0.718813830112792	-1.18426668658401
316000	317000	2.46804061872572	-0.783421890092371	-1.18151139943692
317000	318000	2.34760811589787	-0.857749690602192	-0.830631923287017
318000	319000	2.90556608424681	-0.760106207698854	-0.842030370665604
319000	320000	2.53472787543675	-0.482547743603752	-0.645425494176772
320000	321000	2.40360081347012	-0.255571501732463	-0.952393091730917
321000	322000	2.01336412252683	-0.195955279236181	-1.14763704790089
322000	323000	2.11353888424878	0.225075709345738	-1.35587704776769
323000	324000	1.65683274820224	0.112515837596589	-1.4629907307957
324000	325000	1.94771489313092	0.550508092158823	-1.78417144029621
325000	326000	1.48801708162069	0.353184367559631	-1.92401721186666
326000	327000	1.22332538851268	0.784920051615378	-1.92781447894104
327000	328000	0.868207239846875	0.464806025787021	-2.10003824776957
328000	329000	0.424435892823096	0.749255192198463	-2.14435058581648
329000	330000	0.135999755525118	0.292613156350937	-2.36728065701403
330000	331000	-0.28464044918657	0.681938391844002	-2.23239243818617
331000	332000	-0.238346361898817	0.351654149547339	-1.78077161779779
332000	333000	0.0917285742820311	0.643331978202082	-1.45114963696465
333000	334000	0.474239634526007	0.202689318304074	-1.4715723786875
334000	335000	0.113152327643309	0.171404251381275	-0.903414248976099
335000	336000	0.360546534174315	-0.342061462601101	-0.709522733171994
336000	337000	0.437469872348746	-0.493701735888477	-0.155712012651601
337000	338000	0.447291333105237	-1.06326154707015	0.0176954888853603
338000	339000	0.811294882702638	-1.44707409012303	0.231519892575034
339000	340000	0.815606110780508	-1.99382851234707	-0.064042179471666
340000	341000	0.443233852724249	-1.63717418200743	-0.441585695474821
341000	342000	0.420365373115419	-1.91521214649914	-0.968207026526544
342000	343000	1.11733959205275	-4.29532183376445	-2.30255566282725
343000	344000	0.0925027749617749	-1.88492775303381	-1.54885787677745
344000	345000	-0.350364922442913	-1.80923031562538	-1.93726619465817
345000	346000	-0.0200584384701777	-1.58933418441881	-2.40250106492796
346000	347000	-0.222432510788896	-1.22039535656213	-2.17842541823634
347000	348000	-0.345682890967103	-1.01950895762377	-2.64286123553482
348000	349000	-0.695057283715304	-1.15852481472121	-2.32644640897623
349000	350000	-0.90424605956386	-0.900413056187725	-2.63392343897915
350000	351000	-0.955632739134013	-0.742623432688119	-2.14301145753964
351000	352000	-1.25210641093064	-0.479196680915697	-2.54162773929213
352000	353000	-0.98992298176856	-0.19908337643997	-2.20209042960215
353000	354000	-0.595882377371381	-0.0909070219530974	-2.59506262276639
354000	355000	-0.402267775499017	-0.481059558117111	-2.29933708071033
355000	356000	0.0730156573955828	-0.659075267649877	-2.47659079575308
356000	357000	0.268210419648605	-0.516026108654302	-2.02407523089436
357000	358000	0.714073548124103	-0.888359350028432	-2.12116226047309
358000	359000	0.882110578497567	-0.540339597954715	-1.64076788639977
359000	360000	1.19996020720999	-1.18611511757743	-1.51566154713781
360000	361000	1.1380133431906	-0.63568179504267	-0.948018364352134
361000	362000	1.10446260463333	-1.32072745758185	-0.792097812669767
362000	363000	0.580609743391143	-1.0637583734273	-0.839820430934291
363000	364000	0.305448121111958	-0.721898377926476	-1.28142377490144
364000	365000	-0.216039987449954	-0.905502719511659	-0.887425062885109
365000	366000	-0.733229155929575	-0.76825665430781	-1.12267730140757
366000	367000	-0.822433789106892	-1.27813142343474	-1.44882930693935
367000	368000	-1.31973170140966	-0.864895494700613	-1.46592225698577
368000	369000	-1.22623592564389	-1.18957890485753	-1.80869619326147
369000	370000	-1.62334686673903	-1.50697800414972	-1.88494867754997
370000	371000	-1.71815461592904	-1.41921216975144	-2.34797262323354
371000	372000	-1.33080704971903	-1.20617758122106	-2.26969935802112
372000	373000	-1.29349487508227	-1.61476766079499	-2.58810083573605
373000	374000	-1.0798596756598	-1.65561759238328	-2.06530027849408
374000	375000	-1.50163446531008	-2.01983610753216	-1.99506816065121
375000	376000	-1.22947006900252	-1.89461706815295	-1.54965976185952
376000	377000	-1.52078091497073	-1.64707909541567	-1.26701467427547
377000	378000	-1.49088368745606	-1.26734604862142	-0.945147910252244
378000	379000	-1.38148846006734	-0.785171433750014	-0.737149167337141
379000	380000	-0.897148699423088	-0.697789694343954	-0.429921362633379
380000	381000	-0.991678484077919	-0.0329711098610575	-0.534215327752459
381000	382000	-0.4316367598694	-0.0339193754551929	-0.381009376899284
382000	383000	-0.310577019069531	-0.193479344357332	0.174233076049266
383000	384000	-0.111223734093124	-0.746942251630348	0.472882412839872
384000	385000	-0.487125100645337	-1.17179142897648	0.323590090583765
385000	386000	0.0102576645303251	-1.62938747489394	0.324439744044809
386000	387000	-0.266598211868893	-1.6158318634449	-0.223450931425813
387000	388000	-0.157632028631001	-2.25959299752414	-0.250708759777943
388000	389000	-0.608639359294051	-2.18229832989311	-0.578829334386846
389000	390000	-0.955111625280075	-2.53029657869254	-0.839966919160266
390000	391000	-1.31111226215516	-2.20762022967595	-0.987075627501604
391000	392000	-1.42729337045212	-1.82831553000585	-0.560822524814369
392000	393000	-1.8596297920422	-1.65312055128862	-0.347966583524336
393000	394000	-2.42581771829219	-2.13994778537685	-0.529714371399981
394000	395000	-2.28395485951215	-1.64314402134822	-0.560010841706628
395000	396000	-2.62581174974215	-1.55160270619901	-0.926600776035671
396000	397000	-2.14419953993447	-1.42811867962969	-1.03426637777308
397000	398000	-2.06969469056188	-1.31203897336141	-1.4430762508669
398000	399000	-2.08950682293195	-1.44544910326473	-1.79465239400273
399000	4e+05	-2.2325739611724	-1.07313321831656	-1.80643252715221
4e+05	401000	-2.05613908788633	-1.16145790056033	-2.15075506283133
401000	402000	-1.86828557390762	-1.00233509029321	-1.90065840070721
