0	1000	-1.27725047139465	1.98414127836905	-0.224358352681111
1000	2000	-1.26927240621075	1.84249467768583	-0.47205366047124
2000	3000	-1.25318574428145	1.6964713001157	-0.709177232087746
3000	4000	-1.24964469898185	1.58972060096033	-0.91330228532213
4000	5000	-1.23401085419752	1.50739609257706	-1.11135685809068
5000	6000	-1.23303372376904	1.42939655673712	-1.28648873720367
6000	7000	-1.23895932985151	1.3983314694551	-1.49066773720933
7000	8000	-1.27115433319544	1.34077702915026	-1.70158375698726
8000	9000	-1.28124925935257	1.3566094831715	-1.92326532616041
9000	10000	-1.37668582641361	1.29530356190792	-2.10707784789838
10000	11000	-1.35229045912458	1.41147614151719	-2.2882823853107
11000	12000	-1.56876891456433	1.36489994364807	-2.37963011892776
12000	13000	-1.5131946933841	1.51230970795732	-2.55525290136417
13000	14000	-1.66192137938505	1.41461077367684	-2.67839214099117
14000	15000	-1.64406567597125	1.55790035463087	-2.82634348705266
15000	16000	-1.80221983761849	1.43174541852705	-2.91199826040763
16000	17000	-1.80154544177867	1.57683428516685	-3.06631826027794
17000	18000	-1.87763374359248	1.40108908286215	-3.15620425017493
18000	19000	-2.14281574257543	1.57504041899538	-3.35644888909071
19000	20000	-1.89508039271284	1.35252511145837	-3.37961453266408
20000	21000	-1.72826340388473	1.40824851620905	-3.43371833639091
21000	22000	-1.72987984786428	1.28018658080158	-3.5446773253046
22000	23000	-1.74090366677681	1.43862601006881	-3.65551914647972
23000	24000	-1.7002888466277	1.27829361809695	-3.7647333977637
24000	25000	-1.66458786708833	1.4295886760172	-3.9314416207543
25000	26000	-1.48165770584087	1.36143871667639	-3.78993261842826
26000	27000	-1.40575550566565	1.25279776980043	-3.97247419735056
27000	28000	-1.26349228825816	1.38441092506855	-3.82367833608017
28000	29000	-1.12952558947671	1.24973836440186	-3.884809585496
29000	30000	-1.00253357425791	1.44514517349193	-3.8602490478012
30000	31000	-0.862464526923304	1.26683647333438	-3.87999167734083
31000	32000	-0.809048570970188	1.38235042127746	-3.69729540749446
32000	33000	-0.792189753561771	1.20105078689484	-3.63695527347365
33000	34000	-0.649455880251712	1.29629306533493	-3.51909396013774
34000	35000	-0.643194005642908	1.08477511670117	-3.50323035073762
35000	36000	-0.537003157570815	1.15252763372224	-3.32248893793947
36000	37000	-0.508369340104675	0.915071404534761	-3.34770113912934
37000	38000	-0.612202535384141	0.980070130733261	-3.15156937310397
38000	39000	-0.616103354051803	0.772375027546168	-3.15548099116275
39000	40000	-0.726221314471582	0.853198368145193	-3.00605637834824
40000	41000	-0.847482606290384	0.71756653737291	-3.09575729611005
41000	42000	-0.933891939960144	0.871072662258073	-3.17597685676585
42000	43000	-1.13296346350978	0.906030793183775	-3.22494398382025
43000	44000	-1.11616368587743	1.09575848456059	-3.33711707783188
44000	45000	-1.34939088209103	1.15285289557196	-3.31432828241957
45000	46000	-1.2503006985042	1.34951723907803	-3.40231198259605
46000	47000	-1.39305649121431	1.48755941569935	-3.28550630208199
47000	48000	-1.35009460092689	1.64637267203628	-3.47243450355224
48000	49000	-1.46159462263272	1.7756870789134	-3.35920638109597
49000	50000	-1.63463550713332	2.13007042141827	-3.54517956616455
50000	51000	-1.37707239504724	1.97260930091495	-3.46708400744004
51000	52000	-1.32870971371234	2.16508001095366	-3.34132112360057
52000	53000	-1.14236387271714	2.05355595659008	-3.45293600993472
53000	54000	-1.1256353654217	1.98006650126393	-3.24493972877522
54000	55000	-0.940334700041915	1.90657675678998	-3.35534927579239
55000	56000	-0.901938378066692	1.86630560762439	-3.14368965862854
56000	57000	-1.01812709168825	1.68608084934121	-3.18424864851113
57000	58000	-0.902605212499882	1.5810720854429	-3.10677784701325
58000	59000	-0.904922406011309	1.62183331347996	-2.87104871491653
59000	60000	-0.874819697949666	1.38111436782026	-2.94926313580136
60000	61000	-1.07238693259468	1.34025330015453	-2.93440428960242
61000	62000	-1.01915586819368	1.16350598521298	-2.82605853960393
62000	63000	-1.20788945075018	1.13874582278034	-2.91153104334371
63000	64000	-1.23595159161209	0.966134569494728	-2.8171708948175
64000	65000	-1.3984790479106	0.99955405711678	-2.92463237936558
65000	66000	-1.45526640369947	0.811260292837234	-2.8776178831265
66000	67000	-1.61455017281294	0.92499289544955	-2.9547253608669
67000	68000	-1.71108919321063	0.742875572896198	-3.03114416562197
68000	69000	-1.68034537750652	0.905305962985246	-3.19168579347614
69000	70000	-1.63064456307747	0.758781845936402	-3.28696876421657
70000	71000	-1.77784165220792	0.752060960096419	-3.47019871009919
71000	72000	-1.54513121209071	0.732902598839341	-3.47997164489378
72000	73000	-1.52739672836495	0.752316471716649	-3.65560435204518
73000	74000	-1.345454403588	0.717717394977973	-3.78234544331657
74000	75000	-1.3794167269291	0.572303799575355	-3.61403518031453
75000	76000	-1.21649986148916	0.452298138196394	-3.70280953712085
76000	77000	-1.29733590896634	0.155765323505176	-3.69143513593655
77000	78000	-1.24629623490149	0.295018511150206	-3.3796586242122
78000	79000	-1.27151594351156	0.2367227476203	-3.17945546205126
79000	80000	-1.24815083960875	0.0756554996831741	-3.06234920865686
80000	81000	-1.26222993072458	-0.0771116027463082	-2.91996351101552
81000	82000	-1.26171555271907	-0.185859734110865	-2.76790965578649
82000	83000	-1.26981667948004	-0.442888939831201	-2.65559436125854
83000	84000	-1.27504281538489	-0.620805476144778	-2.45421654848435
84000	85000	-1.28172079723843	-0.786417641174203	-2.33807637456235
85000	86000	-1.29593225068163	-0.945801426718744	-2.22353895413447
86000	87000	-1.31497578860699	-1.07380739059832	-2.14721507827957
87000	88000	-1.32519922134525	-1.22302642389346	-2.07623227821317
88000	89000	-1.35443719370458	-1.37507977475682	-1.95706379671971
89000	90000	-1.37850411764608	-1.56903101720605	-1.907917862763
90000	91000	-1.43435461765401	-1.68167393397045	-1.7359162321187
91000	92000	-1.38471315736162	-1.87610584897698	-1.78497476880014
92000	93000	-1.44589416850637	-1.9200070365954	-1.56726383996542
93000	94000	-1.33198543553056	-2.112811606984	-1.62466767545789
94000	95000	-1.39931315505605	-2.18144536994991	-1.43704646025703
95000	96000	-1.21840590951703	-2.298558866822	-1.49011781673912
96000	97000	-1.27667519545589	-2.36598057803595	-1.30890592683889
97000	98000	-1.14891110694975	-2.51308775268404	-1.36244950018952
98000	99000	-1.05059866614103	-2.54465584239095	-1.17942200653178
99000	1e+05	-1.05133065448802	-2.75195358008936	-1.2555092975458
1e+05	101000	-1.20964537328371	-2.76786540175219	-1.11826796571479
101000	102000	-1.1042266174593	-2.94377157368633	-1.11648873367108
102000	103000	-1.27513822814109	-2.97967010880159	-1.04591116211868
103000	104000	-1.11822453581213	-3.13240955386334	-0.920618984573877
104000	105000	-1.33049182285177	-3.08055618697642	-0.841182795995302
105000	106000	-1.22994173389331	-2.93534259026388	-0.693563964582253
106000	107000	-1.4363115686883	-2.92986966753788	-0.666482881218063
107000	108000	-1.37343642969686	-2.75296624987229	-0.557645001099818
108000	109000	-1.53776413790275	-2.7023738621555	-0.631306429803956
109000	110000	-1.59238839794218	-2.69255084287806	-0.421203581025358
110000	111000	-1.73513452874502	-2.57797497152956	-0.541526161963924
111000	112000	-1.82822354114809	-2.74628197022198	-0.504770089420201
112000	113000	-2.00594074578776	-2.60901417141368	-0.508115833440809
113000	114000	-2.0366804434715	-2.81032354721683	-0.529901969100983
114000	115000	-2.27795686459917	-2.74644794413244	-0.540931693848592
115000	116000	-2.16851278440465	-2.82575300539089	-0.695080039651296
116000	117000	-2.07797431984511	-2.90433383211102	-0.790677500549662
117000	118000	-2.25076164052655	-3.06540394799273	-0.826640015395515
118000	119000	-2.0923610267662	-2.96054950492685	-0.97324512200123
119000	120000	-2.23830146162327	-2.85661032898352	-1.03907116230178
120000	121000	-2.18835046875743	-2.94811756281333	-1.24010305211151
121000	122000	-2.04388366652333	-2.75985002998355	-1.15699330125196
122000	123000	-1.96550800977324	-2.57733873748012	-1.13411763308604
123000	124000	-1.77807326047714	-2.64181109056333	-1.00617920981836
124000	125000	-1.75754089183303	-2.40575309207318	-1.17715807810599
125000	126000	-1.56858240803761	-2.57084728925369	-1.20225777750773
126000	127000	-1.64746583441391	-2.6440867407194	-1.42001984137984
127000	128000	-1.45776686363388	-2.7461710538007	-1.48245998434179
128000	129000	-1.45610646546594	-2.92964597754667	-1.60510192551652
129000	130000	-1.27405329937487	-2.79123583181194	-1.6805936899723
130000	131000	-1.29618635009278	-2.9259518137708	-1.79905217073106
131000	132000	-1.21058538185163	-2.77477436989264	-1.91112647444379
132000	133000	-1.38471672152124	-2.84010407531876	-1.96685991125138
133000	134000	-1.33996667590808	-2.78855575238279	-2.1860269180542
134000	135000	-1.49375774854872	-2.64214561026362	-2.08257233480275
135000	136000	-1.60650328782253	-2.66815673683345	-1.91790990401232
136000	137000	-1.63201958511767	-2.49179513581449	-1.93217590003265
137000	138000	-1.84897491352614	-2.59145429244999	-1.99777193940828
138000	139000	-1.81699287319928	-2.39427687746621	-1.85804257118598
139000	140000	-1.99051669795166	-2.49379051869671	-1.77763832773568
140000	141000	-1.94599739193656	-2.27848344711875	-1.69699592162935
141000	142000	-2.08717892440978	-2.37561176585746	-1.58805274204031
142000	143000	-2.26397066869603	-2.17040050973565	-1.63732724999244
143000	144000	-2.16204511069321	-2.26181234061624	-1.40684965826192
144000	145000	-2.10468159367295	-2.09261767052492	-1.33017063404635
145000	146000	-2.27475293769711	-2.11617335884532	-1.18746445570984
146000	147000	-2.43675743361111	-1.8384317000962	-1.08009081256563
147000	148000	-2.13563141796613	-2.02067786348593	-1.01079582381642
148000	149000	-2.03565088369622	-1.86245964600858	-1.00636838077401
149000	150000	-1.99156422030306	-1.974748248874	-0.84605946391764
150000	151000	-1.81095406466659	-1.89463686175527	-0.925270364803818
151000	152000	-1.77978106071023	-2.0404565135294	-0.766855128770601
152000	153000	-1.59873826771734	-2.03039506196804	-0.913868923355326
153000	154000	-1.54310538179753	-2.10311687857328	-0.711381723738181
154000	155000	-1.3467257827356	-1.92741756304268	-0.763214485504148
155000	156000	-1.31824213340676	-2.21215021239241	-0.76420802131185
156000	157000	-1.13823897885289	-2.17880810241517	-0.854583360722573
157000	158000	-0.98776671836506	-2.25958910835376	-0.668471128602646
158000	159000	-0.848846746941238	-2.14137739894465	-0.815363106729571
159000	160000	-0.670508968695335	-2.19560554116299	-0.728948939089558
160000	161000	-0.503556475771532	-2.08535165991872	-0.74158672727116
161000	162000	-0.281832399420964	-2.05728224709706	-0.677621174823578
162000	163000	-0.0700873760041611	-1.98173398625804	-0.636848631164879
163000	164000	0.140290392220825	-1.93324297529442	-0.593561423840238
164000	165000	0.354208139334595	-1.90010032016886	-0.545507731619047
165000	166000	0.608781165049555	-1.87702583024521	-0.493571730258151
166000	167000	0.906568839425946	-1.86728194298752	-0.422717546769434
167000	168000	1.13733441762858	-1.8675526298022	-0.377804437823687
168000	169000	1.37554954764517	-1.89810909191575	-0.335865184455517
169000	170000	1.6411761644641	-1.9435510800355	-0.280771257592353
170000	171000	1.8797488230704	-1.92461051059042	-0.254286146613563
171000	172000	2.00064625558766	-2.07626941351446	-0.142997922791596
172000	173000	2.17397073085317	-2.02542029260984	-0.2713972459389
173000	174000	2.28419145616719	-2.17473143985035	-0.137139705595701
174000	175000	2.38609407668506	-2.18544893079591	-0.314283172573827
175000	176000	2.52548350584478	-2.29037435933822	-0.184781896566256
176000	177000	2.59224941329088	-2.33636876276362	-0.387515729162498
177000	178000	2.76290177662149	-2.25811080130112	-0.28683634527444
178000	179000	2.74824333075113	-2.12430667098007	-0.417309647375082
179000	180000	2.89790926976352	-2.25132960065997	-0.540631001739611
180000	181000	2.85793675238047	-2.04298022308204	-0.627664928134048
181000	182000	3.02232827566936	-2.00680418150647	-0.505215191456777
182000	183000	2.98910896154515	-1.83227796828474	-0.557592349636022
183000	184000	3.19583052490214	-1.84786910810669	-0.629823765574915
184000	185000	3.13878497292859	-1.64252488920296	-0.565602945748146
185000	186000	3.27019182375363	-1.69849111813465	-0.42104814398032
186000	187000	3.26165227143157	-1.50871990327715	-0.367416937528324
187000	188000	3.45803333485794	-1.54727521632287	-0.315177588998992
188000	189000	3.59235043455919	-1.27748639062307	-0.222941368485787
189000	190000	3.47516948509491	-1.55969362534283	-0.0522911481651925
190000	191000	3.47442675059021	-1.49751039737336	0.138317056794915
191000	192000	3.68185615503058	-1.62669330693834	0.170084351842226
192000	193000	3.45243635701039	-1.70334043014384	0.257382802115793
193000	194000	3.51662343883133	-1.84834948089548	0.241316896889403
194000	195000	3.62618219984958	-1.91077059111253	0.393444074624044
195000	196000	3.55940328461178	-2.03622080913752	0.271590276388752
196000	197000	3.52300095808946	-2.14243223488166	0.384700924048759
197000	198000	3.66479727680043	-2.29120127162129	0.294173733112588
198000	199000	3.47989764305796	-2.37272240552279	0.374922562764261
199000	2e+05	3.37079201742247	-2.28646978628425	0.246478291790168
2e+05	201000	3.24782678265362	-2.41459622908631	0.291014652156548
201000	202000	3.18940819514178	-2.317095569095	0.099539324011929
202000	203000	3.04808008172051	-2.22446074978015	0.252572088351954
203000	204000	3.00683876614562	-2.08297593315226	0.0861233081139726
204000	205000	3.0049822997748	-1.88206946698477	0.254102331377143
205000	206000	2.96653618964365	-1.83216150451221	-0.00674070605597816
206000	207000	2.97302767871247	-1.60863300718731	0.0779555670011838
207000	208000	2.8435335206909	-1.59104439106766	-0.190726825175453
208000	209000	2.84690941210368	-1.34760788379458	-0.119822165269133
209000	210000	2.67374041724346	-1.33725213310007	-0.322405393437388
210000	211000	2.61164227680746	-1.25052396304942	-0.137661600952769
211000	212000	2.46951614704973	-1.38396969953042	-0.182868137125163
212000	213000	2.44231417077531	-1.32237658965313	-0.012441137579675
213000	214000	2.54667021642513	-1.42956543287418	0.0717304843909951
214000	215000	2.39336666546597	-1.53006557340554	0.108320544643139
215000	216000	2.52523965720322	-1.60042374219332	0.236851068835285
216000	217000	2.4433051548331	-1.76393321934373	0.157452433321914
217000	218000	2.52231385257311	-1.82581442597534	0.32676006145892
218000	219000	2.57686138528675	-1.98055002042206	0.224128071595681
219000	220000	2.50705543982068	-2.06706849213261	0.385775324212257
220000	221000	2.58482192183567	-2.23842977816301	0.290301246041693
221000	222000	2.46079028138814	-2.32688482788165	0.468196949742226
222000	223000	2.66722812948549	-2.43268175152563	0.431249022960973
223000	224000	2.6525408102335	-2.41483393375755	0.656183244200706
224000	225000	2.84773584146176	-2.35166234639261	0.586503698494031
225000	226000	2.81192377380696	-2.20101647842761	0.710013194295207
226000	227000	3.01110399665719	-2.27109987895025	0.823138942706804
227000	228000	2.94234354370365	-2.03005952073248	0.793883518013971
228000	229000	3.14510985644213	-2.00497810296969	0.809121533450806
229000	230000	3.04590881097299	-1.82199668429667	0.910152918343376
230000	231000	3.19705118625196	-1.75347951545068	0.770543591061637
231000	232000	3.25124401594571	-1.63736738906199	0.982552748423133
232000	233000	3.42658895242069	-1.56087920419572	0.822908679650216
233000	234000	3.24696564974828	-1.43318895479403	0.719739481195242
234000	235000	3.50034759328463	-1.19081438959341	0.644600707382585
235000	236000	3.16378423239989	-1.30324057592488	0.540707119191963
236000	237000	3.09622081660671	-1.17786680486489	0.360191774989576
237000	238000	2.97330588963783	-1.06711312978324	0.523008521620336
238000	239000	2.80897807771861	-1.19645415664772	0.567146179851409
239000	240000	2.77640938482836	-1.07503740004864	0.717074378056336
240000	241000	2.6265803929216	-0.948159757636128	0.75747777640853
241000	242000	2.56796963000107	-0.913303569558952	0.937531058678898
242000	243000	2.47586288542346	-0.780984710012692	1.05718400223266
243000	244000	2.39297618644089	-0.688264065207679	1.22004774914748
244000	245000	2.31192586800864	-0.563444883951187	1.37293530076189
245000	246000	2.21503597549455	-0.467207165002718	1.52972905804716
246000	247000	2.14983944506825	-0.37387004814074	1.66558474372676
247000	248000	2.08681587920988	-0.304148157855514	1.80796736740764
248000	249000	2.00811883727349	-0.206388567320239	1.92318086902837
249000	250000	1.98457933559267	-0.14185938398782	2.08586644541053
250000	251000	1.89443265098166	-0.0151011101014781	2.16347512874241
251000	252000	1.91908618560905	-0.00105376793028431	2.34847139535462
252000	253000	1.83600948320644	0.177157641519788	2.39147963453609
253000	254000	1.92632292539298	0.232484429479381	2.57047354092963
254000	255000	2.03045928959189	0.45091639007964	2.53306120594585
255000	256000	2.34920643651784	0.577019491730615	2.60973848517276
256000	257000	2.07651397512328	0.731902239894143	2.74463315292211
257000	258000	2.05871216780857	0.603440475618249	2.91912853059231
258000	259000	2.05827115864292	0.799995825204054	3.02992542438019
259000	260000	2.15587700217041	0.657223895150161	3.13251004403335
260000	261000	2.15615396589745	0.782365236900163	3.2829871110026
261000	262000	2.34018256966847	0.656671916593341	3.34141632109698
262000	263000	2.15441626034697	0.595059438024054	3.46950994093782
263000	264000	2.2766078824294	0.416073011312252	3.45394445665651
264000	265000	2.12201449459429	0.350248635117673	3.60431028304745
265000	266000	2.22144192249919	0.157668844697944	3.53926315665104
266000	267000	2.11212333340367	0.0312766347405148	3.73450850314615
267000	268000	2.02644955736079	-0.0447145546357692	3.49281795351881
268000	269000	1.85091918373594	-0.0844848702634351	3.58900208155642
269000	270000	1.86818313736367	-0.291372802803232	3.53191949434969
270000	271000	1.70617963594389	-0.180988852862935	3.41935033215514
271000	272000	1.66407138732632	-0.381243672157918	3.37524059776132
272000	273000	1.64255010049963	-0.281845724586611	3.18362312398782
273000	274000	1.45783275509609	-0.288864405050988	3.2769176892152
274000	275000	1.40867367762733	-0.303966587955929	3.07655050086712
275000	276000	1.25553578364442	-0.254653838985089	3.20113503854162
276000	277000	1.00899692988711	-0.471859557596267	3.13173057528396
277000	278000	1.101642734645	-0.168413057978377	3.04604095754095
278000	279000	0.975790792954728	-0.0558830273883306	3.14709174672487
279000	280000	0.990220643473424	0.047424726447939	2.94252257837342
280000	281000	0.972464428834616	0.180516218080856	3.10562836898241
281000	282000	1.15830237439169	0.206264843229896	3.0894117269643
282000	283000	1.12790658445418	0.378297314120367	3.18285740452205
283000	284000	1.27147336190409	0.272174030056922	3.31438508504952
284000	285000	1.35579958587234	0.479144802492671	3.39437999251974
285000	286000	1.54375681229751	0.293419962776599	3.36694643559153
286000	287000	1.76519925716436	0.470850348420541	3.31471105785748
287000	288000	1.62539520072099	0.336133150994562	3.06791216978257
288000	289000	1.52931619583498	0.560871191269968	2.98685601693987
289000	290000	1.49642022700645	0.488168033035575	2.762780072246
290000	291000	1.35462382815842	0.648371559896106	2.72117964753632
291000	292000	1.48483564689123	0.734833981326644	2.55288770032981
292000	293000	1.37230802440345	0.885405864933808	2.65242690317652
293000	294000	1.55003381493355	0.946763421735785	2.70990310546965
294000	295000	1.41486412648611	1.07306617010803	2.81495366891656
295000	296000	1.58148186348839	1.07407987091022	2.94061467642412
296000	297000	1.48787665467273	1.24572966461961	3.09505059357814
297000	298000	1.63483919257765	1.08635246225983	3.20809098371698
298000	299000	1.4921568475622	1.03768769576689	3.34770349904662
299000	3e+05	1.6444827717273	0.933269498392779	3.42433301105729
3e+05	301000	1.51143507846659	0.861980050837369	3.52693060052502
301000	302000	1.64503295204896	0.809801923416933	3.64154160368564
302000	303000	1.53892023251473	0.845595160596674	3.82737066991678
303000	304000	1.64051243335825	0.645391397967415	3.82139920396845
304000	305000	1.46032964412042	0.586830296910656	3.92680872454756
305000	306000	1.56733500891801	0.427865085306975	3.89269363508
306000	307000	1.53972354078494	0.26351005466424	3.81829515782815
307000	308000	1.39884350251842	0.205654612116885	3.93981879321866
308000	309000	1.35878810967107	0.071856689176739	3.78221783031209
309000	310000	1.17937315393551	0.0529097857500091	3.90973487916699
310000	311000	1.12745437341164	0.101825150540612	3.7012161595174
311000	312000	1.00664551361349	0.215959401361569	3.80061528459379
312000	313000	0.78275323548508	0.180459707783402	3.73209538068137
313000	314000	0.897816799934285	0.403260961263534	3.69665863985519
314000	315000	0.854182395354218	0.41188371281408	3.51714368218752
315000	316000	0.920533606910442	0.589794640554585	3.52534830003788
316000	317000	0.792783492855376	0.598354099289103	3.37067221596886
317000	318000	0.79593968264702	0.817695584559278	3.39636827338999
318000	319000	0.483946996384816	0.892545560821528	3.32924612148313
319000	320000	0.737480421104926	0.863976411721485	3.08670553948558
320000	321000	0.650420936417593	0.906858103671644	2.92821297285059
321000	322000	0.533580947747724	1.01070542799071	2.80764638773353
322000	323000	0.371691187166667	1.13582582569158	2.65209993061963
323000	324000	0.218129725885362	1.26902653419873	2.47312444485959
324000	325000	0.0687356989419804	1.38929508208384	2.32241201697229
325000	326000	-0.0720055102808179	1.49126493672188	2.19904094438166
326000	327000	-0.194831802702851	1.60022223184832	2.0944954612592
327000	328000	-0.322198063507175	1.69452754476673	1.99161645943933
328000	329000	-0.45491097493428	1.82201192300647	1.89661742147503
329000	330000	-0.598294796333656	1.96511857256371	1.81106978015812
330000	331000	-0.746055107948752	2.12040426624095	1.7179151700212
331000	332000	-0.90510622633752	2.2426745741194	1.67893619495106
332000	333000	-0.977092581930891	2.41055861375157	1.61165001327398
333000	334000	-1.13977555172925	2.44232739972872	1.69062428859678
334000	335000	-1.1163364955666	2.63397112665471	1.62566444948961
335000	336000	-1.30402601654198	2.69587996430264	1.66971532395883
336000	337000	-1.21894311057842	2.87987371584841	1.61362913482057
337000	338000	-1.42602436574846	2.90244248474848	1.61148744808996
338000	339000	-1.35349226289647	3.06308655827493	1.54958551225582
339000	340000	-1.51850081660246	3.1966435820754	1.64586097190206
340000	341000	-1.47680596106293	3.15661143116746	1.40539590385465
341000	342000	-1.61996504901739	3.26053714723692	1.3950357261329
342000	343000	-1.97542044340331	4.26697613725331	1.70018490638373
343000	344000	-1.70665685445171	3.21229378499439	1.1966835089472
344000	345000	-1.72487323981287	3.31245885207915	1.0304474426294
345000	346000	-1.91215495732271	3.45880369291115	0.978685102793135
346000	347000	-1.97978184179964	3.18888831453179	0.954200600582928
347000	348000	-2.09821594546867	3.2370986504928	1.13396775714027
348000	349000	-2.20360040296819	3.03940042574696	1.0440310738794
349000	350000	-2.16852465483382	3.01955247276885	1.26436213479303
350000	351000	-2.14801388866775	2.8266049441631	1.19225620696617
351000	352000	-2.13638955602834	2.82602947166717	1.41267926931568
352000	353000	-2.30187133749749	2.67576684534356	1.3448535551253
353000	354000	-2.23854924578049	2.63805989824005	1.58308690368589
354000	355000	-2.27180226449959	2.44805673240568	1.44535465212809
355000	356000	-2.07896376803087	2.43600293885261	1.53705079315295
356000	357000	-2.09872306444561	2.2884592325353	1.42845077506243
357000	358000	-2.01956235652353	2.20085203009651	1.58625936670213
358000	359000	-1.99904146096524	2.10424918473112	1.41377458289222
359000	360000	-1.99848199912744	1.9045229921504	1.51183668964262
360000	361000	-1.77014511904831	1.99197568543407	1.47412572447231
361000	362000	-1.72966540361827	2.13093830928187	1.32639273115612
362000	363000	-1.63690840322885	2.27944403264155	1.48844622351012
363000	364000	-1.66413232422174	2.43363326257567	1.30452334967975
364000	365000	-1.7083364873636	2.68009080048693	1.29493938468733
365000	366000	-1.57411981824624	2.66126848519175	1.08228186726055
366000	367000	-1.5738476794604	2.89074273511362	1.07246349312583
367000	368000	-1.35013995465957	2.88073064055515	1.04674005777451
368000	369000	-1.28674163040592	3.05931407824501	0.940586844695643
369000	370000	-1.16155058483645	3.30191526609704	1.01646908685098
370000	371000	-1.0438950361595	3.18132683784737	0.832821723670998
371000	372000	-0.942609276727245	3.14729653476541	0.998170560162883
372000	373000	-0.66166564046191	3.27621119961903	0.865502863361808
373000	374000	-0.768393781786085	3.04562712764653	1.08274266170384
374000	375000	-0.720262205582307	2.89358924384037	0.930978574812707
375000	376000	-0.901190072896399	2.83333705281499	1.09713043296342
376000	377000	-0.917665582417904	2.69451156068013	0.963306673136067
377000	378000	-1.04529785651774	2.61184471725988	1.11371970641838
378000	379000	-0.961354884971026	2.41254537087165	0.979864867876592
379000	380000	-1.20782073597286	2.4098926045609	1.07709453855118
380000	381000	-1.19750491865907	2.24124732788992	0.917611027397682
381000	382000	-1.38224298160779	2.17659064189908	1.02726981392096
382000	383000	-1.46636501826178	2.24965488750585	0.851119457146836
383000	384000	-1.64309240538674	2.26082402157568	0.947285659976622
384000	385000	-1.72799354289793	2.16577809793956	0.781246494806199
385000	386000	-1.96976530112145	2.13506221918403	0.791662884882914
386000	387000	-1.92519266383359	2.33440303046163	0.892280534336861
387000	388000	-1.88924707105665	2.44184662760651	0.753794138095036
388000	389000	-2.04795469827959	2.53051334478009	0.822951157418403
389000	390000	-1.99062110573938	2.60543807340034	0.633476159705753
390000	391000	-2.03088693964781	2.78025535652815	0.725229284017727
391000	392000	-1.80612776122085	2.75938651967474	0.751359214229199
392000	393000	-1.82367335613129	2.92401746786362	0.650467901922041
393000	394000	-1.70653896628524	3.12639058005908	0.559788173189039
394000	395000	-1.60146177036844	2.89520202756679	0.565842603684096
395000	396000	-1.38523937047383	3.02172556760512	0.444455775941801
396000	397000	-1.45541700086191	2.76602969259104	0.455227469049304
397000	398000	-1.27740313788666	2.67168558682783	0.473562200003233
398000	399000	-1.38027609335402	2.54102676020245	0.341478438565137
399000	4e+05	-1.23171002306841	2.43431833523761	0.228339797265388
4e+05	401000	-1.31704012812268	2.279706837245	0.0865678422818192
401000	402000	-1.31037645225444	2.10858419113048	-0.0517023107156733
