0	1000	-1.23915153928909	1.2271334303396	1.70950479964398
1000	2000	-1.43651256638949	1.6271075170959	1.7049849741832
2000	3000	-1.15945291071562	1.49118186858461	1.34540289558056
3000	4000	-0.845797989246847	1.72517208710886	1.19105867861823
4000	5000	-0.698465523865683	1.81784473003433	0.815916331078724
5000	6000	-0.315194436829263	1.79329947004446	0.841273484486591
6000	7000	-0.115193373206263	2.02623377732961	0.566697981368413
7000	8000	0.270750068695921	1.8570143111567	0.649894095398411
8000	9000	0.549522634422109	2.10924735835814	0.368857032779105
9000	10000	0.726467227663691	1.6946818330488	0.298859570366366
10000	11000	1.0986433009466	1.86017592276967	0.0957519023370167
11000	12000	1.126019377938	1.48736821032718	-0.105678720858459
12000	13000	1.5204760612653	1.46956663962837	-0.257551484828442
13000	14000	1.36282411134206	1.15210368336591	-0.502163140441733
14000	15000	1.21295541617579	1.03480633052382	-0.887521790859549
15000	16000	0.948445551475513	1.23542737960328	-0.583259044404149
16000	17000	0.587022446371889	1.07093971816	-0.65371629153608
17000	18000	0.66759708925638	1.25206826093323	-0.19832686986473
18000	19000	0.141868906099644	1.30330194854342	-0.338163667141291
19000	20000	0.385861401035254	1.61013887620398	-0.103153647506419
20000	21000	0.277112772951719	2.00208789875392	-0.0615230554893593
21000	22000	-0.0620569969279624	1.86946972594946	-0.224824589995135
22000	23000	0.0806063280268637	2.29668719882719	-0.322812097375303
23000	24000	-0.102879978057274	2.0482853503237	-0.622849641041222
24000	25000	-0.0532766935631479	2.46528369251239	-0.74199101414846
25000	26000	0.158579184859411	2.134227570387	-0.946325673070892
26000	27000	0.303932178043117	2.54221661753929	-0.988033985000691
27000	28000	0.534512504440963	2.40504268017185	-1.24851628326792
28000	29000	0.663754210015968	2.2360063313979	-1.02482889147168
29000	30000	0.590339632303758	1.90850515769437	-1.18322239969668
30000	31000	0.788052939008992	1.63079196496061	-1.30222983480822
31000	32000	0.921592439271151	1.28800760629839	-1.30939785984333
32000	33000	1.09083417906655	1.2742391458521	-1.63417780703843
33000	34000	0.771712117114621	1.26593823854581	-1.72962305351012
34000	35000	0.900373374339079	1.61880929246642	-1.9014086774848
35000	36000	0.614250736563494	1.63650412505388	-1.66967209420434
36000	37000	0.499377313998271	1.679370137194	-2.00612629877732
37000	38000	0.243170313827668	1.7213860537139	-1.73893622576515
38000	39000	0.297029931863806	1.37365261831672	-1.78824206682227
39000	40000	0.0586688413397424	1.47193069004469	-1.55283992918554
40000	41000	0.322655735822664	1.25092382659941	-1.37651203129238
41000	42000	0.142330300628751	1.57400499099531	-1.17703627801844
42000	43000	0.476457539079542	1.39702824593905	-1.01800127224118
43000	44000	0.385500992893607	1.73020825961978	-0.808577082914662
44000	45000	0.830367563753366	1.63973907754079	-0.836394509652124
45000	46000	0.715124048038043	1.97890618891956	-0.728491408441844
46000	47000	1.01888143167928	1.98449483086656	-0.561171345063523
47000	48000	0.670108443858381	2.26961926787888	-0.439740535683588
48000	49000	0.995149553149968	2.23201781841326	-0.24497311182282
49000	50000	0.900021808508044	2.75354843901178	-0.275107179556887
50000	51000	0.970528856377295	2.47803827221699	-0.622543641182644
51000	52000	1.35998791548998	2.50167343363531	-0.64390065284355
52000	53000	1.14198752463651	2.52120469824399	-0.970804329796508
53000	54000	1.36319539468151	2.2755675074065	-0.919448560366899
54000	55000	1.32589167838141	2.33027035517853	-1.21400476910065
55000	56000	1.55704705035498	2.14988507518406	-1.27878729208798
56000	57000	1.23886974711326	1.93995186399389	-1.09911039634822
57000	58000	1.53460942077488	1.92350203720878	-1.03889059708539
58000	59000	1.34033821413369	1.84523194288509	-0.714769287410776
59000	60000	1.68688038553446	1.93550197463242	-0.700960843161837
60000	61000	1.54407447506894	1.5530583466371	-0.748408114357921
61000	62000	1.86734022016854	1.62549497669234	-0.814437490570183
62000	63000	1.72125151543073	1.34925321844497	-0.975327697766616
63000	64000	1.85839651458303	1.58858141695986	-1.14838929045948
64000	65000	1.5396534504531	1.57493514255582	-1.118638685419
65000	66000	1.69550483421452	1.758210381744	-1.35469893784767
66000	67000	1.54827529330471	1.41381711972702	-1.38848328435873
67000	68000	1.54678604899789	1.64853260380426	-1.65408296340665
68000	69000	1.26368789230242	1.61450751923908	-1.4116809369176
69000	70000	1.28331993627651	1.8623546860379	-1.64686714360188
70000	71000	1.07455715433515	1.87940036307348	-1.44868418898074
71000	72000	1.08868614523612	2.17524939494145	-1.52807416162969
72000	73000	0.878046806485419	2.11757169144638	-1.33662483300722
73000	74000	0.723303637599015	2.29169507741064	-1.66487675336483
74000	75000	0.505204680617617	2.07370468414686	-1.50117776268857
75000	76000	0.147580890725642	2.19548038671969	-1.50012916383058
76000	77000	-0.273107746783368	2.27208625024419	-1.4907152366669
77000	78000	-0.313967710643045	1.85696934923056	-1.33363754114498
78000	79000	-0.423436470248886	1.82875557217512	-1.0109993177082
79000	80000	-0.701467002623743	1.61382167388091	-0.95041621683696
80000	81000	-0.740816370365248	1.8745868619119	-0.69869870728531
81000	82000	-0.908356757741254	1.62566435871937	-0.435104030665776
82000	83000	-1.37143571772493	1.79788238433745	-0.153246719175134
83000	84000	-1.36234898632359	1.48511130715447	0.190474179617585
84000	85000	-1.71784267329455	1.49611074958795	0.478038861038829
85000	86000	-1.98810508642494	1.1840011941712	0.782453134701866
86000	87000	-1.96034531882016	0.834963638042155	0.997268422168678
87000	88000	-2.29445524012987	0.7733002942186	1.15499678341296
88000	89000	-2.4190047742203	0.66296031975932	1.53481622289822
89000	90000	-2.05128764541589	0.530018129768851	1.5226139832714
90000	91000	-1.6941851090119	0.387827830382161	1.4785604203739
91000	92000	-1.54841567706126	0.128513850970652	1.74263829720176
92000	93000	-1.32551481543607	-0.300716823091948	1.89414961840364
93000	94000	-1.1083634050814	0.0252484194940467	1.83551550161369
94000	95000	-1.01883129834236	0.187536835323252	1.49265267027337
95000	96000	-0.862995068935062	0.600298872395907	1.73514691290492
96000	97000	-0.618532955183113	0.508348586590377	1.3889555507115
97000	98000	-0.540351007474076	1.03997667147896	1.52308938047772
98000	99000	-0.203046550325116	0.807904861091088	1.22185522733367
99000	1e+05	-0.492728777958609	1.04075121743393	0.939896934396588
1e+05	101000	-0.361187073685685	0.632240645895647	0.634600559054145
101000	102000	-0.743553563152049	0.964591186261875	0.427305603942063
102000	103000	-0.654135776082815	0.667825823793339	0.0738667338088602
103000	104000	-1.12045597053619	0.562776961701197	-0.00485044647206745
104000	105000	-0.852937518743122	0.163296082024436	0.234125317417749
105000	106000	-0.876775039598684	-0.316465041410977	0.218669221983427
106000	107000	-0.941363728056377	-0.513349434265629	0.659014261210792
107000	108000	-1.21253871091085	-0.917146164031872	0.640468643328955
108000	109000	-1.32883966872637	-0.737593316747076	1.05859102527727
109000	110000	-1.63076561826309	-0.554428163500542	0.875360697496527
110000	111000	-1.96033193158734	-0.337835932549148	0.858729758740278
111000	112000	-2.19703393750369	-0.0845089534368295	0.566865169395507
112000	113000	-2.04760832364811	0.206856242003541	0.798366153766312
113000	114000	-2.37104776631688	0.348877407126957	0.809832180666968
114000	115000	-2.64039859912426	0.314574872423516	1.05976469910162
115000	116000	-2.53545425888957	0.0361899956913819	0.828195964634396
116000	117000	-2.3288829243491	-0.0642483763392989	1.01224385714916
117000	118000	-2.66017491166532	-0.199862372046215	1.11686310179179
118000	119000	-2.42222996378062	-0.0388534851278839	1.30979954483566
119000	120000	-2.43700066137555	-0.320612307181987	1.36624169282909
120000	121000	-2.5782034459035	-0.0938843739328215	1.62276597746028
121000	122000	-2.29517124754946	-0.320350727902301	1.6762013239473
122000	123000	-2.1476177177984	0.000792393287845082	1.59051318848894
123000	124000	-1.95346051577089	-0.342190089459823	1.42161279074006
124000	125000	-1.86128958130239	0.013705114554516	1.23928029079
125000	126000	-1.48676777872396	-0.0449184448448116	1.00411936787249
126000	127000	-1.64119448112861	0.113463599940648	0.602285812634598
127000	128000	-1.54802538660413	-0.247653001263587	0.330631951415753
128000	129000	-1.78367189238218	-0.24815983705024	-0.116080975474293
129000	130000	-1.39425067427944	-0.318026774647927	-0.336194793710219
130000	131000	-1.68561064715671	-0.0520325365177121	-0.642719846048739
131000	132000	-1.55128846689275	0.330488246004256	-0.444904035741262
132000	133000	-1.9475337759677	0.26283186005269	-0.116306952428243
133000	134000	-1.89270930800439	0.74999537476973	-0.122180173744224
134000	135000	-2.07440895122232	0.684059666413038	0.311402046654663
135000	136000	-1.66193221850792	0.761212343019435	0.510420006028585
136000	137000	-1.36272920512492	0.736591216151774	0.837416519572486
137000	138000	-1.52716035235532	1.16748136065066	1.07978734702771
138000	139000	-1.26732764820771	0.854057687831129	1.34871543314665
139000	140000	-1.73902199374148	1.14080147453861	1.58720857715922
140000	141000	-1.48546736449211	0.768287945451123	1.78361180364336
141000	142000	-1.8428565901131	0.786388795002966	2.00647379184139
142000	143000	-2.05552100583402	0.649895221198537	2.37275301785879
143000	144000	-1.88213249700026	0.421450350228108	2.08911357411688
144000	145000	-1.89427189902585	0.132439617658338	2.21980429336462
145000	146000	-2.1602883939616	0.154966027535965	2.0442572397766
146000	147000	-2.25334667272162	-0.175552333090274	2.29263201310995
147000	148000	-1.9503131404723	-0.130852715704369	1.92290266965864
148000	149000	-1.97263358553069	-0.426994954576515	2.01625980458079
149000	150000	-1.73776426603016	-0.568329834993704	1.80163321957723
150000	151000	-2.00808709960617	-0.782487204034851	1.68939802679735
151000	152000	-1.75307556413196	-0.881409910162576	1.4062556952452
152000	153000	-2.08429105722769	-0.855539380068077	1.16226069644237
153000	154000	-1.85625843999123	-1.08659948899344	0.776214348708959
154000	155000	-2.30812352683013	-0.988181165790119	0.678523367072673
155000	156000	-2.01285840069568	-0.681110137387499	0.552570578997918
156000	157000	-2.3691816486707	-0.535407707840099	0.546864632941994
157000	158000	-2.23935273449375	-0.451344632485176	0.200546571038317
158000	159000	-2.1832441318596	-0.808474902304791	0.170422650027112
159000	160000	-1.82152964766779	-0.830570471594082	0.185859285675505
160000	161000	-1.92694143847192	-1.10910169138895	0.0232436196029064
161000	162000	-1.59694130328929	-1.27130758331405	0.125001459890489
162000	163000	-1.53570378917782	-1.32280567389579	-0.237870265798609
163000	164000	-1.17475333460504	-1.52208523744108	-0.217569508387565
164000	165000	-1.15776192716542	-1.54085035796597	-0.571970672426617
165000	166000	-0.933150012799213	-1.79068586509166	-0.560037050594098
166000	167000	-0.914973005660009	-1.72826783729303	-0.927825334497314
167000	168000	-0.627190742651735	-1.67883665093304	-1.10975420774813
168000	169000	-0.711176165547087	-1.86153189635186	-1.47714363654816
169000	170000	-0.523191928556713	-1.60752742659231	-1.73633022609111
170000	171000	-0.638853501536775	-1.56862521125069	-2.11054718397343
171000	172000	-0.458830708969239	-1.25380138752656	-2.06304158127978
172000	173000	-0.595547456319758	-1.238332515604	-2.4291954918451
173000	174000	-0.428246986063084	-0.942176999186626	-2.25994810826815
174000	175000	-0.582595294337887	-0.833667795850911	-2.55841708782721
175000	176000	-0.41553973240111	-0.584942090979836	-2.31422537741196
176000	177000	-0.472955430748144	-0.267986597263808	-2.48869949197605
177000	178000	-0.292593508857972	-0.140222427285416	-2.15919966502768
178000	179000	-0.335916812565893	0.147794893543166	-2.44054093448083
179000	180000	-0.50211049574538	0.46587142492208	-2.28496580588798
180000	181000	-0.0425382376177831	0.56454271802963	-2.28659489138724
181000	182000	-0.243493906621354	0.702687921371178	-1.97346183183857
182000	183000	-0.0750182270908554	0.395442903469628	-1.71812224843509
183000	184000	-0.605748940372841	0.588409292578363	-1.68360852602372
184000	185000	-0.341572143013556	0.185439775584238	-1.32006291973189
185000	186000	-0.692663384657535	0.488191136176841	-1.18837212229766
186000	187000	-0.986157164097169	0.11261625503697	-1.1323112037836
187000	188000	-1.29002560350404	0.509901283094304	-1.2655912854889
188000	189000	-1.52884780110444	0.204007649265865	-1.68756001705766
189000	190000	-1.04831258429476	0.234184045272165	-1.92879429364072
190000	191000	-0.760478019575855	-0.09601472087576	-1.82344039693215
191000	192000	-0.987955941181145	-0.193493963616671	-2.20426418754986
192000	193000	-0.687833352277004	-0.530220670660787	-2.03012250860466
193000	194000	-0.87006742236775	-0.677317134980291	-2.28303944054406
194000	195000	-0.983347322016638	-0.977393604022856	-2.42755578568871
195000	196000	-0.795582763751659	-0.972988700487083	-2.05466417919084
196000	197000	-1.10546386255294	-1.0411222377152	-2.07815902196873
197000	198000	-1.05495121454936	-1.33883430894792	-1.85171438325616
198000	199000	-1.31235591797516	-1.06750729443447	-1.61027150839078
199000	2e+05	-0.908564281600617	-1.09201589291225	-1.4182904179125
2e+05	201000	-1.05043193252008	-0.782414631346283	-1.14584175948003
201000	202000	-0.780738021275895	-0.574440669762432	-1.46195886874673
202000	203000	-1.20165390745278	-0.473704558383442	-1.79807742654308
203000	204000	-0.963168815555809	-0.325114344319828	-2.59154975090815
204000	205000	-0.610286155104265	-0.473751655887773	-2.8406385908227
205000	206000	-0.0327258010857804	-0.508450955903322	-2.47307742258148
206000	207000	0.170373154900446	-0.629541411980913	-2.23297048007878
207000	208000	0.258647102909155	-0.889715095662366	-2.55241094710538
208000	209000	0.18059698354569	-1.05433542468863	-2.8380479076142
209000	210000	0.42766889628812	-0.934541949119993	-3.00479914018378
210000	211000	0.223758266592511	-0.723840060939868	-2.89124375309344
211000	212000	0.433012223929467	-0.602583901015478	-3.03503588480092
212000	213000	0.38654417439003	-0.516554345746207	-2.76337073289675
213000	214000	0.620794798047448	-0.721600387985423	-2.76912972211114
214000	215000	0.652687582972957	-0.396018244999597	-2.66268936677303
215000	216000	0.930424819253203	-0.630955243155023	-2.78246829725236
216000	217000	0.994476463440958	-0.339065117866568	-2.65160481816003
217000	218000	1.1175686635395	-0.621359668144811	-2.46929167455346
218000	219000	0.913157648721994	-0.345516268024206	-2.29515106650498
219000	220000	0.977440703546651	-0.743611229155167	-2.17586323794154
220000	221000	0.635975427146319	-0.630027978706729	-2.25135309226005
221000	222000	0.800407216502239	-1.07235553648425	-2.52105425886382
222000	223000	0.48344246270865	-1.05337392235411	-2.24035877714263
223000	224000	0.247466433947639	-0.878959332591223	-1.9036711364307
224000	225000	0.152660703136315	-1.27773955433986	-1.90426193805297
225000	226000	-0.100331146983463	-1.14731591940646	-1.58172522819332
226000	227000	0.00964406623541051	-1.73758651861291	-1.53786006089217
227000	228000	-0.122792174419773	-1.34835049921296	-1.06660933056496
228000	229000	0.15372960633206	-1.6022940774782	-0.788557054611489
229000	230000	0.167904257305041	-1.16052470208073	-0.46138477866137
230000	231000	0.731547481886851	-1.05823579729494	-0.739022421993653
231000	232000	0.322390304444385	-0.775577158237514	-0.895120643004784
232000	233000	0.506103546749242	-0.387776745921645	-1.29402076673836
233000	234000	0.973551231542096	-0.156725563017717	-1.56907511007658
234000	235000	1.21684433146969	0.114795028268427	-2.0223192669411
235000	236000	0.539759566174505	0.0822512719712029	-1.986229600953
236000	237000	0.489486921901005	0.258885116171835	-2.58926956830752
237000	238000	0.21094905203327	-0.0417742118241861	-2.33664677769699
238000	239000	0.0348870896284348	-0.100959148204252	-2.7608028754096
239000	240000	-0.184886575978277	-0.440695424962411	-2.87029898125577
240000	241000	-0.303974676119701	-0.866399317638611	-2.96582065092312
241000	242000	-0.176271679590276	-0.954117319645038	-2.55012838245115
242000	243000	-0.299084608664893	-1.27284657051755	-2.7550800034973
243000	244000	-0.118022713348488	-1.28421461115456	-2.39611254451473
244000	245000	-0.0517398889699864	-1.58418816414912	-2.61002615840128
245000	246000	0.0935187641670709	-1.53519397899756	-2.24180616342251
246000	247000	0.399422724757378	-1.51138465448098	-2.42252766734503
247000	248000	0.482439306115812	-1.56857454664511	-2.06584348983486
248000	249000	0.811091079321209	-1.51241584962591	-2.21161604572661
249000	250000	0.869725950398927	-1.56283372736422	-1.88487354828891
250000	251000	1.16274111433647	-1.37407741876939	-1.78519308217005
251000	252000	1.32555288094074	-1.6587589770156	-1.53118971258017
252000	253000	1.33906447146771	-1.38702609572603	-1.18316235455222
253000	254000	1.69321761998135	-1.50331794962157	-1.01999218299665
254000	255000	1.78419223804281	-1.00595159983881	-0.940854697746375
255000	256000	2.15955369030597	-0.619245211152425	-0.671423882161278
256000	257000	1.63750769700889	-0.502832609576392	-0.314347778455824
257000	258000	1.78361999051989	-0.169360598750852	0.0687856080096672
258000	259000	1.28158091641955	-0.181668746030298	0.316423976127118
259000	260000	1.1399537592654	0.162869275441428	-0.0143897223853403
260000	261000	0.737502201175568	-0.2204611993249	0.0208274909888178
261000	262000	0.312593610710821	-0.0807962716208873	-0.220285977808562
262000	263000	0.380822674844038	-0.329945705656258	-0.632614191740313
263000	264000	0.880691931863377	-0.356133550617654	-0.896768075488635
264000	265000	1.02526863547186	-0.728191756717035	-1.32023793638109
265000	266000	0.655479321364106	-1.03378059127873	-1.40639314427976
266000	267000	0.535241942053969	-1.48398079615128	-1.40007464228253
267000	268000	0.835109542089225	-1.78007637522056	-1.27913552734981
268000	269000	0.467708308229144	-2.07644705895291	-1.18588732126119
269000	270000	0.723290647350991	-1.96085314300953	-0.786811037145695
270000	271000	0.319409273699517	-2.1327502565956	-0.523366209320978
271000	272000	0.462819047199647	-1.72451601989608	-0.252253865650961
272000	273000	0.161684296556935	-1.81201945295179	0.150685989399894
273000	274000	0.428725720825109	-1.33111981986751	0.273311724234577
274000	275000	0.391596947477077	-1.63528915290374	0.782623357731952
275000	276000	0.706422966994405	-1.19489713385731	0.72583262166945
276000	277000	1.02338844410674	-1.28933478042003	1.17440504995871
277000	278000	1.17695835122885	-1.03106398835402	0.631475272459831
278000	279000	1.20261594431105	-1.00934943401059	0.138539486064803
279000	280000	1.59577260114824	-0.81862358816498	0.232761641811669
280000	281000	1.79138026232547	-0.940012657118981	-0.12180344821239
281000	282000	2.19283145392632	-0.929859655729349	-0.0528557249964947
282000	283000	2.20270045650815	-1.13207478422166	-0.450657988751926
283000	284000	1.88515367808542	-1.36849572656372	-0.583705487366266
284000	285000	1.56370650892307	-1.27815886512206	-0.334792724966621
285000	286000	1.36527924497326	-1.64747127012858	-0.455478801321088
286000	287000	1.13549041240669	-1.50027411843452	-0.0104299082933139
287000	288000	0.987520215886824	-1.85670464288011	-0.119145887164667
288000	289000	0.882244074950741	-1.78192005337383	0.388877873711307
289000	290000	0.677530104030281	-2.08006668218189	0.238437231233014
290000	291000	0.847355325206103	-2.3043767593284	0.503119330085197
291000	292000	0.77753403485355	-2.44154463819102	0.0460777003757
292000	293000	1.08383326969628	-2.47520865261713	0.238945038960868
293000	294000	1.11234226514182	-2.28391439696022	-0.0202589165259649
294000	295000	1.35021328981593	-2.50941426800852	-0.0146396375504716
295000	296000	1.40578971446693	-2.18954934538662	-0.100582119353969
296000	297000	1.4501363209984	-2.36258747034539	-0.417900981584531
297000	298000	1.72270470887979	-2.29374904858456	-0.198754273045873
298000	299000	1.64421865566548	-2.01211348663431	-0.394630515564223
299000	3e+05	1.92616328834449	-2.03480951352626	-0.262160092689933
3e+05	301000	1.79523733545572	-1.71830717448263	-0.193937967196954
301000	302000	2.08665191474818	-1.75769573027017	-0.354411726550549
302000	303000	2.16055508235734	-1.53857348220607	-0.125898252798878
303000	304000	2.15638059338242	-1.84752143575696	-0.00200911486206952
304000	305000	2.16458589117744	-1.5942378024032	0.208097003874478
305000	306000	1.99008890763074	-1.8262645198054	0.283985645638366
306000	307000	2.15386781969646	-1.83038102237756	0.526091797368136
307000	308000	1.83297102052616	-1.8620710670507	0.561387693152282
308000	309000	1.95471329200436	-1.71039099956722	0.792586496461388
309000	310000	1.64457172119298	-1.6361880600796	0.729970949877515
310000	311000	1.63876335406148	-1.49926892678343	1.00658093126919
311000	312000	1.63599810775275	-1.82516884631732	1.06103196011443
312000	313000	1.2718026102334	-1.86837864824229	1.1420911246171
313000	314000	1.41375287998053	-2.09333203238257	0.875079350853696
314000	315000	1.24691677913939	-1.89364737409591	0.634257906176167
315000	316000	1.38603607045131	-2.23070738449474	0.520159479272659
316000	317000	1.38203820706389	-2.0016198418598	0.279376893025088
317000	318000	1.68202170048754	-2.24604179448069	0.312777774522309
318000	319000	2.08001637295549	-2.30836042095153	0.257270543287311
319000	320000	1.71406815106429	-1.89352355220999	0.171235174166558
320000	321000	1.69970590000561	-1.58431296821132	0.263685558603023
321000	322000	1.86648449582633	-1.38613924877162	0.453661167252209
322000	323000	2.23879488844242	-1.33098667751216	0.594174226805566
323000	324000	1.94214101133229	-1.16444333151257	0.821217844460692
324000	325000	2.00028694661516	-0.83988670038849	0.673825193860927
325000	326000	1.86523098907949	-0.683059696762896	0.971031004645518
326000	327000	1.83445927929027	-0.342104137317554	0.865827254076724
327000	328000	1.68462325028945	-0.177564925750633	1.14237150811988
328000	329000	1.48883451363362	0.160260655365954	1.06895133766126
329000	330000	1.60794544266018	0.339465459427395	1.42342485579343
330000	331000	1.2478733725173	0.570898876627794	1.19999632980549
331000	332000	1.17921084847768	0.320709231674548	1.52846065334152
332000	333000	0.837224704543474	0.158511871624645	1.25822680107441
333000	334000	1.0489626720366	-0.187470703946534	1.48311661122815
334000	335000	0.624912213900698	-0.32819500410344	1.53141612160773
335000	336000	0.722319466856016	-0.633415885123766	1.93073826892957
336000	337000	0.360531389039404	-0.443119164390287	2.12795512754888
337000	338000	0.22368208426742	-0.508937628694855	2.58405031624579
338000	339000	-0.169017040174304	-0.363179299433543	2.56887357076232
339000	340000	-0.338812677548974	-0.362032286117132	2.9832351712259
340000	341000	-0.208660726440664	0.0148530363929641	2.77190097087569
341000	342000	0.176281061606925	0.103750103145263	2.87721207962887
342000	343000	0.935495282500347	0.492103606446091	4.88699116194641
343000	344000	0.248807326618082	0.529031992166865	2.69398022605266
344000	345000	0.00120896394268251	0.84913499211126	2.6418016636749
345000	346000	0.289180655451044	1.19050923668433	2.63716402639462
346000	347000	0.0393389420394267	1.18024814465847	2.24980434811769
347000	348000	0.501425740682972	1.22214232358172	2.22510730768654
348000	349000	0.206127675372506	1.21559717981053	1.84829357241298
349000	350000	0.667406594186524	1.20648933053571	1.82582919839195
350000	351000	0.461060436519673	1.02621719275726	1.49928215506701
351000	352000	0.932182180160308	1.00035452046524	1.51505917899527
352000	353000	0.617288355980141	0.647707452823742	1.38875699126101
353000	354000	0.847843383920157	0.662141590616407	1.7649599238991
354000	355000	0.36196400672666	0.497021125248374	1.72554230740941
355000	356000	0.3473000071794	0.746058699821913	2.00943152570394
356000	357000	0.47695911287169	0.510787263756509	2.26142721992784
357000	358000	0.837857477142834	0.762293669292652	2.27058742558174
358000	359000	0.917594770126853	0.357328482268655	2.15951097088553
359000	360000	1.34594958811273	0.315072429629069	2.18723182301323
360000	361000	1.31463262050427	-0.115923164297907	1.91839834861063
361000	362000	1.01001962226604	-0.237643460599749	2.23109434694396
362000	363000	0.679645047178645	-0.0192349058282683	1.99558090034672
363000	364000	0.566761821000737	-0.00312449726389171	2.47064210012042
364000	365000	0.170130409587981	0.0711897817756746	2.02659987597395
365000	366000	-0.10245062347422	0.184942823489074	2.32578960945863
366000	367000	-0.255959042355355	0.423472687955867	2.00199435528312
367000	368000	-0.43702318980314	0.548715260475182	2.45083096155793
368000	369000	-0.403184390634064	0.876266918040497	2.09967028199027
369000	370000	-0.586244751142944	1.09312190441552	2.51574987046061
370000	371000	-0.573881833286691	1.36743686378051	2.08834835442248
371000	372000	-0.923564560695268	1.22727698148822	2.21642727862013
372000	373000	-0.96016265109955	1.44917840198869	2.70042306986812
373000	374000	-1.10796665059522	1.03836992411086	2.59053034085074
374000	375000	-0.867573309756869	0.799187466484876	2.8381616305109
375000	376000	-0.960412499491206	0.716897601413728	2.32537342242483
376000	377000	-0.978404866886727	0.404775405741648	2.64584551604126
377000	378000	-0.921909992119567	0.333306042309484	2.21248675246107
378000	379000	-0.660519469996923	0.0113873878940928	2.10645579933766
379000	380000	-0.456649051082616	-0.096575350564541	1.74036100782629
380000	381000	-0.385292286991431	-0.330751279670639	1.35070527208558
381000	382000	0.0472280714254877	-0.316757897585419	1.37055509771796
382000	383000	0.0253846012597406	-0.806874048731165	1.30143231734797
383000	384000	-0.277833798835085	-0.781676177433417	1.60428406424182
384000	385000	-0.308204145097617	-1.13815094059603	1.81347409546475
385000	386000	0.149318068749895	-1.2711799996101	1.95241595517631
386000	387000	0.169700682570631	-0.859395288904085	1.84114428438748
387000	388000	-0.0729120159134573	-0.890888788980832	2.19892129853986
388000	389000	-0.234417465853356	-0.552411954355028	2.07108065836256
389000	390000	-0.497455699850187	-0.700983754478673	2.36929533046466
390000	391000	-0.719155019260381	-0.419108960690891	2.33209498970516
391000	392000	-0.860273257562623	-0.137975523239168	2.56271865386344
392000	393000	-1.20975462279845	-0.183619158825401	2.44107798176597
393000	394000	-1.31009753118535	0.00273411797135038	2.80774871109394
394000	395000	-1.48572255950588	0.0969495965130889	2.47211337530703
395000	396000	-1.5095315343662	0.418347143453585	2.78317553354672
396000	397000	-1.66058852652064	0.431530050933327	2.46158650592845
397000	398000	-1.41143503442587	0.405773995046485	2.21619881581042
398000	399000	-1.45161262946503	0.730352379123269	2.22832996014883
399000	4e+05	-1.66013525477895	0.933630889161396	2.4385067440248
4e+05	401000	-1.73509449660461	1.21554449717903	2.12891178281437
401000	402000	-1.41303651133162	1.13572512361479	2.01044314841277
