0	1000	-1.6239886929236	-0.363761521859888	-2.1503280842137
1000	2000	-2.00571116988614	-0.310828808722097	-2.26142951142397
2000	3000	-1.8387330856703	-0.522295610728152	-1.85970055718701
3000	4000	-2.01506918817919	-0.113418404319198	-1.71700863076501
4000	5000	-2.05196686541364	-0.53584105837973	-1.38717990217005
5000	6000	-2.22254203301363	-0.289790346455028	-0.862893625152892
6000	7000	-2.14626559256699	-0.235429676453731	-0.182015859167129
7000	8000	-2.14887646487778	-0.134180743545007	0.357883892435897
8000	9000	-2.22002780940612	0.23892605795635	0.81421000889607
9000	10000	-1.76550223232032	0.469154436823039	0.556212934780706
10000	11000	-1.92819911749869	0.936505627762035	0.998425386047803
11000	12000	-1.32943956854761	1.04962588289979	1.01687848452198
12000	13000	-1.37341068346729	1.60970259424949	1.41120162313183
13000	14000	-0.786105752679195	1.45237778005116	1.45657465982657
14000	15000	-0.996438324905041	1.58088186905985	1.96908984737263
15000	16000	-0.897595166352163	1.03912795687549	1.77064953014045
16000	17000	-1.29699250666575	0.809318540884641	1.53566560902718
17000	18000	-0.876208784589097	0.462122801596752	1.31311926266706
18000	19000	-1.43850537926828	0.407098777410668	1.06188143398771
19000	20000	-1.09532389979479	-0.113656161264596	1.02258127025853
20000	21000	-1.55145102832317	-0.333254788168081	0.736605275680837
21000	22000	-1.74797294154385	-0.819198817237117	0.675285471446548
22000	23000	-1.32864743096013	-0.915676842902789	0.347581662066777
23000	24000	-0.987010740560176	-1.34815870238083	0.376734929546232
24000	25000	-0.693507871129936	-1.69698603275578	0.707132659992738
25000	26000	-0.580366633503094	-1.04258895358295	0.938543989265459
26000	27000	-0.324380497289338	-1.43099453072423	1.39381788108754
27000	28000	-0.0393050335289936	-0.903426221633829	1.58048457221987
28000	29000	-0.094156739896726	-1.05404014883698	2.15902474162527
29000	30000	-0.258504014435925	-0.516052944566176	1.97767221143855
30000	31000	-0.235145490605303	-0.408122158879566	2.54260709592704
31000	32000	-0.0117681726887086	0.0447716265537214	2.36978963178684
32000	33000	0.36106973579805	0.0464453231003904	2.68935586763149
33000	34000	0.514860255602678	0.493956304325579	2.6699383869973
34000	35000	0.0850472388636047	0.564198399686202	2.63077758496341
35000	36000	0.20373613900754	0.884935109129046	2.3979845384477
36000	37000	-0.0827756599297641	1.02374688217474	2.6778110215899
37000	38000	-0.246277477250044	0.958326613054414	2.31287274300407
38000	39000	-0.570373959185781	0.936298103636671	2.56757243782254
39000	40000	-0.48012857486927	0.63064087924156	2.28697258835214
40000	41000	-0.636477378999016	0.466867585354817	2.65883239614891
41000	42000	-0.667461660689048	0.152354271984042	2.27098204587729
42000	43000	-0.853334181146258	0.463618908672386	1.90700828044212
43000	44000	-1.12733118981872	0.133994449025643	1.71231763051451
44000	45000	-1.10074511136878	-0.336026779066268	1.97729982806775
45000	46000	-1.33915397810379	-0.253278623496923	1.47171188089509
46000	47000	-1.76592697643431	-0.0590409228821732	1.36809538391085
47000	48000	-2.22925171096393	-0.241305573017647	1.39603245403647
48000	49000	-1.9060586092414	-0.463422828781782	1.17497928586255
49000	50000	-2.32175169970898	-0.808208219410862	1.31520670747118
50000	51000	-1.84714804454393	-0.815423730977758	1.37259164675816
51000	52000	-2.02001988786391	-0.800856563721118	1.77515644432319
52000	53000	-1.90442881518136	-0.497952826156935	1.61592832722298
53000	54000	-2.01546578434444	-0.42751512211492	1.93425978380498
54000	55000	-2.01661321257195	-0.116833303567633	1.72408552688299
55000	56000	-2.01751723225055	-0.00664887475073351	2.08937302513473
56000	57000	-1.65338120865668	0.215289143749095	1.75040094871561
57000	58000	-1.83139449134026	0.461016446829192	2.08808637136885
58000	59000	-1.89764828594766	0.645968693649215	1.56267989542162
59000	60000	-1.84313729600055	1.02669659846549	1.8736181303172
60000	61000	-1.4369508176473	1.15788481637363	1.85510476569543
61000	62000	-1.39916653289352	1.20164398301693	2.27934794663103
62000	63000	-1.13952581698722	0.920390230326188	2.19255799636245
63000	64000	-1.52936466964432	0.804916072089984	2.28560838303074
64000	65000	-1.34130591847086	0.562484933914255	2.03804363379402
65000	66000	-1.30693302483606	0.549358638759319	2.5434278370616
66000	67000	-1.09072805161785	0.314606314078647	2.30544303564432
67000	68000	-1.3471888122009	0.0533486085825211	2.5136049531515
68000	69000	-1.42555093000828	0.0817568909774916	2.11453967233101
69000	70000	-1.63695339878159	-0.196193432496105	2.23896476617801
70000	71000	-1.6070939897646	-0.239387819679043	1.86567545264674
71000	72000	-1.67029663345648	-0.599611706392872	1.98360282505638
72000	73000	-1.55812197901274	-0.622948054356787	1.63342537836561
73000	74000	-1.55048618668054	-1.08187383823255	1.69678072548524
74000	75000	-1.30733899635438	-0.849923823369592	1.29837992746107
75000	76000	-1.11787243567605	-1.29819712993152	1.33723212298172
76000	77000	-1.36520804452275	-1.74897819078217	1.05463465963852
77000	78000	-1.62100546053044	-1.29983877401857	0.987933564246049
78000	79000	-1.48415878688881	-1.42300709893484	0.581418054264509
79000	80000	-1.70998541283909	-1.4613674357855	0.13120177916722
80000	81000	-1.53385414154466	-1.65950377860423	-0.274910992420768
81000	82000	-1.48594776297225	-1.53008413652898	-0.840828842937398
82000	83000	-1.8087228595496	-1.72681287409788	-1.46836846510392
83000	84000	-1.43604733346881	-1.46060955822997	-1.74091609888102
84000	85000	-1.13104263907454	-1.89625919418824	-1.86432672415679
85000	86000	-0.691407562523112	-2.19691152245915	-1.70466039858926
86000	87000	-0.492457066259088	-1.84539247855298	-1.44655941818579
87000	88000	-0.405782644438684	-1.38923678409298	-1.29377133798667
88000	89000	-0.0880225397923131	-1.05110203384605	-1.06919966220187
89000	90000	-0.195193862092351	-0.65488814194718	-1.49980289231203
90000	91000	0.0340678864915507	-0.186637683039818	-1.91647677144003
91000	92000	0.0234017324970657	0.114383564157528	-2.46131963325517
92000	93000	-0.195915742370778	0.69710054004868	-2.36220116790239
93000	94000	-0.334137183930475	0.979109841328849	-1.88319717260684
94000	95000	-0.632592313607887	0.845884147385999	-1.42423078504675
95000	96000	-1.12760265600757	0.67652051464739	-1.39493425468768
96000	97000	-1.42892008227887	0.370145627065967	-1.11815986028576
97000	98000	-1.76379991997889	-0.00780236455185554	-1.18739958660551
98000	99000	-1.675914664181	-0.434377349002689	-0.767166331046289
99000	1e+05	-1.98542490737911	-1.00479806202985	-0.680941932067991
1e+05	101000	-1.47479087612148	-1.00595040078414	-0.373249027075161
101000	102000	-0.931262780402865	-1.24241700307457	-0.282380042004535
102000	103000	-0.856982244493839	-1.8243982443529	-0.242597885222918
103000	104000	-0.315367122922178	-2.10097548597286	-0.150195532312771
104000	105000	-0.0240199183820469	-1.48983510549026	-0.161028528958823
105000	106000	0.498795893807806	-1.66842062860955	0.130659249681314
106000	107000	1.04532407621022	-1.37669766053506	-0.0536268021316397
107000	108000	1.27776239076673	-1.89572418310514	-0.226386421587089
108000	109000	1.36486635975811	-1.63739379429554	-0.71800641033754
109000	110000	1.44581022508036	-2.05791940233644	-1.05269894061235
110000	111000	1.05500548694354	-1.61321144148811	-1.11926996036876
111000	112000	0.718623573154125	-1.70419147422184	-1.39120026449856
112000	113000	0.557447134013883	-1.46034186984956	-1.73133739466366
113000	114000	0.296691785839466	-1.86361566809799	-1.67666849155704
114000	115000	0.0270414917470035	-2.15491097901933	-1.8644945300356
115000	116000	0.413564945211062	-2.37819694883894	-1.93974551246588
116000	117000	0.606546250370289	-2.07686617974455	-1.89544010675021
117000	118000	0.711366861922701	-2.22700164925754	-2.30502777192474
118000	119000	0.58990716136256	-1.80760731489592	-2.16466393267948
119000	120000	0.782674358144561	-1.74403983898121	-2.47103443362434
120000	121000	0.388611531134381	-1.73138866863229	-2.69480326449875
121000	122000	0.297159516241908	-1.41940117506664	-2.32618290520124
122000	123000	0.0879181522805425	-1.76308034899088	-2.20455051376717
123000	124000	0.148846104302954	-2.19325619109577	-2.50742435701575
124000	125000	-0.108729477058819	-2.59881189731313	-1.95418044250305
125000	126000	-0.206060035787344	-2.47645253307306	-1.23477099194968
126000	127000	0.18331248440605	-2.30811197729932	-0.802068332771267
127000	128000	0.523600043891845	-1.88616061414355	-0.798972035313069
128000	129000	0.827737902231777	-2.2369252007596	-0.6601370059978
129000	130000	0.643971553938017	-2.5357944977509	-0.905012146412769
130000	131000	0.901191700919031	-2.43441159701202	-1.14363674655243
131000	132000	0.614569903097218	-2.248019801972	-1.18345163712627
132000	133000	0.69822246785401	-2.35447178275473	-1.51499574627835
133000	134000	0.50308601126478	-2.72542552910895	-1.49719213640838
134000	135000	0.222029196853659	-2.36729834742706	-1.43883073141605
135000	136000	0.126863705244199	-1.96035040738812	-1.25513272170549
136000	137000	-0.181827984143826	-1.85659653034064	-0.888100735491396
137000	138000	-0.666026217313703	-2.21680368855157	-0.889304126803094
138000	139000	-0.802213448367538	-1.57547382425478	-0.845151811236202
139000	140000	-1.15525157014253	-1.79188402982769	-1.24455825767862
140000	141000	-1.00525592692346	-1.22002477047639	-1.43192546421543
141000	142000	-0.996115312576414	-1.21729474701857	-1.93024911182796
142000	143000	-0.700615441237188	-0.861991301709181	-2.13925175814522
143000	144000	-0.714280007664373	-0.964956934471818	-2.72449978149305
144000	145000	-0.377522524431781	-0.616755882749167	-2.60434911651301
145000	146000	-0.118027547699749	-1.07988653215141	-2.71920388876479
146000	147000	0.413712955116553	-0.986072628096845	-2.95561468190379
147000	148000	0.727107901416505	-1.14568356097981	-2.4544050096375
148000	149000	0.862111099518521	-0.848861324842404	-2.1101897457009
149000	150000	1.28460005832943	-0.490758404998256	-2.10854711649776
150000	151000	1.21126546492485	-0.813577272527972	-1.69096284945111
151000	152000	1.48060991898693	-1.1144911924511	-2.05765315079159
152000	153000	1.16833218431533	-1.36653564206636	-1.7398741987248
153000	154000	1.54738314207971	-1.62811414733686	-1.92369026890693
154000	155000	1.18663287128044	-1.63337575770758	-2.11203004147151
155000	156000	1.16059506161858	-2.00359411958328	-2.03173887487388
156000	157000	0.989418732387417	-1.85921454655761	-1.77183822361206
157000	158000	1.16808769280262	-2.25907983829163	-1.73324064410102
158000	159000	1.15387531221227	-1.98118980265383	-1.44878664202634
159000	160000	1.44647707574394	-1.93975416348078	-1.66540433375348
160000	161000	1.38699696164132	-1.63341141689938	-1.47385839399682
161000	162000	1.77693477550883	-1.59335945861399	-1.52977845155803
162000	163000	1.52928198548288	-1.26212602978984	-1.48152557658459
163000	164000	1.84989513363876	-1.05974396846347	-1.46534895699064
164000	165000	1.66501478026254	-0.669729165209312	-1.45608892654162
165000	166000	1.98251765201096	-0.563408369220594	-1.18278159797057
166000	167000	1.92757197960695	-0.0306476741534111	-1.0686519314419
167000	168000	1.90321673339982	0.179851880768686	-0.579900414286071
168000	169000	2.04087373129295	0.239171142082906	-0.0497443814795217
169000	170000	2.14263520720771	0.0783715635695715	0.504133687902125
170000	171000	2.00286377467357	-0.416385367038073	0.745426348192363
171000	172000	2.2549110444742	-0.524604179613522	1.20610597236961
172000	173000	1.78403980570513	-0.741740063132344	1.27919505213817
173000	174000	2.1343723834072	-0.965591930430758	1.67517004923755
174000	175000	1.75102992183749	-1.05146150825789	1.74634732605236
175000	176000	1.87161042009261	-1.32567885529168	2.07485178514124
176000	177000	1.47985963564966	-1.27621366282756	1.9549306469152
177000	178000	1.13148529149547	-1.07963333421662	1.95586871186653
178000	179000	1.00317649626738	-1.42185035536637	1.94223713745392
179000	180000	1.24649599127386	-1.70760201661406	1.88299599963432
180000	181000	1.09575449019288	-1.76107064107578	2.19978955447284
181000	182000	1.41593767158481	-1.64546793705128	2.17246087706438
182000	183000	1.21896075517503	-1.45526151754298	2.21876591853542
183000	184000	1.3160214248422	-1.61599747977111	2.46887916714728
184000	185000	0.986476433542242	-1.48383954036269	2.46899874581091
185000	186000	0.815446325289806	-1.2173277575958	2.27705605246207
186000	187000	0.56612003602109	-1.49311281185208	2.12569850439413
187000	188000	0.573829625299139	-1.2040180333718	1.64010274360308
188000	189000	0.453509240551285	-1.80329338373046	1.52289601806672
189000	190000	0.686822463502236	-1.18537478942716	1.02984376126324
190000	191000	0.847960936653567	-1.71303661278408	0.863918622251348
191000	192000	1.40526105876078	-1.6161851315996	0.795615035583887
192000	193000	1.26624497104249	-1.72086477620966	1.32756093155581
193000	194000	1.41926280207725	-1.34318071738964	1.43951589504794
194000	195000	1.76786674573816	-1.68300288389319	1.54447436178782
195000	196000	1.91782072996738	-1.34479317120788	1.27063686464807
196000	197000	1.67541686216212	-1.10923322892706	0.933720878896747
197000	198000	2.18777267989007	-1.0908021346289	0.73726596735759
198000	199000	1.88069736047888	-1.10795555288197	0.232282789350252
199000	2e+05	1.9740639557927	-0.538858178571926	0.135728913069502
2e+05	201000	1.39997471462465	-0.651864617752061	0.319412270309618
201000	202000	1.37536560819138	-0.107562166989476	0.549886537946187
202000	203000	0.814000298862274	-0.405094694591645	0.859794855804384
203000	204000	1.17637917710946	-0.195216915488085	1.22339167431566
204000	205000	0.965845359507423	-0.479015676044097	1.61885200791886
205000	206000	1.3386721520555	-0.153928535649087	1.84279667542924
206000	207000	1.55601019945905	-0.146216465421111	2.22995902521703
207000	208000	1.8149504669468	0.0779908066485011	2.53870983998864
208000	209000	1.96595904178177	0.0322583199183198	2.0702304709066
209000	210000	2.12108307259594	-0.233377786532902	2.37829367045157
210000	211000	2.07029706309926	-0.335669484775466	2.01774177591579
211000	212000	2.17943102555405	-0.663580240766628	2.08845635960615
212000	213000	1.80294904974881	-0.575743529142602	2.14553302117155
213000	214000	1.94469107494248	-0.875182086232692	2.38651537491267
214000	215000	1.64126497551186	-0.941723042180117	2.16233835189036
215000	216000	1.64932662385106	-1.22651061709354	2.44961665272765
216000	217000	1.30804608386618	-1.03699380410101	2.31378597314144
217000	218000	1.31486346248785	-1.15659857075156	2.62040115402807
218000	219000	0.994398876940668	-0.927993452517442	2.58619635001891
219000	220000	0.966099694070211	-0.667776866451403	2.27418915333188
220000	221000	1.12449548554235	-0.35460140690267	2.53000309905137
221000	222000	1.08955614581148	0.0234623956192807	2.74771338043281
222000	223000	0.938851266092895	0.0821954174466802	2.28942410100179
223000	224000	1.0844835827105	0.447278539398396	1.99898964137634
224000	225000	0.847444423172678	0.280546689587766	1.54340739158807
225000	226000	1.3944219241506	0.644478168209793	1.39771559426655
226000	227000	1.50716767670963	0.504348472752412	0.851538897202317
227000	228000	0.941726147182451	0.617834245030035	0.538020304573764
228000	229000	0.561273346842634	1.18236183485957	0.529867763869843
229000	230000	0.452194985070074	1.41360745899511	1.04898659554212
230000	231000	0.00459581954358507	1.01257292166049	1.33253852347742
231000	232000	0.493975339035964	0.913362885457273	1.60356481154326
232000	233000	0.103049844905304	0.441616497794198	1.73502254810047
233000	234000	0.41489088766654	0.376404406533135	2.1565968498478
234000	235000	0.513737149427001	-0.243297541022542	2.12447451265666
235000	236000	0.633870620778054	-0.502822882255748	2.59216167112267
236000	237000	1.14948632072306	-0.669960209523182	2.93382057161145
237000	238000	1.54527436527339	-0.650710550527051	2.65164689021129
238000	239000	1.36454864334095	-0.596636490228012	2.12398685229581
239000	240000	1.47689774065878	-0.695833474743378	1.70697767345977
240000	241000	1.90247466869248	-0.469183601792586	1.65464768646601
241000	242000	1.69826461126379	-0.130076040257087	1.44227641956748
242000	243000	2.13984722085214	0.11488736824113	1.59001265793452
243000	244000	1.67098543098322	0.372050419247462	1.82470003462681
244000	245000	1.58321958643288	0.626987267664172	2.28559606931561
245000	246000	1.03111993592724	0.882051954518676	2.32882632550175
246000	247000	0.718685254036247	1.14294246663079	2.128481776186
247000	248000	0.40578948669014	1.37477904627037	2.36208097865208
248000	249000	0.329458348844793	1.4435680327497	1.95799857468049
249000	250000	-0.00746252818487625	1.64089827208162	2.07407730857147
250000	251000	0.158744514912303	1.89129520591053	1.71374621034042
251000	252000	0.109123409834126	2.20735354308888	1.41549174427946
252000	253000	0.0328198108402873	2.50054242120433	1.01500299179004
253000	254000	0.0647177409772717	2.51670566806578	0.53474427709589
254000	255000	-0.25521758714009	2.87590127906872	0.520060525093166
255000	256000	-0.561803593748857	3.12721512907837	0.161157290710678
256000	257000	-0.68413677957558	2.61569682763797	0.0749477124657375
257000	258000	-0.854489816380802	2.69076702400916	0.509951993333959
258000	259000	-1.06079578768926	2.26320475335452	0.517551344448448
259000	260000	-1.08040110952969	2.07401570250677	0.97974255813576
260000	261000	-1.31344023504605	1.64700806414625	0.609615902598628
261000	262000	-0.813710875930065	1.4662292728102	0.868703510385459
262000	263000	-0.624829510024543	0.987843475344598	0.679273532218475
263000	264000	-0.075209546029512	0.862751239663268	0.618758926617083
264000	265000	0.259049377297815	0.447881451266492	0.877257526792534
265000	266000	0.864577719908096	0.882160598734967	1.10703573706273
266000	267000	1.17539512771177	1.42381547526781	1.53498455229248
267000	268000	1.53233412951974	1.28922334732804	1.04425151228565
268000	269000	1.55939484410421	1.01484109650687	0.47190565459094
269000	270000	1.05651404559899	1.05093926493417	-0.0046574984118749
270000	271000	1.07703160282104	1.62880735932514	-0.24837098594801
271000	272000	0.426068179868404	1.48663931631961	-0.254704097774225
272000	273000	-0.14258749133786	1.43312404121762	-0.277833966692978
273000	274000	-0.679462300503355	1.66607952353939	-0.33149157588228
274000	275000	-1.21891315005178	2.16924171030345	-0.110497783665294
275000	276000	-0.756848076249974	1.98361347393154	0.149192410278395
276000	277000	-0.303371508169255	1.72486722895852	0.315462012238581
277000	278000	-0.17734295954853	1.8049312472474	0.81478493401329
278000	279000	-0.261273397330303	1.62973160548028	1.31462053629863
279000	280000	-0.436973859407701	1.98048983605685	1.81954221332515
280000	281000	-0.411849229351338	2.23273489762703	1.37001914401446
281000	282000	-0.543560808389504	2.40029784056454	0.955707095213011
282000	283000	-0.423903276689566	2.34096962999143	0.502325739496397
283000	284000	-0.194114529392145	2.32335105755216	0.0552139180030566
284000	285000	-0.0545170273727167	2.79727288827343	-0.0338126660999532
285000	286000	0.459113383353026	2.74238030656426	-0.0803153176799534
286000	287000	1.1695850565514	2.36367157568371	-0.693941814886651
287000	288000	0.701842267691429	1.84052832063415	-0.776225592586727
288000	289000	0.671289468864963	1.401848424229	-1.09356412032916
289000	290000	0.848631102145597	1.20323260622231	-1.55984883643446
290000	291000	1.01400100867376	0.665639229024115	-1.55875421805827
291000	292000	1.50161157927294	0.43309057229814	-1.74635098725473
292000	293000	1.53961712482298	0.653635869186054	-1.28640462195141
293000	294000	1.43759838259261	1.10770431310535	-1.35988588109092
294000	295000	1.34142197790548	1.55536156405295	-1.25053273436049
295000	296000	1.46468247067602	1.33738992126687	-0.799177449280081
296000	297000	1.89135599284199	1.05100697187736	-0.655116849807316
297000	298000	1.72912308225341	1.04409196220328	-0.131350913489507
298000	299000	1.68361345715173	1.53892071757019	0.193596982607297
299000	3e+05	1.15531328539643	1.60784901629668	0.454744183644575
3e+05	301000	1.02386950939989	1.87042486054999	0.91899541714234
301000	302000	0.488453205265614	1.93898753528386	0.790656885801875
302000	303000	0.690511936246873	2.45000082107234	0.661016703105685
303000	304000	0.453570055976137	2.098891802467	0.171103413721578
304000	305000	0.718518035874597	2.30450287392573	-0.259514480561621
305000	306000	0.217248408821493	2.3375540060715	-0.44713595143318
306000	307000	0.413233139986667	2.79780130870835	-0.668928388393933
307000	308000	0.0131502605052794	2.75817868122767	-0.754055498129299
308000	309000	0.240806780678641	2.74043058150497	-1.07705024196365
309000	310000	-0.0321062897409876	2.93950390450787	-1.12837701084046
310000	311000	-0.040513587635851	2.62494197503969	-1.1543525708379
311000	312000	-0.280859588697204	2.73010374945467	-1.20433869571542
312000	313000	-0.181946321482205	2.83035903667002	-1.49104918473808
313000	314000	-0.312355588574727	2.53941484649673	-1.44211277116113
314000	315000	-0.00593382872003557	2.55668778226925	-1.48809068796294
315000	316000	-0.131055862348619	2.3241457080494	-1.28523368011357
316000	317000	0.199897520583116	2.21470048147116	-1.37729805111305
317000	318000	0.448291518040704	2.4541134346542	-1.55877325944388
318000	319000	0.767761701338769	2.6734732319021	-1.23386711558377
319000	320000	0.446829423920972	2.32563509827483	-0.974275243461299
320000	321000	0.0392176173612889	2.22975954103385	-0.858118531771013
321000	322000	-0.314927937923036	2.43200891194507	-0.839744752117464
322000	323000	-0.608629690414123	2.88026126215722	-0.949250127452498
323000	324000	-0.485149949629692	2.75487432851886	-0.501632828247934
324000	325000	-0.715470030938037	2.32136797631856	-0.515803191679947
325000	326000	-1.04081365425274	2.45938732346698	-0.809737193960135
326000	327000	-1.23029762277343	2.02169479524582	-0.719533431886199
327000	328000	-1.43082027920439	1.61572993223233	-0.886901307019734
328000	329000	-1.61013470055348	1.19829495713889	-1.12441449436942
329000	330000	-1.944145057056	0.844944258674072	-1.38425340470753
330000	331000	-2.02642192843739	0.682419951610582	-0.837718343157088
331000	332000	-1.7112545584977	0.429633659350295	-0.41273237312049
332000	333000	-1.53846976357775	0.990492068862935	-0.277770344181439
333000	334000	-1.0163792299008	0.676279176484826	-0.352236893747819
334000	335000	-0.472889442894881	0.433836483692003	-0.340624838464384
335000	336000	-0.0299701254403398	0.0126066085918758	-0.300280209899885
336000	337000	0.529399800735668	0.194047570617096	-0.0874601356438564
337000	338000	1.07450090350114	-0.151283370624349	-0.216741232278462
338000	339000	1.5609788061431	-0.435279438038851	-0.503266392526861
339000	340000	1.27330221424182	-0.294239403033301	-0.984411864730688
340000	341000	0.991819254985862	-0.0904659051980155	-1.48599898923582
341000	342000	0.805953780299985	0.117145053923098	-2.06061963872124
342000	343000	1.79620016681683	1.07819678603779	-4.53995117278864
343000	344000	0.486155617136858	0.694697469829276	-1.99380214774295
344000	345000	0.319667767378708	1.24849861871505	-2.11594668591827
345000	346000	0.308269570124096	1.71330030013092	-1.8077164077191
346000	347000	0.00850277474687987	2.06054788529081	-1.93014940879311
347000	348000	-0.246554279735997	1.92927441101706	-1.54054857247876
348000	349000	-0.556045059026089	2.13409530854977	-1.83315564515425
349000	350000	-0.548677548428327	1.61875958144372	-1.82506541560898
350000	351000	-0.903327465355815	1.38980387290127	-2.10902366804725
351000	352000	-1.02343605949022	0.916623393231595	-2.05516592991809
352000	353000	-1.47774247280855	1.07655491406098	-1.87975836229332
353000	354000	-1.13614097684807	1.44461464339347	-1.48340720347357
354000	355000	-1.14832047731926	1.97492085337196	-1.5004388240254
355000	356000	-0.72795711723578	1.90668146811666	-1.11193271135048
356000	357000	-0.490582055516845	1.49837527463952	-0.892954178300221
357000	358000	-0.0176052841854688	1.30550587613425	-1.08603511630609
358000	359000	0.137945056305732	0.905576195079276	-0.645120395025521
359000	360000	0.777758833865861	0.884995054424918	-0.677556541807794
360000	361000	1.23538076496189	0.535592112054874	-0.539366827943944
361000	362000	0.880902115348371	0.287534781070001	-0.968831187774147
362000	363000	0.351360471995241	0.0525220352043313	-0.941554436889581
363000	364000	0.0625543706183812	0.441394907513586	-1.31312114904526
364000	365000	-0.396981878430267	-0.0618095707104572	-1.05898125887584
365000	366000	-0.443971230986432	0.0848361560309532	-1.67918984882666
366000	367000	-0.995121794043386	-0.0415592268034875	-1.45662324144149
367000	368000	-0.936978445349452	0.193348091147509	-2.00992826778991
368000	369000	-1.4488813047642	0.135463464940032	-1.88227711487491
369000	370000	-1.63030242978227	0.112300860262083	-2.48561381252295
370000	371000	-1.79201531252056	0.401244033470047	-2.14506632215084
371000	372000	-1.39438453641065	0.516624800774064	-2.2264847181638
372000	373000	-1.46710578260747	0.708022401741244	-2.67408594106483
373000	374000	-1.04081710068028	0.376246305141834	-2.5074327424843
374000	375000	-1.25474907815472	0.0212795408902259	-2.81640637441065
375000	376000	-1.01080063224262	-0.240562052594255	-2.4618891456721
376000	377000	-1.02813132794241	-0.391940459353815	-2.00993649992519
377000	378000	-1.25034687023715	-0.64155950654803	-1.61464159833853
378000	379000	-1.52513233452789	-0.886971831406439	-1.19726706782188
379000	380000	-0.919877215875084	-0.664304958611681	-0.90852102034873
380000	381000	-1.08142906373699	-0.258627765881791	-0.501426475282007
381000	382000	-1.24119322610423	-0.168665282339353	0.00144062413749444
382000	383000	-0.635638976475526	-0.221454054627899	0.285273233005847
383000	384000	-0.352720002969609	-0.800001467456166	0.289339195381706
384000	385000	0.261013684943892	-0.876269060412669	0.111180633354803
385000	386000	-0.0176002494288992	-0.737849697359389	-0.417187680685011
386000	387000	0.629536149060763	-0.845129595203798	-0.622629809383715
387000	388000	0.617912357841223	-0.813015875802434	-1.20830964007491
388000	389000	0.496328707617621	-0.584817058829414	-1.69655657386829
389000	390000	0.425454712406618	-0.480683771155842	-2.41577156717986
390000	391000	-0.0097457541217187	-0.784790954334455	-2.18140350471074
391000	392000	-0.106450804078037	-1.18522735960057	-1.86359026038918
392000	393000	-0.363355732367085	-1.59907356828385	-1.92157791836258
393000	394000	-0.438584969919401	-2.05498719625171	-2.3206663494184
394000	395000	-0.393206953836423	-1.54251460904984	-2.42118782436008
395000	396000	-0.928775149720129	-1.73046932761158	-2.44203861442933
396000	397000	-0.915070330887738	-1.28561115418218	-2.41996956775959
397000	398000	-1.32052493715936	-1.15216289157021	-2.44525081570716
398000	399000	-1.22348626046992	-0.780189004674258	-2.59422737741164
399000	4e+05	-1.36198631368925	-0.776531146767248	-2.23271986937732
4e+05	401000	-1.73647376399016	-0.723727020124675	-2.37188108725219
401000	402000	-1.54491228265093	-0.443528141750157	-2.47484792557213
