0	1000	1.17979607339165	1.08536473726129	-1.86298594306134
1000	2000	0.938346322380051	1.13096431013027	-2.0485338383322
2000	3000	0.733882248520599	1.18215411499912	-2.18803087772968
3000	4000	0.490657411726281	1.18017613587339	-2.31875239866333
4000	5000	0.23281027767357	1.18460047213777	-2.43664449560925
5000	6000	-0.00611729421624113	1.18672730446857	-2.54610286365566
6000	7000	-0.153142171823021	1.26403755056566	-2.65810185489803
7000	8000	-0.387606722748234	1.14807321481994	-2.66629804689023
8000	9000	-0.411520352888031	1.3176777419562	-2.93277510919201
9000	10000	-0.62686388963563	1.15652580368519	-2.94244527126616
10000	11000	-0.676533762817988	1.40454314473436	-3.05343117641603
11000	12000	-0.879581282775608	1.40280070976518	-2.92020821446006
12000	13000	-0.805265906489129	1.63969131399196	-2.98940894283726
13000	14000	-1.01325183819993	1.6954359086482	-2.95348080145213
14000	15000	-0.954435919800633	1.87089943993941	-3.08066351354714
15000	16000	-1.13277224489161	1.9378861848441	-3.07616246163496
16000	17000	-1.07503785689262	2.05016013138588	-3.24452529848951
17000	18000	-1.27126336529499	2.10078796002816	-3.29845933024252
18000	19000	-1.25945037709433	2.31402392282927	-3.49190951680614
19000	20000	-1.41407932701065	2.10324375020291	-3.51984696385375
20000	21000	-1.28480414016108	1.94571766316676	-3.51303070729689
21000	22000	-1.32878997129324	1.8872246786883	-3.62656738229577
22000	23000	-1.21187791392815	1.98431724326216	-3.70505811697719
23000	24000	-1.27955320671031	1.97605655828574	-3.80977201572041
24000	25000	-1.09818436121219	1.95849250267243	-3.85413846701003
25000	26000	-1.22492209489029	1.73059591392871	-3.76858795430264
26000	27000	-1.08232933715188	1.69872043632379	-3.72390090788163
27000	28000	-1.17025043765279	1.50582194056541	-3.70744765258836
28000	29000	-1.0518022898782	1.42572818854794	-3.6139822227763
29000	30000	-1.00016875436255	1.2430333513769	-3.75030877905931
30000	31000	-0.872083994655592	1.2361482281549	-3.5684762443983
31000	32000	-0.999737347699433	1.0703115831674	-3.57224932608116
32000	33000	-1.10916638813219	1.15967987626244	-3.41759329308833
33000	34000	-1.18394015399605	0.985275714043958	-3.52599456184489
34000	35000	-1.28851997917491	1.11259642403111	-3.65691905953009
35000	36000	-1.3234574768993	0.943713556964452	-3.78110678617763
36000	37000	-1.46840241433126	1.09940588352064	-3.83960439520087
37000	38000	-1.57109798669247	1.03020162003151	-3.64055722606333
38000	39000	-1.67815381840811	1.14708289480196	-3.77072792455219
39000	40000	-1.7573848345489	1.12020917093176	-3.58492431162719
40000	41000	-1.81736576078656	1.27855775864677	-3.72320965995742
41000	42000	-1.78081786416223	1.37355652890267	-3.51582305560208
42000	43000	-1.61214473880699	1.47132139407817	-3.64624230396711
43000	44000	-1.46071443625831	1.39133411818985	-3.54424576148431
44000	45000	-1.40512009869515	1.60542469389704	-3.52061293523001
45000	46000	-1.22984811349235	1.50154114582467	-3.39905408799429
46000	47000	-1.11104345408239	1.69364621229349	-3.42371616020411
47000	48000	-0.897316057720783	1.65259085471019	-3.44912863805225
48000	49000	-0.876914324037488	1.82069832439442	-3.5161170999868
49000	50000	-0.596723565493357	1.86374415569113	-3.53641858785316
50000	51000	-0.702247231993865	1.84886130875978	-3.70155413310633
51000	52000	-0.563043816840557	1.65156214281899	-3.73564415873962
52000	53000	-0.70011575081699	1.69090873704006	-3.88504705377727
53000	54000	-0.75184798237417	1.48284955653922	-3.90441741384052
54000	55000	-0.865006179160978	1.60762788533512	-4.06908724919098
55000	56000	-0.962358034927925	1.42077836950148	-4.0657594919664
56000	57000	-1.10503916067668	1.59124154631722	-4.0476717567432
57000	58000	-1.24781905196728	1.4077554649228	-4.04739938667893
58000	59000	-1.32238947594897	1.58929160777146	-4.19321404967285
59000	60000	-1.4749740293128	1.46377488995331	-4.05756690540112
60000	61000	-1.51536734130564	1.70131308046246	-4.04299693186201
61000	62000	-1.65856638025055	1.58607183370278	-3.91758675473143
62000	63000	-1.63954454051269	1.7998021003717	-3.90993616208914
63000	64000	-1.75485065688127	1.71806793233731	-3.76421539966629
64000	65000	-1.69145782967925	1.91429187926866	-3.70816961559533
65000	66000	-1.8721408813208	1.8258326783244	-3.59711889834525
66000	67000	-1.76248003974539	1.9648093429921	-3.50641688259427
67000	68000	-1.86027873132267	1.82764032163771	-3.38855403059408
68000	69000	-1.62975542418925	1.84886255646684	-3.35179530025335
69000	70000	-1.71492798920604	1.69870652917092	-3.23904820382233
70000	71000	-1.57260511068705	1.84237859624147	-3.18056090125883
71000	72000	-1.55598263304162	1.70079762884458	-3.02308664185926
72000	73000	-1.39804136599947	1.61902238133303	-3.12632741220211
73000	74000	-1.45522677372515	1.47229899726647	-3.01270592609133
74000	75000	-1.48876153785798	1.39746128716154	-3.20199117178848
75000	76000	-1.71367969124338	1.40171624318792	-3.07605746808695
76000	77000	-1.86070246203636	1.23050671918534	-3.13480047097262
77000	78000	-1.60591684921429	1.19567613581575	-2.97111972854447
78000	79000	-1.5215056951504	1.03266472398557	-3.09659872815377
79000	80000	-1.44687941526467	0.921741738254826	-2.88097824401138
80000	81000	-1.57187900202866	0.73489882328889	-2.97671286422843
81000	82000	-1.59906187073063	0.686146220456713	-2.73915079237677
82000	83000	-1.75947303594405	0.475512656106768	-2.68163828527601
83000	84000	-1.74802171566583	0.326462973646522	-2.46551100746797
84000	85000	-1.78819163903535	0.09314992206242	-2.33444041608459
85000	86000	-1.82775639318378	-0.0438821587607071	-2.1408853759064
86000	87000	-1.86043533764218	-0.258269603027469	-2.06387226196011
87000	88000	-1.94467761253842	-0.369887381026633	-1.89890744102207
88000	89000	-1.98885473977963	-0.593376922936664	-1.87191144005412
89000	90000	-2.08133636218422	-0.588827756270078	-1.63338367696515
90000	91000	-2.12685980366039	-0.797865635774042	-1.66357583643017
91000	92000	-2.24988990157941	-0.790006267263825	-1.49961288694998
92000	93000	-2.32471752105986	-1.00591349653539	-1.51136167904205
93000	94000	-2.295046801584	-0.96462828811934	-1.27418016065341
94000	95000	-2.13357681509563	-1.06489523147031	-1.32882720412998
95000	96000	-2.03976338586088	-1.06999957336711	-1.17074630864562
96000	97000	-1.90791235376264	-1.21494448040851	-1.19456344757209
97000	98000	-1.88033016223013	-1.16361345729977	-0.980224397859184
98000	99000	-1.68504681686238	-1.2103350092293	-1.03239645954902
99000	1e+05	-1.66434550920315	-1.12918416975756	-0.834605465672648
1e+05	101000	-1.54351433759449	-1.26138512586184	-0.859458002709243
101000	102000	-1.724915073546	-1.28472025669097	-0.701699433281543
102000	103000	-1.65017262404396	-1.45118596220962	-0.834544963581856
103000	104000	-1.54342821686005	-1.46332594562133	-0.644428307623532
104000	105000	-1.50907311169606	-1.62844518772425	-0.769818484381586
105000	106000	-1.67761994138307	-1.66364222722023	-0.60451024568639
106000	107000	-1.71814093612105	-1.78111088603953	-0.754736001827064
107000	108000	-1.89717826286057	-1.65211990432127	-0.709016372474807
108000	109000	-1.90327653379907	-1.85718144621075	-0.74102697720233
109000	110000	-2.09564695347741	-1.78795568225178	-0.73728575371189
110000	111000	-2.08164949531116	-1.9634473759887	-0.824466456478016
111000	112000	-2.18624338604082	-1.85707389633028	-0.963988361437081
112000	113000	-2.13959422595103	-2.05125851452415	-1.00755098648604
113000	114000	-2.13235502674773	-1.96527215247588	-1.17965585971401
114000	115000	-1.94765905483617	-2.10055181229196	-1.15848018843747
115000	116000	-1.9297440896052	-1.88628780278317	-1.21973290981023
116000	117000	-1.79666391285068	-1.91071063488247	-1.12285620903842
117000	118000	-1.77901228798103	-1.93871444555733	-1.35639523849377
118000	119000	-1.65587172394683	-1.82250966339451	-1.21803141409833
119000	120000	-1.67110472832163	-1.74171629391139	-1.36498200468959
120000	121000	-1.62623623468114	-1.60519761835809	-1.23164642177185
121000	122000	-1.8029051429288	-1.57319577465876	-1.32789337329639
122000	123000	-1.87617117123436	-1.55136672105796	-1.13865619942452
123000	124000	-2.07051104832631	-1.5319300686156	-1.27333215146316
124000	125000	-2.08838828229841	-1.52427203962809	-1.01428765700725
125000	126000	-2.22243035960018	-1.35883939368752	-1.08715339862784
126000	127000	-2.10274413478889	-1.32048578122564	-0.843172901885794
127000	128000	-2.269524946505	-1.13005296047615	-0.893149543065427
128000	129000	-2.17812311838188	-1.0745631515134	-0.709602243046834
129000	130000	-2.31707950714269	-0.924999217457813	-0.751224005514429
130000	131000	-2.11103922225188	-0.843454200773202	-0.707890847110122
131000	132000	-2.20212180251398	-0.78612858065114	-0.873861235078922
132000	133000	-1.99601355406824	-0.732561303386579	-0.800610358824021
133000	134000	-2.09092259650564	-0.622183481149901	-1.01026331963716
134000	135000	-1.84747875405331	-0.654168267596912	-0.962184227064859
135000	136000	-1.84714344147487	-0.733948310579473	-1.1322119769453
136000	137000	-1.71153382085446	-0.806000655438832	-1.11328095850836
137000	138000	-1.6769688556211	-0.812292104121624	-1.30287218880524
138000	139000	-1.54172086702072	-0.993391507226495	-1.28486467521655
139000	140000	-1.67897658012004	-1.01556590490202	-1.45009889201991
140000	141000	-1.59119464770652	-1.21907700265161	-1.48939869068536
141000	142000	-1.78293394361593	-1.17730967657355	-1.60041921311935
142000	143000	-1.7439114259414	-1.39107070670183	-1.70898700660566
143000	144000	-1.95329507317601	-1.31126656499013	-1.64128794921186
144000	145000	-2.00160721041312	-1.49967582762098	-1.63511332932597
145000	146000	-2.18584956616056	-1.45800596123166	-1.70554150281054
146000	147000	-2.30603716182342	-1.71667415607821	-1.75282607894453
147000	148000	-2.37227068824062	-1.47785299529787	-1.583033223074
148000	149000	-2.35387055308456	-1.61407050944747	-1.45688155831096
149000	150000	-2.4493384491149	-1.43590105499915	-1.42013872562844
150000	151000	-2.52895160721184	-1.60674540102863	-1.27750793867613
151000	152000	-2.59920889056221	-1.37527941783886	-1.20187800836737
152000	153000	-2.51335603462003	-1.53943391591367	-1.05201766313429
153000	154000	-2.55716819265167	-1.36821396730036	-0.92426331559841
154000	155000	-2.54581843280921	-1.57753610414775	-0.763793964992179
155000	156000	-2.4178231059689	-1.39635035900674	-0.666911634873024
156000	157000	-2.29884986077828	-1.53794394947343	-0.538449401118646
157000	158000	-2.22810342686305	-1.3775578778005	-0.390064386659096
158000	159000	-2.05488769656517	-1.50312448257274	-0.287321997856818
159000	160000	-1.91594637547148	-1.31395286964553	-0.225032167610397
160000	161000	-1.78153618038486	-1.48696573776832	-0.0924539489547968
161000	162000	-1.61068356728777	-1.4137460206583	0.066810901626959
162000	163000	-1.54423469796166	-1.53372200329564	0.263251239223838
163000	164000	-1.42797603709329	-1.59232390380008	0.51623040225054
164000	165000	-1.32965289526384	-1.64558540605698	0.813281856616241
165000	166000	-1.2148725101934	-1.72276863860133	1.1557464223448
166000	167000	-1.09094060103852	-1.84662425841462	1.56500678157102
167000	168000	-1.00666644711896	-1.90887480256475	1.90493009350916
168000	169000	-0.961109479535489	-2.04708566364105	2.1359606538346
169000	170000	-0.94775756948399	-2.02225006013756	2.380740908081
170000	171000	-0.81124189899822	-2.21255803325226	2.53347627499922
171000	172000	-0.644322603678208	-2.0782883382586	2.6116700471153
172000	173000	-0.517760636956081	-2.24047940932745	2.7009593281139
173000	174000	-0.548719390702508	-2.05474298949666	2.84565140247531
174000	175000	-0.676504633607565	-2.22233363264204	2.9277859841697
175000	176000	-0.792914855935774	-2.0646350978758	3.01595633709198
176000	177000	-0.937191537372627	-2.27756459854862	3.02562199371779
177000	178000	-0.932791912106827	-2.14483265774061	3.20393481238056
178000	179000	-0.937513896080615	-2.34547906177522	3.17612707209046
179000	180000	-1.13953091000626	-2.21785287748243	3.27418381551743
180000	181000	-1.1246762215487	-2.41620875672152	3.31073950360225
181000	182000	-1.01665577426485	-2.29327738998076	3.4547849527034
182000	183000	-1.03771981077328	-2.46755668684896	3.50311151238348
183000	184000	-1.09738877460612	-2.33872230661005	3.61435782408179
184000	185000	-1.06165368220112	-2.35796219545406	3.79748957284895
185000	186000	-0.886146794505218	-2.31470704239404	3.7485435511844
186000	187000	-0.863814774086819	-2.44633372945597	3.88442549960292
187000	188000	-0.8418815765487	-2.62200380794889	3.76885875742005
188000	189000	-0.749061801107622	-2.72354385052602	4.01293791100762
189000	190000	-0.586994505592337	-2.67305748580679	3.75838576234553
190000	191000	-0.521326329377367	-2.50944687125122	3.8851045231227
191000	192000	-0.464708038585988	-2.50663640142915	3.70339346202449
192000	193000	-0.426615650787748	-2.35741571016176	3.65767175171998
193000	194000	-0.326259914502428	-2.38757472038813	3.5414579234293
194000	195000	-0.280444890419275	-2.19710980392813	3.59220707663472
195000	196000	-0.186741112515578	-2.30859095294285	3.49352865654356
196000	197000	-0.11611541551941	-2.19363013800011	3.52982711080949
197000	198000	0.014964550868775	-2.34208812154137	3.50812541983546
198000	199000	0.0174102514114549	-2.25148961493627	3.36866141291348
199000	2e+05	-0.079604553769295	-2.36881090374901	3.29991433743561
2e+05	201000	-0.10895966813461	-2.23856501609139	3.22544253242698
201000	202000	-0.26878415804682	-2.33967759434961	3.19759213663618
202000	203000	-0.324335141071981	-2.15965032152409	3.23758619892427
203000	204000	-0.492399694316252	-2.21224640630924	3.27187120737345
204000	205000	-0.605354400507284	-2.18137335411592	3.45339973917085
205000	206000	-0.672589049268825	-2.35299390722024	3.36379621609281
206000	207000	-0.642834300971894	-2.53362455930596	3.41660170181967
207000	208000	-0.78339089422359	-2.63275551598052	3.31776545732093
208000	209000	-0.769284971423846	-2.82819814434041	3.31409001587752
209000	210000	-0.821734857490302	-2.75171586301063	3.11208842781949
210000	211000	-0.654806541782045	-2.81159187183206	3.07272610528072
211000	212000	-0.630227789664617	-2.66994033250911	2.96329929648756
212000	213000	-0.458898115264266	-2.75070651610102	2.985407084536
213000	214000	-0.332507859110969	-2.63626475392064	2.97875688345835
214000	215000	-0.268855526854931	-2.79074185028148	3.03586407044622
215000	216000	-0.19799957637493	-2.69014433359792	3.15806251929506
216000	217000	-0.35463976818167	-2.83310432201606	3.2665323987442
217000	218000	-0.24088876760418	-2.70056378364225	3.33036925391941
218000	219000	-0.283087177317793	-2.85760391771751	3.46431865733764
219000	220000	-0.0708965882783138	-2.71257668455381	3.46935368041594
220000	221000	-0.159925736577279	-2.77941695754276	3.70165332484594
221000	222000	0.0251273157402665	-2.63845523438417	3.72781351150611
222000	223000	-0.100718414092048	-2.55340498441977	3.88915213161719
223000	224000	-0.0209529109826665	-2.33298143468012	3.88716923350311
224000	225000	-0.19489170612942	-2.29292828757393	3.95686880495782
225000	226000	-0.161236750382674	-2.08728995770861	3.91600103514014
226000	227000	-0.371979480349742	-2.10001741662816	4.02919064374962
227000	228000	-0.346002255970149	-1.93732640683678	3.88296560886353
228000	229000	-0.557770469059471	-2.00757524677603	3.89288360693419
229000	230000	-0.465118442939613	-1.85975153234267	3.73410185269395
230000	231000	-0.646082474609166	-1.95389044967967	3.6680503274822
231000	232000	-0.680859830855473	-1.72309673337505	3.78575683142068
232000	233000	-0.869884566168802	-1.81686511750955	3.7027382763827
233000	234000	-0.764265057689445	-1.66961584747233	3.57509407388657
234000	235000	-0.857846061645992	-1.70210681771967	3.36528782241787
235000	236000	-0.621834561503606	-1.66651937851484	3.34364263976653
236000	237000	-0.512336289490901	-1.7412654811145	3.16190971729202
237000	238000	-0.35201127451362	-1.69710829752278	3.32951196448789
238000	239000	-0.172892672158517	-1.76103135756105	3.2092586559048
239000	240000	-0.0980192980442843	-1.69151825142167	3.4295164637317
240000	241000	0.0775659464812041	-1.57705578967388	3.26900604670364
241000	242000	0.0109311877717977	-1.4050308211775	3.37263070060127
242000	243000	0.189235296233716	-1.29675338541161	3.24526009365506
243000	244000	0.271970086939448	-1.10242637153945	3.35172375994123
244000	245000	0.461801448399535	-1.00302461248023	3.28420477778975
245000	246000	0.489985040143091	-0.80740115697008	3.28849832444764
246000	247000	0.697242220809028	-0.659214101821125	3.25518630288505
247000	248000	0.760376901156777	-0.458639777987411	3.18746891939764
248000	249000	0.916810927524862	-0.321746306851522	3.26203015481612
249000	250000	0.936802710011703	-0.123126725816846	3.1699512901376
250000	251000	1.11595405339516	-0.0722149808368768	3.30688389024894
251000	252000	1.09339706988207	0.105635600799323	3.15341659925433
252000	253000	1.26472534450534	0.227814797816491	3.29896172530828
253000	254000	1.10456496635115	0.409080078013513	3.22223187501251
254000	255000	1.17955990511938	0.535883091524559	3.45541109326433
255000	256000	0.968752091945745	0.687279410201091	3.49452153887197
256000	257000	1.09562923598423	0.820334562591069	3.26388230926045
257000	258000	0.930223895640991	0.747404762018404	3.11896251484861
258000	259000	1.11384909290943	0.808186621370389	2.96326112702187
259000	260000	0.960592521849529	0.908604575959568	2.89212286013898
260000	261000	1.04348974853268	1.0407685393542	2.79162713183709
261000	262000	0.854524699928948	0.973712333806822	2.68926422815382
262000	263000	0.99817786760643	0.913242854692365	2.53702627225155
263000	264000	0.901715554747636	0.731153170409615	2.59705423685681
264000	265000	1.01855888611042	0.648919319054297	2.4005149387745
265000	266000	0.923076747121345	0.506398385894648	2.54682254614239
266000	267000	1.0661586314611	0.40396003019545	2.33933945846915
267000	268000	1.12278501814745	0.34925907104952	2.59860427907876
268000	269000	1.32462118729072	0.353057450060234	2.43998836742571
269000	270000	1.33814269245577	0.307577537279887	2.67655416634846
270000	271000	1.40371833132847	0.172613524475837	2.5197550178692
271000	272000	1.43308253081802	0.0823128628873987	2.75100933486336
272000	273000	1.58940359704085	0.0486254380648185	2.59077489235318
273000	274000	1.66317650143217	0.146417885244566	2.80370777660678
274000	275000	1.76960296017417	0.153442904546816	2.63762982803676
275000	276000	1.91114080335354	0.189769656396639	2.74881762436942
276000	277000	2.05203980492275	0.104320671503111	2.58505622929784
277000	278000	2.05104931749564	0.35601858489976	2.54291902304369
278000	279000	1.89803883210647	0.318223881044696	2.43351826530239
279000	280000	1.95825642771963	0.52306864892961	2.40827944950671
280000	281000	1.7313700485013	0.489639918213524	2.37125712411984
281000	282000	1.79600169826823	0.629717513482807	2.50549781052773
282000	283000	1.72056709530703	0.669700100534816	2.67070746434901
283000	284000	1.70217715100622	0.54400953515914	2.82021841236151
284000	285000	1.60710486389177	0.665043232963803	2.92487142348831
285000	286000	1.4103800449375	0.628729119487921	2.87011211496599
286000	287000	1.48495691946002	0.930085594257347	2.753734208195
287000	288000	1.3834103601749	0.780075394244428	2.57985326468847
288000	289000	1.54698992682844	0.888180608036701	2.43166957445529
289000	290000	1.33799949474882	0.879648026629671	2.27614670162766
290000	291000	1.38052793241567	1.10680874572534	2.26735760164274
291000	292000	1.22267666017191	1.24677223510374	2.35844946625232
292000	293000	1.45163468965042	1.30617796324159	2.460947851541
293000	294000	1.3171996085055	1.33352613578051	2.65111313555586
294000	295000	1.54165205483989	1.37225266506798	2.71594940039263
295000	296000	1.417927969571	1.34793514026325	2.9087220127419
296000	297000	1.61021894799671	1.34951825879602	3.01229951501865
297000	298000	1.44824901188551	1.20216525200038	3.12344723935468
298000	299000	1.61982393924464	1.1130883809207	3.04311127031317
299000	3e+05	1.4422503358263	1.0074210392901	3.07312036311142
3e+05	301000	1.63057249443139	0.905514455276408	3.08253711571949
301000	302000	1.5256057115565	0.896547806539516	3.24931072316591
302000	303000	1.73029869053002	0.952645215006924	3.32762527661005
303000	304000	1.62945386450954	0.754598142741735	3.39369502230311
304000	305000	1.80112255349137	0.689247818471082	3.36051946274474
305000	306000	1.62869982816568	0.576358284283312	3.23508197770872
306000	307000	1.76548868989463	0.45596035228953	3.35987794382881
307000	308000	1.74356605169178	0.372223723159757	3.16258836775786
308000	309000	1.93766068650488	0.401671250033585	3.24027096472277
309000	310000	1.99181814844289	0.417593340260154	3.04468024918289
310000	311000	1.98231975890625	0.628461696871323	3.11245030609182
311000	312000	2.08795350935249	0.625482320726608	2.9813575366575
312000	313000	2.15787213048206	0.841177626487917	3.05374113505187
313000	314000	2.11853173986855	0.784089158920808	2.80803901393887
314000	315000	1.98262729282678	0.943081527822459	2.83185994332725
315000	316000	1.96349438116914	0.893128936537117	2.65995759118204
316000	317000	1.95365545881682	1.0744758929413	2.63101730213135
317000	318000	2.10948095107093	0.984169200410854	2.4838038562109
318000	319000	2.04802983380278	1.20492093825664	2.31515988895771
319000	320000	1.98449276117929	0.949556539626298	2.21180380123653
320000	321000	1.81254385566966	0.965172643467333	2.07211253160429
321000	322000	1.85022224800115	0.920976919053135	1.8266247464813
322000	323000	1.82893099003983	1.01293792515364	1.61800331360952
323000	324000	1.88650578654775	0.991880307667792	1.37240362867811
324000	325000	1.87088859376263	1.03791059304574	1.07125881083659
325000	326000	1.88875945148128	1.06922810732113	0.69639127910297
326000	327000	1.95604582362126	1.09600866112929	0.300017826221946
327000	328000	1.97435345063505	1.14267580207733	-0.0591468850681039
328000	329000	2.05346995069895	1.16216149996562	-0.294013339935528
329000	330000	2.02444583161239	1.26306794525724	-0.485588166472948
330000	331000	2.15398323536441	1.2088484853683	-0.694876901924241
331000	332000	2.04310387801038	1.22453980916481	-0.91165178168255
332000	333000	2.20700841911595	1.14749199614159	-0.994905543819112
333000	334000	2.09609958467672	1.12915549568124	-1.1724401772556
334000	335000	2.303131945377	1.09825551815462	-1.21520232090125
335000	336000	2.25933617139224	1.02056509236065	-1.36439134217649
336000	337000	2.41804852861383	0.952341274733	-1.40587686405952
337000	338000	2.40469630841088	0.963157184762473	-1.5752787651478
338000	339000	2.54811395014342	0.972673414379012	-1.64357343540028
339000	340000	2.66004462950521	1.01482254041397	-1.8227068642024
340000	341000	2.73466161787682	1.16343938144331	-1.85402245346779
341000	342000	2.99059416449099	1.24254494027137	-1.95818219525795
342000	343000	4.00903912370515	1.44197584820306	-2.61692777084131
343000	344000	2.88731617844032	1.37148372819865	-2.14793654639525
344000	345000	2.70699271609613	1.33090310027286	-2.15766423130548
345000	346000	2.53552918833484	1.202836072096	-2.22697954613969
346000	347000	2.38126259874746	1.36053930273534	-2.26320606682772
347000	348000	2.19091554061205	1.27489869384498	-2.27008818782492
348000	349000	2.1758914887651	1.53518023486164	-2.30596884334246
349000	350000	1.98107784339876	1.47328895803566	-2.16384114273344
350000	351000	2.06661669810928	1.67745910159954	-2.11176182514991
351000	352000	1.85469528602086	1.66155849338025	-2.01459401869305
352000	353000	1.96211894104631	1.89415372779528	-1.98199149342051
353000	354000	1.79531810811455	1.89645659256809	-1.84289846946528
354000	355000	1.93525421686509	1.84495885918893	-1.73337280617866
355000	356000	1.8382452326702	1.69888485105723	-1.71380532861385
356000	357000	1.90453061912912	1.57852832309436	-1.60774168099497
357000	358000	1.73653127642756	1.60832077212421	-1.53825713715103
358000	359000	1.74256590916357	1.5985702263169	-1.37306552497381
359000	360000	1.7326382461175	1.84122539638349	-1.4367058884137
360000	361000	1.80460779744134	1.78300014210272	-1.25665366469087
361000	362000	1.9932722472564	1.86189527491728	-1.33525912430866
362000	363000	2.03866551098957	1.64528839491243	-1.23442133722383
363000	364000	2.15162219996936	1.66872615035895	-1.45382078801061
364000	365000	2.10941919567043	1.42004559970778	-1.42999860709614
365000	366000	2.25784873933819	1.51192372489802	-1.60232986893924
366000	367000	2.31232391827128	1.27093360342948	-1.5323262438153
367000	368000	2.51731817319604	1.41962697467824	-1.55154144836368
368000	369000	2.61245596252244	1.24669906922593	-1.47673148388189
369000	370000	2.82546321268305	1.32292292027764	-1.51420930292337
370000	371000	2.76655226862416	1.12281207826495	-1.31365688598491
371000	372000	2.91696415409329	1.27524050490329	-1.31613397208742
372000	373000	2.90848526033981	1.18811991263317	-1.05661075223618
373000	374000	2.86348755657321	1.45293489774503	-1.13194199536488
374000	375000	2.72668848527216	1.40322086770836	-1.01255252568948
375000	376000	2.60691423789958	1.4032468318018	-1.16820490005808
376000	377000	2.44177980768452	1.52175347553976	-1.0859455676659
377000	378000	2.50702272310878	1.58875119779744	-1.28952948103319
378000	379000	2.53237327908073	1.77606410586483	-1.16651137710748
379000	380000	2.63500335782617	1.75492115561933	-1.37665900581258
380000	381000	2.46535512063546	1.97451450326599	-1.36953671905708
381000	382000	2.57737464421807	1.88586316418043	-1.54036599792997
382000	383000	2.34177633931403	1.9519417979545	-1.61362458866226
383000	384000	2.48973690372101	1.79432967629294	-1.71502548287812
384000	385000	2.47318564678545	1.93545561448049	-1.90425847053556
385000	386000	2.69836917033838	1.83208723561324	-1.89462512876074
386000	387000	2.52494925909674	1.74469499229137	-1.99796629432012
387000	388000	2.59274740330094	1.57947745253496	-1.88386663951482
388000	389000	2.38738545263031	1.58304291898322	-1.93037456253365
389000	390000	2.45846243906837	1.42890197345962	-1.85748466614938
390000	391000	2.24054897651931	1.42548105772006	-1.87504720271946
391000	392000	2.31358428270959	1.24640095481148	-1.83728750548789
392000	393000	2.16537261517125	1.18325334509386	-1.88325582126856
393000	394000	2.26572977048645	0.978410774948306	-1.92384697039364
394000	395000	2.06265660527373	0.999125328298944	-1.80676066895633
395000	396000	2.04128179534575	0.850572877725114	-1.64378127674809
396000	397000	1.95338967140645	1.08260426785208	-1.60953026941569
397000	398000	1.75574965003196	1.0640939908615	-1.62140368476412
398000	399000	1.78278493361594	1.0852114702713	-1.82840707817283
399000	4e+05	1.60543960307816	1.08668317307759	-1.90875778104523
4e+05	401000	1.47214462255473	1.23801439324626	-2.04091125676135
401000	402000	1.29299271243271	1.37074416332578	-2.07671868034046
