0	1000	-0.0497390227978277	-2.45966945997165	2.00191279771344
1000	2000	-0.364809855998915	-2.77862755846709	2.01477555115851
2000	3000	-0.397840681146034	-2.30025757156117	1.78414546804718
3000	4000	-0.229566970796042	-2.51285581397271	1.36516290044648
4000	5000	-0.727025011136375	-2.34077813259777	1.31369150121545
5000	6000	-0.87753644843357	-2.23830681065003	0.826356502529533
6000	7000	-1.24318325680365	-2.01653624690168	0.443812556875235
7000	8000	-1.306481536525	-1.77560031269318	-0.0764592029839429
8000	9000	-1.88074519122174	-1.62630727322244	-0.317040742758034
9000	10000	-1.68478174024786	-1.08141396848232	-0.217259362092726
10000	11000	-2.31261477225414	-0.840905719443136	-0.292899059608425
11000	12000	-2.05622334595351	-0.248283772620116	-0.394389293142832
12000	13000	-2.70469183576541	0.0584682052251499	-0.34902912153764
13000	14000	-2.27064133668129	0.489633801627367	-0.497571788158952
14000	15000	-2.84175614206997	0.524285304532453	-0.814938823115195
15000	16000	-2.43774160825545	0.190583561267325	-1.11287812764034
16000	17000	-2.3844141469689	-0.325162460949774	-0.910091094908697
17000	18000	-1.64598727733337	-0.102684908625836	-1.06599822982092
18000	19000	-1.50123547404624	-0.619425121752794	-0.678671683698642
19000	20000	-1.07310761208887	-0.747296352325129	-1.10954229784237
20000	21000	-0.916389524655718	-1.35339627747597	-0.777112634186185
21000	22000	-0.393929831744433	-1.18478292822978	-1.03385015217432
22000	23000	-0.140238313182388	-1.57250151453365	-0.677836479188777
23000	24000	0.322717470839977	-1.31917763068192	-0.96996002474644
24000	25000	0.591839664157309	-1.09011111668793	-1.4438213242929
25000	26000	0.141478691061854	-0.617439476227043	-1.30333895909583
26000	27000	0.208900662974818	-0.430892754379339	-1.89657581226119
27000	28000	0.08187247184474	0.204984468589304	-1.97305402324641
28000	29000	-0.179184517223473	0.142039307807328	-2.5092648082946
29000	30000	-0.587940448467625	0.320228336200056	-2.07206706333313
30000	31000	-1.00351253156551	0.535568628473397	-2.42932510368671
31000	32000	-1.42243909840366	0.859406652724924	-2.24294608761322
32000	33000	-1.47012491389208	1.38193379199283	-2.28575941293114
33000	34000	-1.65241480581989	1.21421569140269	-1.88776032565194
34000	35000	-1.99300250158524	1.47826678923662	-2.04029749674221
35000	36000	-2.0878311771542	1.24639275291995	-1.65703278336098
36000	37000	-2.48417506987128	1.38538697381228	-1.86945091310965
37000	38000	-2.24359726518187	1.02179388950768	-2.04068934240407
38000	39000	-2.5681973334531	0.829499629108497	-1.78750584103265
39000	40000	-2.30027353809172	0.564666383585605	-2.1231374260737
40000	41000	-2.10700409877832	0.523618718696523	-1.65197245660879
41000	42000	-1.822546838509	0.15959309044865	-1.9754468731613
42000	43000	-2.06841227399703	-0.148574938402746	-1.53393950953645
43000	44000	-1.98147256380309	-0.665578069599326	-1.27425662210209
44000	45000	-1.53784794119823	-0.682301816421387	-1.67143438742616
45000	46000	-1.8182397337013	-1.44486368699745	-1.10886868314063
46000	47000	-1.4628005944799	-1.23154900619604	-1.38714971980627
47000	48000	-1.16808742655382	-1.27937647684198	-1.84128834323363
48000	49000	-1.01263658133216	-1.75415293106662	-1.90064009316463
49000	50000	-0.895771047954079	-2.34218579935907	-2.10828214930802
50000	51000	-1.0731760284365	-2.13976271298098	-1.61591037458506
51000	52000	-1.59236154797328	-2.19034404528309	-1.48244901087168
52000	53000	-1.49123073012631	-2.08998079555394	-1.93144245625988
53000	54000	-1.46264843961915	-1.72108913951251	-2.17697093996993
54000	55000	-1.96268950763856	-1.84827215990445	-2.05041188852063
55000	56000	-2.16268481801139	-1.65531684397005	-1.58915812782412
56000	57000	-2.0558259337815	-1.10640867016082	-1.5709226309369
57000	58000	-2.57639554313559	-1.00505787481416	-1.55358552903016
58000	59000	-2.5049838648907	-1.04066760263487	-0.94692292138929
59000	60000	-2.92172204999038	-0.709682257397001	-1.12595683312237
60000	61000	-3.0152913465258	-0.23475976067351	-1.07912182945312
61000	62000	-3.23480311741413	-0.350810204826601	-1.4808434740839
62000	63000	-2.85373777843196	-0.122156467695878	-1.52224841308068
63000	64000	-2.93503557274746	-0.497232444061891	-1.78962618407711
64000	65000	-2.49082462907803	-0.462635163046049	-1.66075862036546
65000	66000	-2.63220548107528	-0.0758567412574262	-2.01984492020594
66000	67000	-2.16914841571675	-0.249137715961582	-2.11182199767971
67000	68000	-2.44623265110277	-0.646066434060589	-2.31157129646545
68000	69000	-2.01654302541818	-0.748803195342807	-2.05094376684156
69000	70000	-2.19093826240057	-1.18486975032841	-2.08664635402773
70000	71000	-1.71159919227861	-1.23701070155424	-2.2140672559559
71000	72000	-1.66697272662609	-1.54541312940433	-1.80210519284054
72000	73000	-1.38490682050805	-1.74180847001383	-1.54898034736214
73000	74000	-0.950605280763659	-1.87767977230757	-1.20495147750107
74000	75000	-0.637854772021722	-1.58670890760476	-1.51211637153115
75000	76000	-0.124302980526595	-1.46538656285112	-1.62762468148363
76000	77000	0.116515902819579	-2.06178221888629	-1.70719237124384
77000	78000	-0.311055893977059	-2.05371579396494	-1.25353995582752
78000	79000	0.10323958021614	-1.92124772632843	-1.10680798897662
79000	80000	-0.0123651231318346	-2.27793138208116	-0.697187833285315
80000	81000	0.506612907973415	-2.21237429476015	-0.693812064574655
81000	82000	0.553983450910815	-2.365531221567	-0.129718822106359
82000	83000	0.88053232581894	-2.97481077495948	0.0968473430534311
83000	84000	0.818195331732975	-2.52848283481944	0.518218829570221
84000	85000	1.32861166414411	-2.75156095766566	0.79784529349051
85000	86000	1.67413995813704	-2.30030037904442	0.550143712861764
86000	87000	1.78659852608592	-1.79605529716527	0.334421476424871
87000	88000	1.32545853533193	-1.57024430782605	0.709960696522439
88000	89000	1.13785714553162	-0.919229505194384	0.650090839347577
89000	90000	0.969074839457349	-1.10933258578712	1.22589068490867
90000	91000	0.959027077859499	-0.762531020552012	1.78240766920001
91000	92000	0.679107582232008	-0.607730128195848	2.32955271656718
92000	93000	0.0815539959247032	-0.363817892444803	2.04100850494573
93000	94000	-0.229178405970705	-0.5689168432071	2.55379075874875
94000	95000	-0.504504189217221	-0.747789405261675	1.98083065495748
95000	96000	-0.744253059276495	-1.1102673414814	1.57197845540865
96000	97000	-0.91753230374832	-1.70325810233751	1.58740842720167
97000	98000	-0.541714658060011	-1.73648354371184	1.08295161962234
98000	99000	-0.233077992991086	-2.27202042618832	0.713851148737066
99000	1e+05	-0.378303522409833	-2.13097166315013	0.131341152672116
1e+05	101000	0.129180542523034	-1.87888171037267	-0.0400048396174153
101000	102000	0.492029693424756	-1.53901149135488	-0.333665906616806
102000	103000	0.994994605583902	-1.55017016844226	-0.656482342261783
103000	104000	1.10896161724051	-1.07557061167594	-0.179638388118212
104000	105000	1.21287468834663	-0.680959698300221	-0.695468172432176
105000	106000	1.30866155223762	-0.0850034796910423	-0.415035054635737
106000	107000	1.80802186061966	0.102190120425174	-0.821389581526358
107000	108000	2.06540348858157	0.236795228032917	-0.266402966151038
108000	109000	2.44826178919889	0.17905279820958	0.208931198414483
109000	110000	2.90766132435937	0.34660092967021	0.555220143346675
110000	111000	2.80032524356351	-0.242366031241235	0.301299228338168
111000	112000	2.93082713064624	-0.754380673859136	0.388904652149818
112000	113000	3.30082825316719	-1.19955941396057	0.381346058308984
113000	114000	2.76415364219768	-1.16075353817547	0.904274955639748
114000	115000	2.80316508555545	-1.28326793376966	1.58661556022792
115000	116000	3.241147063531	-1.087925965142	1.35073806425517
116000	117000	3.25638682971914	-1.27311169547835	0.944665668436141
117000	118000	3.68180169153498	-1.53745248026141	1.09781633116325
118000	119000	3.19613134670064	-1.70627089342886	1.19658869790061
119000	120000	3.20362981553829	-1.88255035291548	0.770761109283952
120000	121000	3.11451097143544	-2.28359393487631	1.15097347942598
121000	122000	2.82960868636752	-2.00050637231747	1.54080951108578
122000	123000	2.57727209516402	-1.7722544341923	1.11711485195125
123000	124000	2.55514294386936	-1.98065893492775	0.546725365765004
124000	125000	2.33949151112105	-1.41715967211159	0.551245717736507
125000	126000	2.19715594278564	-1.12219970863479	0.0172971556972178
126000	127000	2.10829016723063	-0.636827889332383	0.38956430291071
127000	128000	2.45480000352278	-0.48101932266257	0.776525323592458
128000	129000	2.38575693668259	-0.0393450297494923	0.989515635307606
129000	130000	2.8556911325594	0.0160460516200189	1.09554066168887
130000	131000	2.71270009889549	-0.266333265210876	1.32694345937548
131000	132000	3.12662907897992	-0.224945130321354	1.39279141092101
132000	133000	2.99251442271218	-0.58912871625686	1.12982082121831
133000	134000	2.97779493834843	-0.673780288920319	1.70483891202196
134000	135000	2.49958598639274	-0.824783915865025	1.33057601058725
135000	136000	2.18529463512338	-0.971880786819993	0.915411815455785
136000	137000	1.72394841439212	-1.15245856111623	0.389965764049385
137000	138000	1.65092064718273	-1.57713642703345	-0.244594051546349
138000	139000	1.15237468949258	-1.95640402623732	-0.0187243883321455
139000	140000	0.801161463106927	-1.88102022041933	0.452742439681282
140000	141000	0.934353439013257	-2.19722361329557	1.00240553298068
141000	142000	1.07621255146282	-1.97838208856518	1.50689870506871
142000	143000	1.26489461815694	-2.10082072462821	2.34012141692101
143000	144000	1.57482295910708	-1.90281506794534	1.89731536416256
144000	145000	1.7789465502861	-2.1373524877504	1.41914250560468
145000	146000	2.36629621838704	-2.4320246807578	1.12481762851416
146000	147000	2.91107589228791	-2.54704067643449	0.469248258997841
147000	148000	2.86910771066471	-1.50838943688733	0.106962775535243
148000	149000	2.96386663525775	-0.924118417933155	-0.288494405562343
149000	150000	2.71203112336824	-0.439576674543812	-0.389710619106722
150000	151000	2.82678000396709	0.0411996788700447	-0.43847437110656
151000	152000	3.32378381215914	-0.0848745226953096	-0.46376846913465
152000	153000	3.23336371011136	-0.244153128649192	-0.020392443250116
153000	154000	3.68317363001736	-0.0611372941662186	0.028710790858849
154000	155000	3.632192370312	-0.617376286623691	0.0693067054037642
155000	156000	3.73271606335527	-0.400940594868953	0.470911436393389
156000	157000	3.46525088228131	-0.648823437763804	0.692792332264604
157000	158000	3.64425394683329	-0.266297145744701	0.951959832513172
158000	159000	3.24931796064088	-0.218539910141847	0.631999550913304
159000	160000	3.590544906954	0.0725091191322524	0.553312614500218
160000	161000	3.29034375157724	0.108824322784449	0.284225357358236
161000	162000	3.52849313754513	0.46718527422441	0.111318698312796
162000	163000	3.13945925102258	0.306810938415515	-0.0605165484580846
163000	164000	3.16827986851551	0.609897498267386	-0.322821234169279
164000	165000	2.81128870741953	0.690670095935817	-0.102245981788899
165000	166000	2.80738070091313	0.946152568147765	-0.426833312780199
166000	167000	2.4968790279279	1.14909128373637	-0.108167247297294
167000	168000	2.08538813892909	1.21351872289926	-0.240331349740208
168000	169000	1.91654703719509	1.67993484800761	-0.126178318021241
169000	170000	1.6456203810821	1.73710065031495	-0.602333564779715
170000	171000	1.78160881044986	1.68433622129609	-1.09206640901833
171000	172000	1.35218994334637	1.55954349636867	-1.38758044185926
172000	173000	1.67028730832425	1.83094337811436	-1.84705619749411
173000	174000	1.39154067556292	1.42864359320077	-2.06096120451113
174000	175000	1.63708199806206	1.54365589913273	-2.53324607060434
175000	176000	1.18185152167997	1.20393632456637	-2.55716770248963
176000	177000	1.41870299786838	1.09638498931035	-3.02212858927961
177000	178000	0.869433744291391	0.899640900819477	-2.91446799226548
178000	179000	1.14078439886469	0.554428947122664	-2.81020047413614
179000	180000	1.09825672067389	0.162399814743342	-3.09210560153768
180000	181000	1.50233749540829	0.469721408081322	-3.18989384155878
181000	182000	1.24739639652642	0.323567953746269	-3.46626087845264
182000	183000	1.14514047309745	0.605471630086016	-3.27473424613058
183000	184000	1.28662742539054	0.70513446683682	-3.62444252808058
184000	185000	0.808078496878544	0.568390704910385	-3.5352169007136
185000	186000	0.637486772152352	0.463176692172319	-3.13381264605751
186000	187000	0.588582264676722	0.229192884940705	-2.71943535371796
187000	188000	0.765657409697585	0.255513510909653	-2.18755868612347
188000	189000	0.998302244211217	-0.348257379323976	-2.17960417891548
189000	190000	0.82788531881655	0.0640580223495546	-1.54310475493452
190000	191000	1.28664916550106	0.385750984821835	-1.36385550340553
191000	192000	1.81735279326454	0.230740980082451	-1.72845259441801
192000	193000	1.44887659093043	0.583542702404517	-1.98125289298756
193000	194000	1.70929290826114	0.776396103650545	-2.32907772471296
194000	195000	2.09741021317467	0.916230134790182	-2.05370151370197
195000	196000	1.67701435933066	1.00665902698607	-1.75908536936933
196000	197000	1.999444703114	1.30770710924708	-1.56030475890571
197000	198000	1.99142330341613	0.882536806627774	-1.19428222501123
198000	199000	2.17549338165783	1.29881414747511	-0.863211984345623
199000	2e+05	1.65043170197157	1.05840347102784	-0.700736634173616
2e+05	201000	1.18151384087866	1.33406465861209	-0.469912307737126
201000	202000	0.878725812958972	0.874471321446139	-0.76118293420551
202000	203000	0.550504412630427	1.3494159275909	-0.96924610165253
203000	204000	0.325560737381326	1.02950346257677	-1.46384924170823
204000	205000	0.710826629116051	1.28312978052792	-1.80067679544755
205000	206000	0.272894706005211	1.65482322179693	-2.02934055468308
206000	207000	0.572348279508326	2.07716509053731	-2.10105613211219
207000	208000	0.299034336490993	2.53949973516138	-2.22829779059622
208000	209000	0.804363442905471	2.5450262726133	-1.95673795856057
209000	210000	0.814005639415977	2.77580750172444	-2.35118055602801
210000	211000	1.16846072481292	2.47066326961067	-2.25606891661843
211000	212000	0.899298426244388	2.33409400677798	-2.5513431679791
212000	213000	1.27134445968924	2.05559049171146	-2.48220255482963
213000	214000	1.0139655799574	2.02021603960106	-2.94058365389044
214000	215000	1.31516991374203	1.64074555950187	-2.99712667210474
215000	216000	0.863446867535386	1.43973858971633	-3.02445306873933
216000	217000	1.04651626645075	1.28671881736008	-3.44996516365138
217000	218000	0.639633080548433	1.10350996252211	-3.34254052131055
218000	219000	0.253299559292806	0.934433860054695	-3.09681890277351
219000	220000	0.257822091651205	1.43695570189197	-3.11951779145084
220000	221000	-0.162791907905338	1.42112665574405	-2.86861617029864
221000	222000	-0.299594594599524	1.80636188285111	-2.51954735732925
222000	223000	-0.366970461977689	1.36445105905517	-2.14538497149523
223000	224000	-0.514337169984589	1.77302053111525	-1.78814197596681
224000	225000	-0.315221321981863	1.3569733728213	-1.43029885112213
225000	226000	-0.0871486105244471	1.76539631104137	-1.02422076987755
226000	227000	0.239090801176164	1.94249081576835	-0.516300315531408
227000	228000	-0.0298295266802278	1.40160916385723	-0.212474802504038
228000	229000	-0.691714731345522	1.35912159683807	0.0501385189716271
229000	230000	-1.16113435814061	1.53052482326925	-0.274541641917286
230000	231000	-1.23543230126576	0.990856675180722	-0.746016403405059
231000	232000	-1.04762882346354	1.47510114867503	-1.10242978781642
232000	233000	-0.972849917641676	0.86153746734959	-1.48807525378624
233000	234000	-0.950730245168666	1.18406117833696	-2.02887274500015
234000	235000	-0.805807543966207	1.3410604434038	-2.79070043276351
235000	236000	-0.17099330155358	0.979863799412199	-2.54627288215534
236000	237000	0.372077071595104	0.863615460522156	-2.39258308370822
237000	238000	0.482865532829556	1.32618980165671	-2.56279616978589
238000	239000	0.512495177214683	1.84201671625689	-2.68630369621417
239000	240000	0.93303833540558	1.68318642304216	-2.24869401540531
240000	241000	1.12872419384921	2.06770842429638	-1.77320272407462
241000	242000	0.69127464819547	1.82161076261964	-1.55639296437542
242000	243000	0.555475106013469	2.35333944783253	-1.4099245917099
243000	244000	0.0513765002901841	2.13480013840388	-1.64797079284629
244000	245000	-0.454743592573694	2.40443638599734	-1.77276562688392
245000	246000	-1.14871605493231	1.94322721345338	-1.68550096273558
246000	247000	-1.64991399795998	1.90461101316418	-1.73155272985753
247000	248000	-1.81574402532621	1.62227960929452	-1.37883331620904
248000	249000	-2.20516300508572	1.8278845926146	-1.5262669289862
249000	250000	-2.35287432362455	1.46967331581121	-1.24917030361649
250000	251000	-2.29983657054664	1.7555992921774	-0.870957838579391
251000	252000	-2.66428325351555	1.52971955184969	-0.609465053656891
252000	253000	-2.54002733764974	1.80694551968186	-0.0491908529008122
253000	254000	-2.4574432833462	1.63276634311818	0.458028820226569
254000	255000	-2.93101393098962	1.55094463888278	0.7655134769628
255000	256000	-3.18869038707889	1.28997043872584	1.28062282964448
256000	257000	-2.71490909657984	0.887803319447743	1.19869949541348
257000	258000	-3.0459893146571	0.699103683121462	0.836945731557915
258000	259000	-2.67445773629169	0.317777924202354	0.887588172724075
259000	260000	-2.75300462253739	0.374222413361824	0.305159953134314
260000	261000	-2.37130390671785	-0.107437449095944	0.310633359069066
261000	262000	-1.80150176600065	0.141914195921997	0.127489974051557
262000	263000	-1.45025903324584	0.361075725695371	-0.338858373167296
263000	264000	-0.972683385389147	0.667823586420373	0.000223675435069413
264000	265000	-0.567848479140517	0.671241377883432	-0.522379247431391
265000	266000	-0.51467351549136	1.33474222130852	-0.656386510472867
266000	267000	-0.871986815256565	2.15880679830541	-0.737331118432578
267000	268000	-0.516902294678303	2.03754335448232	-0.250007152712888
268000	269000	-0.0275191151565562	2.1422621641568	0.169165354623957
269000	270000	-0.127738290507953	1.59308219029981	0.46967909039451
270000	271000	-0.526100151186975	1.63241922762094	0.983329015468546
271000	272000	-0.83101493245424	1.14990225078743	0.854612537597813
272000	273000	-1.17156232733586	0.671781597988253	0.935599564185342
273000	274000	-1.56284270658527	0.231990494197959	1.11853212623781
274000	275000	-2.05569714563236	0.605935583264211	1.19372615212161
275000	276000	-2.13728540561807	0.587528979110492	0.620276072459174
276000	277000	-1.75213795802747	1.1848955146601	0.552148360791714
277000	278000	-1.82660344063647	0.915628833808637	0.0129698375609036
278000	279000	-1.85622632518579	1.52895818876302	-0.344182473682973
279000	280000	-2.10458880513782	1.08970535807172	-0.708727206343032
280000	281000	-2.38702734582916	1.21552767978695	-0.180496610185201
281000	282000	-2.89128947550609	1.18112544023553	0.064850092284825
282000	283000	-2.60162492629645	1.02342742881241	0.512488191857968
283000	284000	-2.31048837595475	1.25166491689703	0.929057006242887
284000	285000	-2.31137263602095	1.66405007350994	1.3103573825603
285000	286000	-1.74161161296752	1.30362808994829	1.37730071092162
286000	287000	-1.07159285760997	1.14544534211192	1.57165291342636
287000	288000	-0.783900242763902	1.68757172742064	1.64183990377254
288000	289000	-0.382317553297948	1.11567337411636	1.79098803722877
289000	290000	0.128971684293614	1.13855336423234	1.5225894217255
290000	291000	0.454289404084601	0.957083012537661	1.96253146116919
291000	292000	0.683348319500609	1.42698649652937	1.86656130919806
292000	293000	0.216552751595159	1.39891064165692	2.14698772366068
293000	294000	0.317640642466107	1.76931283267842	1.95598429404984
294000	295000	-0.102999609347898	1.80390400381471	2.05080076367109
295000	296000	0.0327033471881036	1.80711326690953	1.55933465720799
296000	297000	-0.000849996876290202	2.33126629194413	1.48857158175889
297000	298000	0.120044126090394	2.05908677436547	1.00426011225325
298000	299000	-0.346240191675628	2.30955684061541	0.845505274718126
299000	3e+05	-0.693759956090272	2.24486150501768	0.427946859688888
3e+05	301000	-1.08712690342752	1.8943468114683	0.487196523076349
301000	302000	-1.58313548183942	1.96588403103442	0.188726720478143
302000	303000	-1.93384127543317	2.12593819447514	0.65475242591399
303000	304000	-1.49618923186887	1.81333566224365	1.02200744906934
304000	305000	-1.50796540161411	2.12229538784864	1.55507438638668
305000	306000	-1.53415110028046	1.65537893765449	1.86376038090734
306000	307000	-1.99604188404787	1.67703046144541	2.17270922987154
307000	308000	-1.6241221748144	1.67923715687633	2.52485493453475
308000	309000	-1.97673492607269	1.48438348189787	2.72175768957454
309000	310000	-1.61773854877512	1.52824795868041	3.01247076683549
310000	311000	-1.72947600240431	1.15351391794193	2.83872734474361
311000	312000	-1.83484897888694	1.16353385186891	3.18759316947197
312000	313000	-1.83740061729951	0.726327311623643	3.16722425273604
313000	314000	-1.47197335284853	0.941161992458113	3.23637543839846
314000	315000	-1.47787460011698	0.806797901181603	2.87749015105698
315000	316000	-1.25260549175864	1.14982892350399	2.94634932347593
316000	317000	-1.12469911384267	0.980010912250013	2.56708208378468
317000	318000	-0.782839210714019	1.35309738885628	2.67329657829712
318000	319000	-0.985641970949328	1.98334647130428	2.60501610874479
319000	320000	-1.17430170432933	1.48756983873212	2.27486405240962
320000	321000	-1.58731986117659	1.23356269962885	2.23948963305409
321000	322000	-1.87663305806245	0.911721388945219	2.38919866842192
322000	323000	-2.3936584435247	1.07000886187547	2.35709743753273
323000	324000	-2.18014662239655	0.80854165174448	1.86000014964533
324000	325000	-2.61235179341496	0.476284565922272	1.80104600192985
325000	326000	-2.24052329196024	0.166246516381984	1.73061981440294
326000	327000	-2.31420221851212	-0.214143248497497	1.47657088909586
327000	328000	-2.04386166378647	-0.532591259365643	1.72500955788417
328000	329000	-1.70639031233148	-0.835816239198781	1.49848355544959
329000	330000	-1.65656946887402	-1.32097099772452	1.72535210654565
330000	331000	-1.57919497655472	-1.49515775167511	1.15238503594193
331000	332000	-1.12327721113579	-1.26362834616816	0.869479504295119
332000	333000	-1.46985405809883	-0.815692887224938	0.639496024887621
333000	334000	-0.94779842366895	-0.51890826301514	0.900723543779519
334000	335000	-0.594011007358061	-0.232678331595551	0.414495140694049
335000	336000	0.0316934531533235	-0.0252154385878313	0.427655884353454
336000	337000	0.0833699732960921	0.571684992030147	0.164056490478192
337000	338000	0.72042086335546	0.834283657829832	0.0803743830285369
338000	339000	1.053731307032	1.31612018220811	0.395531976848969
339000	340000	1.44689667525182	0.888880159836864	0.683261311904199
340000	341000	1.10954195630416	0.61077190417382	1.2137270276324
341000	342000	0.851570808972724	0.174018184630383	1.64512274853284
342000	343000	2.10479592521556	0.957078089542204	4.43326467106513
343000	344000	0.175616446583608	0.361737886500042	2.02646589186843
344000	345000	-0.0428405675512986	0.551781385550663	2.52981947752393
345000	346000	-0.419205046952658	0.757950515021224	2.97137747736482
346000	347000	-0.733420955964787	0.564313630639988	2.59843887356391
347000	348000	-1.03029108630441	0.48430335741947	3.06405793023354
348000	349000	-1.20968206394095	0.195547143167496	2.66710993517253
349000	350000	-0.88487139876876	-0.137137443224884	2.87574806480551
350000	351000	-0.907838327355172	-0.501045009684626	2.50742073200124
351000	352000	-0.849409395696446	-1.01404902375528	2.6847788094157
352000	353000	-1.13287737037646	-1.0420802314856	2.23065075482281
353000	354000	-1.61527572546242	-0.579817309092509	2.37262520476511
354000	355000	-1.30766415527616	-0.259959854400972	1.99414222002384
355000	356000	-1.71852661931684	0.168820584427134	2.17041354835731
356000	357000	-1.32505626726027	0.475976859474581	1.79200664469718
357000	358000	-0.768472147755007	0.253907385276793	1.61047895837579
358000	359000	-0.454263321501768	0.558715442707294	1.15154051410734
359000	360000	-0.0474591094444096	0.983297119711258	0.83655554747886
360000	361000	0.526213509246285	1.34302720834164	0.933822122424981
361000	362000	0.610424500761524	0.68428355940453	0.764961763786346
362000	363000	0.269689641445645	0.377833631258388	1.20108583597292
363000	364000	0.410288433503986	-0.186482259538695	1.05127921159826
364000	365000	-0.0734979334605581	-0.605413478831086	1.07115877478048
365000	366000	0.330217150914551	-0.813492239280357	1.52827301540094
366000	367000	-0.0804181464871303	-1.29634077004485	1.56548119019203
367000	368000	0.0723655490967594	-1.2355699032424	2.17046571447167
368000	369000	-0.330940492709278	-1.65904495349256	2.11102578602318
369000	370000	-0.108194202725549	-2.04626756787841	2.68547419272398
370000	371000	-0.582330824280362	-2.06330508464424	2.45526239118488
371000	372000	-0.552124271949547	-1.65690300239326	2.61195858079298
372000	373000	-0.543540457989185	-1.74640394150714	3.14858829409759
373000	374000	-0.201936013938126	-1.36955944743277	2.74129570423024
374000	375000	0.291008990357295	-1.61258384539437	2.76423088622938
375000	376000	0.264419408097457	-1.86849502420414	2.20346491539868
376000	377000	0.756853910515594	-1.61381067724438	2.11100184709265
377000	378000	0.458506054744346	-1.7428384492381	1.49330565023375
378000	379000	0.233233062457837	-1.72692261909743	0.901169078665262
379000	380000	0.296283297396582	-1.16253123453816	0.550326743987704
380000	381000	-0.355074870655971	-1.31011703396885	0.440764497455768
381000	382000	-0.514396564906195	-0.999987729572065	-0.0363448740571584
382000	383000	-0.439271294693349	-0.467099256336344	-0.398826769226342
383000	384000	0.184916527972413	-0.63447525676499	-0.527346703206926
384000	385000	0.506995523936877	-0.0639918313399576	-0.458608966486544
385000	386000	0.620845059951589	-0.48042133032969	0.0491318251811943
386000	387000	0.998151549748742	-0.00248423459808964	0.304734193729583
387000	388000	1.55690447556113	-0.0178802451150216	0.560084093821124
388000	389000	1.32643637377242	-0.215678316286354	1.11768709219819
389000	390000	1.56556475645836	-0.672208341361933	1.4878334337525
390000	391000	1.58245165234752	-1.15703746470133	1.95137286468088
391000	392000	1.65525613102108	-1.41177814036299	1.30315449640242
392000	393000	1.95578889873661	-1.7986485866011	0.965390394627549
393000	394000	2.20921068442082	-1.59972795880797	1.69180176107318
394000	395000	2.2440513072099	-2.2118546136309	1.70782900588071
395000	396000	1.74443753141313	-2.78962018537492	1.48255080923516
396000	397000	1.35336482552625	-2.51108294340014	1.77431387625336
397000	398000	0.912977289329968	-2.72054180008656	1.73410352092781
398000	399000	0.797300862170826	-2.55956531784239	2.15315668564179
399000	4e+05	0.506368990545048	-2.40175878331288	1.85876230948911
4e+05	401000	0.259745189216984	-2.54138572213202	2.30785261392195
401000	402000	0.184516511475725	-2.7648288455111	1.94418065324187
