0	1e+05	1.04636735926999	-1.08023072810545	-2.84673194418121
1e+05	2e+05	1.75237485295567	-1.26933258167964	-2.91732685807562
2e+05	3e+05	2.05876668121773	0.112756676617113	-1.84979209835071
3e+05	4e+05	3.87507289848644	-0.58626489512937	-1.3119653543609
4e+05	5e+05	3.67347929560216	1.03082546760796	-0.366005741224063
5e+05	6e+05	3.10469101930299	2.33253175495419	-1.29318904511651
6e+05	7e+05	3.53578132514727	1.23940464424445	-1.63605572638944
7e+05	8e+05	2.01561918679813	0.605542554348656	-1.62576262412909
8e+05	9e+05	1.69356051341765	1.20055450734683	-1.16203132567899
9e+05	1e+06	1.79767343767381	1.57580658737804	-2.7384298705889
1e+06	1100000	1.96663933205165	1.72764653468719	-1.07007953622292
1100000	1200000	2.23986233024135	1.11390441533593	-1.9440046183636
1200000	1300000	1.31654519456227	0.895118865007253	-1.09400868509104
1300000	1400000	1.39174153541996	-0.356627579327416	-0.732922224714281
1400000	1500000	1.10429914111233	-0.297040186153581	-0.993090526226192
1500000	1600000	1.22069424699717	0.84651601184866	-0.384395287531193
1600000	1700000	1.02311483691637	-0.294835804067106	-1.10541270330335
1700000	1800000	1.37959876708878	0.659056858240292	-0.949582935659716
1800000	1900000	1.02026147643737	0.171484752503875	-1.92222579311005
1900000	2e+06	1.66850934035962	1.29843658627309	-1.96373586868533
2e+06	2100000	3.15938103079271	1.85671779743234	-0.215547608716137
2100000	2200000	1.67809758333904	0.596459610228668	-0.96856389981982
2200000	2300000	3.94598336680146	0.734609637095579	-0.355800956979418
2300000	2400000	3.05043050214114	0.662684526875211	-1.07316165673897
2400000	2500000	1.50252341490635	0.85113455685115	-1.65432096513831
2500000	2600000	0.90136978986612	1.22610537126927	-1.83713067087993
2600000	2700000	1.58673451513963	0.517726018214024	-1.6044375844486
2700000	2800000	1.74486185527319	0.255935533908994	-0.956213357871445
2800000	2900000	1.6582511162586	-0.71018460987833	-1.96295515094611
2900000	3e+06	1.41582296744628	0.355276635369887	-2.38460407875064
3e+06	3100000	2.1498614451149	-0.696131991050149	-2.30321248170922
3100000	3200000	2.06639856623519	-0.345323926237497	-2.09308013263843
3200000	3300000	2.23247264449772	-0.437868125888296	-2.24388397761973
3300000	3400000	1.60105374733977	-1.14073764854348	-1.11555686322854
3400000	3500000	0.872714353201964	-0.966784641470633	-1.7063732270759
3500000	3600000	1.0662900260369	-1.18447468762865	-1.78686155308096
3600000	3700000	0.830507450307029	-0.816213476594807	-1.1659733731487
3700000	3800000	1.34506303859281	0.235087886399882	-0.967313446483303
3800000	3900000	0.999118529029957	0.326230894268424	-1.56462206628472
3900000	4e+06	1.95716151711842	0.226400819399184	-1.05226734510397
4e+06	4100000	0.87834223463489	0.484400735909269	-1.53354634131598
4100000	4200000	2.52122208631621	0.0948442177981812	-1.30636397276736
4200000	4300000	1.94220752830491	0.16459694585214	-0.932771890259905
4300000	4400000	1.53041759611779	-0.805930585555403	-1.68352498844006
4400000	4500000	2.62536500157145	-1.04702726704795	-0.445478295055069
4500000	4600000	0.50091726065718	-0.288357636067429	-0.819957174064692
4600000	4700000	-0.0619885131210062	-0.545336298447261	-0.703334117463805
4700000	4800000	-0.302366254823198	-0.515693262250255	-1.02411906689848
4800000	4900000	0.175099884579128	-0.06970106653119	0.718772056608166
4900000	5e+06	0.575403717132997	1.69675323939593	0.434689799392367
5e+06	5100000	1.1615573823436	1.53619488359544	0.880479666056016
5100000	5200000	1.24113483585181	1.65470801257533	1.19190766716298
5200000	5300000	1.68499821785009	2.0788320200793	0.722362320072648
5300000	5400000	1.14965633651392	0.813748631273642	1.01864283582904
5400000	5500000	1.15818088181724	-0.86872753272605	1.83386057100004
5500000	5600000	0.526843466528265	-0.433357929485312	2.6200119609465
5600000	5700000	-0.227932647028271	-1.83897879710879	1.43233451085611
5700000	5800000	-0.429770126158176	-0.592918815843768	1.47430541617711
5800000	5900000	0.52763360121261	0.203469799495364	1.50938627191378
5900000	6e+06	1.27709765287615	1.61737482530152	2.20403317163825
6e+06	6100000	0.436847566830477	2.65507196544731	2.0994863906235
6100000	6200000	-0.0143974456003207	2.35050022581517	2.31322179372647
6200000	6300000	0.696825258706309	1.1721125267419	2.29468684431433
6300000	6400000	-1.11000243214625	-0.131227133388864	2.70458302524028
6400000	6500000	-1.19139782736708	-0.254180876037703	2.96838001752982
6500000	6600000	-1.00267667225445	0.00776217350610458	2.82385803692577
6600000	6700000	-1.66270971794089	-0.0739961135773272	2.17051789950526
6700000	6800000	-1.4764628126399	0.266077338137449	2.45258709920437
6800000	6900000	-1.57625084447566	0.225117293531934	1.64831863917498
6900000	7e+06	-1.74975331740029	-0.582715424210337	2.48388555096484
7e+06	7100000	-1.27276570713937	-1.63794358436166	1.92739243320781
7100000	7200000	-1.37910896536581	0.0761210429752823	0.109827861112807
7200000	7300000	-2.35758529867534	-0.316388459076878	0.964263143420843
7300000	7400000	-1.49525645161616	0.880981529106688	0.626514706011247
7400000	7500000	-1.25324235485144	0.318715736689787	1.0679612623787
7500000	7600000	-1.09199162360934	0.451725636039174	1.92231773971837
7600000	7700000	-1.13203378715861	0.338782109706677	2.13675668756261
7700000	7800000	-1.17676469506401	0.662969189896268	2.47514945043909
7800000	7900000	-1.40331799398294	2.2084697120142	2.69408474368289
7900000	8e+06	-2.18616568359486	1.68260717631376	2.02003580092019
8e+06	8100000	-2.56665579254019	1.20699427596597	2.75331466591528
8100000	8200000	-3.58620565264648	-1.07536578408494	1.99079743994938
8200000	8300000	-3.56791812227645	-1.44787039253565	1.12331198246911
8300000	8400000	-3.67008292454616	-1.69655113000799	1.52449550184524
8400000	8500000	-3.73874884708011	-2.00001323223692	1.21081601786268
8500000	8600000	-3.69299151031654	-1.99146742683932	1.41504759856116
8600000	8700000	-2.60716703061137	-1.31612204866226	0.474570914769132
8700000	8800000	-2.66600934768687	0.0193987557364787	0.719562763212161
8800000	8900000	-2.91440668847222	-1.08905623123478	0.157070694977355
8900000	9e+06	-3.35330209518266	-0.62598844711179	0.558134729409436
9e+06	9100000	-4.10633880171668	-2.25569533431867	0.974643857708253
9100000	9200000	-3.37121973539147	-1.80177056994083	1.11075364601012
9200000	9300000	-4.00679704795444	-1.22636724977269	1.00954742090146
9300000	9400000	-4.0074122766735	-1.64009733068623	-1.7312461239117
9400000	9500000	-3.35818397920169	-1.94935825258217	-1.46850745788099
9500000	9600000	-3.93311052503588	-1.94385881416797	-1.68049045614547
9600000	9700000	-3.13049750976208	-1.50966102888683	-0.716110118884932
9700000	9800000	-4.50007340633152	-2.15316412030972	-0.33648715969364
9800000	9900000	-3.74611410875404	-0.951433536346111	0.813223216900869
9900000	1e+07	-3.18132416614922	-0.663912909410944	1.52066050263921
