0	1e+05	-4.42236333091474	9.72101080680485	13.1819196767917
1e+05	2e+05	-4.86103781051612	8.22312696033628	13.7091411834434
2e+05	3e+05	-3.67124857731124	4.95897544607551	12.7023477611908
3e+05	4e+05	-3.45924288010898	3.26346551010123	9.65892671254036
4e+05	5e+05	-3.68574907539601	4.27813194970755	7.31429372063524
5e+05	6e+05	-4.51381595497736	5.45651253631743	3.81245104680841
6e+05	7e+05	-6.37440154458871	8.86162669482592	1.82126870306135
7e+05	8e+05	-6.6295639284919	8.60473781489566	-0.258593391844408
8e+05	9e+05	-8.26564355529094	8.75566981215094	0.415084112383256
9e+05	1e+06	-7.89424101853997	7.84664887127585	0.368850489234831
1e+06	1100000	-7.5434462305425	6.39539741240827	0.626937735237046
1100000	1200000	-8.0684001747051	5.62140461057514	0.350774503371122
1200000	1300000	-9.34633809482964	4.39065963286981	0.714709314901716
1300000	1400000	-10.7529629424293	4.13817033479515	1.47151790965085
1400000	1500000	-11.5113497599235	2.81885375414744	1.34609142921542
1500000	1600000	-10.7192462321651	2.81572169393096	1.44632828302512
1600000	1700000	-11.2639581906863	3.07408229344179	1.36559027435335
1700000	1800000	-10.0324443858145	3.47440665927092	0.379618460864817
1800000	1900000	-9.09821483259246	3.47750705238775	-1.08637774955229
1900000	2e+06	-10.1957300219547	4.03306189038821	-1.87878388806978
2e+06	2100000	-10.32851811636	2.73342703433559	-1.84869520330665
2100000	2200000	-9.17513119768129	3.12857330541166	-1.58099691642757
2200000	2300000	-9.13767278442435	3.67498994914494	-1.91890987630474
2300000	2400000	-8.3329451573518	4.77888820428443	-2.44474970025811
2400000	2500000	-7.73118538552073	6.05988715524924	-1.90033560268036
2500000	2600000	-8.87711761556963	6.3050384446706	-0.65208634868848
2600000	2700000	-8.92519142722112	4.3902207908253	-0.612514545172982
2700000	2800000	-8.34280931196287	3.1692000451583	0.23330711146291
2800000	2900000	-8.96993830390168	1.46891037746189	0.94797878122042
2900000	3e+06	-7.41869976055461	1.2256665321745	2.65329385890068
3e+06	3100000	-8.44365768916995	-0.55672054404849	2.97421232117738
3100000	3200000	-8.46771297928977	-1.31354893560211	3.33249367161348
3200000	3300000	-10.2142020678321	-1.45734016938646	2.55297570708307
3300000	3400000	-10.0059591211829	-1.89488418286819	1.28779841994673
3400000	3500000	-10.2902928558197	-1.13291904824582	0.785376122238169
3500000	3600000	-10.6924573715276	-0.877213778394223	-0.0890104012651095
3600000	3700000	-10.9229591567735	0.237979563753696	-0.433144201914399
3700000	3800000	-11.7838968631634	2.46881216718884	-0.510739133109126
3800000	3900000	-11.522946212673	3.81431716925404	-0.385017470228821
3900000	4e+06	-10.6528315674542	4.1723346967213	-0.511556276346639
4e+06	4100000	-10.2434912573937	4.09545012417834	-0.410594229246726
4100000	4200000	-9.2634213628109	5.39280970237519	1.29095729884342
4200000	4300000	-8.65342102712467	4.05578008001298	1.28901486319941
4300000	4400000	-7.37793005205851	2.55576419887447	1.14491168511021
4400000	4500000	-8.61781173944612	0.837202604065171	0.142426433925511
4500000	4600000	-9.66817774347997	0.0182274441515593	-0.717754510690723
4600000	4700000	-9.17961874737232	-0.491662495461455	-1.92904728016987
4700000	4800000	-8.8866308709723	0.170423968238171	-3.47722982147417
4800000	4900000	-9.30214814195497	-0.245786448043901	-4.27944156476306
4900000	5e+06	-7.72470676186651	1.73898453910942	-4.84338855015192
5e+06	5100000	-7.46284836519284	1.2472656561782	-6.27164335764318
5100000	5200000	-8.74298167612618	0.420889412543704	-5.62294940872904
5200000	5300000	-9.24873449977971	-1.52331080513105	-5.40517889250589
5300000	5400000	-9.32754665199636	-3.32084534862623	-3.82968913669518
5400000	5500000	-8.27003494289945	-3.19870980737392	-0.988900556617647
5500000	5600000	-7.45862817034304	-4.41750307351693	1.74294882293054
5600000	5700000	-5.84446933770621	-4.744839166542	1.97382450035708
5700000	5800000	-4.75512217549147	-6.478517608826	2.79901495938367
5800000	5900000	-2.26226908155514	-6.13320444138979	3.18082519942292
5900000	6e+06	-1.37926179800163	-5.66966129391149	3.94826310230259
6e+06	6100000	-1.30390336623409	-4.71905568199052	3.77966113974843
6100000	6200000	-2.03361291729628	-4.73421723480835	2.10630732100704
6200000	6300000	-2.66860134235918	-5.74167538693102	0.116369612305251
6300000	6400000	-2.02952637584742	-5.47820914301131	-2.21525915203672
6400000	6500000	-2.33031506610013	-6.01550207587676	-2.52050891035053
6500000	6600000	-2.00270208232518	-5.75813567779501	-2.69148006684765
6600000	6700000	-0.455100103922027	-5.98749646535798	-2.91317266302125
6700000	6800000	0.908102141502459	-5.9258081877406	-3.52394868552318
6800000	6900000	2.55879682380859	-5.22307045691018	-3.25028255305486
6900000	7e+06	3.24642837265445	-5.00558191378251	-2.17903783951528
7e+06	7100000	3.5729201496197	-4.47614069414792	-1.40923694944706
7100000	7200000	4.42816342769475	-3.12692699811133	-0.384507944447819
7200000	7300000	3.99783622489449	-2.14738019760403	-1.35970188687421
7300000	7400000	3.07181351862369	-1.03134920372561	-1.98322598950951
7400000	7500000	1.65652039419205	-0.659736141535905	-2.16578910827086
7500000	7600000	0.9426062118727	0.459636779386957	-3.08809104237994
7600000	7700000	0.697413524055164	0.65080871262317	-3.81615701765152
7700000	7800000	2.4387635801432	0.93703007277832	-4.64883125460873
7800000	7900000	2.68822447943209	-0.0263675182667264	-6.36195819462295
7900000	8e+06	3.84998301911965	0.00796284599029377	-6.95183565435032
8e+06	8100000	2.84729199823426	-0.53140486768362	-9.2242526152409
8100000	8200000	3.57624953358722	-1.20698587177826	-10.2974540362824
8200000	8300000	3.46593767777636	-2.93989079548376	-10.8947631662745
8300000	8400000	4.05235695334515	-2.87755352034026	-9.18367672896919
8400000	8500000	5.3561395040098	-2.66047864005909	-9.14409355643064
8500000	8600000	5.77541547789434	-1.54781926250432	-9.32271763814284
8600000	8700000	6.27068638929795	0.0328305654133985	-8.80579307719435
8700000	8800000	7.17054866121808	0.75527266293494	-9.41005029336617
8800000	8900000	7.42035616648867	1.51570133121247	-8.40285300566384
8900000	9e+06	8.05590529838028	-0.409980609411606	-9.22745757644827
9e+06	9100000	8.4789377238674	-1.67644842604613	-10.3381215393721
9100000	9200000	8.34940983292107	-2.67234979165663	-9.5307259318259
9200000	9300000	9.31772233588709	-2.41466819574071	-9.43447655205176
9300000	9400000	9.99731311556236	-2.25343785196044	-7.93361612393426
9400000	9500000	10.3179221798473	-3.35011887469685	-7.07350414401558
9500000	9600000	11.2270061838012	-3.67937733070141	-6.88561220896083
9600000	9700000	11.0988642005741	-3.63063599422238	-8.03368257189465
9700000	9800000	10.9208926072271	-1.87071215867791	-8.72848935943028
9800000	9900000	12.2386883718693	-1.18166692630138	-7.32548313937732
9900000	1e+07	12.5631701348306	-0.916043709370117	-8.28762640025379
