-1.592942984567135678e+00 -1.359504506774678267e+00 -4.777260809207714232e+00
-7.618848004610804914e+00 1.661047123534569847e+00 1.491632867495230164e+00
-1.001226199041899712e+01 6.584665476046391852e+00 6.034735741197687631e-01
-5.536624316795000222e-01 -1.708479288686131303e+00 -9.037212408656246865e+00
-4.614958053620037859e+00 5.448817646087169564e+00 1.899488268978740901e+00
6.150764439260231420e+00 8.196866905216451116e+00 5.814867201817808251e+00
8.086849724272997975e+00 6.339128804891722702e+00 4.353447891727697971e+00
-1.447633233467024549e+00 1.134748779334646862e+01 1.020932871843463374e+00
-5.143926919380584550e+00 4.762503012895500376e+00 -1.954167218640339598e+00
-7.370458773362956961e+00 1.138430525363031132e+00 5.609030214846713491e+00
-4.358659104527726758e-01 -4.017553118956286085e+00 -6.255756993393650767e-01
-1.938311796142946353e+00 -3.242710113504571723e+00 3.195178679991021564e+00
-5.025983482028595795e+00 -2.913940821751733523e+00 3.736044608414433310e-01
-4.463868267928025269e+00 -9.183694956739459903e-01 -3.670636417909761695e-02
-3.281817182567160263e+00 2.014710439465577707e+00 1.471310129877432926e+00
-6.273411405075320246e+00 5.926789699847015980e-01 -1.254344613269197106e+00
-7.857966477161351104e-01 -5.064457788966363339e-01 -8.521319316886327044e+00
-1.865394964008936451e+00 5.157241644725845120e+00 -9.173373584802162473e-01
1.496811487726080192e-01 2.710171036312262860e+00 1.273274094729143213e+00
-1.556585824641243399e+00 1.594232193706736078e+00 -6.175143553666811336e+00
-4.868244163507160494e+00 1.660732576487231604e+00 8.460438646174195387e-01
-3.148714765384527769e+00 2.246620721962365952e+00 3.518375709328386503e+00
-7.555391834770490700e-01 2.155936124273378329e+00 2.109043306742324653e+00
-1.560857101875605224e+00 9.973664391887113734e-01 2.008370555045952521e+00
3.305547983387481237e-01 4.697617115597877424e-01 -1.692929638706957451e+00
-2.641576510316346660e+00 2.856616691039250977e+00 4.019411547316573241e+00
-1.707070764363492144e+00 4.498463400524675970e-01 2.959001609903338714e+00
1.648985952790476828e-01 3.549560909790607788e-01 -1.066236630317686090e-01
-1.944372088149227018e+00 5.193527936416586499e-01 4.925153035819724856e+00
-5.292875493166405987e-02 -6.402113018993260685e-01 8.422774117781275383e-01
1.320515558818670554e+00 1.948689673129501143e+00 -2.691201558015592354e-01
2.606851916999416985e-01 -1.227654299625152573e-01 -3.038672414574215552e-01
-3.788679595902834762e+00 7.589849438752646726e+00 -2.533982645255297594e+00
-1.886814337473927017e+00 1.155032656596213769e+01 -4.284159984222497997e+00
3.114073136050973245e-01 7.501260880680343135e+00 -4.544511562137928173e+00
-2.357515177176933374e+00 5.708384279108123849e+00 -2.664264585478455682e+00
1.581356864972260634e-01 6.029240689394690378e+00 -5.690434475575016471e+00
2.337392759686661048e+00 8.356895600034230043e+00 -9.892677791360222628e-01
4.438008046479492208e+00 1.069794414809376448e+01 -1.244130900010045782e+00
4.563715010150264817e+00 1.096666435748453239e+01 -1.905860806509058758e+00
4.240757651593105138e+00 -4.046542991109657039e-02 1.272170762339120742e+00
1.965385917849806097e+00 -2.048098242044181561e+00 -3.074588459876220203e-01
3.325680041806342135e+00 -1.960999574303954107e+00 -2.151942394794845281e+00
5.257133406526371289e+00 3.222728849765349679e+00 -7.248743356053068965e-01
5.221634271366747626e+00 -1.770844678113658033e-01 1.589284775047651088e+00
1.645503902929538187e+00 -6.265113901637280325e-01 -1.643972292209538555e+00
1.670564464033647001e+00 -4.464864899384368702e-01 -7.344211545122224238e-02
1.541931359647340072e+00 1.959743012088377423e-01 9.166626812313125594e-01
2.450490080023860262e+00 1.837215612321198233e+00 3.174007896038511523e-01
5.029032794312836785e+00 6.086545368317499705e-01 1.997886595960866873e-01
8.206006995119777159e+00 4.937583750521253201e+00 -7.283297845839597606e+00
4.145730850182546057e+00 7.928912534370726739e-01 -1.004774432049176092e+01
5.622315077057083776e+00 4.209735727397363902e+00 -1.053042338810120881e+01
4.670784563133598688e+00 6.517333605097113569e+00 -2.258471442476512880e+00
7.816121268626131879e+00 1.554019590493667557e+00 1.188191752864365958e+00
5.695216716714273097e+00 -3.607274090624476570e-01 -1.136269358063325408e+00
5.604236638367889434e+00 5.570414957534369771e-01 -2.325370698458815610e+00
5.227993140352250379e+00 1.395505660599847819e-01 -1.408426752429399853e+00
7.952838306606148322e+00 2.180350073574487180e+00 -2.499993989033086450e+00
5.623173689557050103e+00 5.716429590368480307e-01 -2.167687158743077269e+00
1.072226665676524071e+01 -1.549666310851993967e-01 -1.860987187587151759e+00
7.617208655126288086e+00 -1.808252563978555716e-01 2.436208478799786636e+00
1.698447251973438910e+01 -1.768227039672474854e+00 2.823688834772161371e+00
5.995476295544041712e+00 -3.982005569562476199e-01 -1.339795136919978091e+00
9.979400100980747368e+00 -4.348022781512271173e+00 1.144878790281917968e+00
1.228685713967642101e+01 -1.916735922216068699e+00 -3.103383626861573319e+00
7.589715286471538924e+00 -1.383914024373139151e+00 -4.042189249176644239e+00
1.247029539855461167e+01 2.916999425895236531e+00 -7.386184738229752078e+00
6.490511517826996091e+00 3.463311576462859254e+00 -3.327201398719900727e+00
3.356609652405315281e+00 1.972999162821778230e+00 -1.147341447298916783e+01
1.423957487569190583e+01 1.578336468455727282e+00 -6.506262414697237817e-02
7.309412492027853148e+00 4.212837128350967575e+00 -1.270990613569859207e+00
9.378620426273979405e+00 -6.858913873747553680e+00 -4.804705970158802408e+00
1.598467365856515876e+01 -5.467828855309688763e-01 6.548469489161679036e+00
1.627992724581462980e+01 -1.928681894328974966e+00 3.324231423674746999e+00
1.295962827780943094e+01 -3.153548926812494102e+00 2.033405111686073408e+00
9.332013670696433394e+00 -1.406852596110763853e+00 5.458191381181337398e+00
6.946918269489973596e+00 8.449979483085941823e+00 -1.939523441544034332e+00
8.508374186390836869e+00 7.761933651163929859e+00 1.730591027888378708e+00
1.030766714196709977e+01 6.794766638935234582e+00 -4.443533512444416189e+00
1.200012676640606557e+01 5.330547353868064775e+00 -7.446402693902682834e+00
1.628340536564464358e+01 2.491868373821946481e+00 -4.314319318941970849e+00
1.198116064200466546e+01 1.718328259949615244e+00 -4.389903229040214683e+00
1.251991155693028190e+01 2.092604686312754314e+00 -2.762225307178389766e+00
1.376129771425266313e+01 2.694584982859443034e+00 -3.874226958950377053e+00
1.163261905979662636e+01 2.617046411393954219e+00 -1.446287798076527409e+00
1.310527191097883382e+01 1.427106632561900401e+00 -4.124143798696487728e+00
1.309291682413020297e+01 1.753601690602287988e+00 -3.765059055493559459e+00
1.269320740454613983e+01 1.543820732982311927e+00 -2.897725178656890499e+00
1.532672790913876959e+01 3.391111625752038616e+00 -7.714406354966093504e-01
1.560355913191599875e+01 5.901320910216905524e+00 4.191539479469305718e+00
1.554149206596190957e+01 3.898239618384600202e+00 5.035121432941908282e+00
1.643384488599288673e+01 2.313731577125112793e+00 4.508487818893551768e+00
1.613152710278686541e+01 1.591619473647517546e-01 3.709156820974874869e-01
1.219093431430991892e+01 -1.439541687781413337e+00 -1.138121937619641200e+00
1.271816029687441052e+01 6.633599876751274937e-01 -5.562139713760116067e+00
1.391387601228817950e+01 1.362533074077424855e+00 -1.693534521240646518e+00
1.522595012247117907e+01 5.009017303100365304e+00 3.686942746987014602e-02
1.438083679761810529e+01 2.326592554942257252e+00 -7.677642722106805984e+00
1.549373675461547428e+01 3.651458998757736385e+00 -4.824974896703659866e+00
